1KKA 1 0 1 1 1
1KKA 2 0.702 0.5829 0.9706 2
1KKA 409 1.185 0.2802 0.8971 3
1KKA 1906 1.385 0.1979 0.8235 4
1KKA 1450 1.52 0.2614 0.8382 5
1KKA 708 1.732 0.2196 0.7794 6
1KKA 615 1.849 0.2146 0.7794 7
1KKA 271 2.034 0.1837 0.7794 8
1KKA 154 2.171 0.2076 0.75 9
1KKA 234 2.309 0.2243 0.75 10
1KKA 258 2.488 0.1441 0.6618 11
1KKA 42 2.722 0.2105 0.7059 12
1KKA 68 2.954 0.2171 0.6912 13
1KKA 297 2.998 0.196 0.6912 14
1KKA 114 3.21 0.1862 0.6324 15
1KKA 199 3.397 0.2165 0.6765 16
1KKA 208 3.627 0.203 0.6471 17
1KKA 206 3.798 0.1978 0.6471 18
1KKA 328 3.965 0.2418 0.6912 19
1KKA 168 4.031 0.1927 0.6618 20
1KKA 327 4.198 0.1997 0.6471 21
1KKA 325 4.491 0.2189 0.6324 22
1KKA 287 4.593 0.2176 0.6029 23
1KKA 205 4.745 0.2045 0.6176 24
1KKA 288 4.887 0.2584 0.6324 25
1KKA 283 5.195 0.2085 0.5735 26
1KKA 88 5.365 0.208 0.6029 27
1KKA 158 5.451 0.2225 0.6029 28
1KKA 322 5.664 0.1835 0.5882 29
1KKA 308 5.842 0.1872 0.5882 30
