1L1W 1 0 1 1 1
1L1W 402 1.217 0.5946 0.8966 2
1L1W 573 1.362 0.5331 0.8362 3
1L1W 397 1.439 0.5103 0.8362 4
1L1W 321 1.594 0.4995 0.819 5
1L1W 320 1.814 0.4496 0.8017 6
1L1W 280 2.055 0.527 0.8448 7
1L1W 361 2.187 0.3775 0.7586 8
1L1W 121 2.317 0.4344 0.8017 9
1L1W 318 2.599 0.4355 0.7672 10
1L1W 119 2.652 0.3957 0.75 11
1L1W 360 2.862 0.3797 0.7328 12
1L1W 281 2.999 0.3688 0.6983 13
1L1W 398 3.313 0.2586 0.6466 14
1L1W 81 3.321 0.3356 0.681 15
1L1W 200 3.558 0.2594 0.6034 16
1L1W 191 3.777 0.2953 0.6466 17
1L1W 120 3.984 0.3591 0.7155 18
1L1W 278 4.132 0.3303 0.6724 19
1L1W 160 4.293 0.2465 0.5776 20
1L1W 275 4.504 0.2772 0.5862 21
1L1W 196 4.545 0.28 0.5517 22
1L1W 239 4.761 0.3178 0.6121 23
1L1W 159 5.002 0.2466 0.5603 24
1L1W 308 5.18 0.3288 0.6121 25
1L1W 190 5.292 0.2504 0.5259 26
1L1W 401 5.416 0.3607 0.6552 27
1L1W 199 5.672 0.2377 0.4914 28
1L1W 185 5.874 0.1956 0.4741 29
1L1W 38 5.969 0.2742 0.5517 30
