1LC6 1 0 1 1 1
1LC6 12 0.601 0.7601 0.9792 2
1LC6 24 0.709 0.6712 0.9792 3
1LC6 37 0.901 0.5718 0.9583 4
1LC6 11 1.215 0.5043 0.8958 5
1LC6 441 1.333 0.3745 0.8646 6
1LC6 703 1.546 0.3085 0.8229 7
1LC6 759 1.631 0.2945 0.8125 8
1LC6 493 1.779 0.3686 0.8333 9
1LC6 954 1.986 0.288 0.7917 10
1LC6 1098 2.244 0.2785 0.7396 11
1LC6 1126 2.343 0.2424 0.6979 12
1LC6 369 2.525 0.2577 0.7083 13
1LC6 1202 2.671 0.2222 0.6771 14
1LC6 307 2.865 0.2413 0.7188 15
1LC6 158 3.056 0.2 0.6563 16
1LC6 437 3.184 0.1871 0.625 17
1LC6 63 3.468 0.2046 0.6042 18
1LC6 189 3.559 0.2032 0.6771 19
1LC6 200 3.71 0.1446 0.5625 20
1LC6 312 3.916 0.183 0.5938 21
1LC6 80 4.051 0.2142 0.625 22
1LC6 120 4.253 0.2097 0.6042 23
1LC6 240 4.376 0.1838 0.5417 24
1LC6 384 4.672 0.205 0.5625 25
1LC6 73 4.847 0.1936 0.5833 26
1LC6 75 5.061 0.1508 0.5521 27
1LC6 118 5.125 0.1618 0.5313 28
1LC6 239 5.392 0.1628 0.5104 29
1LC6 194 5.425 0.1733 0.5625 30
