1LDZ 1 0 1 1 1
1LDZ 427 1.032 0.6527 0.925 2
1LDZ 503 1.092 0.6425 0.9083 3
1LDZ 592 1.238 0.5874 0.875 4
1LDZ 606 1.421 0.5348 0.85 5
1LDZ 773 1.586 0.4928 0.8167 6
1LDZ 989 1.784 0.4215 0.7667 7
1LDZ 994 1.925 0.4298 0.7833 8
1LDZ 1213 2.267 0.4457 0.7917 9
1LDZ 1169 2.398 0.4193 0.75 10
1LDZ 1067 2.592 0.4273 0.7667 11
1LDZ 1337 2.66 0.3738 0.7083 12
1LDZ 64 3.305 0.3161 0.6333 13
1LDZ 16 3.404 0.3424 0.6667 14
1LDZ 44 3.572 0.2361 0.5833 15
1LDZ 102 3.823 0.3059 0.625 16
1LDZ 408 4.125 0.2727 0.5833 17
1LDZ 420 4.281 0.3316 0.6 18
1LDZ 124 4.465 0.291 0.5833 19
1LDZ 60 4.653 0.3217 0.6167 20
1LDZ 425 4.767 0.3279 0.6 21
1LDZ 65 5.026 0.3331 0.6083 22
1LDZ 412 5.148 0.2622 0.5417 23
1LDZ 61 5.349 0.3627 0.6 24
1LDZ 143 5.473 0.2814 0.5583 25
1LDZ 423 5.689 0.276 0.5417 26
1LDZ 105 5.873 0.2899 0.55 27
1LDZ 414 6.098 0.3759 0.5833 28
1LDZ 142 6.194 0.3257 0.5417 29
1LDZ 145 6.322 0.2908 0.5083 30
