1NC0 1 0 1 1 1
1NC0 3 0.845 0.5525 0.9479 2
1NC0 9 0.946 0.506 0.9375 3
1NC0 2 1.139 0.5506 0.9167 4
1NC0 419 1.298 0.3637 0.8542 5
1NC0 625 1.548 0.3311 0.8125 6
1NC0 649 1.726 0.2875 0.7813 7
1NC0 678 1.791 0.287 0.7708 8
1NC0 744 2.031 0.2686 0.7604 9
1NC0 133 2.196 0.2423 0.75 10
1NC0 910 2.383 0.2487 0.7083 11
1NC0 998 2.52 0.2302 0.7083 12
1NC0 1227 2.69 0.2386 0.7188 13
1NC0 205 2.868 0.2525 0.7083 14
1NC0 1366 3.006 0.2484 0.6875 15
1NC0 287 3.208 0.2382 0.6771 16
1NC0 1495 3.4 0.2777 0.7083 17
1NC0 1496 3.581 0.2173 0.6667 18
1NC0 126 3.746 0.2261 0.625 19
1NC0 173 3.886 0.1961 0.5833 20
1NC0 417 4.025 0.2609 0.6667 21
1NC0 164 4.317 0.2194 0.5938 22
1NC0 251 4.454 0.2495 0.6354 23
1NC0 404 4.579 0.2375 0.625 24
1NC0 177 4.788 0.2355 0.5938 25
1NC0 415 5.037 0.1956 0.6042 26
1NC0 294 5.105 0.1999 0.5729 27
1NC0 296 5.324 0.2123 0.5833 28
1NC0 334 5.455 0.175 0.5313 29
1NC0 96 5.605 0.205 0.5625 30
