1OW9 1 0 1 1 1
1OW9 8 0.259 0.8843 1 2
1OW9 3 0.648 0.6599 0.9783 3
1OW9 4 0.83 0.611 0.9457 4
1OW9 2 0.963 0.4952 0.9348 5
1OW9 412 1.069 0.4394 0.9239 6
1OW9 415 1.339 0.3902 0.8696 7
1OW9 474 1.503 0.3462 0.8587 8
1OW9 523 1.701 0.3142 0.8152 9
1OW9 91 1.863 0.2726 0.7935 10
1OW9 129 1.973 0.2992 0.7826 11
1OW9 410 2.178 0.2599 0.7609 12
1OW9 286 2.427 0.2295 0.7283 13
1OW9 90 2.477 0.2203 0.7391 14
1OW9 291 2.737 0.2531 0.75 15
1OW9 131 2.829 0.262 0.7609 16
1OW9 365 2.981 0.1849 0.6522 17
1OW9 411 3.248 0.2514 0.6739 18
1OW9 171 3.472 0.2153 0.663 19
1OW9 364 3.652 0.213 0.6413 20
1OW9 368 3.775 0.2406 0.6522 21
1OW9 209 3.868 0.2455 0.663 22
1OW9 85 4.158 0.1964 0.6413 23
1OW9 370 4.293 0.1953 0.6196 24
1OW9 369 4.421 0.1857 0.587 25
1OW9 329 4.587 0.203 0.6196 26
1OW9 280 4.737 0.2008 0.5761 27
1OW9 130 4.993 0.2048 0.6413 28
1OW9 202 5.177 0.2051 0.5543 29
1OW9 128 5.3 0.1879 0.5978 30
