1PJY 1 0 1 1 1
1PJY 5 0.917 0.3937 0.9318 2
1PJY 11 1.125 0.3574 0.9205 3
1PJY 797 1.378 0.3039 0.8523 4
1PJY 140 1.535 0.2362 0.8295 5
1PJY 180 1.615 0.2457 0.8409 6
1PJY 420 1.837 0.265 0.7841 7
1PJY 58 1.955 0.2566 0.7955 8
1PJY 59 2.112 0.2577 0.7727 9
1PJY 419 2.322 0.2119 0.75 10
1PJY 133 2.593 0.2308 0.7386 11
1PJY 337 2.614 0.2188 0.6818 12
1PJY 209 2.844 0.2412 0.7386 13
1PJY 331 2.997 0.2261 0.7159 14
1PJY 168 3.273 0.2876 0.7386 15
1PJY 130 3.351 0.2064 0.6705 16
1PJY 81 3.533 0.1578 0.625 17
1PJY 166 3.725 0.2082 0.6477 18
1PJY 255 3.876 0.2434 0.7045 19
1PJY 91 4.075 0.2531 0.7045 20
1PJY 82 4.184 0.2116 0.6477 21
1PJY 280 4.477 0.2211 0.7045 22
1PJY 378 4.557 0.2363 0.6705 23
1PJY 152 4.759 0.2107 0.6477 24
1PJY 396 4.997 0.2102 0.6477 25
1PJY 297 5.158 0.138 0.5568 26
1PJY 277 5.262 0.2113 0.6705 27
1PJY 120 5.521 0.1558 0.5682 28
1PJY 368 5.735 0.188 0.5341 29
1PJY 115 5.921 0.1863 0.6136 30
