1R7W 1 0 1 1 1
1R7W 421 1.039 0.7476 0.9265 2
1R7W 496 1.615 0.5824 0.8309 3
1R7W 468 1.665 0.577 0.8309 4
1R7W 610 1.933 0.5033 0.7721 5
1R7W 6 2.09 0.6371 0.8382 6
1R7W 671 2.248 0.4504 0.7426 7
1R7W 8 2.333 0.4521 0.75 8
1R7W 908 2.547 0.3792 0.6912 9
1R7W 800 2.623 0.3902 0.7206 10
1R7W 847 2.767 0.3558 0.6765 11
1R7W 13 2.99 0.3881 0.7132 12
1R7W 7 3.222 0.5091 0.75 13
1R7W 5 3.296 0.5044 0.75 14
1R7W 9 3.697 0.4826 0.7206 15
1R7W 18 3.797 0.4829 0.6985 16
1R7W 20 3.974 0.468 0.6765 17
1R7W 4 4.533 0.4616 0.6985 18
1R7W 3 4.544 0.367 0.6176 19
1R7W 2 4.81 0.3453 0.625 20
1R7W 14 5.738 0.3505 0.5441 21
1R7W 37 6.488 0.284 0.5147 22
