1SCL 1 0 1 1 1
1SCL 590 1.361 0.5528 0.8534 2
1SCL 661 1.457 0.5529 0.8448 3
1SCL 484 1.589 0.4635 0.819 4
1SCL 711 1.854 0.4836 0.8103 5
1SCL 713 2.016 0.4568 0.8017 6
1SCL 731 2.127 0.4017 0.7586 7
1SCL 1023 2.406 0.3603 0.75 8
1SCL 963 2.51 0.3397 0.75 9
1SCL 932 2.685 0.3256 0.7328 10
1SCL 937 2.849 0.3087 0.6983 11
1SCL 951 2.978 0.3414 0.7241 12
1SCL 182 4.475 0.3149 0.6207 13
1SCL 125 4.532 0.3693 0.6207 14
1SCL 38 5.065 0.3123 0.6034 15
1SCL 205 5.271 0.3224 0.5948 16
1SCL 227 5.542 0.1849 0.4569 17
1SCL 164 5.591 0.3513 0.5776 18
1SCL 147 5.767 0.3092 0.5517 19
1SCL 274 6.07 0.2722 0.5431 20
1SCL 153 6.192 0.3254 0.5517 21
1SCL 81 6.358 0.3134 0.5086 22
1SCL 162 6.561 0.3472 0.5431 23
1SCL 43 6.765 0.304 0.5086 24
1SCL 78 6.962 0.2589 0.4828 25
