1UUU 1 0 1 1 1
1UUU 7 0.57 0.646 0.9737 2
1UUU 11 0.817 0.4657 0.9342 3
1UUU 4 0.978 0.4373 0.9342 4
1UUU 8 1.132 0.4192 0.9079 5
1UUU 2 1.285 0.2999 0.8684 6
1UUU 1109 1.461 0.2469 0.8684 7
1UUU 909 1.704 0.2703 0.8158 8
1UUU 12 1.742 0.3351 0.8684 9
1UUU 370 2.072 0.3294 0.8816 10
1UUU 162 2.231 0.2725 0.8553 11
1UUU 92 2.3 0.2545 0.8421 12
1UUU 95 2.473 0.2277 0.8158 13
1UUU 93 2.694 0.225 0.7763 14
1UUU 175 2.859 0.2314 0.7763 15
1UUU 255 2.967 0.235 0.7368 16
1UUU 135 3.135 0.2093 0.7763 17
1UUU 165 3.338 0.2353 0.7895 18
1UUU 151 3.566 0.2076 0.75 19
1UUU 208 3.689 0.2023 0.7105 20
1UUU 55 3.989 0.1289 0.6053 21
1UUU 315 4.109 0.2259 0.7632 22
1UUU 83 4.343 0.1743 0.6447 23
1UUU 231 4.504 0.118 0.5658 24
1UUU 238 4.604 0.2199 0.6711 25
1UUU 199 4.859 0.1414 0.6053 26
1UUU 237 4.907 0.164 0.6184 27
1UUU 275 5.147 0.1829 0.5789 28
1UUU 183 5.27 0.0952 0.5 29
1UUU 198 5.395 0.1143 0.5263 30
