1XHP 1 0 1 1 1
1XHP 5 0.264 0.966 1 2
1XHP 6 0.356 0.9458 1 3
1XHP 9 0.63 0.9259 0.9844 4
1XHP 413 1.137 0.6357 0.8828 5
1XHP 565 1.33 0.5744 0.8594 6
1XHP 666 1.483 0.5576 0.8203 7
1XHP 667 1.576 0.5417 0.8125 8
1XHP 835 1.829 0.4953 0.7813 9
1XHP 892 2.045 0.4939 0.7656 10
1XHP 861 2.143 0.4449 0.75 11
1XHP 329 2.394 0.4663 0.7578 12
1XHP 287 2.465 0.3749 0.7188 13
1XHP 170 2.633 0.3889 0.7109 14
1XHP 289 2.89 0.3596 0.6875 15
1XHP 409 3.083 0.3433 0.6406 16
1XHP 49 3.306 0.32 0.6328 17
1XHP 50 3.326 0.3192 0.625 18
1XHP 290 3.638 0.3455 0.6406 19
1XHP 330 3.764 0.2999 0.6016 20
1XHP 368 3.9 0.3279 0.6094 21
1XHP 247 4.129 0.2937 0.6094 22
1XHP 206 4.351 0.3713 0.6172 23
1XHP 243 4.495 0.3399 0.6563 24
1XHP 249 4.671 0.3022 0.5938 25
1XHP 89 4.777 0.289 0.5703 26
1XHP 370 5.004 0.3161 0.5859 27
1XHP 200 5.211 0.2879 0.5469 28
1XHP 245 5.345 0.2893 0.5703 29
1XHP 208 5.449 0.3211 0.6016 30
