1YSV 1 0 1 1 1
1YSV 5 0.205 0.9676 1 2
1YSV 8 0.509 0.9103 0.9907 3
1YSV 2 0.557 0.862 0.9907 4
1YSV 3 0.752 0.8333 0.9722 5
1YSV 7 0.945 0.8177 0.9537 6
1YSV 244 1.171 0.5652 0.9074 7
1YSV 510 1.265 0.5233 0.8796 8
1YSV 413 1.572 0.4211 0.8333 9
1YSV 53 1.588 0.4336 0.8241 10
1YSV 92 1.842 0.3834 0.787 11
1YSV 133 2.031 0.4015 0.7963 12
1YSV 51 2.216 0.447 0.8148 13
1YSV 287 2.364 0.3377 0.7407 14
1YSV 252 2.462 0.4432 0.7963 15
1YSV 293 2.703 0.3655 0.7593 16
1YSV 412 2.937 0.4221 0.7778 17
1YSV 169 3.113 0.3525 0.7593 18
1YSV 52 3.234 0.2894 0.6574 19
1YSV 289 3.492 0.3564 0.6759 20
1YSV 212 3.643 0.3998 0.7315 21
1YSV 88 3.744 0.3596 0.7407 22
1YSV 328 4.009 0.3542 0.7222 23
1YSV 402 4.185 0.4463 0.7407 24
1YSV 93 4.22 0.2745 0.6204 25
1YSV 411 4.401 0.3587 0.7222 26
1YSV 288 4.655 0.3867 0.6852 27
1YSV 170 4.824 0.3328 0.7037 28
1YSV 213 4.958 0.3838 0.713 29
1YSV 165 5.239 0.3575 0.7037 30
