1Z2J 1 0 1 1 1
1Z2J 16 0.506 0.9497 0.9944 2
1Z2J 14 0.843 0.8765 0.95 3
1Z2J 10 0.982 0.8247 0.9167 4
1Z2J 473 1.142 0.7967 0.8889 5
1Z2J 425 1.287 0.762 0.8667 6
1Z2J 513 1.39 0.7427 0.8389 7
1Z2J 586 1.573 0.6958 0.8167 8
1Z2J 557 1.775 0.6583 0.7944 9
1Z2J 549 1.877 0.6028 0.7667 10
1Z2J 740 2.215 0.5413 0.7444 11
1Z2J 721 2.365 0.5044 0.7278 12
1Z2J 758 2.397 0.5134 0.7444 13
1Z2J 783 2.594 0.4782 0.7278 14
1Z2J 765 2.752 0.4666 0.6889 15
1Z2J 81 2.958 0.5105 0.6722 16
1Z2J 99 3.992 0.4774 0.6444 17
1Z2J 260 4.667 0.3096 0.55 18
1Z2J 51 4.998 0.4346 0.5889 19
1Z2J 380 5.427 0.3545 0.5389 20
1Z2J 298 5.689 0.3163 0.5 21
1Z2J 56 5.863 0.3877 0.5278 22
1Z2J 58 6.02 0.3868 0.5556 23
1Z2J 50 6.367 0.3342 0.4833 24
1Z2J 60 6.648 0.3175 0.4778 25
1Z2J 300 6.723 0.4133 0.5444 26
