1ZC5 1 0 1 1 1
1ZC5 6 0.666 0.9048 0.9817 2
1ZC5 11 0.7 0.8928 0.9817 3
1ZC5 2 1.013 0.7997 0.9329 4
1ZC5 421 1.165 0.7563 0.8902 5
1ZC5 19 1.414 0.7553 0.9085 6
1ZC5 4 1.625 0.7761 0.8902 7
1ZC5 9 1.861 0.7446 0.8841 8
1ZC5 535 1.982 0.6231 0.7988 9
1ZC5 545 2.124 0.5973 0.7744 10
1ZC5 3 2.409 0.6721 0.8232 11
1ZC5 5 2.561 0.6713 0.8354 12
1ZC5 13 2.743 0.6241 0.7866 13
1ZC5 8 2.928 0.6223 0.7927 14
1ZC5 880 3.104 0.4593 0.6585 15
1ZC5 948 3.153 0.4263 0.6341 16
1ZC5 1078 3.402 0.4446 0.6707 17
1ZC5 57 4.57 0.461 0.6524 18
1ZC5 54 4.822 0.3681 0.5549 19
1ZC5 55 4.953 0.3032 0.5122 20
1ZC5 60 5.162 0.4723 0.6463 21
1ZC5 339 5.647 0.4482 0.622 22
1ZC5 99 5.912 0.4514 0.6159 23
1ZC5 259 6.172 0.5048 0.6402 24
1ZC5 255 6.308 0.3465 0.5305 25
1ZC5 90 6.466 0.34 0.561 26
1ZC5 58 6.697 0.3317 0.5244 27
1ZC5 59 6.814 0.3662 0.561 28
