2FDT 1 0 1 1 1
2FDT 3 0.672 0.8707 0.9931 2
2FDT 4 0.774 0.8352 0.9653 3
2FDT 7 0.871 0.8145 0.9583 4
2FDT 412 1.209 0.7208 0.8819 5
2FDT 457 1.379 0.6293 0.8472 6
2FDT 414 1.457 0.6157 0.8472 7
2FDT 533 1.576 0.5689 0.8056 8
2FDT 817 1.845 0.5123 0.7847 9
2FDT 844 2.083 0.4738 0.7361 10
2FDT 885 2.144 0.5119 0.7778 11
2FDT 865 2.345 0.4345 0.7292 12
2FDT 167 2.512 0.4392 0.7153 13
2FDT 166 2.726 0.4306 0.6944 14
2FDT 251 2.83 0.4575 0.7222 15
2FDT 248 3.048 0.4081 0.6736 16
2FDT 169 3.277 0.3614 0.6597 17
2FDT 171 3.406 0.3728 0.6736 18
2FDT 91 3.503 0.4003 0.6597 19
2FDT 370 3.713 0.3398 0.5972 20
2FDT 289 3.957 0.3347 0.6111 21
2FDT 369 4.139 0.3318 0.5694 22
2FDT 211 4.195 0.3606 0.5903 23
2FDT 244 4.403 0.3269 0.5972 24
2FDT 170 4.655 0.3505 0.5903 25
2FDT 210 4.744 0.3353 0.5694 26
2FDT 247 5.104 0.3251 0.5764 27
2FDT 165 5.365 0.3535 0.5694 28
2FDT 410 5.507 0.2965 0.5139 29
2FDT 411 5.723 0.2961 0.5208 30
