2JWV 1 0 1 1 1
2JWV 411 0.977 0.6707 0.9397 2
2JWV 3 1.16 0.5956 0.9052 3
2JWV 979 1.338 0.5263 0.8448 4
2JWV 983 1.454 0.4882 0.819 5
2JWV 412 1.706 0.5136 0.8276 6
2JWV 499 1.766 0.4747 0.819 7
2JWV 202 2.07 0.3848 0.7586 8
2JWV 120 2.108 0.3714 0.75 9
2JWV 276 2.367 0.3513 0.7241 10
2JWV 935 2.467 0.3491 0.7328 11
2JWV 2 2.69 0.5744 0.819 12
2JWV 1393 2.918 0.4437 0.7586 13
2JWV 205 3.132 0.3284 0.681 14
2JWV 327 3.22 0.2969 0.6552 15
2JWV 128 3.66 0.3617 0.6552 16
2JWV 125 3.825 0.3537 0.6466 17
2JWV 49 3.956 0.2698 0.5948 18
2JWV 330 4.024 0.3373 0.6638 19
2JWV 129 4.329 0.2926 0.5862 20
2JWV 124 4.369 0.3255 0.6121 21
2JWV 90 4.567 0.356 0.6293 22
2JWV 210 4.799 0.347 0.5948 23
2JWV 204 5.042 0.3474 0.6207 24
2JWV 229 5.096 0.2599 0.5603 25
2JWV 126 5.365 0.3358 0.5776 26
2JWV 406 5.502 0.3338 0.5948 27
2JWV 123 5.664 0.3405 0.5948 28
2JWV 130 5.827 0.3403 0.5603 29
2JWV 166 6.114 0.3077 0.5345 30
