2K66 1 0 1 1 1
2K66 18 0.33 0.7892 1 2
2K66 6 0.452 0.7706 0.9886 3
2K66 5 0.679 0.5867 0.9773 4
2K66 8 0.719 0.5484 0.9773 5
2K66 16 0.887 0.5342 0.9318 6
2K66 524 1.195 0.4198 0.8977 7
2K66 97 1.348 0.3226 0.8409 8
2K66 60 1.441 0.2992 0.8523 9
2K66 340 1.708 0.2797 0.8068 10
2K66 140 1.826 0.2695 0.7841 11
2K66 139 2.035 0.2519 0.7614 12
2K66 216 2.11 0.2319 0.7386 13
2K66 136 2.314 0.2381 0.7273 14
2K66 99 2.576 0.2183 0.7159 15
2K66 56 2.719 0.2419 0.7159 16
2K66 138 2.924 0.1809 0.6932 17
2K66 126 2.996 0.1938 0.6932 18
2K66 286 3.283 0.2031 0.6932 19
2K66 47 3.385 0.1958 0.6591 20
2K66 258 3.486 0.1514 0.6705 21
2K66 314 3.789 0.2045 0.6705 22
2K66 116 3.816 0.1967 0.6818 23
2K66 250 4.028 0.2082 0.6477 24
2K66 37 4.211 0.2041 0.6023 25
2K66 199 4.489 0.1697 0.6364 26
2K66 397 4.619 0.1356 0.6023 27
2K66 241 4.783 0.1495 0.6136 28
2K66 186 4.857 0.1855 0.6023 29
2K66 252 5.176 0.1361 0.5682 30
