2KOC 1 0 1 1 1
2KOC 6 0.299 0.7838 1 2
2KOC 15 0.481 0.6207 1 3
2KOC 20 0.633 0.4839 1 4
2KOC 197 1.013 0.3329 0.9107 5
2KOC 216 1.197 0.3339 0.9286 6
2KOC 60 1.388 0.2888 0.875 7
2KOC 300 1.559 0.276 0.8214 8
2KOC 176 1.613 0.3184 0.8571 9
2KOC 180 1.744 0.2975 0.8571 10
2KOC 378 2.073 0.2208 0.7679 11
2KOC 179 2.1 0.2628 0.8036 12
2KOC 260 2.264 0.1938 0.7679 13
2KOC 139 2.502 0.2513 0.7857 14
2KOC 379 2.681 0.2443 0.75 15
2KOC 280 2.947 0.3363 0.7857 16
2KOC 99 3.11 0.1907 0.6964 17
2KOC 284 3.214 0.2846 0.8393 18
2KOC 259 3.459 0.2722 0.75 19
2KOC 248 3.539 0.2564 0.75 20
2KOC 78 3.683 0.2304 0.7143 21
2KOC 72 3.901 0.2139 0.6607 22
2KOC 228 4.122 0.1737 0.6964 23
2KOC 338 4.216 0.2527 0.7321 24
2KOC 225 4.406 0.198 0.6786 25
2KOC 129 4.773 0.1595 0.6071 26
2KOC 229 5.039 0.2433 0.6607 27
2KOC 262 5.245 0.1185 0.5536 28
2KOC 381 5.579 0.1407 0.5357 29
2KOC 265 5.76 0.1497 0.625 30
