2L3E 1 0 1 1 1
2L3E 6 0.94 0.7799 0.9643 2
2L3E 11 1.212 0.6698 0.8786 3
2L3E 5 1.29 0.6873 0.9071 4
2L3E 7 1.397 0.6829 0.8714 5
2L3E 9 1.694 0.6235 0.8571 6
2L3E 12 1.869 0.5325 0.7929 7
2L3E 421 2.031 0.5121 0.7643 8
2L3E 477 2.239 0.4572 0.7357 9
2L3E 570 2.373 0.422 0.7 10
2L3E 669 2.496 0.4202 0.6929 11
2L3E 778 2.636 0.4207 0.6929 12
2L3E 938 2.818 0.3703 0.6643 13
2L3E 995 2.969 0.3511 0.6643 14
2L3E 35 4.79 0.3273 0.5643 15
2L3E 379 5.53 0.3302 0.55 16
2L3E 375 5.641 0.2995 0.5286 17
2L3E 417 6.266 0.3203 0.5429 18
2L3E 59 6.363 0.2611 0.4571 19
2L3E 408 6.97 0.3102 0.4929 20
