2LBJ 1 0 1 1 1
2LBJ 2 0.274 0.7837 1 2
2LBJ 3 0.395 0.6957 1 3
2LBJ 4 0.645 0.4837 0.9853 4
2LBJ 7 0.804 0.4189 0.9559 5
2LBJ 767 1.566 0.2902 0.8676 6
2LBJ 317 1.636 0.2232 0.8088 7
2LBJ 287 1.893 0.2413 0.7794 8
2LBJ 308 2.006 0.2175 0.7647 9
2LBJ 85 2.259 0.2405 0.75 10
2LBJ 328 2.298 0.2298 0.7794 11
2LBJ 321 2.6 0.2105 0.7059 12
2LBJ 326 2.64 0.1943 0.75 13
2LBJ 76 2.823 0.1885 0.6912 14
2LBJ 324 3.027 0.1695 0.6765 15
2LBJ 325 3.186 0.2295 0.6618 16
2LBJ 327 3.477 0.1832 0.6471 17
2LBJ 408 3.624 0.1932 0.6324 18
2LBJ 407 3.716 0.2079 0.6618 19
2LBJ 110 3.848 0.1482 0.6618 20
2LBJ 127 4.051 0.1827 0.6471 21
2LBJ 286 4.26 0.181 0.6029 22
2LBJ 400 4.455 0.1727 0.6176 23
2LBJ 401 4.7 0.1753 0.6176 24
2LBJ 283 4.861 0.1889 0.5882 25
2LBJ 403 4.894 0.2056 0.6324 26
2LBJ 124 5.194 0.2076 0.6176 27
2LBJ 165 5.296 0.1692 0.5735 28
2LBJ 63 5.474 0.1945 0.6765 29
2LBJ 278 5.58 0.2006 0.5882 30
