2LBL 1 0 1 1 1
2LBL 4 0.411 0.6465 1 2
2LBL 8 0.772 0.5124 0.9853 3
2LBL 6 0.999 0.3785 0.9265 4
2LBL 2 1.063 0.3517 0.9118 5
2LBL 120 1.53 0.2091 0.7941 6
2LBL 627 1.703 0.257 0.8088 7
2LBL 124 1.807 0.2237 0.7353 8
2LBL 46 1.931 0.2425 0.7794 9
2LBL 126 2.158 0.2442 0.7941 10
2LBL 83 2.327 0.1606 0.7353 11
2LBL 325 2.46 0.1705 0.7206 12
2LBL 328 2.761 0.184 0.7059 13
2LBL 248 2.941 0.1818 0.6618 14
2LBL 166 3.065 0.1803 0.7206 15
2LBL 167 3.3 0.1572 0.6618 16
2LBL 85 3.413 0.1838 0.6912 17
2LBL 88 3.498 0.1912 0.6324 18
2LBL 165 3.836 0.1353 0.6324 19
2LBL 168 3.885 0.2089 0.6912 20
2LBL 326 4.07 0.1768 0.6618 21
2LBL 283 4.275 0.122 0.6029 22
2LBL 322 4.371 0.1159 0.5882 23
2LBL 125 4.618 0.1735 0.6324 24
2LBL 247 4.824 0.1715 0.6324 25
2LBL 48 4.901 0.1524 0.5441 26
2LBL 324 5.169 0.1347 0.5735 27
2LBL 164 5.3 0.1255 0.5294 28
2LBL 190 5.488 0.1466 0.5735 29
2LBL 193 5.746 0.1178 0.5294 30
