2LDL 1 0 1 1 1
2LDL 6 0.267 0.9406 1 2
2LDL 10 0.349 0.9068 1 3
2LDL 9 0.574 0.7933 1 4
2LDL 12 0.733 0.7106 0.9722 5
2LDL 1198 1.342 0.4694 0.8519 6
2LDL 1131 1.471 0.4844 0.8426 7
2LDL 1132 1.721 0.3714 0.787 8
2LDL 648 1.91 0.4361 0.8056 9
2LDL 663 2.053 0.4216 0.7778 10
2LDL 577 2.245 0.4416 0.8056 11
2LDL 158 2.36 0.3823 0.7778 12
2LDL 131 2.464 0.4184 0.7593 13
2LDL 170 2.734 0.3681 0.7407 14
2LDL 330 2.859 0.3917 0.7593 15
2LDL 372 2.992 0.383 0.7407 16
2LDL 172 3.237 0.3271 0.6944 17
2LDL 332 3.431 0.2989 0.6574 18
2LDL 370 3.62 0.3474 0.7222 19
2LDL 86 3.655 0.2938 0.6667 20
2LDL 171 3.828 0.2435 0.6111 21
2LDL 252 4.056 0.2865 0.6759 22
2LDL 208 4.249 0.3481 0.7037 23
2LDL 327 4.397 0.3009 0.6667 24
2LDL 92 4.523 0.3711 0.6852 25
2LDL 247 4.803 0.3465 0.6852 26
2LDL 38 4.886 0.2917 0.6019 27
2LDL 76 5.144 0.2893 0.5741 28
2LDL 89 5.238 0.2458 0.5648 29
2LDL 408 5.409 0.3106 0.6019 30
