2LDT 1 0 1 1 1
2LDT 414 1.484 0.5936 0.8548 2
2LDT 526 1.902 0.486 0.7742 3
2LDT 431 2.075 0.4383 0.7661 4
2LDT 621 2.217 0.432 0.7581 5
2LDT 680 2.44 0.4393 0.7742 6
2LDT 687 2.5 0.4349 0.7581 7
2LDT 714 2.646 0.4079 0.7419 8
2LDT 756 2.962 0.4411 0.7419 9
2LDT 781 3.019 0.4275 0.7339 10
2LDT 798 3.155 0.415 0.7097 11
2LDT 165 3.411 0.4274 0.7097 12
2LDT 8 3.806 0.483 0.6774 13
2LDT 13 3.896 0.4823 0.6855 14
2LDT 412 4.088 0.3128 0.6129 15
2LDT 287 4.842 0.2873 0.5484 16
2LDT 293 5.155 0.2974 0.5806 17
2LDT 170 5.265 0.325 0.5806 18
2LDT 292 5.464 0.3734 0.621 19
2LDT 50 5.742 0.3157 0.5242 20
2LDT 46 5.79 0.2152 0.4839 21
2LDT 173 6.106 0.3895 0.5645 22
2LDT 413 6.178 0.3118 0.5484 23
2LDT 133 6.427 0.2784 0.5161 24
2LDT 44 6.569 0.3326 0.5484 25
2LDT 51 6.708 0.3627 0.5645 26
2LDT 48 6.941 0.3597 0.5 27
