2LHP 1 0 1 1 1
2LHP 2 0.93 0.7835 0.9324 2
2LHP 6 1.208 0.7824 0.9257 3
2LHP 5 1.338 0.7445 0.9122 4
2LHP 411 1.448 0.6626 0.8378 5
2LHP 7 1.732 0.5579 0.7973 6
2LHP 483 1.886 0.5829 0.777 7
2LHP 428 1.949 0.5685 0.7703 8
2LHP 413 2.111 0.5773 0.7838 9
2LHP 593 2.304 0.4856 0.723 10
2LHP 694 2.449 0.4666 0.7027 11
2LHP 769 2.635 0.4545 0.6757 12
2LHP 4 2.843 0.5508 0.7703 13
2LHP 10 3.113 0.4484 0.6959 14
2LHP 1091 3.209 0.4307 0.6419 15
2LHP 1127 3.395 0.3885 0.6419 16
2LHP 286 4.172 0.3524 0.6081 17
2LHP 9 4.342 0.4147 0.6351 18
2LHP 409 4.807 0.3081 0.5473 19
2LHP 29 4.993 0.2861 0.5135 20
2LHP 328 5.061 0.2898 0.5405 21
2LHP 325 5.347 0.3344 0.5608 22
2LHP 210 5.548 0.2972 0.5068 23
2LHP 369 5.69 0.2905 0.5068 24
2LHP 290 5.923 0.2844 0.5 25
2LHP 289 5.974 0.2531 0.4797 26
2LHP 127 6.18 0.2893 0.5203 27
2LHP 287 6.441 0.219 0.4459 28
2LHP 49 6.533 0.2553 0.4459 29
2LHP 163 6.632 0.2294 0.4122 30
