2LI4 1 0 1 1 1
2LI4 12 1.37 0.5841 0.8594 2
2LI4 421 1.489 0.5636 0.8359 3
2LI4 11 1.624 0.5621 0.8359 4
2LI4 17 1.799 0.5483 0.8203 5
2LI4 1251 2.25 0.4249 0.75 6
2LI4 1311 2.379 0.4662 0.7578 7
2LI4 422 2.557 0.4188 0.7422 8
2LI4 547 2.766 0.4237 0.7109 9
2LI4 549 2.964 0.4121 0.6875 10
2LI4 580 3.089 0.3759 0.6719 11
2LI4 604 3.189 0.3704 0.6719 12
2LI4 625 3.34 0.3593 0.6563 13
2LI4 756 3.636 0.4024 0.7109 14
2LI4 788 3.744 0.3353 0.6484 15
2LI4 1033 3.958 0.335 0.6406 16
2LI4 8 4.192 0.4525 0.6797 17
2LI4 406 4.882 0.2923 0.5781 18
2LI4 132 5.082 0.2696 0.5313 19
2LI4 176 5.408 0.2473 0.5391 20
2LI4 37 5.418 0.2242 0.4844 21
2LI4 96 6.013 0.2779 0.5156 22
2LI4 59 6.151 0.2767 0.5156 23
2LI4 167 6.309 0.1996 0.4297 24
2LI4 332 6.6 0.2529 0.4453 25
2LI4 300 6.64 0.2979 0.5078 26
2LI4 135 6.922 0.2442 0.4531 27
