2LK3 1 0 1 1 1
2LK3 3 0.176 0.9531 1 2
2LK3 10 0.673 0.8398 0.9792 3
2LK3 4 0.8 0.7422 0.9583 4
2LK3 411 0.985 0.5142 0.9479 5
2LK3 576 1.215 0.4151 0.8854 6
2LK3 587 1.292 0.4162 0.8958 7
2LK3 533 1.533 0.328 0.8229 8
2LK3 88 1.711 0.3326 0.8229 9
2LK3 289 1.853 0.3234 0.8021 10
2LK3 127 1.982 0.3932 0.8333 11
2LK3 90 2.155 0.3312 0.7917 12
2LK3 129 2.335 0.3845 0.7917 13
2LK3 370 2.485 0.4054 0.8021 14
2LK3 130 2.787 0.3366 0.75 15
2LK3 166 2.821 0.3712 0.7396 16
2LK3 367 3.06 0.314 0.7292 17
2LK3 49 3.158 0.4008 0.75 18
2LK3 329 3.473 0.2271 0.6667 19
2LK3 157 3.524 0.2152 0.6458 20
2LK3 41 3.714 0.3619 0.7188 21
2LK3 274 3.928 0.208 0.6146 22
2LK3 359 4.125 0.3801 0.7083 23
2LK3 354 4.201 0.2535 0.625 24
2LK3 158 4.524 0.2762 0.625 25
2LK3 324 4.602 0.2302 0.625 26
2LK3 366 4.842 0.2913 0.6771 27
2LK3 86 4.971 0.3653 0.6979 28
2LK3 38 5.207 0.2652 0.6354 29
2LK3 126 5.367 0.3309 0.6667 30
