2LP9 1 0 1 1 1
2LP9 2 0.624 0.576 0.9688 2
2LP9 677 0.841 0.3592 0.9531 3
2LP9 628 1.013 0.3389 0.9063 4
2LP9 653 1.126 0.3302 0.9063 5
2LP9 618 1.226 0.2841 0.9375 6
2LP9 355 1.548 0.3632 0.8594 7
2LP9 367 1.731 0.3624 0.8906 8
2LP9 364 1.861 0.2962 0.8438 9
2LP9 370 2.077 0.3261 0.8281 10
2LP9 369 2.143 0.3038 0.8281 11
2LP9 87 2.374 0.3017 0.7969 12
2LP9 80 2.515 0.2951 0.7813 13
2LP9 129 2.714 0.2836 0.7656 14
2LP9 83 2.939 0.2567 0.75 15
2LP9 50 2.987 0.3515 0.7813 16
2LP9 368 3.151 0.2798 0.7656 17
2LP9 250 3.359 0.2833 0.7656 18
2LP9 407 3.639 0.2919 0.7344 19
2LP9 408 3.658 0.2758 0.6875 20
2LP9 182 3.874 0.392 0.7813 21
2LP9 352 4.122 0.3437 0.7656 22
2LP9 406 4.226 0.2281 0.6875 23
2LP9 66 4.449 0.1344 0.625 24
2LP9 249 4.573 0.2469 0.6563 25
2LP9 343 4.872 0.2991 0.7031 26
2LP9 69 4.978 0.2804 0.6875 27
2LP9 285 5.209 0.2031 0.5625 28
2LP9 279 5.245 0.2125 0.5469 29
2LP9 74 5.508 0.3485 0.6875 30
