2LPA 1 0 1 1 1
2LPA 2 0.328 0.7456 1 2
2LPA 10 0.409 0.6903 1 3
2LPA 8 0.595 0.5822 0.9833 4
2LPA 127 0.776 0.4771 0.95 5
2LPA 210 0.943 0.3581 0.9167 6
2LPA 130 1.069 0.3298 0.9167 7
2LPA 209 1.338 0.3597 0.8833 8
2LPA 250 1.376 0.3467 0.8833 9
2LPA 206 1.566 0.3411 0.8833 10
2LPA 241 1.841 0.3296 0.8833 11
2LPA 129 1.909 0.3811 0.8833 12
2LPA 48 2.185 0.3587 0.85 13
2LPA 90 2.326 0.3136 0.7833 14
2LPA 168 2.382 0.3952 0.8333 15
2LPA 283 2.637 0.4565 0.8333 16
2LPA 263 2.713 0.2875 0.8 17
2LPA 151 2.96 0.4331 0.8167 18
2LPA 38 3.049 0.3697 0.8 19
2LPA 176 3.279 0.1448 0.6667 20
2LPA 275 3.429 0.2872 0.75 21
2LPA 64 3.569 0.182 0.7 22
2LPA 42 3.828 0.3 0.7333 23
2LPA 140 3.917 0.1626 0.65 24
2LPA 89 4.159 0.1956 0.65 25
2LPA 28 4.302 0.306 0.7333 26
2LPA 131 4.431 0.0673 0.55 27
2LPA 252 4.819 0.1834 0.5667 28
2LPA 54 4.948 0.1817 0.6167 29
2LPA 60 5.178 0.2695 0.6833 30
