2LQZ 1 0 1 1 1
2LQZ 3 0.783 0.6999 0.963 2
2LQZ 2 0.989 0.7249 0.9444 3
2LQZ 565 1.216 0.5676 0.8796 4
2LQZ 578 1.274 0.5419 0.8981 5
2LQZ 514 1.492 0.4979 0.8611 6
2LQZ 902 1.665 0.4249 0.7963 7
2LQZ 767 1.865 0.3828 0.7778 8
2LQZ 778 1.938 0.3748 0.7407 9
2LQZ 906 2.109 0.3455 0.7407 10
2LQZ 745 2.322 0.3413 0.7222 11
2LQZ 984 2.58 0.3037 0.6944 12
2LQZ 985 2.702 0.3299 0.7037 13
2LQZ 1299 2.879 0.2728 0.6852 14
2LQZ 1410 3.024 0.2226 0.6204 15
2LQZ 280 4.341 0.2189 0.537 16
2LQZ 288 4.507 0.202 0.5278 17
2LQZ 204 4.701 0.2195 0.5556 18
2LQZ 282 4.777 0.2186 0.5741 19
2LQZ 129 4.893 0.1707 0.5093 20
2LQZ 184 5.094 0.2105 0.5278 21
2LQZ 88 5.412 0.175 0.5 22
2LQZ 197 5.452 0.2024 0.5 23
2LQZ 205 5.635 0.2226 0.5185 24
2LQZ 209 5.81 0.1984 0.5 25
2LQZ 165 5.995 0.2169 0.5 26
2LQZ 125 6.178 0.1954 0.5 27
2LQZ 157 6.295 0.2057 0.463 28
2LQZ 327 6.562 0.1742 0.4907 29
2LQZ 49 6.746 0.2224 0.5 30
