2LU0 1 0 1 1 1
2LU0 421 1.466 0.7218 0.8214 2
2LU0 422 1.732 0.6577 0.7602 3
2LU0 445 1.885 0.6329 0.7449 4
2LU0 476 2.038 0.597 0.7194 5
2LU0 528 2.137 0.5774 0.7194 6
2LU0 552 2.25 0.5558 0.7143 7
2LU0 620 2.491 0.537 0.6735 8
2LU0 668 2.549 0.5267 0.6633 9
2LU0 720 2.692 0.4985 0.6582 10
2LU0 782 2.844 0.4651 0.648 11
2LU0 811 2.958 0.4539 0.6122 12
2LU0 766 3.071 0.4592 0.6173 13
2LU0 934 3.251 0.4558 0.5969 14
2LU0 938 3.361 0.4377 0.602 15
2LU0 10 3.702 0.466 0.6173 16
2LU0 7 3.891 0.3906 0.5714 17
2LU0 14 4.119 0.4226 0.5867 18
2LU0 17 4.199 0.3801 0.5561 19
2LU0 5 4.386 0.4417 0.5918 20
2LU0 15 4.694 0.3873 0.5714 21
2LU0 11 4.777 0.3461 0.5306 22
2LU0 12 5.147 0.3839 0.5459 23
2LU0 3 5.166 0.3426 0.5051 24
2LU0 4 5.355 0.3927 0.5459 25
2LU0 18 5.568 0.3701 0.5408 26
