2LUB 1 0 1 1 1
2LUB 6 1.375 0.6552 0.8716 2
2LUB 2 1.479 0.6449 0.8446 3
2LUB 9 1.644 0.5979 0.8378 4
2LUB 5 1.829 0.5291 0.7905 5
2LUB 10 1.942 0.4691 0.7635 6
2LUB 715 2.124 0.6354 0.8176 7
2LUB 752 2.391 0.5356 0.7703 8
2LUB 755 2.514 0.5455 0.7838 9
2LUB 822 2.744 0.4982 0.7365 10
2LUB 823 2.923 0.4864 0.7432 11
2LUB 849 2.996 0.4578 0.7365 12
2LUB 932 3.178 0.453 0.7027 13
2LUB 395 3.873 0.3192 0.5676 14
2LUB 316 4.276 0.3192 0.5473 15
2LUB 267 5.046 0.4456 0.6149 16
2LUB 410 5.285 0.3135 0.5338 17
2LUB 287 5.491 0.3267 0.5338 18
2LUB 243 5.703 0.256 0.4865 19
2LUB 86 5.98 0.2391 0.4527 20
2LUB 247 6.127 0.2939 0.4932 21
2LUB 166 6.381 0.2695 0.4662 22
2LUB 50 6.56 0.2657 0.4662 23
2LUB 288 6.58 0.2567 0.4459 24
2LUB 89 6.822 0.2999 0.4797 25
