2LUN 1 0 1 1 1
2LUN 409 1.78 0.4094 0.7679 2
2LUN 856 2.03 0.4205 0.7857 3
2LUN 590 2.194 0.4087 0.7679 4
2LUN 505 2.367 0.3876 0.7411 5
2LUN 427 2.488 0.3723 0.7232 6
2LUN 929 2.627 0.3553 0.7411 7
2LUN 167 2.755 0.3383 0.6875 8
2LUN 1108 2.957 0.3327 0.7143 9
2LUN 113 3.145 0.2769 0.6429 10
2LUN 309 3.287 0.2614 0.625 11
2LUN 247 3.515 0.2522 0.6339 12
2LUN 327 3.858 0.2197 0.5982 13
2LUN 146 4.142 0.2346 0.5982 14
2LUN 284 4.333 0.2225 0.5893 15
2LUN 73 4.584 0.2323 0.5714 16
2LUN 155 4.783 0.1877 0.5179 17
2LUN 122 4.939 0.2684 0.5893 18
2LUN 48 5.054 0.1931 0.5357 19
2LUN 206 5.134 0.2057 0.5268 20
2LUN 208 5.389 0.2187 0.5268 21
2LUN 168 5.606 0.2133 0.5357 22
2LUN 281 5.661 0.2235 0.5268 23
2LUN 128 5.966 0.2334 0.5 24
2LUN 47 5.989 0.2144 0.5 25
2LUN 243 6.201 0.2064 0.5179 26
2LUN 207 6.37 0.1917 0.4911 27
2LUN 244 6.656 0.2019 0.4821 28
2LUN 314 6.733 0.176 0.4821 29
