2LV0 1 0 1 1 1
2LV0 4 0.865 0.6486 0.9583 2
2LV0 412 1.083 0.5013 0.9167 3
2LV0 415 1.354 0.332 0.8646 4
2LV0 430 1.427 0.3137 0.8438 5
2LV0 487 1.652 0.2667 0.7917 6
2LV0 529 1.85 0.2507 0.7708 7
2LV0 130 2.036 0.3248 0.7813 8
2LV0 371 2.107 0.3571 0.8229 9
2LV0 410 2.338 0.3555 0.7708 10
2LV0 129 2.435 0.4555 0.8333 11
2LV0 131 2.681 0.3851 0.8125 12
2LV0 366 2.841 0.3046 0.7292 13
2LV0 91 2.978 0.3189 0.7604 14
2LV0 289 3.215 0.3055 0.7083 15
2LV0 288 3.322 0.3001 0.7083 16
2LV0 208 3.625 0.3224 0.6875 17
2LV0 251 3.651 0.2356 0.6458 18
2LV0 291 3.812 0.298 0.6667 19
2LV0 171 3.982 0.3746 0.7604 20
2LV0 290 4.176 0.2714 0.6354 21
2LV0 170 4.319 0.2305 0.6146 22
2LV0 90 4.597 0.231 0.6458 23
2LV0 275 4.78 0.2203 0.5833 24
2LV0 79 4.901 0.2268 0.6458 25
2LV0 286 5.084 0.2128 0.5938 26
2LV0 166 5.188 0.2276 0.5729 27
2LV0 244 5.504 0.2733 0.6458 28
2LV0 395 5.525 0.3385 0.6979 29
2LV0 159 5.844 0.2046 0.5521 30
