2M12 1 0 1 1 1
2M12 4 0.999 0.507 0.9348 2
2M12 411 1.156 0.3848 0.913 3
2M12 655 1.375 0.3219 0.8478 4
2M12 412 1.527 0.3108 0.8043 5
2M12 644 1.659 0.2839 0.8152 6
2M12 527 1.855 0.2988 0.8043 7
2M12 482 1.957 0.2591 0.7609 8
2M12 561 2.102 0.2402 0.7717 9
2M12 963 2.425 0.3658 0.8043 10
2M12 981 2.523 0.2689 0.75 11
2M12 991 2.69 0.2841 0.7283 12
2M12 971 2.829 0.2637 0.7391 13
2M12 195 2.988 0.2406 0.6957 14
2M12 330 3.144 0.2154 0.6848 15
2M12 35 3.401 0.2209 0.6304 16
2M12 79 3.663 0.259 0.6848 17
2M12 352 3.955 0.2368 0.663 18
2M12 266 4.076 0.2093 0.6522 19
2M12 49 4.274 0.2545 0.6522 20
2M12 83 4.377 0.2492 0.6413 21
2M12 204 4.535 0.2141 0.6087 22
2M12 84 4.775 0.2602 0.6413 23
2M12 248 4.996 0.224 0.6304 24
2M12 369 5.134 0.2314 0.6196 25
2M12 71 5.306 0.2113 0.587 26
2M12 76 5.568 0.2464 0.5978 27
2M12 82 5.72 0.2109 0.5326 28
2M12 74 5.891 0.2909 0.6304 29
2M12 87 6.023 0.2735 0.587 30
