2M21 1 0 1 1 1
2M21 5 0.561 0.539 1 2
2M21 3 0.818 0.5132 0.9405 3
2M21 8 0.918 0.4609 0.9643 4
2M21 2 1.215 0.3781 0.9167 5
2M21 7 1.335 0.3079 0.8929 6
2M21 13 1.42 0.3594 0.881 7
2M21 38 1.604 0.2358 0.8214 8
2M21 53 1.862 0.2322 0.7976 9
2M21 82 2.038 0.2278 0.7738 10
2M21 580 2.212 0.2069 0.7381 11
2M21 254 2.294 0.23 0.7381 12
2M21 374 2.519 0.1881 0.7262 13
2M21 174 2.658 0.2194 0.7619 14
2M21 133 2.902 0.2476 0.7024 15
2M21 210 3.09 0.2199 0.6905 16
2M21 134 3.285 0.1906 0.7024 17
2M21 88 3.338 0.1856 0.6548 18
2M21 91 3.587 0.1846 0.6905 19
2M21 373 3.773 0.1844 0.6429 20
2M21 290 3.93 0.2202 0.7143 21
2M21 323 4.127 0.1758 0.6667 22
2M21 213 4.211 0.1724 0.6548 23
2M21 212 4.525 0.2188 0.6786 24
2M21 412 4.577 0.1593 0.6429 25
2M21 132 4.744 0.1591 0.5952 26
2M21 285 4.952 0.1613 0.6548 27
2M21 253 5.152 0.1587 0.631 28
2M21 54 5.275 0.2109 0.6429 29
2M21 252 5.537 0.197 0.6429 30
