2M22 1 0 1 1 1
2M22 3 0.523 0.7387 0.9891 2
2M22 15 0.678 0.5524 0.9891 3
2M22 13 0.744 0.6087 0.9783 4
2M22 8 0.982 0.5512 0.9457 5
2M22 604 1.22 0.3856 0.8804 6
2M22 179 1.321 0.3462 0.8587 7
2M22 173 1.464 0.417 0.8804 8
2M22 722 1.667 0.3351 0.837 9
2M22 260 1.804 0.2927 0.8043 10
2M22 259 2.071 0.2826 0.7935 11
2M22 97 2.144 0.2285 0.7174 12
2M22 60 2.344 0.232 0.7391 13
2M22 140 2.449 0.2238 0.6957 14
2M22 252 2.784 0.2948 0.7065 15
2M22 96 2.849 0.33 0.7826 16
2M22 220 3.123 0.208 0.6522 17
2M22 94 3.149 0.1882 0.6739 18
2M22 178 3.41 0.2308 0.6739 19
2M22 298 3.649 0.3151 0.7174 20
2M22 299 3.796 0.195 0.6739 21
2M22 53 3.95 0.3162 0.7609 22
2M22 59 4.053 0.1937 0.6087 23
2M22 219 4.309 0.2224 0.7065 24
2M22 253 4.519 0.2767 0.6304 25
2M22 89 4.6 0.1609 0.587 26
2M22 172 4.822 0.2936 0.7283 27
2M22 375 4.898 0.1789 0.5435 28
2M22 122 5.096 0.2117 0.5326 29
2M22 300 5.284 0.1882 0.5761 30
