2M24 1 0 1 1 1
2M24 7 0.877 0.7145 0.9397 2
2M24 12 1.37 0.6586 0.8966 3
2M24 644 1.683 0.5408 0.8707 4
2M24 95 1.825 0.5204 0.8276 5
2M24 216 2.059 0.4696 0.7931 6
2M24 865 2.252 0.4482 0.7672 7
2M24 911 2.345 0.3838 0.7155 8
2M24 931 2.458 0.3975 0.75 9
2M24 420 2.766 0.4259 0.7586 10
2M24 125 2.959 0.3782 0.7155 11
2M24 399 3.123 0.4263 0.7328 12
2M24 9 3.156 0.606 0.819 13
2M24 414 3.435 0.3783 0.6983 14
2M24 98 3.645 0.3751 0.6983 15
2M24 138 3.768 0.3986 0.6724 16
2M24 215 4.193 0.3991 0.7069 17
2M24 339 4.358 0.3229 0.6466 18
2M24 99 4.473 0.376 0.6724 19
2M24 213 4.69 0.3961 0.681 20
2M24 379 4.864 0.4574 0.7241 21
2M24 54 4.935 0.3758 0.6466 22
2M24 96 5.138 0.3938 0.6638 23
2M24 100 5.386 0.4361 0.7155 24
2M24 340 5.544 0.3862 0.6552 25
2M24 140 5.686 0.4269 0.681 26
2M24 332 5.923 0.386 0.6638 27
2M24 220 5.95 0.4302 0.6638 28
2M24 299 6.162 0.337 0.6207 29
2M24 97 6.352 0.1772 0.4828 30
