2M4W 1 0 1 1 1
2M4W 8 0.351 0.6967 1 2
2M4W 5 0.608 0.5034 0.9853 3
2M4W 7 0.686 0.4384 0.9853 4
2M4W 231 0.999 0.3625 0.9412 5
2M4W 276 1.171 0.3546 0.9118 6
2M4W 274 1.184 0.3479 0.8824 7
2M4W 307 1.391 0.2932 0.8235 8
2M4W 350 1.554 0.3121 0.8382 9
2M4W 46 1.809 0.208 0.8235 10
2M4W 82 1.898 0.2013 0.8235 11
2M4W 117 2.141 0.2409 0.7941 12
2M4W 128 2.317 0.2137 0.75 13
2M4W 89 2.427 0.2601 0.7941 14
2M4W 129 2.598 0.2241 0.7647 15
2M4W 81 2.769 0.2107 0.7353 16
2M4W 50 2.982 0.2327 0.7353 17
2M4W 86 3.05 0.2056 0.7353 18
2M4W 83 3.199 0.1686 0.75 19
2M4W 80 3.399 0.1895 0.7059 20
2M4W 127 3.585 0.2192 0.7059 21
2M4W 90 3.733 0.1709 0.6912 22
2M4W 130 4.009 0.1701 0.6765 23
2M4W 49 4.069 0.1755 0.6765 24
2M4W 18 4.443 0.1636 0.6029 25
2M4W 107 4.718 0.1834 0.6765 26
2M4W 30 4.921 0.15 0.6029 27
2M4W 55 5.044 0.1683 0.6176 28
2M4W 26 6.699 0.2553 0.5588 29
