2M5U 1 0 1 1 1
2M5U 10 0.29 0.8242 1 2
2M5U 13 0.647 0.5856 0.9773 3
2M5U 11 1.174 0.4585 0.9205 4
2M5U 549 1.361 0.2947 0.875 5
2M5U 29 1.431 0.3143 0.8523 6
2M5U 78 1.673 0.2326 0.8068 7
2M5U 211 1.909 0.217 0.7614 8
2M5U 54 2.087 0.2046 0.75 9
2M5U 55 2.111 0.243 0.7614 10
2M5U 135 2.335 0.2497 0.7614 11
2M5U 175 2.56 0.239 0.7727 12
2M5U 215 2.642 0.2603 0.7614 13
2M5U 214 2.797 0.21 0.7159 14
2M5U 134 3.001 0.2307 0.7273 15
2M5U 87 3.185 0.2198 0.7045 16
2M5U 174 3.482 0.2346 0.6818 17
2M5U 293 3.575 0.1503 0.6477 18
2M5U 95 3.734 0.2297 0.6818 19
2M5U 82 3.866 0.2287 0.6818 20
2M5U 283 4.034 0.2631 0.7727 21
2M5U 199 4.224 0.1518 0.6023 22
2M5U 289 4.498 0.2386 0.6932 23
2M5U 284 4.632 0.2465 0.6932 24
2M5U 290 4.827 0.2265 0.7045 25
2M5U 288 4.958 0.222 0.6818 26
2M5U 76 5.076 0.207 0.6477 27
2M5U 162 5.252 0.1518 0.6136 28
2M5U 277 5.492 0.2257 0.6364 29
2M5U 275 5.65 0.1943 0.5568 30
