2M8K 1 0 1 1 1
2M8K 14 0.737 0.9058 0.9583 2
2M8K 3 0.785 0.892 0.9583 3
2M8K 4 0.886 0.8714 0.9427 4
2M8K 10 0.976 0.8503 0.9323 5
2M8K 13 1.073 0.8204 0.901 6
2M8K 15 1.154 0.8337 0.9271 7
2M8K 17 1.216 0.7871 0.8802 8
2M8K 19 1.328 0.7716 0.875 9
2M8K 6 1.436 0.7578 0.8594 10
2M8K 421 1.767 0.6503 0.7604 11
2M8K 423 1.949 0.6403 0.7396 12
2M8K 426 2.069 0.6209 0.724 13
2M8K 487 2.139 0.61 0.7292 14
2M8K 622 2.153 0.6086 0.724 15
2M8K 567 2.261 0.5939 0.7188 16
2M8K 621 2.392 0.5909 0.7188 17
2M8K 725 2.404 0.5593 0.7083 18
2M8K 754 2.5 0.5317 0.6719 19
2M8K 758 2.631 0.5098 0.6563 20
2M8K 755 2.692 0.5138 0.6667 21
2M8K 771 2.765 0.4877 0.6563 22
2M8K 786 2.84 0.4829 0.6354 23
2M8K 784 2.915 0.4697 0.6406 24
2M8K 788 2.988 0.4677 0.625 25
2M8K 888 3.12 0.4248 0.6198 26
2M8K 912 3.188 0.4418 0.5938 27
2M8K 927 3.237 0.4269 0.5938 28
