2MEQ 1 0 1 1 1
2MEQ 8 0.486 0.6987 1 2
2MEQ 10 0.613 0.5249 0.9868 3
2MEQ 4 0.784 0.5867 0.9737 4
2MEQ 7 0.986 0.5263 0.9737 5
2MEQ 6 1.176 0.5174 0.9342 6
2MEQ 411 1.47 0.2685 0.8421 7
2MEQ 1662 1.654 0.2061 0.8158 8
2MEQ 690 1.906 0.222 0.7895 9
2MEQ 697 2.063 0.1824 0.75 10
2MEQ 655 2.159 0.2368 0.7763 11
2MEQ 642 2.327 0.2125 0.7895 12
2MEQ 539 2.474 0.2269 0.7368 13
2MEQ 911 2.78 0.1529 0.6974 14
2MEQ 909 2.867 0.1592 0.7105 15
2MEQ 965 2.994 0.1299 0.6579 16
2MEQ 36 3.256 0.1774 0.6711 17
2MEQ 398 3.38 0.1988 0.6447 18
2MEQ 311 3.64 0.1486 0.6316 19
2MEQ 86 3.951 0.1309 0.5789 20
2MEQ 50 4.15 0.1354 0.5789 21
2MEQ 410 4.331 0.1573 0.6053 22
2MEQ 130 4.381 0.154 0.5658 23
2MEQ 360 4.718 0.1793 0.5658 24
2MEQ 223 4.829 0.1706 0.5658 25
2MEQ 90 4.972 0.1506 0.5526 26
2MEQ 87 5.179 0.1432 0.5789 27
2MEQ 159 5.295 0.1596 0.5132 28
2MEQ 362 5.569 0.1619 0.5658 29
2MEQ 128 5.659 0.2273 0.5395 30
