2MFD 1 0 1 1 1
2MFD 18 0.622 0.5456 0.9868 2
2MFD 17 0.969 0.4393 0.9474 3
2MFD 8 1.096 0.3593 0.9211 4
2MFD 414 1.36 0.25 0.8553 5
2MFD 415 1.397 0.2404 0.8553 6
2MFD 16 1.57 0.3528 0.8553 7
2MFD 14 1.802 0.345 0.8158 8
2MFD 208 2.014 0.248 0.8026 9
2MFD 379 2.162 0.2219 0.7895 10
2MFD 373 2.397 0.2527 0.75 11
2MFD 801 2.493 0.197 0.7237 12
2MFD 94 2.673 0.2637 0.7895 13
2MFD 298 2.795 0.2074 0.7368 14
2MFD 248 3.013 0.182 0.6842 15
2MFD 90 3.261 0.2279 0.6842 16
2MFD 216 3.433 0.1958 0.6842 17
2MFD 219 3.462 0.2006 0.6711 18
2MFD 99 3.784 0.2296 0.6974 19
2MFD 60 3.902 0.2197 0.6842 20
2MFD 334 4.023 0.194 0.6579 21
2MFD 95 4.166 0.2445 0.6579 22
2MFD 339 4.459 0.2024 0.6711 23
2MFD 336 4.577 0.1585 0.6184 24
2MFD 220 4.709 0.2091 0.6184 25
2MFD 340 4.889 0.1809 0.6316 26
2MFD 338 5.023 0.1857 0.6316 27
2MFD 100 5.252 0.1893 0.5789 28
2MFD 337 5.457 0.1912 0.6053 29
2MFD 92 5.653 0.218 0.6316 30
