2MHI 1 0 1 1 1
2MHI 17 0.711 0.9212 0.9858 2
2MHI 10 0.802 0.906 0.9575 3
2MHI 6 0.914 0.8894 0.9481 4
2MHI 14 0.947 0.8764 0.9387 5
2MHI 18 1.062 0.8581 0.9151 6
2MHI 15 1.228 0.8241 0.9292 7
2MHI 19 1.236 0.8148 0.8915 8
2MHI 7 1.332 0.81 0.8774 9
2MHI 12 1.504 0.7482 0.8255 10
2MHI 9 1.529 0.7447 0.8208 11
2MHI 421 1.641 0.7322 0.7925 12
2MHI 422 1.894 0.6868 0.7594 13
2MHI 423 2.006 0.6782 0.75 14
2MHI 526 2.079 0.6591 0.7406 15
2MHI 527 2.123 0.6518 0.7358 16
2MHI 631 2.214 0.6338 0.7217 17
2MHI 658 2.245 0.6215 0.7217 18
2MHI 833 2.313 0.6108 0.6981 19
2MHI 818 2.417 0.5891 0.6792 20
2MHI 840 2.473 0.579 0.6792 21
2MHI 767 2.565 0.5739 0.6745 22
2MHI 845 2.622 0.5542 0.6651 23
2MHI 860 2.734 0.5239 0.6226 24
2MHI 863 2.77 0.5195 0.6179 25
2MHI 864 2.891 0.4936 0.6085 26
