2MNC 1 0 1 1 1
2MNC 375 1.271 0.3002 0.8906 2
2MNC 293 1.452 0.2435 0.8438 3
2MNC 250 1.686 0.192 0.7813 4
2MNC 458 1.769 0.2492 0.8281 5
2MNC 291 2.005 0.2214 0.7813 6
2MNC 289 2.256 0.2421 0.7656 7
2MNC 332 2.43 0.1997 0.7344 8
2MNC 253 2.475 0.1759 0.7188 9
2MNC 53 2.728 0.2099 0.75 10
2MNC 290 2.829 0.2421 0.7344 11
2MNC 294 3.122 0.2194 0.75 12
2MNC 248 3.237 0.1631 0.6719 13
2MNC 369 3.496 0.1818 0.6875 14
2MNC 54 3.531 0.1892 0.6563 15
2MNC 134 3.836 0.2652 0.7344 16
2MNC 282 3.91 0.1787 0.6875 17
2MNC 292 4.024 0.2219 0.6719 18
2MNC 171 4.293 0.222 0.7344 19
2MNC 374 4.512 0.1584 0.6563 20
2MNC 94 4.572 0.2083 0.6563 21
2MNC 370 4.788 0.2116 0.7031 22
2MNC 169 4.955 0.1946 0.6406 23
2MNC 174 5.21 0.1841 0.625 24
2MNC 157 5.412 0.2173 0.5938 25
2MNC 241 5.46 0.1896 0.5781 26
2MNC 199 5.732 0.1562 0.6094 27
2MNC 362 5.918 0.1878 0.625 28
2MNC 212 5.958 0.1488 0.5469 29
2MNC 317 6.293 0.1524 0.5313 30
