2MXL 1 0 1 1 1
2MXL 421 0.803 0.8438 0.9615 2
2MXL 422 1.21 0.7263 0.8846 3
2MXL 487 1.287 0.7035 0.8846 4
2MXL 485 1.447 0.6561 0.859 5
2MXL 520 1.73 0.6016 0.8141 6
2MXL 516 1.907 0.5684 0.7949 7
2MXL 546 1.947 0.5464 0.7564 8
2MXL 13 2.138 0.526 0.7564 9
2MXL 706 2.295 0.498 0.7179 10
2MXL 12 2.492 0.4831 0.7372 11
2MXL 9 2.854 0.4972 0.75 12
2MXL 19 3.024 0.5579 0.7436 13
2MXL 17 3.261 0.4357 0.6731 14
2MXL 20 3.42 0.4035 0.6603 15
2MXL 4 3.516 0.4028 0.6218 16
2MXL 14 3.719 0.4368 0.6474 17
2MXL 2 3.874 0.5049 0.6795 18
2MXL 8 4.237 0.4861 0.6731 19
2MXL 3 4.453 0.5016 0.6859 20
2MXL 176 4.612 0.2786 0.5256 21
2MXL 335 4.764 0.2552 0.5192 22
2MXL 179 5.13 0.3975 0.609 23
2MXL 178 5.391 0.2889 0.5 24
2MXL 419 5.462 0.3 0.5 25
2MXL 218 5.76 0.2531 0.4744 26
2MXL 415 5.794 0.2711 0.4744 27
2MXL 259 5.982 0.2652 0.4487 28
2MXL 339 6.22 0.2764 0.4679 29
2MXL 59 6.354 0.3073 0.4872 30
