2N2O 1 0 1 1 1
2N2O 411 1.23 0.3579 0.8587 2
2N2O 429 1.557 0.2882 0.837 3
2N2O 490 1.674 0.2868 0.7935 4
2N2O 613 1.876 0.2419 0.75 5
2N2O 719 1.981 0.2775 0.7935 6
2N2O 1038 2.139 0.2827 0.7826 7
2N2O 1051 2.317 0.2457 0.75 8
2N2O 1114 2.476 0.3059 0.7826 9
2N2O 1372 2.704 0.2651 0.75 10
2N2O 1417 2.824 0.2296 0.6957 11
2N2O 1317 2.985 0.2231 0.6739 12
2N2O 1660 3.155 0.1957 0.6413 13
2N2O 1705 3.416 0.2136 0.663 14
2N2O 4 3.817 0.5879 0.8587 15
2N2O 9 4.348 0.3985 0.7717 16
2N2O 3 4.71 0.4582 0.75 17
2N2O 268 4.866 0.209 0.6087 18
2N2O 77 4.943 0.1942 0.6087 19
2N2O 357 5.259 0.1966 0.5652 20
2N2O 282 5.438 0.1455 0.5543 21
2N2O 148 5.973 0.1988 0.5543 22
2N2O 267 6.266 0.1661 0.5761 23
2N2O 273 6.416 0.1905 0.5543 24
2N2O 30 6.602 0.1485 0.6196 25
2N2O 154 6.793 0.219 0.587 26
2N2O 316 6.883 0.1721 0.5435 27
