2N2P 1 0 1 1 1
2N2P 411 1.19 0.3799 0.9022 2
2N2P 413 2.065 0.349 0.8478 3
2N2P 512 2.145 0.3797 0.8478 4
2N2P 554 2.346 0.2862 0.7826 5
2N2P 596 2.603 0.2438 0.7391 6
2N2P 773 2.721 0.2436 0.75 7
2N2P 958 2.966 0.2111 0.7174 8
2N2P 959 3.071 0.206 0.6957 9
2N2P 987 3.242 0.1693 0.6522 10
2N2P 1196 3.442 0.1992 0.6522 11
2N2P 1225 3.538 0.2175 0.6848 12
2N2P 1198 3.726 0.178 0.6522 13
2N2P 6 4.929 0.4729 0.7717 14
2N2P 4 5.177 0.4383 0.7283 15
2N2P 5 5.871 0.479 0.7826 16
2N2P 186 6.065 0.1706 0.5326 17
2N2P 40 6.474 0.1591 0.4891 18
2N2P 315 6.688 0.1401 0.5326 19
2N2P 189 6.986 0.1603 0.5 20
