2N4L 1 0 1 1 1
2N4L 2 0.374 0.9758 1 2
2N4L 3 0.984 0.8857 0.9434 3
2N4L 9 1.142 0.9251 0.9623 4
2N4L 509 1.231 0.8133 0.8821 5
2N4L 5 1.47 0.8593 0.9245 6
2N4L 534 1.544 0.732 0.8113 7
2N4L 548 1.725 0.6956 0.7783 8
2N4L 6 1.985 0.7851 0.8868 9
2N4L 8 2.073 0.7552 0.8774 10
2N4L 677 2.367 0.5864 0.7028 11
2N4L 648 2.382 0.6023 0.7123 12
2N4L 698 2.6 0.546 0.6792 13
2N4L 7 2.882 0.7492 0.8491 14
2N4L 897 2.911 0.5088 0.6698 15
2N4L 49 3.56 0.5356 0.6604 16
2N4L 48 3.985 0.3817 0.5849 17
2N4L 90 4.901 0.4244 0.5802 18
2N4L 210 5.227 0.371 0.5283 19
2N4L 86 5.424 0.4484 0.5896 20
2N4L 88 5.663 0.4775 0.5943 21
2N4L 290 5.934 0.466 0.5896 22
2N4L 367 5.974 0.3905 0.5142 23
2N4L 330 6.223 0.4931 0.6038 24
2N4L 386 6.372 0.3394 0.4717 25
2N4L 397 6.552 0.403 0.5142 26
2N4L 168 6.756 0.3265 0.4575 27
