2N6S 1 0 1 1 1
2N6S 7 0.86 0.8362 0.9792 2
2N6S 4 0.983 0.7742 0.9167 3
2N6S 411 1.139 0.7145 0.8889 4
2N6S 3 1.364 0.7557 0.9236 5
2N6S 590 1.715 0.5422 0.7986 6
2N6S 579 1.759 0.5583 0.7847 7
2N6S 486 2.075 0.5104 0.7986 8
2N6S 678 2.189 0.4381 0.7222 9
2N6S 768 2.339 0.4339 0.7222 10
2N6S 399 2.556 0.5191 0.7292 11
2N6S 701 2.62 0.4124 0.7014 12
2N6S 202 2.963 0.3618 0.6528 13
2N6S 407 2.986 0.3966 0.6875 14
2N6S 128 3.279 0.3749 0.6319 15
2N6S 205 3.395 0.4386 0.6736 16
2N6S 250 3.514 0.3915 0.6528 17
2N6S 130 3.823 0.4549 0.7014 18
2N6S 210 3.945 0.3806 0.6528 19
2N6S 289 4.121 0.3249 0.6111 20
2N6S 90 4.316 0.4029 0.6181 21
2N6S 168 4.511 0.3456 0.6042 22
2N6S 89 4.593 0.3528 0.6042 23
2N6S 327 4.859 0.3064 0.5903 24
2N6S 410 4.998 0.3959 0.6389 25
2N6S 328 5.072 0.3159 0.5625 26
2N6S 49 5.34 0.3788 0.6181 27
2N6S 288 5.422 0.3349 0.5625 28
2N6S 207 5.633 0.3997 0.6181 29
2N6S 126 5.826 0.3475 0.6042 30
