2N6T 1 0 1 1 1
2N6T 411 1.529 0.6535 0.7976 2
2N6T 412 1.892 0.5659 0.7619 3
2N6T 505 2.097 0.5295 0.7321 4
2N6T 449 2.196 0.5 0.7143 5
2N6T 463 2.274 0.4844 0.7083 6
2N6T 679 2.493 0.4866 0.6964 7
2N6T 682 2.637 0.4621 0.6905 8
2N6T 1016 2.817 0.4566 0.6548 9
2N6T 1091 2.991 0.4277 0.631 10
2N6T 1090 3.234 0.3878 0.6012 11
2N6T 370 3.974 0.3112 0.5536 12
2N6T 290 4.087 0.3277 0.5357 13
2N6T 169 4.221 0.3464 0.5714 14
2N6T 170 4.388 0.3067 0.5238 15
2N6T 289 4.714 0.3704 0.5655 16
2N6T 79 5.134 0.2869 0.5 17
2N6T 328 5.259 0.3182 0.506 18
2N6T 250 5.435 0.3061 0.5 19
2N6T 410 5.678 0.3037 0.5 20
2N6T 281 5.913 0.2713 0.4643 21
2N6T 243 6.035 0.2866 0.4643 22
2N6T 288 6.168 0.2716 0.4643 23
2N6T 283 6.408 0.2675 0.4464 24
2N6T 249 6.522 0.2885 0.494 25
2N6T 86 6.804 0.3101 0.506 26
2N6T 168 6.896 0.2679 0.494 27
