2N6X 1 0 1 1 1
2N6X 7 1.24 0.7535 0.8895 2
2N6X 411 1.843 0.5862 0.7733 3
2N6X 4 1.997 0.5696 0.8081 4
2N6X 3 2.133 0.5838 0.7849 5
2N6X 412 2.397 0.4814 0.6802 6
2N6X 413 2.571 0.4809 0.6744 7
2N6X 559 2.751 0.4679 0.6802 8
2N6X 614 2.919 0.4479 0.6744 9
2N6X 534 2.926 0.4383 0.657 10
2N6X 677 3.228 0.4113 0.6337 11
2N6X 717 3.364 0.3885 0.6047 12
2N6X 786 3.552 0.4244 0.6279 13
2N6X 752 3.715 0.3837 0.5988 14
2N6X 746 3.789 0.3534 0.6163 15
2N6X 817 3.995 0.4223 0.6163 16
2N6X 9 4.202 0.4596 0.6744 17
2N6X 10 4.42 0.4566 0.657 18
2N6X 6 6.883 0.4783 0.6105 19
