2N7X 1 0 1 1 1
2N7X 17 0.576 0.6974 0.9783 2
2N7X 3 0.86 0.5235 0.9565 3
2N7X 12 0.974 0.497 0.9239 4
2N7X 2 1.152 0.4763 0.9239 5
2N7X 13 1.372 0.4631 0.8696 6
2N7X 8 1.522 0.4661 0.8696 7
2N7X 359 1.642 0.2956 0.8261 8
2N7X 482 1.854 0.2766 0.7935 9
2N7X 499 2.034 0.281 0.7717 10
2N7X 552 2.203 0.2107 0.7391 11
2N7X 137 2.376 0.2007 0.7065 12
2N7X 372 2.528 0.1995 0.7174 13
2N7X 138 2.711 0.2463 0.7174 14
2N7X 58 2.917 0.2526 0.7065 15
2N7X 163 3.016 0.1889 0.6522 16
2N7X 100 3.276 0.202 0.6413 17
2N7X 373 3.424 0.2513 0.6957 18
2N7X 378 3.584 0.1927 0.6304 19
2N7X 140 3.738 0.1884 0.5978 20
2N7X 380 3.845 0.197 0.6196 21
2N7X 375 4.027 0.208 0.6196 22
2N7X 57 4.321 0.2103 0.5978 23
2N7X 60 4.362 0.2574 0.6304 24
2N7X 260 4.679 0.2017 0.5978 25
2N7X 178 4.845 0.1908 0.6087 26
2N7X 369 4.896 0.2017 0.587 27
2N7X 98 5.204 0.1986 0.587 28
2N7X 209 5.35 0.2026 0.5652 29
2N7X 179 5.551 0.2154 0.587 30
