2NBY 1 0 1 1 1
2NBY 8 0.607 0.9012 0.9872 2
2NBY 9 0.85 0.8355 0.9551 3
2NBY 371 1.109 0.7573 0.8974 4
2NBY 7 1.275 0.7119 0.8846 5
2NBY 475 1.526 0.6412 0.8141 6
2NBY 499 1.691 0.6179 0.8205 7
2NBY 512 1.844 0.5925 0.8077 8
2NBY 523 2.009 0.5588 0.7885 9
2NBY 542 2.193 0.5512 0.7628 10
2NBY 553 2.412 0.5289 0.75 11
2NBY 570 2.547 0.5305 0.75 12
2NBY 561 2.64 0.5336 0.7436 13
2NBY 646 2.769 0.5068 0.7308 14
2NBY 665 2.961 0.4973 0.7179 15
2NBY 801 3.159 0.4918 0.7115 16
2NBY 946 3.334 0.4171 0.6538 17
2NBY 290 3.561 0.4976 0.6987 18
2NBY 49 4.275 0.38 0.6026 19
2NBY 210 4.395 0.4382 0.6346 20
2NBY 168 4.594 0.3802 0.5833 21
2NBY 287 4.813 0.3376 0.5385 22
2NBY 129 4.962 0.5036 0.6795 23
2NBY 250 5.128 0.3371 0.5449 24
2NBY 368 5.29 0.2414 0.4615 25
2NBY 87 5.468 0.3826 0.5705 26
2NBY 163 5.662 0.364 0.5449 27
2NBY 273 5.768 0.3914 0.6026 28
2NBY 90 5.895 0.3385 0.5256 29
2NBY 288 6.105 0.3866 0.5897 30
