2NBZ 1 0 1 1 1
2NBZ 2 0.21 0.987 1 2
2NBZ 3 0.476 0.9387 1 3
2NBZ 4 0.686 0.8811 0.9875 4
2NBZ 6 0.737 0.8662 0.975 5
2NBZ 371 0.95 0.8152 0.925 6
2NBZ 5 1.131 0.7402 0.9063 7
2NBZ 7 1.321 0.6912 0.9 8
2NBZ 397 1.564 0.6595 0.8062 9
2NBZ 459 1.698 0.6298 0.7937 10
2NBZ 508 1.875 0.5654 0.7688 11
2NBZ 658 1.998 0.5311 0.7563 12
2NBZ 657 2.115 0.5294 0.7437 13
2NBZ 603 2.304 0.5027 0.725 14
2NBZ 771 2.473 0.501 0.7312 15
2NBZ 710 2.716 0.4559 0.7063 16
2NBZ 990 2.821 0.4438 0.6875 17
2NBZ 207 3.994 0.4233 0.625 18
2NBZ 164 4.826 0.3987 0.6313 19
2NBZ 166 4.94 0.4147 0.6 20
2NBZ 209 5.108 0.3536 0.5562 21
2NBZ 210 5.292 0.423 0.6 22
2NBZ 202 5.513 0.3871 0.5938 23
2NBZ 248 5.742 0.3936 0.5562 24
2NBZ 326 5.801 0.3532 0.5625 25
2NBZ 83 6.103 0.3719 0.5437 26
2NBZ 322 6.246 0.3329 0.5188 27
2NBZ 169 6.395 0.3505 0.525 28
2NBZ 165 6.62 0.2987 0.4625 29
2NBZ 324 6.728 0.4411 0.5875 30
