2NC0 1 0 1 1 1
2NC0 3 0.509 0.8369 1 2
2NC0 8 0.616 0.7827 0.9911 3
2NC0 6 0.752 0.7109 0.9911 4
2NC0 7 1.04 0.6291 0.9196 5
2NC0 371 1.135 0.6221 0.9107 6
2NC0 425 1.362 0.5538 0.8929 7
2NC0 416 1.401 0.5433 0.8929 8
2NC0 456 1.668 0.4816 0.8482 9
2NC0 471 1.841 0.4585 0.8214 10
2NC0 482 1.979 0.4383 0.8036 11
2NC0 484 2.09 0.4365 0.7946 12
2NC0 558 2.428 0.3582 0.75 13
2NC0 549 2.489 0.3581 0.7411 14
2NC0 569 2.64 0.3538 0.7321 15
2NC0 369 3.921 0.3441 0.6339 16
2NC0 368 4.284 0.3057 0.5982 17
2NC0 277 4.503 0.2962 0.6161 18
2NC0 89 4.806 0.3411 0.6518 19
2NC0 48 5.054 0.2777 0.5268 20
2NC0 356 5.523 0.315 0.5804 21
2NC0 39 5.772 0.2696 0.5446 22
2NC0 285 6.015 0.3001 0.5625 23
2NC0 50 6.172 0.3066 0.5536 24
2NC0 37 6.36 0.2837 0.4911 25
2NC0 344 6.557 0.2759 0.4821 26
2NC0 46 6.69 0.2935 0.5625 27
2NC0 169 6.915 0.309 0.5089 28
