2NCI 1 0 1 1 1
2NCI 6 0.376 0.9328 0.9911 2
2NCI 3 0.764 0.7442 0.9643 3
2NCI 411 0.967 0.6293 0.9375 4
2NCI 7 1.203 0.6608 0.9107 5
2NCI 417 1.349 0.5188 0.875 6
2NCI 468 1.451 0.5042 0.875 7
2NCI 470 1.712 0.4869 0.8393 8
2NCI 500 1.887 0.4737 0.8304 9
2NCI 522 2.052 0.4467 0.8214 10
2NCI 552 2.194 0.345 0.7768 11
2NCI 567 2.293 0.3387 0.75 12
2NCI 925 2.601 0.4376 0.7679 13
2NCI 943 2.698 0.3955 0.75 14
2NCI 1212 2.937 0.2888 0.6875 15
2NCI 1213 3.004 0.2759 0.6875 16
2NCI 1211 3.165 0.2764 0.6607 17
2NCI 22 4.364 0.2529 0.5804 18
2NCI 47 4.449 0.3297 0.625 19
2NCI 166 4.733 0.2862 0.5625 20
2NCI 246 5.112 0.2718 0.5446 21
2NCI 320 5.278 0.2468 0.5357 22
2NCI 35 5.614 0.2742 0.5446 23
2NCI 329 5.891 0.3217 0.5804 24
2NCI 159 6.042 0.2647 0.5357 25
2NCI 316 6.269 0.2058 0.4911 26
2NCI 375 6.302 0.2453 0.5179 27
2NCI 367 6.629 0.2702 0.5089 28
2NCI 208 6.715 0.2796 0.4732 29
2NCI 210 6.996 0.2658 0.4643 30
