2QH2 1 0 1 1 1
2QH2 13 0.786 0.6628 0.9583 2
2QH2 16 0.941 0.5879 0.9375 3
2QH2 4 1.084 0.5946 0.9271 4
2QH2 421 1.314 0.3815 0.8542 5
2QH2 1022 1.561 0.3627 0.8646 6
2QH2 1012 1.72 0.4014 0.8646 7
2QH2 657 1.897 0.3541 0.8125 8
2QH2 649 1.995 0.332 0.8125 9
2QH2 422 2.222 0.3585 0.8021 10
2QH2 672 2.358 0.3072 0.7604 11
2QH2 789 2.449 0.2609 0.7292 12
2QH2 159 2.79 0.2379 0.6979 13
2QH2 298 2.889 0.2135 0.6979 14
2QH2 297 3.019 0.2304 0.6771 15
2QH2 380 3.263 0.1916 0.6354 16
2QH2 246 3.475 0.1844 0.6354 17
2QH2 372 3.506 0.2173 0.6563 18
2QH2 259 3.678 0.2489 0.6354 19
2QH2 258 3.892 0.2571 0.6458 20
2QH2 420 4.054 0.2451 0.6354 21
2QH2 138 4.304 0.1822 0.5729 22
2QH2 254 4.511 0.2396 0.6563 23
2QH2 260 4.691 0.1993 0.625 24
2QH2 255 4.888 0.1896 0.5833 25
2QH2 60 4.929 0.1789 0.5521 26
2QH2 376 5.195 0.1962 0.5521 27
2QH2 179 5.294 0.2478 0.625 28
2QH2 131 5.434 0.2773 0.6042 29
2QH2 340 5.618 0.1989 0.5625 30
