2QH4 1 0 1 1 1
2QH4 9 0.661 0.5222 0.9722 2
2QH4 19 0.711 0.4507 0.9861 3
2QH4 10 0.898 0.3941 0.9306 4
2QH4 18 1.084 0.3785 0.9167 5
2QH4 8 1.259 0.3443 0.9167 6
2QH4 1307 1.512 0.2156 0.8194 7
2QH4 645 1.676 0.2393 0.8333 8
2QH4 661 1.835 0.2595 0.8194 9
2QH4 379 2.012 0.2032 0.7778 10
2QH4 179 2.252 0.2578 0.7778 11
2QH4 419 2.293 0.2023 0.7361 12
2QH4 417 2.592 0.2012 0.6806 13
2QH4 220 2.62 0.2176 0.7222 14
2QH4 100 2.819 0.1554 0.6944 15
2QH4 337 3.054 0.1798 0.6806 16
2QH4 140 3.163 0.2216 0.6944 17
2QH4 420 3.403 0.1512 0.6667 18
2QH4 133 3.629 0.1814 0.6667 19
2QH4 59 3.741 0.1797 0.6806 20
2QH4 260 3.913 0.1601 0.6111 21
2QH4 139 4.164 0.1966 0.6667 22
2QH4 418 4.332 0.2046 0.625 23
2QH4 380 4.478 0.177 0.6389 24
2QH4 92 4.659 0.1837 0.6528 25
2QH4 364 4.837 0.1567 0.5833 26
2QH4 416 4.936 0.2149 0.625 27
2QH4 285 5.112 0.1655 0.6528 28
2QH4 254 5.269 0.1633 0.5972 29
2QH4 247 5.465 0.1938 0.5694 30
