2Y95 1 0 1 1 1
2Y95 10 0.411 0.6555 1 2
2Y95 6 0.631 0.6024 0.9821 3
2Y95 4 0.786 0.5276 0.9464 4
2Y95 877 0.861 0.4117 0.9286 5
2Y95 5 1.025 0.527 0.9286 6
2Y95 291 1.24 0.3806 0.9107 7
2Y95 354 1.4 0.3309 0.9107 8
2Y95 155 1.562 0.2988 0.8571 9
2Y95 288 1.649 0.3496 0.8393 10
2Y95 168 1.923 0.3196 0.8571 11
2Y95 290 2.129 0.3194 0.7857 12
2Y95 286 2.19 0.2721 0.8036 13
2Y95 289 2.411 0.2927 0.7857 14
2Y95 209 2.47 0.2198 0.7857 15
2Y95 90 2.705 0.3119 0.7321 16
2Y95 160 2.836 0.289 0.7143 17
2Y95 205 2.976 0.2311 0.6964 18
2Y95 130 3.203 0.2865 0.7143 19
2Y95 89 3.342 0.2781 0.7143 20
2Y95 202 3.542 0.2447 0.6786 21
2Y95 281 3.607 0.289 0.7143 22
2Y95 166 3.867 0.2264 0.6786 23
2Y95 128 3.948 0.2831 0.6964 24
2Y95 123 4.239 0.3052 0.6607 25
2Y95 219 4.271 0.1795 0.6607 26
2Y95 262 4.533 0.2169 0.6071 27
2Y95 174 4.612 0.1239 0.5536 28
2Y95 109 4.798 0.2528 0.6429 29
2Y95 56 4.946 0.234 0.6607 30
