4A4S 1 0 1 1 1
4A4S 6 1.467 0.3137 0.8636 2
4A4S 7 1.606 0.4971 0.8636 3
4A4S 3 1.891 0.2817 0.7614 4
4A4S 408 2.002 0.2308 0.7955 5
4A4S 320 2.109 0.1545 0.7273 6
4A4S 398 2.341 0.1981 0.7614 7
4A4S 166 2.55 0.2711 0.7727 8
4A4S 71 2.641 0.1664 0.7273 9
4A4S 47 2.903 0.2239 0.7045 10
4A4S 165 2.978 0.2109 0.6932 11
4A4S 46 3.147 0.2433 0.7273 12
4A4S 86 3.442 0.2024 0.6364 13
4A4S 83 3.49 0.2409 0.7045 14
4A4S 167 3.732 0.247 0.6818 15
4A4S 122 3.93 0.1982 0.6591 16
4A4S 278 4.066 0.1779 0.6705 17
4A4S 72 4.245 0.1907 0.6364 18
4A4S 44 4.486 0.1678 0.5909 19
4A4S 152 4.557 0.1685 0.5909 20
4A4S 350 4.75 0.1624 0.5795 21
4A4S 110 4.936 0.1723 0.6023 22
4A4S 124 5.12 0.1205 0.5682 23
4A4S 30 5.272 0.1597 0.5795 24
4A4S 39 5.579 0.1596 0.5341 25
4A4S 31 5.725 0.1505 0.5341 26
4A4S 240 5.821 0.1567 0.5568 27
4A4S 23 6.093 0.1146 0.4886 28
4A4S 64 6.11 0.1286 0.5568 29
4A4S 281 6.429 0.1649 0.4886 30
