4A4T 1 0 1 1 1
4A4T 149 1.889 0.2273 0.7614 2
4A4T 196 1.941 0.2072 0.7727 3
4A4T 322 2.104 0.2432 0.7727 4
4A4T 122 2.417 0.2372 0.7273 5
4A4T 205 2.589 0.2578 0.7841 6
4A4T 323 2.732 0.162 0.6818 7
4A4T 325 2.892 0.2146 0.7159 8
4A4T 82 3.095 0.2453 0.7273 9
4A4T 85 3.289 0.1895 0.6477 10
4A4T 165 3.315 0.288 0.7386 11
4A4T 124 3.588 0.1837 0.6705 12
4A4T 154 3.667 0.2096 0.6591 13
4A4T 160 3.902 0.2069 0.6477 14
4A4T 121 4.164 0.2345 0.6705 15
4A4T 74 4.288 0.1806 0.625 16
4A4T 156 4.519 0.176 0.5568 17
4A4T 62 4.532 0.1865 0.5909 18
4A4T 310 4.753 0.1621 0.5682 19
4A4T 155 4.924 0.1865 0.5682 20
4A4T 143 5.075 0.1985 0.625 21
4A4T 144 5.258 0.1617 0.5795 22
4A4T 105 5.493 0.175 0.5909 23
4A4T 302 5.624 0.1709 0.5909 24
4A4T 111 5.754 0.1893 0.5682 25
4A4T 120 6.041 0.1738 0.5341 26
4A4T 138 6.155 0.1808 0.6136 27
4A4T 103 6.287 0.1413 0.4545 28
4A4T 51 6.488 0.1464 0.5 29
4A4T 343 6.729 0.1346 0.5455 30
