4A4U 1 0 1 1 1
4A4U 534 1.721 0.2552 0.8068 2
4A4U 407 1.855 0.2073 0.7841 3
4A4U 144 2.021 0.2336 0.7955 4
4A4U 78 2.155 0.1897 0.75 5
4A4U 246 2.281 0.1632 0.7045 6
4A4U 81 2.507 0.1792 0.7159 7
4A4U 165 2.74 0.1697 0.7159 8
4A4U 82 2.797 0.2019 0.6818 9
4A4U 86 2.984 0.192 0.6705 10
4A4U 244 3.304 0.1585 0.6591 11
4A4U 41 3.351 0.1832 0.6591 12
4A4U 117 3.618 0.1892 0.6705 13
4A4U 166 3.754 0.1377 0.6136 14
4A4U 159 3.926 0.1553 0.6477 15
4A4U 115 4.103 0.2235 0.6705 16
4A4U 85 4.208 0.171 0.6364 17
4A4U 150 4.507 0.1701 0.5682 18
4A4U 44 4.529 0.1869 0.6136 19
4A4U 35 4.733 0.1315 0.5568 20
4A4U 197 4.975 0.1417 0.5341 21
4A4U 59 5.124 0.1678 0.6364 22
4A4U 395 5.359 0.135 0.5341 23
4A4U 25 5.535 0.1265 0.5682 24
4A4U 67 5.653 0.1593 0.5341 25
4A4U 406 5.794 0.1728 0.6136 26
4A4U 60 6.071 0.1612 0.5795 27
4A4U 278 6.25 0.1433 0.5341 28
4A4U 353 6.302 0.1661 0.5795 29
4A4U 230 6.451 0.1644 0.5568 30
