5KQE 1 0 1 1 1
5KQE 9 0.289 0.9701 1 2
5KQE 5 0.342 0.9586 1 3
5KQE 20 0.53 0.9151 0.9931 4
5KQE 13 0.703 0.8952 0.9792 5
5KQE 2 0.991 0.8116 0.9375 6
5KQE 12 1.243 0.8569 0.9375 7
5KQE 18 1.356 0.7582 0.8958 8
5KQE 421 1.596 0.554 0.7986 9
5KQE 579 1.829 0.576 0.7986 10
5KQE 445 1.89 0.5683 0.7847 11
5KQE 696 2.14 0.4932 0.75 12
5KQE 641 2.298 0.4782 0.75 13
5KQE 654 2.375 0.4659 0.7361 14
5KQE 806 2.59 0.4306 0.6944 15
5KQE 916 2.791 0.4673 0.7153 16
5KQE 1029 2.846 0.4079 0.6597 17
5KQE 50 5.569 0.3498 0.5556 18
5KQE 39 6.689 0.2279 0.4236 19
