91.752
74.979
74.92
83.575
67.373
139.685
13.25
5.871
5.002
4.787
4.618
4.475
4.336
8.2
148.697
93.46
75.339
73.162
82.606
66.216
137.513
13.454
5.978
4.665
4.633
4.612
4.575
4.337
7.708
148.668
94.613
75.493
72.331
81.975
97.737
64.634
141.592
5.613
4.512
4.504
4.504
5.336
4.631
4.157
7.751
94.562
75.229
72.597
82.234
104.094
64.825
142.587
5.621
4.592
14.023
4.537
4.501
5.515
4.622
4.15
7.921
162.355
94.385
75.344
72.597
82.238
103.937
64.826
143.04
5.654
4.444
13.714
4.537
4.512
5.651
4.592
4.162
8.034
162.741
93.963
75.433
72.597
82.223
103.852
64.694
143.048
5.647
4.431
13.542
4.543
4.448
5.598
4.595
4.141
7.988
162.462
93.718
75.463
72.786
82.229
104.362
65.159
142.05
5.556
4.542
4.456
4.473
5.565
4.492
4.124
7.834
161.972
93.393
75.057
73.315
82.784
65.814
137.088
5.353
4.263
4.331
4.371
4.385
4.034
7.517
92.951
76.099
74.156
83.233
97.662
65.413
142.341
5.493
4.035
4.357
4.18
5.288
4.261
3.924
7.475
91.68
75.407
75.794
84.522
105.467
67.01
143.673
5.796
4.35
4.485
4.328
5.653
4.127
3.982
7.7
93.232
75.886
74.585
83.53
98.812
66.335
143.227
5.758
4.487
4.504
4.407
5.842
4.325
4.138
7.82
93.654
75.807
73.871
83.02
99.157
65.859
142.533
5.741
4.567
4.454
4.5
5.907
4.43
4.193
7.882
94.596
75.532
72.537
82.217
99.525
64.84
142.077
5.611
4.533
4.635
4.496
6.025
4.509
4.201
8.096
94.385
75.468
72.456
81.875
98.641
64.855
141.627
5.665
4.692
4.667
4.529
5.764
4.623
4.214
7.966
93.626
75.35
72.91
82.132
65.445
136.965
12.874
5.807
4.535
4.661
4.559
4.615
4.197
7.68
147.503
93.851
75.302
72.2
82.022
103.594
64.424
141.719
5.613
4.63
13.732
4.653
4.513
5.159
4.646
4.177
7.857
162.285
92.935
75.525
72.883
81.938
65.446
136.654
12.645
5.88
4.567
4.626
4.539
4.565
4.185
7.777
147.772
94.29
75.437
71.906
81.897
97.766
64.668
140.963
5.488
4.5
4.268
4.464
5.262
4.543
4.096
7.501
94.992
75.991
73.166
82.418
105.588
63.956
141.156
5.694
3.819
11.761
4.574
4.4
5.757
4.531
4.129
7.805
160.007
89.668
74.62
77.795
87.025
105.967
67.882
145.173
6.143
4.704
4.059
4.523
5.897
4.284
4.079
8.066
89.552
77.637
80.33
84.511
99.021
67.404
143.328
6
4.141
4.525
3.845
6.167
3.648
2.747
7.734
95.05
77.286
75.881
83.191
69.043
143.532
9.912
6.008
4.874
5.672
4.454
4.449
4.233
7.906
143.328
93.732
75.076
74.594
83.098
69.797
139.48
13.436
4.473
4.47
4.312
4.435
4.551
4.325
8.35
148.446
94.332
75.218
72.017
81.728
97.685
64.183
141.609
5.534
4.595
4.585
4.433
5.345
4.548
4.094
7.758
93.479
153.72
75.66
72.673
81.927
64.89
139.91
6.002
7.423
4.591
4.72
4.539
4.632
4.182
8.108
93.859
75.616
72.408
81.631
98
64.659
140.676
5.457
4.488
4.468
4.436
5.27
4.561
4.107
7.518
93.567
75.387
73.117
82.205
65.995
136.633
12.777
5.753
4.58
4.584
4.512
4.498
4.141
7.517
147.204
91.396
77.244
75.311
84.133
65.997
137.689
12.976
5.957
4.323
4.722
4.553
4.576
4.187
7.409
147.466
91.857
152.968
75.373
74.853
83.58
67.204
141.988
5.955
6.999
4.875
4.741
4.539
4.413
4.243
8.386
93.249
153.284
75.535
73.494
82.597
66.63
140.411
5.9
7.152
4.66
4.635
4.602
4.531
4.327
7.825
93.128
153.283
75.682
72.926
82.064
65.406
139.723
5.846
7.166
4.556
4.663
4.542
4.584
4.179
7.679
92.985
153.716
75.681
72.917
81.927
65.361
139.567
5.885
7.465
4.619
4.638
4.523
4.571
4.158
7.69
93.223
75.289
72.833
81.997
65.62
136.172
13.502
5.633
4.465
4.441
4.479
4.487
4.077
7.204
148.627
94.622
75.615
71.984
81.948
97.492
64.394
141.473
5.565
4.306
4.465
4.424
5.2
4.564
4.069
7.646
93.455
77.606
69.643
83.363
98.78
65.095
142.238
5.819
4.057
4.221
4.207
5.56
4.524
4.069
7.716
