5.764
4.866
8.097
12.296
5.841
4.625
7.488
146.704
153.082
5.886
7.17
4.605
7.698
153.718
5.817
7.731
4.456
7.617
5.352
4.482
14.04
7.303
163.702
5.428
4.087
11.64
5.619
7.808
160.105
5.414
4.447
13.292
5.549
7.952
163.699
153.329
5.912
7.002
4.311
8.101
103.386
5.445
4.365
13.181
5.097
7.475
164.002
9.78
5.603
4.608
7.485
141.451
153.348
5.758
7.438
4.584
7.518
133.218
13.15
5.512
4.364
6.989
147.719
5.453
4.604
13.357
7.634
163.674
5.858
7.022
4.582
7.94
5.205
3.969
5.38
7.537
5.506
4.462
7.587
5.396
4.108
5.28
7.418
5.94
4.633
8.069
5.687
4.56
7.762
153.348
5.843
7.461
4.68
7.807
13.135
5.602
4.404
7.158
147.688
5.479
4.536
13.402
7.643
163.69
5.934
6.932
4.389
8.071
5.328
4.291
13.108
7.57
163.368
152.49
5.846
6.558
4.481
7.935
153.998
5.695
7.762
4.265
7.504
103.962
5.305
3.97
5.125
7.26
5.266
4.501
10.068
5.586
7.796
153.051
5.962
7.605
4.702
8.079
13.2
5.63
4.412
7.141
148
5.572
4.55
14.342
7.796
164.752
97.832
5.511
4.425
5.665
7.688
105.297
5.403
3.692
11.553
5.765
7.731
160.67
105.825
141.968
6.052
4.601
13.714
5.854
7.99
164.963
99.012
5.885
4.03
6.124
7.622
9.713
5.908
4.788
5.581
7.847
142.949
12.574
4.382
4.46
8.251
146.831
154.026
5.948
7.82
4.524
7.795
97.912
5.35
4.264
5.198
7.294
5.545
4.454
14.14
7.615
104.983
5.199
3.977
11.204
5.735
7.688
160.106
97.362
5.377
4.158
5.602
7.673
5.636
4.22
5.702
7.787
104.889
5.627
4.468
5.749
7.78
104.243
5.632
4.557
12.847
5.734
7.947
163.957
5.935
6.93
4.375
8.183
5.329
4.283
13.126
7.538
163.337
5.9
7.052
4.429
8.023
98.066
5.261
4.132
5.297
7.356
5.503
4.39
7.667
5.381
4.349
5.638
7.785
5.78
7.195
4.441
8.046
5.436
4.274
7.483
5.852
7.892
4.568
8.305
5.247
4.273
13.67
7.571
164.988
5.934
7.098
4.464
8.079
97.574
5.276
4.139
5.126
7.385
5.496
4.61
13.8
5.223
7.652
163.557
5.351
4.201
11.303
5.719
7.824
159.794
153.082
5.79
7.126
4.388
8.291
5.374
4.286
13.111
7.575
163.202
152.316
5.993
6.54
4.536
8.022
133.893
10.493
5.429
4.603
6.845
142.197
154.119
5.848
7.86
4.405
7.643
5.479
4.31
13.998
7.576
164.002
103.558
5.603
4.403
13.714
5.481
7.925
98.249
5.496
4.131
5.624
7.819
98.49
5.654
4.018
5.46
7.586
