91.229
138.705
12.462
5.781
4.883
4.655
4.514
4.365
4.229
8.074
146.59
92.509
139.115
12.085
5.854
4.652
4.528
4.547
4.437
4.233
7.489
146.26
92.649
153.166
139.395
5.954
7.465
4.716
4.59
4.487
4.127
7.71
92.679
135.625
13.04
5.511
4.39
4.289
4.434
4.37
3.997
7.012
147.44
93.259
102.53
141.191
5.485
4.558
13.209
4.51
4.412
5.058
4.053
7.629
163.45
91.209
153.016
139.465
5.959
7.007
4.443
4.619
4.525
4.137
8.111
92.869
102.55
140.311
5.382
4.396
13.137
4.486
4.985
7.554
163.73
92.499
135.585
12.298
5.719
4.403
4.431
4.058
7.507
146.55
93.409
104.1
137.081
5.351
4.184
11.203
4.418
4.299
5.312
4.05
4.018
7.488
158.98
91.319
136.595
10.387
5.555
4.51
4.666
4.402
4.331
4.053
7.656
145.59
91.159
154.176
141.985
5.628
7.764
4.617
4.428
4.089
3.936
8.296
91.889
154.266
5.465
7.7
4.365
4.583
4.266
3.962
3.855
7.914
92.469
155.226
140.315
5.984
8.087
4.586
5.005
4.454
4.275
8.153
137.075
10.983
4.053
4.331
4.266
3.914
7.701
144.07
93.039
96.84
141.301
5.36
4.371
4.482
5.288
7.569
92.799
152.966
139.295
5.88
7.208
4.412
4.643
4.443
4.091
7.983
92.729
102.2
140.811
5.382
4.336
12.918
4.444
4.378
5.052
7.569
162.89
92.489
153.196
139.315
5.933
7.083
4.484
4.601
4.456
4.116
8.067
93.519
96.55
140.651
5.298
4.142
4.283
4.349
5.158
4.014
7.435
93.519
102.59
142.581
5.488
4.439
13.774
4.469
5.267
4.019
7.837
93.949
96.65
141.791
5.544
4.16
4.367
5.589
4.021
7.853
92.489
97.42
142.221
5.681
3.936
4.117
4.441
5.436
3.974
7.608
