91.84
75.274
74.677
83.57
139.62
12.792
5.823
4.962
4.804
4.583
8.178
147.096
92.88
76.088
73.418
82.541
66.938
137.596
12.957
5.999
4.668
4.617
4.607
4.313
4.545
7.696
147.033
93.774
75.716
73.402
84.057
137.357
11.567
5.856
4.714
4.361
4.551
4.518
4.127
7.246
143.713
94.011
72.53
75.746
82.456
104.095
140.865
5.561
4.584
13.696
4.613
4.475
5.337
4.429
7.667
163.863
93.123
73.044
75.694
82.291
136.783
12.568
5.808
4.584
4.529
4.522
7.715
146.19
92.833
72.947
75.85
82.723
103.61
141.508
5.508
4.504
13.527
4.532
4.459
5.169
4.123
7.64
163.178
93.078
154.041
76.218
73.779
83.321
140.035
5.763
7.065
4.483
4.58
4.747
4.164
7.98
93.134
76.258
74.215
83.39
97.819
141.944
5.311
3.984
4.305
4.154
5.353
3.975
4.14
7.348
93.567
77.015
73.136
82.631
105.431
143.442
5.719
4.481
4.579
4.545
5.578
4.074
7.587
91.215
75.675
77.112
84.962
105.721
68.061
144.071
5.699
4.179
4.469
4.213
5.734
3.974
3.954
7.588
90.77
154.99
76.6
76.544
85.078
67.683
142.382
5.636
7.891
4.768
5.039
4.588
4.225
8.181
90.893
155.158
76.38
76.207
141.418
5.687
7.921
4.71
4.637
4.379
8.119
92.625
98.933
142.923
5.824
4.48
4.543
5.663
4.414
4.232
7.686
93.102
75.101
74.166
83.309
138.236
13.152
5.657
4.667
4.538
4.541
4.412
4.219
7.777
146.93
94.396
75.648
103.017
142.772
5.669
4.579
14.465
4.196
5.193
7.933
164.134
91.453
76.045
76.987
85.038
103.921
67.523
142.885
5.729
4.182
4.475
4.221
5.674
3.979
8.029
164.158
91.612
73.423
73.047
82.713
104.302
142.453
5.64
4.542
13.142
4.639
4.452
5.642
8.01
163.725
92.726
75.704
72.982
82.291
136.804
12.529
5.803
4.523
4.597
4.52
4.166
7.804
146.279
94.166
75.758
72.171
82.285
97.727
140.782
5.444
4.452
4.252
4.444
5.218
4.084
7.459
94.875
76.388
73.495
82.858
105.534
141.023
5.663
3.798
11.753
4.501
4.381
5.743
4.26
7.768
89.619
74.909
87.216
105.925
68.1
145.097
6.034
4.686
4.158
4.507
5.877
4.34
4.182
8.035
89.497
77.927
80.679
84.808
99.043
143.25
5.93
4.124
4.512
3.827
6.147
3.438
7.715
94.809
77.492
76.017
83.434
69.106
143.477
9.912
5.988
4.857
5.655
4.438
4.223
7.905
142.2
93.561
139.381
13.389
4.616
4.445
4.3
4.438
8.333
147.147
94.302
75.675
72.338
82.16
97.716
141.449
5.511
4.607
4.562
4.413
5.306
7.614
93.519
152.475
76.123
73.294
82.502
139.99
5.845
6.682
4.739
4.856
4.768
7.992
93.184
153.252
76.003
73.2
82.498
139.661
5.736
6.911
4.64
4.786
4.788
7.755
93.263
154.349
76.023
72.837
82.485
139.466
5.841
7.608
4.552
4.671
7.783
93.671
76.279
73.735
83.014
98.194
141.037
5.521
4.231
4.424
4.421
5.19
7.325
91.131
75.962
75.484
84.353
105.04
66.853
143.063
5.833
4.51
14.358
4.926
4.508
5.603
4.257
7.818
93.133
153.549
75.038
75.044
83.326
67.125
141.603
6.004
7.346
4.793
4.855
4.771
8.413
94.077
72.922
72.338
88.136
97.99
141.315
5.433
4.496
4.409
4.942
5.252
7.575
92.737
153.791
75.938
73.018
82.504
140.027
5.88
7.467
4.81
7.994
92.777
76.077
72.551
82.639
104.242
140.988
5.38
4.073
12.112
4.534
4.443
5.394
7.728
159.878
94.317
76.029
83.365
82.16
97.759
143.289
5.594
4.225
4.692
5.661
4.527
8.021
93.32
77.947
70.003
83.828
98.613
142.323
5.776
4.041
4.211
4.193
5.575
7.707
