90.756
74.924
72.5
83.795
67.018
139.755
12.63
5.87
5
4.87
4.65
4.48
8.22
146.6
93.116
154.334
75.424
70.6
82.635
65.718
140.925
6.22
8.05
4.69
4.76
4.7
4.65
4.48
8.25
93.416
75.424
69.9
81.495
98.066
64.718
140.521
5.58
4.54
4.52
4.52
5.31
4.2
4.63
7.55
93.016
75.224
70.1
82.195
65.718
136.875
12.13
5.8
4.74
4.67
4.58
4.58
4.23
7.58
146.6
93.216
154.234
75.324
70.1
82.295
64.718
139.975
6.04
7.79
4.58
4.7
4.62
4.68
4.24
7.89
93.216
75.524
69.6
103.426
64.118
141.421
5.57
4.53
13.37
4.58
4.38
5.17
4.63
4.2
7.67
161.9
92.856
153.634
75.624
70.6
82.395
65.318
140.275
6.11
7.26
4.54
4.71
4.63
4.28
4.65
8.18
93.016
75.124
70.7
82.635
103.626
65.218
141.721
5.58
4.37
13.22
4.49
4.49
5.16
4.17
7.55
93.416
75.424
70.9
82.595
98.676
65.218
141.921
5.62
4.4
4.57
4.47
5.73
4.19
4.5
7.82
91.316
74.924
72.3
83.495
66.218
138.475
5.5
4.6
4.64
4.5
4.43
4.23
7.66
91.716
154.834
75.924
71.3
83.595
65.918
140.875
5.83
7.97
4.64
4.76
4.51
4.43
4.23
8.02
91.516
75.124
72.5
83.795
66.218
138.475
5.61
4.55
4.71
4.45
4.41
4.2
7.66
92.876
75.424
71.8
83.595
98.626
66.218
142.121
5.73
4.45
4.61
4.42
5.57
4.2
7.65
91.416
155.034
76.124
72.5
83.795
65.918
141.375
6.03
7.91
4.61
4.76
4.58
4.46
4.26
8.29
91.216
75.424
73.2
84.395
105.126
66.418
142.721
5.64
4.3
4.56
4.37
5.56
4.16
4.37
7.62
91.786
75.924
73.5
84.045
99.226
66.718
143.421
5.83
4.36
4.58
4.35
5.91
4.2
4.08
7.77
90.716
155.234
75.874
73.5
84.495
66.718
142.275
5.89
7.92
4.78
4.92
4.52
4.28
4.17
8.31
90.466
155.434
76.574
74.1
84.695
66.918
141.875
5.91
8.1
4.67
4.82
4.5
4.34
4.24
8.2
90.916
74.924
73.45
84.295
67.018
139.475
5.55
4.66
4.77
4.51
4.36
4.26
7.82
91.116
155.134
76.024
72.8
83.895
66.418
141.475
5.98
7.99
4.67
4.8
4.59
4.44
4.26
8.18
91.416
75.424
72
83.795
138.775
5.66
4.62
4.66
4.51
4.24
7.75
91.786
75.124
72.5
83.795
105.226
66.418
142.421
5.75
4.39
4.7
4.41
5.51
4.41
4.23
7.75
89.516
75.874
73.9
84.995
66.618
138.975
5.84
4.77
4.88
4.62
4.32
4.24
8.05
92.416
155.034
75.124
71.68
82.595
141.975
5.69
7.92
4.66
4.61
4.41
4.2
8.25
91.316
154.334
75.724
72.7
83.995
66.218
140.875
6.02
7.87
4.78
4.75
4.66
4.5
4.29
8.03
93.216
75.324
70.4
82.395
103.626
65.218
141.921
5.62
4.56
13.35
4.59
4.59
5.16
4.59
4.26
7.67
161.9
92.876
153.534
75.424
70.6
82.345
65.218
140.475
6.12
7.28
4.59
4.74
4.63
4.28
4.65
8.25
93.416
75.424
69.8
81.695
103.086
64.318
141.851
5.57
4.43
14.06
4.51
4.53
5.1
4.65
4.2
7.72
162.3
93.616
75.424
70.15
81.895
98.426
64.818
141.521
5.67
4.64
4.61
4.53
5.67
4.59
4.21
7.87
93.516
75.124
70.4
82.195
65.518
136.875
12.9
5.76
4.59
4.59
4.57
4.56
4.2
7.64
147.2
94.316
75.424
69.5
82.395
103.126
64.218
142.521
5.68
4.28
14.61
4.61
4.5
5.17
4.69
4.17
7.87
163
91.856
84.824
75.3
85.195
99.826
65.618
142.721
6.32
4.76
5.09
4.53
5.82
4.61
4.23
7.65
