92.295
75.129
72.11
83.414
67.543
139.625
5.829
4.835
4.744
4.538
4.303
4.132
8.216
93.588
75.191
70.197
82.346
66.135
137.534
11.601
5.948
4.73
4.58
4.586
4.572
4.307
7.604
94.128
75.629
69.227
81.742
97.698
64.347
140.942
5.573
4.339
4.558
4.461
5.493
4.572
4.138
7.802
94.211
75.408
69.805
81.637
98.395
65.025
141.151
5.557
4.617
4.561
4.442
5.528
4.551
4.127
7.753
93.407
75.268
70.536
81.985
66.259
136.632
12.71
5.72
4.501
4.492
4.489
4.48
4.124
7.523
93.613
75.456
70.239
82.305
103.106
65.136
141.453
5.577
4.561
4.483
4.444
4.952
4.543
4.124
7.529
92.985
154.599
75.151
71.698
83.183
66.723
140.464
5.756
7.508
4.621
4.634
4.549
4.428
4.204
8.118
92.187
155.422
75.716
70.798
82.821
65.634
140.212
5.558
7.909
4.298
4.574
4.258
4.428
4.098
7.92
91.106
76.11
73.931
84.098
98.456
67.008
142.557
5.53
4.044
4.416
4.008
5.412
4.184
3.941
7.389
90.093
75.487
74.813
84.538
105.836
68.015
143.728
5.785
4.204
4.459
4.304
5.783
3.916
3.846
7.616
90.693
155.277
75.581
73.505
84.433
67.797
142.251
5.91
7.906
4.824
4.807
4.488
4.248
4.123
8.281
90.967
75.606
74.102
84.944
105.501
67.977
143.81
5.954
4.418
4.729
4.553
5.738
4.305
4.249
7.77
91.793
154.934
75.737
73.092
83.943
68.306
141.471
5.95
7.912
4.813
4.669
4.636
4.404
4.293
8.201
92.998
153.79
75.175
70.71
82.403
66.274
140.371
5.697
7.717
4.592
4.56
4.545
4.482
4.226
8.021
93.844
75.378
69.909
81.685
97.789
65.414
140.882
5.457
4.469
4.427
4.469
5.151
4.503
4.101
7.4
92.994
75.267
70.401
81.919
66.143
136.509
12.325
5.743
4.698
4.567
4.494
4.488
4.126
7.544
93.32
75.083
69.905
81.873
65.407
136.371
13.402
5.756
4.648
4.397
4.486
4.521
4.088
7.241
94.4
75.587
69.312
81.705
104.097
64.242
141.097
5.557
4.149
12.234
4.54
4.414
5.43
4.535
4.075
7.769
92.818
77.39
67.169
83.181
98.284
65.454
143.466
5.929
4.04
4.275
4.158
5.69
4.547
4.05
7.826
