92.409
75.268
74.13
84.505
62.848
138.55
5.717
4.864
4.532
4.318
3.883
3.99
7.971
92.419
75.391
73.012
82.199
65.575
136.579
5.891
4.729
4.642
4.517
4.151
4.531
7.467
93.065
153.553
75.377
73.325
82.313
66.155
139.074
5.901
7.45
4.76
4.551
4.549
4.146
4.523
7.563
92.511
154.371
75.295
72.699
82.085
138.893
5.687
7.767
4.373
4.574
4.471
7.735
92.737
75.335
72.019
81.667
102.331
64.542
141.464
5.417
4.163
4.447
4.363
5.131
4.051
4.495
7.628
93.174
75.691
72.046
97.596
64.996
140.098
5.608
4.395
4.36
5.454
4.069
4.45
7.615
93.072
75.746
73.075
82.028
65.121
136.308
5.601
4.353
4.644
4.344
4.097
4.412
7.457
92.426
154.362
75.364
72.118
83.414
142.222
5.653
7.739
4.762
4.425
4.205
8.354
92.167
154.628
75.359
74.228
83.316
140.123
5.361
7.718
4.29
4.524
4.234
7.892
91.701
155.644
76.414
82.374
140.849
5.965
8.062
4.565
5.063
4.413
8.162
92.605
74.375
74.586
82.868
70.152
137.392
3.476
4.405
4.185
4.219
4.194
4.321
7.83
93.126
154.076
75.377
72.645
82.389
64.776
139.472
5.933
7.725
4.321
4.578
4.403
4.018
4.442
7.676
90.943
75.674
75.355
84.547
103.216
66.606
141.96
5.764
4.164
4.578
4.4
5.029
4.058
4.5
7.49
89.425
74.968
77.287
85.344
67.914
140.096
5.928
4.865
4.839
4.52
4.145
4.247
8.011
93.378
75.787
73.656
83.414
103.244
66.078
143.479
5.663
4.579
4.609
4.474
5.664
4.189
4.422
7.979
94.234
75.34
72.288
82.284
96.703
65.083
141.942
5.532
4.283
4.501
4.428
5.615
4.078
4.542
7.912
92.426
77.234
69.93
83.472
97.563
140.807
5.699
3.999
4.155
4.155
5.454
7.634
