11.559
5.797
4.893
8.124
144.938
138.983
12.663
5.936
4.636
4.508
7.63
147.617
93.253
137.405
10.207
5.754
4.635
4.148
4.444
7.186
104.146
5.494
4.266
13.421
4.333
5.258
7.576
153.577
5.944
6.789
4.459
8.066
92.5
137.631
5.65
4.474
7.647
153.633
5.888
7.472
4.726
7.921
136.989
13.158
5.661
4.424
7.28
147.89
5.51
4.552
13.383
5.043
7.691
163.764
153.437
5.96
6.929
4.377
8.106
92.928
5.352
4.283
13.085
5.011
7.584
163.463
152.823
140.032
5.874
6.545
4.488
7.979
92.326
154.384
139.497
5.718
7.753
4.268
4.368
7.533
92.272
104.158
141.65
5.312
3.917
4.204
5.123
7.292
92.935
104.283
5.374
4.521
9.995
4.439
5.63
7.841
91.959
153.362
5.989
7.599
4.69
8.093
92.02
136.775
13.227
5.647
4.386
7.158
148.216
93.384
5.605
4.555
14.33
5
7.814
164.82
98.051
141.609
5.52
4.413
5.585
7.689
105.456
142.592
5.495
3.674
11.654
5.69
7.745
106.007
145.128
6.071
4.586
11.404
4.15
4.397
5.819
4.156
3.9
7.993
99.183
5.924
4.038
4.416
3.717
6.081
3.5
2.586
7.644
94.244
9.709
5.933
4.808
5.618
4.341
4.111
7.826
143.17
139.33
12.61
4.364
4.442
8.28
147.018
154.302
139.82
5.957
7.805
4.524
4.559
7.829
93.494
98.129
140.962
5.363
4.255
4.167
5.2
7.309
92.905
104.635
5.573
4.469
14.081
5.378
7.639
164.248
93.791
141.169
5.182
3.923
11.105
4.31
5.602
7.715
159.553
97.545
5.385
4.184
5.458
7.67
98.818
5.658
4.209
5.745
7.803
105.171
5.591
4.466
12.998
5.718
7.792
104.505
143.496
5.647
4.537
12.795
5.707
7.974
163.875
153.437
140.531
5.956
6.939
4.354
8.211
92.768
5.354
4.265
13.111
5.077
7.614
163.446
153.735
5.934
7.077
4.423
4.579
8.072
93.479
97.831
141.117
5.305
4.161
4.227
4.307
5.143
7.413
93.443
104.308
5.564
4.305
4.462
5.359
7.714
93.228
104.836
142.564
5.413
4.437
5.714
7.926
153.925
5.871
7.185
4.491
8.102
92.931
104.486
5.229
3.926
11.107
5.367
7.61
159.553
98.435
143.027
5.519
4.123
5.607
7.888
98.711
5.681
3.934
5.502
7.632
