12.902
5.857
4.953
4.757
4.582
4.487
4.308
8.188
12.902
5.976
4.763
4.58
4.521
4.279
7.589
13.236
5.816
4.515
4.443
7.215
5.564
4.695
13.683
4.52
5.083
7.673
11.7
5.755
4.62
4.586
7.679
5.81
7.021
4.56
4.669
7.742
5.754
7.119
4.446
4.5
7.646
5.895
7.759
4.456
4.589
7.651
5.349
4.362
4.33
5.162
4.053
7.258
5.767
4.405
4.697
4.145
7.662
11.747
5.612
4.708
7.735
5.913
7.376
4.664
7.803
12.785
5.619
4.526
4.453
4.066
7.084
12.516
5.72
4.553
4.474
4.072
7.167
6.025
7.864
4.639
4.639
7.806
5.356
4.421
4.125
4.427
5.21
4.433
4.017
7.21
5.691
3.807
11.906
4.55
4.382
5.65
4.114
7.787
6.125
4.699
4.044
4.504
5.884
4.264
4.062
8.046
5.99
4.127
4.508
3.828
6.143
2.731
3.631
7.726
9.954
5.992
4.854
5.667
4.438
4.215
4.437
7.891
13.582
4.453
4.429
4.271
4.414
4.292
4.528
8.356
5.608
4.592
14.455
4.592
5.134
4.52
4.064
7.873
5.606
4.434
4.464
5.707
7.903
5.444
4.363
4.45
5.54
7.802
5.502
4.456
13.975
4.523
5.385
7.906
5.492
4.342
4.482
4.408
5.605
7.759
5.752
6.799
4.288
7.943
5.825
8.003
4.572
4.744
8.088
13.011
5.518
4.735
4.546
4.229
7.938
5.677
4.599
14.217
4.526
5.118
7.832
5.696
4.483
13.914
4.539
5.594
8.072
5.619
4.421
13.736
4.484
5.595
8.049
5.49
4.392
4.595
5.675
7.902
5.876
7.347
4.513
4.706
4.149
8.123
5.415
4.219
4.397
5.205
4.065
7.596
5.514
4.265
4.5
5.432
7.792
5.772
4.024
4.193
4.184
5.5
4.522
4.041
7.692
