92.846
75.264
71.844
83.096
66.681
139.015
5.789
4.896
4.657
4.521
4.413
4.24
8.089
93.17
75.661
82.283
136.834
5.871
4.652
4.582
4.521
7.486
93.172
150.856
75.919
70.155
81.816
139.155
5.96
7.457
4.712
4.623
4.491
7.716
93.224
75.663
69.406
81.838
135.779
5.544
4.362
4.434
4.411
7.048
93.655
75.54
69.447
82.529
102.775
63.947
140.97
5.522
4.555
4.507
4.29
5.014
4.515
4.035
7.656
91.983
76.06
135.99
5.785
4.428
7.686
93.925
72.394
72.968
81.569
96.795
141.814
5.432
4.335
4.309
4.355
5.175
7.612
94.248
75.902
69.817
81.758
97.71
140.829
5.45
4.43
4.21
4.344
5.419
7.528
94.033
75.878
72.764
82.569
104.603
143.502
5.505
4.182
4.543
4.302
5.57
7.69
92.029
75.538
71.921
83.176
137.819
5.355
4.4
4.558
4.298
7.621
92.415
152.896
76.011
70.092
81.906
65.04
139.999
5.788
7.852
4.451
4.545
4.438
4.092
4.479
7.952
90.258
74.351
74.964
85.521
67.189
140.633
5.562
4.788
4.621
4.342
4.223
4.017
7.63
91.498
76.297
74.276
84.451
98.765
67.008
140.899
5.915
4.541
4.268
4.353
5.87
4.144
4.026
7.705
92.145
75.897
73.457
84.236
104.674
66.978
143.572
5.811
4.315
4.578
4.337
5.783
4.138
4.05
7.772
90.042
75.419
74.747
85.129
67.214
140.492
5.821
4.81
4.801
4.367
4.267
4.125
7.963
93.278
75.589
71.498
83.285
103.9
66.011
143.221
5.577
4.517
4.533
4.414
5.654
4.313
4.156
7.825
92.415
75.806
71.169
82.55
136.623
5.686
4.659
4.518
4.452
7.661
93.493
75.533
70.621
82.16
136.342
5.746
4.473
4.41
4.47
7.274
94.033
72.091
72.864
81.781
96.936
141.11
5.48
4.519
4.498
4.371
5.202
7.655
93.17
150.785
77.033
70.23
81.834
67.193
139.296
5.909
7.367
4.538
4.629
4.467
4.131
4.025
8.022
93.994
75.842
69.691
81.693
96.866
140.899
5.362
4.181
4.204
4.37
5.216
7.514
94.033
75.43
102.915
142.236
5.51
4.464
5.316
7.87
94.464
75.915
70.29
81.775
96.936
65.491
141.954
5.549
4.123
4.348
4.375
5.608
4.417
4.002
7.867
93.116
77.752
67.109
83.425
97.64
141.181
5.678
3.942
4.125
4.113
5.437
7.613
