140.13
5.75
4.01
3.92
8.05
92.33
75.72
73.45
66.42
137.08
5.9
4.56
4.59
4.47
4.26
7.63
93.25
75.17
72.95
66.02
136.75
5.79
4.63
4.38
4.47
4.26
7.31
93.69
75.27
72.29
97.32
64.76
140.69
5.5
4.31
4.42
5.38
4.48
4.04
7.69
94.46
75.57
71.89
97.88
63.96
141.23
5.48
4.34
4.45
5.51
4.48
4.05
7.71
93.54
75.37
72.54
104.3
64.41
142.14
5.57
4.32
4.49
5.6
4.52
4.04
7.8
92.23
76.02
74.41
103.3
65.57
142.14
5.72
4.35
4.51
5.37
4.39
4.07
7.79
91.28
75.42
71.94
66.99
138.86
5.5
4.59
4.38
4.22
4.01
7.75
90.62
76.43
71.12
98.23
67.18
142.75
5.66
4.39
4.08
5.56
4.04
3.92
7.49
91.23
76.23
71.23
99.04
67.54
143.22
5.7
4.23
4.31
5.84
3.91
3.91
7.6
89.01
153.35
74.82
71.38
68.5
141.3
5.82
7.28
4.85
4.52
4.21
4.16
8.29
92.39
153.53
75.42
73.96
67.9
140.13
5.84
7.54
4.64
4.49
4.42
4.37
7.91
92.43
75.37
72.9
65.93
135.76
5.57
4.51
4.4
4.4
4.08
7.13
92.93
76.38
72.49
65.37
135.76
5.69
4.53
4.34
4.53
4.31
7.13
93.65
75.62
72.09
103.9
140.59
5.5
4.14
4.51
5.38
7.74
93.85
75.57
72.19
97.44
64.56
142.61
5.64
4.2
4.46
5.66
4.51
4.03
7.95
92.74
77.63
70.27
65.11
141.91
5.71
3.95
4.11
4.45
3.99
7.64
