92.07
75.079
74.229
84.849
62.548
138.797
5.682
4.834
4.624
4.624
4.348
4.348
4.001
3.902
8.012
92.92
153.24
75.733
72.951
82.303
65.304
139.859
6.054
7.581
4.707
4.734
4.552
4.568
4.256
8.019
92.495
75.291
72.743
81.876
65.503
135.611
13.381
5.641
4.429
4.386
4.437
4.479
4.07
7.2
148.267
94.195
75.278
72.531
82.093
97.168
65.309
139.859
5.392
4.596
4.236
4.372
4.986
4.432
4.038
7.198
92.073
76.353
74.442
82.654
65.304
137.31
5.67
4.301
4.729
4.458
4.435
4.162
7.825
91.674
153.877
75.716
74.442
84
66.159
141.558
5.566
7.478
4.647
4.682
4.498
4.46
4.157
8.085
92.283
154.939
75.727
73.506
82.721
65.726
139.859
5.764
7.944
4.657
4.638
4.478
4.452
4.21
7.876
91.652
75.291
73.592
82.513
66.378
136.461
12.227
4.795
4.424
4.441
4.389
4.343
4.123
7.527
147.482
93.12
153.877
75.504
72.743
82.088
65.501
139.434
5.897
7.723
4.451
4.503
4.454
4.48
4.11
7.701
93.582
76.12
71.893
81.663
97.805
64.468
139.434
5.423
4.326
4.309
4.349
4.981
4.457
4.037
7.198
92.708
76.141
73.161
82.303
64.882
136.461
5.648
4.425
4.658
4.375
4.383
4.092
7.492
91.433
154.514
75.936
74.301
83.798
65.094
142.408
5.682
7.807
4.729
4.449
4.201
4.198
3.95
8.358
92.07
154.514
76.566
74.867
83.796
65.502
140.496
5.431
7.778
4.343
4.554
4.242
3.878
3.953
7.925
92.075
155.357
76.862
74.027
82.725
66.159
141.133
6.014
8.064
4.586
5.149
4.46
4.486
4.348
8.182
93.112
74.654
74.446
82.938
69.557
137.31
12.952
3.736
4.225
4.089
4.226
4.294
4.198
7.825
147.894
93.77
75.282
72.106
82.1
102.478
64.052
141.983
5.555
4.475
14.184
4.416
4.347
5.003
4.429
4.016
7.654
162.533
94.404
75.929
72.532
82.093
97.805
65.521
140.921
5.539
4.156
4.23
4.355
5.364
4.475
4.098
7.41
90.584
76.98
75.943
85.262
66.583
138.16
5.555
4.586
4.844
4.522
4.238
4.15
8.027
92.283
154.079
75.758
74.229
82.48
67.428
140.284
5.544
7.675
4.631
4.453
4.468
4.427
4.232
7.773
92.283
74.653
73.592
82.305
67.002
136.438
13.129
4.098
4.287
4.25
4.255
4.222
4.113
7.565
149.023
94.196
75.291
72.106
82.088
96.956
64.705
141.346
5.465
4.351
4.38
4.368
5.18
4.432
4.021
7.567
93.991
75.291
71.893
82.093
103.343
64.257
142.195
5.573
4.307
14.246
4.535
4.382
5.401
4.551
4.051
7.916
162.831
92.698
77.403
69.982
83.353
97.834
65.296
142.408
5.829
3.983
4.185
4.175
5.676
4.472
4.027
7.75
