91.942
75.439
74.83
83.787
139.696
5.826
4.467
4.927
4.533
8.154
92.954
75.661
72.746
82.644
137.43
5.932
4.718
4.559
4.548
7.556
93.353
75.439
72.548
82.518
136.694
5.786
4.467
4.469
4.47
7.225
93.531
75.446
72.008
82.519
102.969
141.514
5.556
4.618
4.513
4.469
5.085
7.692
92.621
75.439
72.801
82.518
136.5
5.756
4.467
4.409
4.47
7.634
94.134
75.177
71.88
82.264
97.167
140.741
5.276
4.491
3.964
4.275
5.009
7.231
95.084
74.884
71.88
82.676
103.674
5.344
4.081
3.964
4.166
5.213
7.447
91.993
76.448
72.646
81.53
96.73
140.54
5.368
4.137
4.322
4.117
4.736
7.367
88.2
155.153
80.163
78.851
87.006
140.429
5.661
7.716
3.977
4.631
4.647
8.528
83.996
73.537
80.693
85.405
138.629
5.96
4.903
4.956
4.411
8.08
95.456
72.056
75.029
83.787
102.875
143.656
5.645
4.753
4.788
4.533
5.89
7.968
93.483
152.912
75.489
71.465
82.519
139.561
5.737
6.946
4.666
4.487
4.469
7.574
93.248
75.361
71.223
82.113
99.352
141.175
4.108
4.151
4.306
4.147
5.649
7.425
93.827
75.562
72.008
82.264
136.86
5.632
4.25
4.513
4.275
7.346
92.231
154.058
75.93
75.126
83.839
142.332
5.68
7.922
4.686
4.25
4.153
8.174
91.917
75.681
73.754
83.451
138.439
5.014
4.221
4.426
4.192
7.568
92.017
155.381
76.896
73.101
83.031
141.652
6.045
8.152
4.424
4.903
4.39
8.132
93.319
74.682
73.83
83.324
137.43
3.893
4.503
3.893
4.105
7.556
90.146
76.12
73.134
81.171
136.448
5.174
4.278
4.708
4.392
7.528
94.093
154.664
74.794
75.773
83.029
139.797
5.992
7.95
5.126
4.212
4.853
7.585
93.134
154.473
75.762
72.13
82.68
138.942
5.577
7.856
4.297
4.668
4.411
7.834
93.547
76.121
71.536
81.789
97.483
140.461
5.778
4.356
4.343
4.373
5.117
7.406
94.004
76.309
72.036
82.189
98.964
139.748
5.599
4.438
4.261
4.394
5.552
7.428
93.787
74.913
72.008
82.519
137.216
5.604
4.554
4.513
4.469
7.426
93.913
75.439
71.704
82.189
97.022
141.527
5.48
4.467
4.576
4.394
5.239
7.736
92.954
153.302
75.763
72.49
82.244
139.954
5.932
7.445
4.532
4.66
4.47
8.06
93.791
75.681
72.017
82.189
97.022
141.16
5.384
4.221
4.341
4.394
5.239
7.537
94.411
75.681
71.706
82.189
97.507
141.87
5.488
4.221
4.456
4.394
5.439
7.766
92.968
77.668
69.412
83.839
98.017
142.275
5.745
3.988
4.164
4.153
5.478
7.68
