5.782
4.887
8.064
137.927
13.3
5.885
4.482
7.52
148.855
5.626
4.632
13.826
5.107
7.642
163.194
138.215
9.909
5.666
4.712
7.618
142.616
154.502
140.072
5.796
7.495
4.647
7.561
136.796
13.295
5.508
4.407
6.966
148.827
5.486
4.654
13.411
5
7.601
162.548
154.284
140.331
5.879
7.046
4.65
7.946
5.237
4.17
5.393
7.527
139.273
5.531
4.491
7.612
142.33
5.432
4.139
5.257
7.462
154.623
5.922
7.245
4.687
8.074
139.424
5.689
4.606
7.758
154.554
5.869
7.489
4.731
7.808
137.267
13.253
5.608
4.46
7.176
148.75
5.514
4.572
13.489
5.059
7.67
162.64
154.299
5.959
6.994
4.423
8.111
5.379
4.313
13.199
5.022
7.615
162.297
154.47
5.951
7.098
4.488
8.07
140.735
5.268
4.251
5.107
7.226
5.573
3.702
11.672
4.265
5.572
7.661
160.441
145.131
6.06
4.604
11.012
3.955
6.163
7.962
158.94
5.897
4.037
3.727
5.988
3.53
2.607
7.63
10.02
5.905
4.777
5.573
4.339
4.325
4.101
7.798
144.029
139.944
13.344
4.399
8.267
148.683
142.262
5.484
4.588
13.489
5.124
7.746
162.64
154.225
5.96
6.973
4.427
8.115
141.647
5.341
4.33
13.201
5.027
7.56
162.296
154.47
5.912
7.065
4.475
8.039
141.168
5.286
4.168
5.14
7.369
5.538
4.416
13.841
5.276
7.669
162.413
5.429
4.341
5.628
7.824
154.626
5.798
7.244
4.472
8.047
5.456
4.316
5.364
7.519
148.835
143.823
5.896
7.885
4.618
8.335
141.547
5.263
4.329
13.556
5.321
7.586
162.873
154.596
5.956
7.117
4.508
8.083
141.252
5.309
4.181
5.171
7.391
5.484
4.632
13.825
5.275
7.676
162.413
141.801
5.461
4.257
11.526
5.757
7.872
158.73
141.646
5.84
7.371
4.552
8.358
141.405
5.366
4.103
5.15
7.459
5.706
3.96
5.422
7.604
