91.9
75.688
138.607
12.114
5.523
4.633
4.393
4.265
3.963
7.828
146.533
93.389
76.585
11.766
5.609
4.394
4.267
4.299
3.963
7.228
146.215
91.709
153.167
75.508
5.696
7.2
4.458
4.334
4.246
3.855
3.785
7.453
93.214
72.759
135.532
12.722
5.255
4.128
4.031
4.173
3.735
6.77
147.411
94.224
75.935
102.792
141.624
5.224
4.318
12.894
4.247
4.236
4.799
3.786
7.383
161.157
152.972
138.382
5.696
6.737
4.206
4.349
4.27
3.865
7.848
93.564
75.865
102.713
140.534
5.114
4.211
12.779
4.144
4.122
4.742
3.791
7.287
161.254
91.665
72.601
140.372
12.099
5.445
4.236
4.142
7.282
146.971
94.582
76.637
104.017
136.636
5.293
3.913
11.374
4.257
5.11
7.33
157.396
93.401
154.783
73.291
141.027
5.707
7.54
4.379
4.32
4.22
4.024
3.851
7.957
93.353
75.777
103.923
142.226
5.213
4.131
5.136
3.817
7.396
92.618
76.146
104.624
142.35
5.328
3.971
9.87
4.216
4.029
5.362
3.739
7.448
91.737
73.373
138.772
5.357
4.281
4.327
4.085
7.456
90.694
76.224
139.087
5.372
4.446
4.373
4.161
3.821
7.517
91.683
76.269
98.689
142.277
5.472
3.957
4.228
3.925
5.444
3.761
3.732
7.354
91.277
154.951
75.97
140.992
5.635
7.667
4.405
4.214
4.235
3.93
3.796
7.919
93.275
72.689
98.536
142.781
5.451
4.109
4.052
5.495
3.806
7.334
91.735
76.028
104.936
143.013
5.519
4.037
4.295
4.087
5.466
3.829
7.439
92.189
76.041
138.593
11.255
5.314
4.383
4.131
3.806
3.587
7.473
93.328
154.445
140.355
5.691
7.634
4.444
4.263
4.19
3.821
7.716
93.485
75.865
135.686
10.361
5.24
4.3
4.093
7.244
143.872
94.196
97.448
140.855
5.056
4.102
4.249
4.194
5.104
7.358
93.533
152.98
75.9
139.206
5.628
6.989
4.175
4.404
4.19
3.823
7.72
93.606
75.82
102.483
142.348
5.151
4.088
12.597
4.191
4.248
4.799
7.361
160.731
91.552
153.256
75.865
139.364
5.691
6.833
4.227
4.375
3.877
7.844
94.328
76.023
96.887
139.959
5.059
3.881
4.051
3.865
4.9
3.759
7.234
93.131
72.619
102.846
141.815
5.229
4.19
13.457
4.217
4.11
5.014
3.76
7.6
162.06
93.328
76.269
97.097
140.978
5.288
3.909
4.158
4.098
5.327
3.764
7.611
93.285
77.976
97.715
140.241
5.415
3.677
3.705
3.86
5.168
7.352
