91.476
75.372
75.347
84.24
67.08
139.716
5.858
4.878
4.715
4.576
4.27
4.447
8.18
92.998
75.872
74.46
83.446
98.171
66.063
142.159
5.8
4.421
4.654
4.478
5.669
4.212
4.446
7.764
91.28
154.866
76.054
75.392
84.176
66.703
140.885
6.031
7.821
4.695
4.565
4.556
4.427
4.213
8.251
91.369
75.831
75.761
84.282
104.763
66.776
142.621
5.798
4.379
4.66
4.527
5.604
4.209
4.418
7.75
92.147
74.763
76.441
83.488
67.459
138.198
12.831
5.781
4.587
4.773
4.594
4.408
4.262
8.014
94.146
75.289
72.532
82.473
102.655
65.264
142.58
5.665
4.625
14.077
4.547
4.518
5.18
4.249
7.89
93.977
75.293
72.583
82.327
103.6
64.884
142.296
5.67
4.483
13.667
4.542
4.526
5.65
4.176
8.023
93.533
75.303
72.433
82.114
103.887
143.229
5.587
4.448
13.681
4.654
4.485
5.639
4.21
4.183
7.93
92.849
152.888
75.714
72.661
82.065
139.669
5.911
6.897
4.421
4.736
4.475
4.579
4.187
8.063
91.203
76.49
74.837
65.973
136.499
12.908
5.545
4.257
4.514
4.394
4.394
4.074
7.26
91.4
75.629
76.077
84.72
104.757
67.268
142.745
5.584
4.274
4.375
4.277
5.603
3.918
4.044
7.6
89.785
76.214
77.687
85.754
67.886
140.001
5.567
4.579
4.693
4.342
4.089
4.063
7.728
89.999
75.818
77.832
85.263
105.707
68.351
143.812
5.954
4.361
4.736
4.519
5.838
4.071
4.099
7.766
91.07
74.032
76.425
84.14
99.371
68.902
143.356
5.776
4.646
4.628
4.521
6.11
4.214
7.928
93.967
75.026
73.693
83.098
103.549
67.54
142.444
5.627
4.678
13.33
4.562
4.57
5.646
4.443
4.453
8.024
92.693
152.055
75.711
72.95
82.153
64.809
139.942
5.983
6.404
4.567
4.821
4.587
4.621
4.285
8.191
92.517
152.798
75.643
72.78
82.022
72.766
139.053
5.756
7.07
4.442
4.673
4.513
4.18
7.763
92.548
153.918
75.595
72.481
81.837
67.139
138.867
5.862
7.724
4.469
4.567
4.476
4.574
4.133
7.753
93.499
75.555
72.355
81.813
97.697
64.884
139.647
5.315
4.393
4.32
4.377
5.161
4.463
4.05
7.228
92.685
75.785
73.441
82.818
136.961
5.741
4.348
4.595
4.391
4.402
4.085
7.543
91.369
75.119
74.978
84.128
65.728
138.167
5.685
4.643
4.573
4.44
4.088
4.424
7.562
91.307
75.817
75.589
84.306
104.907
66.497
142.38
5.749
4.231
4.565
4.396
5.578
4.235
4.073
7.666
94.559
83.743
79.508
86.633
104.877
67.357
145.422
5.954
5.058
5.019
4.447
5.75
4.133
4.299
7.669
