91.82
75.08
74.48
83.26
67.12
139.1
5.841
4.95
4.712
4.573
4.462
4.285
8.158
92.82
75.5
73.04
82.47
136.7
12.37
5.916
4.695
4.619
4.576
4.531
4.256
7.522
146.7
93.05
153
75.61
72.68
81.95
65.47
139.4
5.942
7.119
4.653
4.673
4.58
4.534
4.121
7.729
92.78
152.8
75.58
72.79
81.9
64.99
139.1
5.795
7.148
4.511
4.599
4.536
4.592
4.149
7.623
92.49
154
75.53
72.55
81.81
64.91
139
5.915
7.795
4.508
4.559
4.485
4.569
4.113
7.759
93.44
75.52
72.44
81.84
98.25
140
5.319
4.459
4.266
4.391
5.17
4.437
4.035
7.209
93.17
75.29
73.01
82.41
65.48
136.4
10.44
5.719
4.402
4.416
4.419
4.431
4.056
7.448
142.5
93.37
75.96
73.01
82.62
97.54
141.9
5.569
4.225
4.471
4.371
5.339
7.571
93.55
75.48
72.26
83.59
99.15
64.62
142.1
5.674
4.51
4.475
4.41
5.786
4.565
4.091
7.871
92.88
75.31
72.84
82.92
136.6
12.86
5.786
4.522
4.637
4.591
7.724
147.3
93.13
76.19
75.5
82.98
97.54
141.5
5.658
4.645
4.474
4.561
5.263
4.428
4.127
7.669
94.22
74.45
74.17
82.94
67.85
138.1
10.64
5.719
4.878
4.246
4.522
4.235
4.171
7.545
142.5
90.99
77.87
75.96
84.5
66.04
137.2
13.23
5.821
4.331
4.706
4.517
4.478
4.183
7.389
148.5
91.59
75.81
75.71
84.82
105.3
66.89
144
5.988
4.468
4.782
4.477
5.87
4.324
4.196
7.889
94.03
75.44
73.08
83.28
98.71
67.22
143.1
5.676
4.605
4.581
4.557
5.577
4.393
4.234
7.758
93.1
152.6
75.44
73.24
82.46
65.84
140.2
5.969
7.063
4.711
4.766
4.569
4.552
4.248
8.165
92.7
75.51
72.33
82.08
68.72
136.1
13.34
5.724
4.273
4.587
4.441
4.297
7.426
147.3
92.42
76.3
83.04
98.51
141.1
5.762
4.133
4.584
4.392
5.287
4.047
7.519
89.78
75.22
77.64
85.67
105.7
67.49
144.2
6.005
4.42
4.376
4.448
5.921
4.155
4.037
7.897
89.97
77.42
78.6
83.98
99.18
68.16
143.6
5.579
3.984
4.434
3.774
5.837
3.93
3.831
7.567
89.46
75.13
77.01
84.91
68.4
139.4
13.14
5.713
4.746
4.754
4.351
3.818
3.764
7.662
92.68
74.38
74.23
84.75
138.4
12.89
5.582
4.814
4.586
4.687
4.295
4.162
8.077
92.83
76.74
72.42
81.97
98.2
142.6
5.638
4.509
4.368
4.393
5.322
7.632
93.48
75.34
72.54
82.18
103.9
141.5
5.588
4.731
13.74
4.505
4.461
5.401
7.917
161.7
93.13
75.25
72.92
83.56
66.71
135.7
5.662
4.627
4.597
4.408
4.467
4.135
7.592
93.69
75.24
71.69
81.78
97.57
64.04
140.7
5.354
4.581
4.312
4.393
5.326
4.483
4.069
7.55
93.89
75.51
72.44
82.5
105.6
141
5.65
4.333
11.95
4.549
4.421
5.758
4.081
7.822
158.3
92.77
75.16
72.94
137.2
12.77
5.699
4.559
4.543
4.453
4.112
7.854
147.3
93.86
75.46
72.51
81.76
97.69
141.1
5.53
4.58
4.471
4.422
5.211
4.091
7.597
93.03
75.77
73.77
82.71
65.94
136.9
11.54
5.778
4.503
4.579
4.479
4.499
4.12
7.531
145.1
91.38
154.6
76.64
72.83
84.02
67.15
140.9
6.01
7.997
4.638
4.677
4.564
4.473
4.182
8.003
91.77
153.3
75.54
74.27
83.02
67.04
140.8
5.888
7.476
4.806
4.686
4.582
4.454
4.307
8.282
92.69
75.46
73.3
82.33
136.4
12.35
5.616
4.59
4.487
4.531
4.456
4.198
7.294
146.3
92.79
153.5
75.6
72.49
81.89
139.4
6.014
7.629
4.794
4.643
4.519
7.779
93.05
75.19
73.27
82.25
66.42
135.7
13.67
5.494
4.725
4.07
4.476
4.398
3.996
6.803
148.6
94.18
75.9
73.41
82.56
105
64.16
140.3
5.272
3.917
4.516
4.4
5.45
4.407
4.101
7.708
89.15
74.61
77.97
86.67
105.7
67.83
144.6
6.131
4.744
4.127
4.513
5.89
4.256
4.073
8.009
89.49
77.54
79.6
84.89
99.05
67.79
143.4
5.956
4.119
4.498
3.728
6.092
3.705
3.119
7.739
92.79
75.06
77.04
84.79
68.8
142.6
10.7
5.938
5.005
5.145
4.445
4.243
4.117
7.921
91.32
75.49
76.3
85.25
105.7
67.48
144.4
6.074
4.578
4.818
4.571
6.001
4.383
4.239
7.979
92.32
77.03
72.13
81.79
98.99
66.99
142.2
5.937
4.244
4.451
4.381
5.98
4.186
4.006
7.813
93.94
75.35
72.13
82.08
103.4
64.66
142.6
5.593
4.581
14.22
4.615
4.468
5.486
4.592
4.134
8.004
162.8
94.04
75.53
72.58
81.88
97.98
64.69
142.3
5.638
4.406
4.459
4.465
5.709
4.576
4.133
7.897
93.46
74.16
75.38
82.35
104.1
64.84
141.3
5.569
4.455
12.28
4.477
4.408
5.43
4.53
4.111
7.738
158.7
91.52
75.17
75.29
83.91
66.59
137.6
13.5
5.543
4.483
4.473
4.481
4.359
4.063
7.693
148.2
91.02
75.75
75.44
84.26
104.7
66.4
142.2
5.401
4.106
4.461
4.192
5.377
4.187
4.023
7.489
90.79
75.53
76.58
84.96
105.6
67.36
143.7
5.99
4.431
11.85
4.702
4.489
5.794
4.207
4.125
7.809
90.62
74.88
84.9
67.16
138.7
12.98
5.852
4.787
4.569
4.387
4.394
4.231
8.096
147.4
93.96
75.21
72.41
82.43
102.7
64.86
142.6
5.666
4.615
14.29
4.543
4.533
5.179
4.588
4.165
7.911
162.2
93.86
75.4
72.58
82.18
103.6
142.6
5.704
4.488
13.81
4.553
4.52
5.643
8.062
162.5
93.82
75.45
72.36
82.01
103.4
142.6
5.627
4.443
13.69
4.537
4.468
5.614
4.155
8.057
162.7
94.15
75.6
72.05
81.8
97.68
65.44
142.3
5.533
4.185
4.473
4.422
5.641
4.458
4.18
7.902
92.78
77.59
69.73
83.47
98.41
65.14
142.3
5.707
3.985
4.169
4.15
5.467
4.482
4.027
7.649
