139.643
12.672
5.876
4.91
4.85
4.55
4.54
8.233
92.819
136.791
12.51
5.85
4.65
4.71
4.4
4.2
7.65
93.177
154.68
139.883
5.97
7.827
4.58
4.63
4.5
4.52
7.891
91.419
94.53
138.599
5.34
4.187
4.327
4.4
5.25
7.17
7.47
103.746
142.071
5.782
4.332
14.175
7.826
4.592
5.393
4.582
7.826
92.299
104.155
142.755
5.832
4.462
13.3
4.561
4.462
5.684
4.449
7.829
90.057
96.044
139.612
5.853
4.301
4.422
4.422
6.002
4.498
7.907
90.342
95.498
140.743
5.814
4.422
4.682
4.431
5.832
4.391
7.898
92.167
155.277
141.629
6.109
8.097
4.69
4.749
4.561
4.48
8.341
93.191
103.746
141.787
5.539
4.339
4.539
4.481
5.499
4.469
7.696
92.862
103.659
142.348
5.71
4.56
13.202
4.631
4.498
5.622
4.481
7.897
162.5
92.41
136.43
12.43
5.839
4.51
4.56
4.51
4.602
7.833
91.103
94.59
138.413
5.422
4.41
4.21
4.41
5.16
4.502
7.447
93.308
104.731
140.728
5.609
3.752
4.512
4.34
5.689
4.459
7.708
89.122
105.191
144.483
6.082
4.64
12.243
4.011
4.459
5.84
4.221
7.998
86.483
95.995
140.81
5.942
4.081
4.471
3.789
6.111
3.592
7.692
94.309
143.016
9.83
5.928
4.8
5.601
4.389
4.393
7.846
92.936
138.598
13.3
4.389
4.369
4.208
4.549
4.459
8.255
91.193
94.441
138.869
5.441
4.512
4.471
4.352
5.17
4.471
7.65
93.221
152.799
139.859
5.886
6.936
4.611
4.591
4.471
4.512
7.837
92.749
154.313
139.206
5.651
7.74
4.591
4.471
4.41
4.514
7.486
154.145
5.932
7.517
4.02
4.26
4.22
7.989
93.225
153.824
139.705
5.617
7.578
4.552
4.572
4.06
4.421
7.832
92.527
135.587
13.52
5.529
4.32
4.39
4.339
4.489
7.202
94.387
141.64
5.631
4.419
14.34
4.481
4.419
4.98
4.449
7.84
163.3
90.113
94.952
139.932
5.639
3.891
4.111
4.411
5.601
4.342
7.701
91.126
138.565
5.491
4.28
4.342
4.342
5.462
4.42
7.658
