5.804
4.925
4.541
4.473
4.396
4.278
8.134
5.881
4.646
4.579
4.49
4.316
4.296
7.599
6.007
7.802
4.581
4.62
4.433
4.233
7.905
5.359
4.249
4.294
4.486
5.219
4.393
4.028
7.378
5.501
4.579
4.486
4.351
5.439
4.122
4.058
7.649
5.652
4.648
4.518
4.112
4.256
4.038
7.496
5.916
7.602
4.482
4.585
4.495
4.129
7.786
5.395
4.415
4.391
4.102
5.018
4.082
4.064
7.505
5.885
6.371
4.534
4.698
4.218
4.159
4.146
8.02
5.817
7.323
4.558
4.604
4.475
4.149
4.12
7.736
5.531
4.502
4.385
4.415
4.036
4.03
7.059
5.699
4.564
4.421
4.34
4.327
4.027
7.087
5.472
4.206
4.597
4.31
5.411
4.07
4.061
7.663
5.982
7.307
4.601
4.459
4.443
4.393
4.168
8.179
5.449
4.318
4.578
4.333
7.164
5.68
7.756
4.716
4.434
4.22
3.936
3.923
8.29
5.442
7.652
4.371
4.574
4.324
3.923
7.9
6.005
8.189
4.491
4.877
4.267
4.427
4.233
8.138
3.816
4.357
4.432
4.22
5.944
4.114
4.194
7.94
5.821
4.555
4.415
4.463
4.191
4.062
7.722
5.406
4.276
4.445
5.362
4.223
4.175
7.717
5.468
4.392
4.43
5.475
7.737
5.504
4.481
4.497
4.431
5.386
4.082
7.869
5.571
4.512
4.626
5.608
4.151
7.994
5.931
6.974
4.422
4.654
4.638
4.229
4.179
8.188
5.402
4.277
4.39
4.954
4.065
7.61
5.541
4.493
4.589
4.234
5.508
4.089
4.028
7.74
5.656
4.655
4.431
4.382
4.076
7.511
5.718
4.457
4.502
4.49
4.073
4.052
7.238
5.566
4.518
4.429
4.276
5.04
4.167
4.082
7.773
5.603
4.258
4.351
4.28
5.654
4.12
4.069
7.891
5.732
3.982
4.167
4.146
5.534
4.099
4.021
7.68
