89.727
74.538
75.815
83.418
66.249
139.181
12.624
5.764
4.94
4.791
4.531
4.235
4.145
8.121
147.035
92.826
153.874
75.759
73.441
83.729
140.613
6.116
7.875
4.568
4.685
4.602
4.541
4.372
8.155
94.176
75.204
75.256
83.731
102.747
69.963
143.1
5.505
4.407
13.425
4.452
4.149
5.132
4.125
4.126
7.648
161.692
92.383
153.368
75.448
72.706
81.92
65.415
139.598
6.007
7.186
4.524
4.608
4.496
4.541
4.162
8.096
93.424
75.731
72.791
82.09
97.093
65.26
140.478
5.306
4.289
4.092
4.346
5.097
4.398
4.024
7.196
92.672
75.572
73.587
81.922
104.054
142.289
5.504
4.037
4.273
4.071
5.421
7.617
90.967
75.42
76.465
84.012
104.462
66.616
141.666
5.549
4.16
4.503
4.164
5.592
4.088
3.96
7.656
89.663
75.476
76.324
84.52
67.535
137.954
5.578
4.693
4.802
4.394
4.176
4.098
7.768
91.147
154.811
75.589
75.363
84.04
67.502
141.318
5.94
7.975
4.874
4.709
4.617
4.372
4.27
8.117
91.256
152.992
75.39
72.801
83.846
66.685
140.508
5.513
7.203
4.682
4.622
4.45
4.378
4.046
8.202
92.604
153.772
75.137
73.243
82.231
66.147
139.331
5.872
7.778
4.517
4.46
4.528
4.459
7.713
93.625
75.278
72.283
81.835
96.97
64.581
140.44
5.366
4.373
4.207
4.382
5.044
4.473
4.042
7.289
93.123
75.39
72.59
82.024
104.952
64.192
140.384
5.513
4.113
11.537
4.324
4.418
5.496
4.043
7.58
157.014
88.384
77.545
73.798
84.686
66.57
138.204
10.494
5.51
4.747
4.323
4.542
4.08
4.059
7.975
146.366
89.112
75.42
77.144
84.294
105.381
67.859
143.728
5.703
4.32
4.327
4.033
5.754
3.941
3.922
7.75
90.315
154.859
75.677
77.907
84.294
67.478
141.374
5.633
7.912
4.437
4.655
4.247
3.823
3.61
7.949
91.258
154.792
76.663
76.268
83.983
68.185
142.906
6.138
8.046
4.85
5.424
4.604
4.563
4.336
8.277
91.884
75.256
72.571
84.325
69.024
139.584
10.686
4.599
4.575
4.475
4.38
4.338
7.752
144.094
92.321
75.109
75.731
82.203
65.415
136.405
13.206
5.659
4.471
4.237
4.414
4.409
4.053
7.189
149.084
93.575
75.448
72.056
82.035
102.482
64.242
141.265
5.582
4.454
14.086
4.455
4.415
5.063
4.537
4.073
7.676
161.606
93.249
75.957
72.565
82.203
103.748
65.16
141.757
5.654
4.331
14.045
4.393
4.418
5.435
4.458
4.109
7.693
162.004
89.789
75.305
75.751
84.04
66.442
137.841
10.372
5.477
4.539
4.624
4.479
4.301
4.109
7.802
146.099
89.864
75.335
75.335
83.814
66.531
138.73
5.295
4.509
4.632
4.051
4.046
4.027
7.633
92.973
76.07
74.487
82.881
97.399
66.87
141.537
5.718
4.461
4.392
4.46
5.267
4.386
4.209
7.618
92.847
75.024
74.261
82.881
67.153
139.38
13.003
5.549
4.651
4.444
4.511
4.316
4.191
7.781
149.574
93.499
75.165
72.593
82.288
102.543
64.624
142.037
5.607
4.662
13.499
4.636
4.485
5.238
4.564
4.162
7.84
161.826
92.844
153.18
75.759
72.876
82.175
65.4
139.905
6.051
7.131
4.502
4.683
4.563
4.575
4.205
8.22
93.073
75.728
72.596
81.95
102.482
65.348
141.5
5.505
4.154
14.102
4.068
4.244
5.071
4.28
7.674
162.093
92.217
77.313
70.191
83.503
97.807
142.3
5.876
3.999
4.208
4.169
5.634
4.447
4.027
7.715
