74.991
75.078
139.203
12.728
5.812
4.933
4.745
8.133
92.971
76.533
137.017
13.254
5.909
4.625
4.518
7.623
94.051
72.524
141.032
5.579
4.378
4.521
5.258
5.101
4.082
7.521
92.153
75.971
142.351
5.647
5.773
4.231
4.234
5.529
5.403
7.624
7.733
92.378
75.488
75.452
143.715
5.829
4.268
4.624
4.521
5.755
7.701
93.269
155.161
75.812
75.96
141.857
5.99
8.059
4.81
4.748
4.56
8.294
91.697
75.112
137.796
11.847
5.553
4.775
4.63
4.232
7.775
90.733
153.894
74.021
140.196
5.994
7.654
7.787
4.575
7.872
93.503
75.634
72.204
141.341
5.508
4.338
13.989
4.438
4.983
4.563
4.537
7.634
93.744
72.608
141.416
5.487
5.537
4.379
4.549
4.428
5.59
7.798
92.987
153.099
72.432
139.276
5.879
7.126
7.287
4.512
4.354
4.662
7.895
92.427
136.426
10.105
5.371
4.333
4.181
4.57
4.069
7.175
91.468
154.388
75.879
142.135
5.687
7.812
4.682
4.416
4.205
8.302
92.012
155.47
140.067
5.455
8.148
4.352
7.865
91.892
154.326
140.751
6.024
7.509
7.692
4.454
4.983
4.448
4.521
8.062
94.307
74.467
74.427
142.477
3.873
4.421
13.208
4.183
5.885
4.221
7.828
92.442
75.442
72.918
136.689
11.542
5.752
4.584
4.609
4.075
7.696
93.096
153.739
74.631
139.298
5.842
7.647
7.499
4.399
4.534
4.477
7.748
93.224
141.218
5.465
4.334
13.849
4.942
7.515
93.736
76.679
141.249
5.614
4.466
4.37
4.416
5.474
4.086
7.604
90.753
153.565
140.163
5.829
5.69
7.28
4.628
4.279
4.416
4.167
8.047
92.9
74.854
136.333
13.188
5.445
4.441
4.404
4.285
4.068
7.333
94.101
141.372
5.542
4.254
5.187
7.635
92.9
77.547
69.714
141.838
5.636
5.782
4.009
4.175
5.528
7.672
