138.7
138.7
12.852
12.852
5.834
4.969
4.756
4.553
4.441
4.268
4.268
8.169
8.169
146.9
146.9
13.454
5.933
5.933
4.592
4.592
4.559
4.559
4.534
4.534
4.502
4.502
4.245
7.588
148
102.3
141.1
5.606
4.531
14.458
4.537
4.45
5.147
4.59
4.148
7.828
162.3
102.7
142
5.694
4.513
13.795
4.526
4.507
5.631
4.554
4.141
8.028
162.4
97.1
141.4
5.599
4.275
4.466
4.46
5.734
4.562
4.13
7.859
97
141.5
4.601
4.354
5.656
4.55
4.109
7.773
97
140.7
5.413
4.397
4.519
4.417
5.721
4.47
4.063
7.907
97.3
141.5
5.391
4.288
4.325
4.369
5.538
4.482
4.005
7.77
103.6
140.1
5.582
4.477
13.691
4.353
4.45
5.303
4.497
4.085
7.621
160.7
136.6
10.881
5.552
4.418
4.53
4.386
4.336
4.083
7.677
145.8
97.4
141.8
5.279
3.9
4.214
3.875
5.493
4.067
3.856
7.462
156.6
141.4
5.952
8.042
4.698
4.713
4.403
4.078
3.961
8.217
104.7
143.3
5.904
4.423
4.706
4.458
5.843
4.221
4.181
7.782
154.8
139.6
5.951
8.112
4.851
4.597
4.621
4.36
4.237
8.042
153
141.3
7.595
4.671
4.481
4.471
4.371
4.3
8.042
135.4
12.746
5.583
4.498
4.506
4.402
4.366
4.057
7.089
146.7
135.8
12.665
5.716
4.457
4.505
4.408
4.47
4.05
7.211
147.7
153.7
139.3
5.922
7.776
4.457
4.35
4.462
4.395
4.029
7.706
103.2
140.7
5.3
4.094
4.363
4.3
5.19
4.322
4.026
7.281
136.7
12.492
5.738
4.745
4.61
4.467
4.322
4.114
7.678
147
152.5
141.4
5.94
7.19
4.642
4.596
5.288
4.479
4.315
7.889
153.6
140
5.946
7.796
4.506
4.603
4.6
4.601
4.136
7.845
96.6
140.2
5.392
4.111
4.356
4.482
5.178
4.044
4.013
7.447
97.6
141.5
5.777
3.999
4.161
4.141
5.453
4.448
4.008
7.637
