12.09
5.95
4.93
8.22
13.1
5.82
4.53
4.69
7.42
7.42
5.56
4.73
13.47
4.53
5.1
7.69
12.05
5.75
4.6
4.56
7.68
5.95
8.1
4.48
4.54
8.02
5.56
4.46
4.32
5.31
7.76
5.65
4.5
4.45
5.59
7.66
5.61
4.12
11.94
4.59
5.73
7.95
5.53
4.36
4.55
5.68
7.98
5.45
4.35
4.42
5.5
7.82
5.47
4.48
4.57
4.4
5.45
4.37
4.1
7.78
12.25
5.69
4.62
4.45
4.12
4.09
7.48
5.61
4.34
4.59
4.45
7.24
5.56
4.72
4.57
4.29
4
4.2
7.81
5.9
8
4.59
4.72
4.42
4.01
4.41
8.16
5.92
4.73
4.85
4.53
4.24
4.41
7.78
5.05
4.59
4.41
4.3
6
4.28
7.9
12.25
5.73
4.63
4.59
4.47
7.66
12.66
5.75
4.53
4.48
7.25
12.49
5.81
4.55
4.52
7.22
10.78
5.75
4.8
4.29
7.06
12.69
5.77
4.66
4.61
7.27
5.98
8.23
4.3
4.55
8.02
5.54
4.13
4.56
5.4
7.77
5.63
4.38
4.59
4.14
5.64
7.81
5.86
7.38
4.49
4.67
4.38
8.12
5.42
4.38
4.5
4.21
5.18
7.59
5.47
4.4
4.45
5.38
7.61
5.98
7.36
4.05
8.02
