92.606
75.233
73.739
83
66.5
139.435
12.925
5.802
4.795
4.714
4.535
4.478
4.271
8.193
93.178
75.278
72.514
82.245
65.169
137.103
11.685
5.9
4.662
4.527
4.5
4.51
4.161
7.538
93.572
75.669
72.082
81.706
98.077
64.132
139.968
5.519
4.452
4.537
4.374
5.478
4.509
4.075
7.693
93.277
75.319
73.068
82.014
65.717
136.129
12.847
5.692
4.481
4.502
4.44
4.428
4.07
7.484
93.903
75.199
72.122
82.198
102.618
64.342
142.011
5.518
4.389
14.257
4.46
4.397
5.037
4.536
4.057
7.815
93.586
75.521
72.289
81.993
103.315
64.437
142.578
5.625
4.36
13.653
4.48
4.389
5.537
4.517
4.063
7.989
93.642
75.605
72.482
81.852
97.96
64.964
140.994
5.541
4.59
4.366
4.359
5.527
4.445
4.05
7.739
93.157
74.731
73.694
82.425
66.346
136.534
10.352
5.546
4.344
4.236
4.378
4.299
4.005
7.425
93.164
75.583
73.552
82.715
96.768
65.069
141.956
4.838
3.835
4.133
3.666
5.215
3.87
4.136
7.345
90.265
75.518
77.531
85.484
105.383
67.679
144.023
5.87
4.286
4.498
4.28
5.701
3.865
4.008
7.718
90.765
75.601
76.727
85.092
105.443
67.468
143.805
5.846
4.341
4.614
4.334
5.815
4.041
4.041
7.694
90.033
156.554
76.613
78.398
84.172
68.581
142.351
6.143
8.316
4.821
4.819
4.741
4.246
4.246
8.345
92.901
75.052
74.897
83.095
69.66
138.076
12.034
5.685
4.632
4.422
4.492
4.323
4.427
7.909
92.96
153.038
75.606
72.804
82.202
64.767
139.592
5.867
7.126
4.505
4.658
4.448
4.548
4.073
7.798
92.552
153.941
75.62
72.419
138.977
5.855
7.687
4.392
4.567
4.002
7.833
93.397
75.499
72.405
81.719
97.661
64.607
139.976
5.295
4.372
4.336
4.321
5.145
4.434
3.992
7.375
93.277
75.172
72.826
82.408
65.396
135.925
13.106
5.641
4.597
4.337
4.391
4.418
4.009
7.386
94.431
75.687
72.085
82.625
103.796
64.051
140.8
5.459
4.022
12.294
4.462
4.335
5.355
4.002
4.466
7.737
91.532
84.957
77.902
85.279
98.902
65.645
143.131
6.15
4.626
4.967
4.322
5.623
4.532
4.05
7.523
