91.05
76.99
69.3
82.88
64.66
143.88
5.93
4.01
4.24
4.2
4.4
4.02
8.13
91.52
74.76
72.34
81.28
64.75
139.08
5.92
4.54
4.7
4.48
4.51
4.16
7.58
92.3
74.48
72.16
81.27
64.84
135.99
5.77
4.52
4.42
4.47
4.47
4.07
7.26
93.28
74.58
71.45
81.09
97.43
63.86
140.94
5.5
4.42
4.37
4.4
5.23
4.5
4.03
7.59
92.94
74.4
71.72
81.1
103.94
64.04
141.74
5.49
4.56
4.56
4.4
5.48
4.51
4.08
7.84
91.52
152.14
74.76
72.34
81.28
64.75
139.83
5.87
6.41
4.52
4.7
4.5
4.52
4.15
8.13
91.86
153.77
74.76
71.72
81.19
64.21
139.29
5.79
7.62
4.32
4.49
4.42
4.53
4.09
7.76
92.23
74.66
71.89
81.54
103.41
64.13
140.62
5.32
4.21
4.34
4.29
4.96
4.4
4
7.29
89.82
74.31
74.49
65.46
137.98
5.62
4.41
4.59
4.27
4.1
7.75
90.63
74.66
74.67
83.33
104.71
65.91
142.57
5.55
4.16
4.42
4.26
5.39
4.24
4.03
7.56
90.32
75.02
76.67
88.42
105.01
66.27
140.44
5.71
4.27
4.47
4.18
5.68
3.97
3.94
7.67
89.53
75.47
74.22
83.69
66.45
140.12
5.53
4.64
4.65
4.24
4.05
3.98
7.81
89.51
154.91
75.29
75.29
83.69
66.45
141.92
5.81
7.91
4.67
4.75
4.32
4.1
4.03
8.09
89.8
154.72
75.29
75.2
83.69
67.16
141.48
5.63
7.86
4.63
4.68
4.43
4.22
4.13
7.96
89.77
154.68
75.29
75.38
81.36
66.36
140.65
5.58
7.78
4.53
4.65
4.4
4.27
4.14
7.9
92
154.75
76.45
68.94
82.7
64.39
140.89
5.63
7.96
3.88
4.09
4.09
4.33
3.97
8.01
91.57
153.8
74.31
72.7
82.62
65.5
140.36
5.61
7.71
4.54
4.53
4.4
4.4
4.2
8.11
92.84
74.4
71.54
81.36
103.02
64.12
141.67
5.44
4.3
4.36
4.4
5.06
4.45
4.09
7.57
92.57
74.49
71.72
81.28
103.84
64.03
142.08
5.59
4.45
4.58
4.41
5.55
4.49
4.09
7.92
91.96
152.53
74.66
72.25
81.36
65.19
139.83
5.92
6.67
4.68
4.57
4.52
4.49
4.22
8.12
91.69
74.4
71.98
81.1
64.75
135.99
5.56
4.33
4.4
4.39
4.43
4.05
7.29
92.99
74.58
71.27
81.01
97.19
63.68
140.94
5.46
4.28
4.36
4.35
5.14
4.47
4
7.6
93.55
74.67
71.18
81.1
97.87
63.76
141.45
5.51
4.24
4.44
4.34
5.47
4.49
3.99
7.77
92
76.72
68.86
82.62
98.3
64.39
141.89
5.74
3.98
4.15
4.14
5.51
4.44
4.04
7.69
