91.9
91.9
74.9
74.9
74.7
74.7
83.9
67
139.4
13.23
13.23
5.78
4.86
4.75
4.56
4.28
4.28
4.46
4.46
8.2
146.9
146.9
94.1
75.6
72.8
82.5
97.9
65.8
141.8
5.7
4.69
4.59
4.52
5.4
4.3
4.55
7.85
93.2
75.7
73.3
82.5
66.4
136.4
12.26
5.75
4.62
4.64
4.53
4.19
4.53
7.63
144.8
93.1
154.3
75.9
72.8
82.3
65.2
139.5
5.96
7.76
4.59
4.62
4.52
4.63
4.14
7.9
94.1
75.7
72.5
82.2
97.5
65.1
140.5
5.33
4.42
4.18
4.39
5.15
4.48
4.03
7.29
94.3
76.1
73.1
82.7
98.8
65.2
141.4
5.65
4.19
4.44
4.32
5.63
4.46
4.08
7.78
90.2
75.6
77.6
85.8
67.5
139.8
5.5
4.5
4.66
4.42
4.1
4.36
7.71
90.6
154.9
76.9
77.1
85.3
67.7
142
5.93
7.99
4.66
4.78
4.49
4.16
4.24
8.27
90.6
75.6
76.7
85
67.7
139.9
5.8
4.79
4.76
4.61
4.22
4.36
7.92
94.6
75.6
73.1
82.7
98.3
66.1
142.5
5.48
4.43
4.53
4.5
5.7
4.22
4.48
7.91
94.2
75.6
71.9
82.2
98.2
64.9
141.5
5.5
4.53
4.46
4.46
5.59
4.17
4.59
7.88
92.6
152.5
76.3
73.3
82.2
65.6
139.8
6
6.89
4.64
4.76
4.54
4.2
4.59
8.09
93.5
75.7
73.3
82.6
66.7
136.4
11.59
5.65
4.48
4.25
4.47
4.05
4.4
7
143.2
94
76.1
72.3
82.2
98
64.5
139.6
5.51
4.42
4.49
4.37
5.12
4.09
4.47
7.4
93.5
76.3
72.9
82.6
66.8
136.4
10.64
5.77
4.49
4.71
4.41
4.18
4.46
7.5
144.3
92.2
154.4
76
74.2
84.1
65.3
142.6
5.72
7.82
4.79
4.49
4.27
3.98
4.27
8.42
92.7
154.5
76.8
74.9
83.9
65.7
140.6
5.45
7.78
4.33
4.57
4.25
3.88
3.9
7.96
92.4
155.6
77.1
74
83.1
66.4
141.3
6.06
8.1
4.52
5.16
4.48
4.35
4.52
8.2
93.4
74.6
74.6
83.4
69.9
137.6
13.09
3.72
4.46
3.97
4.2
4.23
4.34
7.88
146.3
94.3
75.9
72.3
82.6
104
64.4
141
5.52
4.15
11.95
4.5
4.4
5.35
4.02
4.36
7.66
157.2
93.2
75.6
72.8
82.1
104
64.8
142.9
5.64
4.65
13.73
4.65
4.45
5.57
4.1
4.56
8.05
160.9
92.9
75.7
73.4
82.5
66.4
136.4
12.09
5.75
4.58
4.54
4.53
4.19
4.53
7.63
144.9
93.2
75.7
73.1
82.7
65.4
136.3
12.97
5.66
4.47
4.52
4.41
4.06
4.51
7.16
146.5
91.1
75.6
75.8
84.4
66.6
138.5
5.71
4.68
4.73
4.53
4.15
4.39
7.58
92.9
148.5
75.8
74.1
83.4
67.2
143
6.03
7.95
4.82
4.63
4.59
4.29
4.5
8.31
93.2
75.4
73
82.9
65.9
136.4
13.47
5.5
4.46
4.46
4.48
4.14
4.47
7.28
147.2
94.1
75.6
72.4
82.3
102.7
64.7
142
5.59
4.52
14.45
4.53
4.47
5.07
4.11
4.56
7.78
161.4
94
75.6
72.9
82.3
98.4
65.4
141.3
5.59
4.54
4.53
4.47
5.67
4.12
4.54
7.85
93.3
75.6
72.8
82.5
65.6
136.4
13.02
5.71
4.4
4.58
4.46
4.11
4.55
7.63
145.8
93.1
77.7
69.9
83.9
97.8
65.4
141.6
5.75
3.99
4.17
4.18
5.28
4.04
4.51
7.53
