90.224
139.005
12.955
5.755
4.882
4.76
4.76
4.501
4.501
8.13
8.13
147.359
147.359
92.722
92.722
136.992
136.992
13.407
13.407
5.874
4.529
4.507
4.565
7.67
148.384
93.773
97.005
140.864
5.528
4.412
4.34
5.25
7.672
94.105
97.88
141.513
5.483
4.392
4.384
4.399
5.536
7.717
93.986
103.154
139.823
5.491
4.424
13.843
4.486
4.412
5.399
7.88
161.656
93.565
102.868
140.304
5.595
4.376
13.691
4.505
4.419
5.557
8.022
162.344
93.796
97.037
141.704
5.455
4.193
4.409
4.38
5.572
7.843
93.761
97.14
141.083
5.347
4.258
4.404
4.311
5.331
7.702
93.695
97.061
140.729
5.407
4.558
4.334
4.319
5.148
7.493
93.184
152.073
137.454
5.698
7.564
4.4
4.458
4.392
8.029
89.872
98.08
142.691
5.576
3.997
4.275
3.66
5.425
3.777
7.444
89.971
152.663
139.299
5.77
7.968
4.523
4.648
4.32
8.079
90.538
152.788
139.66
6.058
8.062
4.775
4.902
4.552
8.331
92.42
137.303
12.022
5.014
4.539
4.26
4.441
7.685
146.803
92.713
135.971
12.333
5.754
4.421
4.577
7.199
147.26
92.833
136.05
12.1
5.695
4.54
7.091
147.004
92.99
150.46
136.632
5.847
7.047
4.542
4.57
4.445
7.595
92.411
150.732
136.623
5.837
7.414
4.554
4.356
4.428
7.615
92.42
135.597
12.857
5.524
4.463
4.515
7.002
147.464
92.833
136.21
13.278
5.701
4.46
7.208
148.747
93.996
96.898
140.921
5.502
4.25
4.49
4.357
5.162
7.583
92.713
98.072
141.674
5.739
3.964
4.127
5.5
7.644
