91.096
75.392
75.471
84.332
66.871
139.709
5.699
4.713
4.577
4.419
4.109
4.268
8.016
92.819
75.825
74.686
83.526
98.087
142.287
5.66
4.247
4.495
4.313
5.521
4.054
4.089
7.555
91.058
154.896
76.006
75.877
84.264
140.918
5.866
7.678
4.54
4.549
4.394
4.059
4.246
8.102
91.184
75.785
83.581
104.67
142.645
5.681
4.242
4.506
4.392
5.451
3.92
7.596
92.202
74.707
83.338
83.426
67.29
138.146
12.752
5.616
4.595
4.427
4.229
4.238
4.09
7.857
147.461
93.976
75.092
72.553
82.465
102.564
65.092
142.532
5.519
4.451
14.009
4.387
4.277
5.021
4.424
4.076
7.737
162.293
93.821
75.25
72.624
103.368
64.85
142.502
5.535
4.38
13.559
4.444
4.252
5.469
4.426
4.014
7.875
162.602
93.959
75.204
72.424
82.229
103.438
142.626
5.459
4.211
13.494
4.343
4.033
5.472
4.016
7.878
162.608
93.827
75.361
72.256
82.196
103.074
142.746
5.476
4.042
13.356
4.375
4.248
5.434
3.965
7.837
162.156
91.891
75.833
75.746
83.416
98.086
66.629
142.166
5.617
4.164
4.424
4.253
5.436
4.069
3.921
7.566
91.208
75.59
76.563
85.078
104.843
67.176
143.146
5.58
4.194
4.32
4.184
5.626
3.982
3.875
7.675
89.437
76.624
77.596
85.956
67.887
140.127
5.289
4.309
4.44
3.929
3.839
3.95
7.671
89.501
75.712
77.543
85.178
105.534
68.03
143.84
5.722
4.141
4.562
4.166
5.659
3.639
3.762
7.557
88.547
74.619
76.128
84.263
69.064
138.131
11.988
5.624
4.756
4.55
4.418
4.091
4.089
7.94
146.915
92.903
153.033
75.409
73.904
83.119
67.899
140.527
5.897
7.117
4.57
4.49
4.494
4.335
7.907
92.502
152.796
75.627
75.625
81.91
66.537
139.163
5.737
6.999
4.374
4.536
4.355
4.25
4.047
7.592
92.501
152.796
75.563
72.791
81.932
65.137
139.032
5.621
7.002
4.328
4.473
4.345
4.417
3.988
7.485
92.501
153.93
75.532
72.528
81.896
65.049
138.87
5.732
7.621
4.332
4.39
4.354
4.427
3.974
7.583
93.441
75.478
72.355
81.753
97.578
64.794
139.676
5.177
4.237
4.16
4.203
4.999
4.307
3.891
7.071
92.568
75.644
73.475
82.796
65.513
136.919
5.577
4.191
4.437
4.235
3.926
4.249
7.383
91.216
75.082
75.121
84.201
66.01
138.239
5.531
4.473
4.437
4.275
4.257
3.939
7.42
91.02
75.767
75.716
84.345
104.837
66.887
142.401
5.63
4.083
4.412
4.242
5.424
3.923
4.059
7.51
94.55
83.547
79.5
86.591
104.782
67.343
145.441
5.794
4.92
4.851
4.294
5.596
3.982
4.126
7.516
