139.822
12.71
5.81
4.89
8.107
137.297
12.54
5.622
4.407
7.518
136.443
12.49
5.786
4.598
4.457
7.205
136.653
13.35
5.736
4.592
4.452
7.109
155.124
139.792
5.936
7.449
4.407
7.631
136.341
12.19
5.545
4.33
4.301
7.049
141.716
5.587
4.231
4.319
5.001
154.956
142.176
5.749
7.567
4.617
4.354
8.098
143.436
5.881
4.493
4.82
5.686
7.779
138.888
5.668
4.894
7.894
137.228
11.57
5.62
4.195
7.517
140.756
5.507
4.154
5.346
7.547
141.082
5.725
4.234
3.978
5.461
7.662
136.984
10.6
4.512
7.601
143.834
5.554
4.372
4.216
5.624
7.754
155.314
141.687
5.578
7.888
4.285
7.995
155.617
142.101
6.028
8.007
4.512
4.454
8.226
137.802
12.46
3.834
4.392
4.154
7.756
136.477
13.35
5.73
4.358
4.572
7.123
140.781
5.405
4.254
11.77
5.339
7.591
142.98
5.616
4.133
4.638
5.541
7.804
154.931
141.612
5.652
7.388
4.419
4.599
8.044
154.214
141.223
5.409
7.51
4.423
7.851
155.727
141.123
5.78
8.049
4.28
8.261
153.868
141.14
5.755
7.496
4.341
7.954
141.615
5.373
4.195
5.225
7.532
142.325
5.524
4.456
14.07
5.303
7.902
142.764
5.558
4.305
5.622
7.897
142.035
5.418
4.503
4.459
5.439
7.805
141.086
5.615
4.098
4.344
5.374
7.646
142.333
5.507
4.51
4.285
5.603
7.674
