90.672
74.98
72.5
83.848
66.85
139.56
12.63
5.87
5
4.87
4.65
4.48
8.22
146.6
93.032
154.181
75.48
70.6
82.688
65.55
140.73
6.22
8.05
4.69
4.76
4.7
4.65
4.48
8.25
93.332
75.48
69.9
81.548
97.744
64.55
140.542
5.58
4.54
4.52
4.52
5.31
4.2
4.63
7.55
92.932
75.28
70.1
82.248
65.55
136.68
12.13
5.8
4.74
4.67
4.58
4.58
4.23
7.58
146.6
93.132
154.081
75.38
70.1
82.348
64.55
139.78
6.04
7.79
4.58
4.7
4.62
4.68
4.24
7.89
93.132
75.58
69.6
103.104
63.95
141.442
5.57
4.53
13.37
4.58
4.38
5.17
4.63
4.2
7.67
161.9
92.772
153.481
75.68
70.6
82.448
65.15
140.08
6.11
7.26
4.54
4.71
4.63
4.28
4.65
8.18
92.932
75.18
70.7
82.688
103.304
65.05
141.742
5.58
4.37
13.22
4.49
4.49
5.16
4.17
7.55
93.332
75.48
70.9
82.648
98.354
65.05
141.942
5.62
4.4
4.57
4.47
5.73
4.19
4.5
7.82
91.232
74.98
72.3
83.548
66.05
138.28
5.5
4.6
4.64
4.5
4.43
4.23
7.66
91.632
154.681
75.98
71.3
83.648
65.75
140.68
5.83
7.97
4.64
4.76
4.51
4.43
4.23
8.02
91.432
75.18
72.5
83.848
66.05
138.28
5.61
4.55
4.71
4.45
4.41
4.2
7.66
92.792
75.48
71.8
83.648
98.304
66.05
142.142
5.73
4.45
4.61
4.42
5.57
4.2
7.65
91.332
154.881
76.18
72.5
83.848
65.75
141.18
6.03
7.91
4.61
4.76
4.58
4.46
4.26
8.29
91.132
75.48
73.2
84.448
104.804
66.25
142.742
5.64
4.3
4.56
4.37
5.56
4.16
4.37
7.62
91.702
75.98
73.5
84.098
98.904
66.55
143.442
5.83
4.36
4.58
4.35
5.91
4.2
4.08
7.77
90.632
155.081
75.93
73.5
84.548
66.55
142.08
5.89
7.92
4.78
4.92
4.52
4.28
4.17
8.31
90.382
155.281
76.63
74.1
84.748
66.75
141.68
5.91
8.1
4.67
4.82
4.5
4.34
4.24
8.2
90.832
74.98
73.45
84.348
66.85
139.28
5.55
4.66
4.77
4.51
4.36
4.26
7.82
91.032
154.981
76.08
72.8
83.948
66.25
141.28
5.98
7.99
4.67
4.8
4.59
4.44
4.26
8.18
91.332
75.48
72
83.848
138.58
5.66
4.62
4.66
4.51
4.24
7.75
91.702
75.18
72.5
83.848
104.904
66.25
142.442
5.75
4.39
4.7
4.41
5.51
4.41
4.23
7.75
89.432
75.93
73.9
85.048
66.45
138.78
5.84
4.77
4.88
4.62
4.32
4.24
8.05
92.332
154.881
75.18
71.68
82.648
141.78
5.69
7.92
4.66
4.61
4.41
4.2
8.25
91.232
154.181
75.78
72.7
84.048
66.05
140.68
6.02
7.87
4.78
4.75
4.66
4.5
4.29
8.03
93.132
75.38
70.4
82.448
103.304
65.05
141.942
5.62
4.56
13.35
4.59
4.59
5.16
4.59
4.26
7.67
161.9
92.792
153.381
75.48
70.6
82.398
65.05
140.28
6.12
7.28
4.59
4.74
4.63
4.28
4.65
8.25
93.332
75.48
69.8
81.748
102.764
64.15
141.872
5.57
4.43
14.06
4.51
4.53
5.1
4.65
4.2
7.72
162.3
93.532
75.48
70.15
81.948
98.104
64.65
141.542
5.67
4.64
4.61
4.53
5.67
4.59
4.21
7.87
93.432
75.18
70.4
82.248
65.35
136.68
12.9
5.76
4.59
4.59
4.57
4.56
4.2
7.64
147.2
94.232
75.48
69.5
82.448
102.804
64.05
142.542
5.68
4.28
14.61
4.61
4.5
5.17
4.69
4.17
7.87
163
91.772
84.88
75.3
85.248
99.504
65.45
142.742
6.32
4.76
5.09
4.53
5.82
4.61
4.23
7.65
