91.94
75.043
73.757
83.483
66.314
139.363
12.088
5.759
4.88
4.661
4.501
4.342
4.214
8.068
146.23
92.81
75.452
72.368
82.558
65.469
139.697
13.131
5.854
4.507
4.537
4.466
4.48
4.163
7.56
148.23
93.462
75.651
72.161
82.053
64.369
5.5
4.558
4.436
4.353
5.189
4.504
4.036
7.549
92.802
75.361
72.977
82.329
66.107
136.263
11.88
5.656
4.593
4.496
4.434
4.391
4.063
7.453
146.09
92.892
153.977
75.906
72.314
82.389
64.694
139.479
5.874
7.447
4.413
4.537
4.44
4.527
4.064
7.753
92.802
75.497
71.952
82.223
104.095
65.347
140.952
5.381
4.272
12.996
4.422
4.329
5.001
4.3
3.978
7.502
161.25
91.701
153.467
76.214
73.421
83.065
65.545
139.642
5.903
7.013
4.362
4.527
4.435
4.414
4.074
7.984
92.985
75.818
73.339
82.991
98.536
64.315
141.187
5.374
4.184
4.314
4.27
5.158
4.475
3.99
7.259
91.918
154.982
76.097
73.568
83.44
65.619
140.198
5.885
7.762
4.396
4.5
4.359
4.286
4.03
7.931
91.16
76.112
75.702
84.392
98.241
66.389
142.368
5.428
3.98
4.358
3.977
5.428
4.141
3.916
7.336
89.632
75.661
77.163
84.885
106.503
67.364
143.454
5.698
4.131
4.393
4.131
5.702
3.824
3.78
7.571
90.588
155.095
75.802
75.595
84.784
67.331
142.139
5.875
7.885
4.758
4.776
4.392
4.169
4.031
8.214
90.467
75.733
76.617
85.35
106.304
67.519
143.142
5.862
4.325
4.619
4.439
5.667
4.251
4.156
7.717
93.072
75.507
74.517
83.868
105.491
67.121
143.399
5.56
4.235
4.37
4.295
5.716
4.194
4.081
7.715
92.241
75.187
73.631
83.11
105.23
65.498
142.762
5.651
4.607
13.295
4.615
4.397
5.702
4.37
4.097
7.913
92.807
153.367
75.556
73.07
82.767
66.213
140.434
5.965
7.124
4.448
4.547
4.504
4.446
4.228
8.244
93.079
75.493
71.938
82.225
103.62
64.295
141.623
5.399
4.278
13.89
4.353
4.336
4.96
4.476
4.013
7.583
93.462
75.536
72.161
82.01
99.048
64.873
141.171
5.49
4.413
4.436
4.353
5.514
4.42
4.019
7.699
92.75
75.294
72.45
82.324
65.266
136.141
12.584
5.597
4.442
4.468
4.376
4.421
4.022
7.508
147.47
93.904
75.709
71.586
82.145
97.904
64.078
141.145
5.46
4.189
4.372
4.311
5.122
4.472
3.965
7.623
92.78
77.635
69.268
83.634
99.123
64.819
141.623
5.691
3.941
4.096
4.085
5.445
4.401
3.946
7.602
