139.297
12.457
5.771
4.856
4.641
4.493
4.369
4.206
8.071
144.825
136.786
12.611
5.873
4.486
4.641
4.428
4.416
4.215
7.461
144.718
136.926
12.165
5.711
4.565
4.64
4.43
7.104
144.711
90.38
152.812
139.013
5.848
7.067
4.58
4.464
4.433
4.042
7.559
92.65
153.019
139
5.797
7.387
4.583
4.46
4.414
4.03
7.541
135.839
12.638
5.444
4.436
6.95
144.744
93.063
154.686
139.258
5.93
7.846
4.352
4.559
4.467
4.049
7.672
90.249
103.852
141.653
5.746
4.229
4.561
4.367
5.172
4.043
7.461
98.484
142.597
5.438
4.424
5.901
7.856
93.598
103.526
141.994
5.411
4.545
13.277
4.322
5.387
4.085
4.451
7.812
136.397
11.999
5.685
4.519
7.627
144.419
136.012
13.229
5.597
4.384
4.344
4.009
7.244
145.241
97.406
140.735
5.434
4.335
5.126
7.524
97.872
141.309
5.439
4.366
5.473
7.669
93.978
103.108
142.189
5.469
4.368
13.868
5.36
7.867
93.739
102.948
142.688
5.581
4.405
13.709
5.532
8.015
97.163
141.799
5.445
4.178
5.545
7.834
97.33
141.363
5.336
4.256
4.397
4.299
5.306
4.494
3.988
7.689
96.973
142.949
5.38
4.564
4.335
4.315
5.116
7.47
93.391
154.19
139.869
5.67
7.563
4.372
4.564
8.014
5.582
3.975
4.27
3.613
5.412
3.758
7.426
90.094
154.808
141.629
5.764
7.959
4.519
4.639
4.315
3.779
8.075
90.608
155.124
141.966
6.054
8.039
4.766
4.9
4.543
4.289
8.32
92.511
137.423
12.033
5.009
4.526
4.237
4.432
7.647
144.522
136.127
12.346
5.739
4.397
4.528
4.57
4.011
7.155
144.752
136.039
12.109
5.679
4.535
7.044
144.694
93.128
152.827
138.903
5.833
7.045
4.551
4.474
4.431
4.038
7.556
92.825
153.007
139.146
5.808
7.399
4.556
4.475
4.414
4.038
7.557
135.647
12.865
5.499
4.454
4.322
4.383
3.969
6.965
144.765
135.956
13.261
5.676
4.443
7.165
145.248
97.462
140.841
5.451
4.371
5.128
7.519
140.799
5.383
4.443
5.453
7.627
92.983
152.483
139.404
5.815
6.946
4.6
4.45
4.396
4.06
7.942
135.637
12.819
5.374
4.305
4.214
3.928
6.91
144.836
136.069
10.429
5.378
4.045
4.377
4.141
3.867
7.086
93.983
139.619
10.358
5.275
4.548
4.59
4.243
4.013
3.905
7.51
90.383
154.686
141.202
5.759
7.834
4.449
4.504
4.431
4.13
8.092
89.845
154.808
5.666
7.935
4.682
4.636
4.179
8.274
93.577
103.182
142.323
5.563
4.445
14.01
4.383
4.473
5.113
4.223
7.639
97.595
141.725
142.079
5.571
4.303
5.599
7.836
7.845
93.769
103.253
5.461
4.389
13.853
5.345
7.852
93.418
102.948
142.676
5.58
4.484
13.679
4.368
4.401
5.524
7.99
97.173
141.778
5.448
4.219
5.563
7.828
97.342
141.416
5.374
4.159
5.374
7.716
97.87
141.831
5.678
3.931
5.397
7.595
