5.888
4.95
4.532
4.188
4.326
8.121
92.75
74.79
75.22
81.8
65.37
136.57
12.893
4.772
4.56
4.261
7.556
93.21
75.22
72.31
84.5
65.7
136.23
13.256
5.812
4.518
4.444
4.501
4.101
7.141
93.46
74.71
73.04
84.26
103.01
65.39
140.41
5.591
4.761
13.732
4.525
4.45
5.135
7.695
93.01
73
81.33
67.23
136.08
12.75
5.812
4.587
4.443
4.496
4.144
7.673
92.18
75.5
74.2
83
104.35
64.93
140.81
5.55
4.25
12.023
4.545
4.399
5.451
7.637
92.75
154.67
77.63
71.51
84.27
66.91
141.4
5.958
7.763
4.621
4.55
4.509
4.346
4.146
8.247
90.4
74.2
73.5
81.8
104.21
67.23
5.621
4.286
4.492
4.368
5.473
4.094
7.626
89.95
75.22
75.22
83.8
104.89
67.74
142.67
5.711
4.25
4.4
5.668
4.067
7.662
91.08
73.33
71.99
63.91
139.02
5.606
4.644
4.314
7.848
90.4
75.72
71.8
85
66.45
139.69
5.614
4.729
4.367
4.099
7.859
90.35
154.69
83.95
64.69
141.84
5.826
7.955
4.645
4.378
4.109
4.137
8.208
90.77
154.69
81.79
65.71
141.41
5.83
7.928
4.775
4.431
8.175
90.73
154.69
74.71
73
85
64
141.41
5.832
8.005
4.589
4.484
4.147
4.184
8.175
90.07
75.72
75.22
84.3
105.01
66.72
142.67
5.739
4.3
4.367
4.143
7.666
90.82
75.22
83.99
5.544
4.643
4.403
4.141
4.225
7.81
154.85
74.71
83.45
65.89
140.78
6.006
8.013
4.837
4.248
4.395
8.197
92.57
74
82.35
10.973
5.593
4.641
4.441
7.788
93.6
75.54
71.75
81.82
97.59
63.62
141.21
5.408
4.353
5.451
7.706
92.76
153.57
75.33
72.16
82.04
64.88
139.41
5.956
7.488
4.56
4.498
4.565
4.149
8.092
93.58
75.42
71.91
81.76
97.02
64.49
140.72
5.431
4.228
4.375
4.397
5.261
4.509
4.068
7.568
94.23
75.52
71.96
81.83
97.59
65.05
141.41
5.526
4.253
4.474
4.37
5.453
4.388
4.042
7.778
92.81
77.45
69.62
83.42
97.99
64.82
141.82
5.783
4.014
4.185
4.197
5.516
7.689
