12.863
5.809
4.939
4.728
4.53
4.297
4.159
8.114
13.348
5.905
4.568
4.534
4.592
4.241
7.584
5.52
4.562
4.548
4.444
5.274
4.13
7.658
5.958
6.969
4.721
4.681
4.514
4.164
7.966
12.599
5.539
4.56
4.451
4.478
4.079
7.124
5.942
7.767
4.529
4.574
4.11
7.73
5.505
4.319
14.178
4.433
5.002
4.068
7.614
5.682
4.346
13.79
4.514
4.291
5.51
4.098
7.961
5.662
4.484
4.368
4.209
5.534
4.071
4.017
7.737
5.273
4.337
4.306
4.134
5.566
3.967
7.567
5.412
4.584
4.461
3.774
3.965
3.866
7.669
5.819
5.038
5.119
4.364
4.097
4.024
7.856
6.065
4.579
4.688
4.569
5.935
4.311
4.15
7.911
12.154
5.155
4.697
4.56
4.405
4.369
4.243
7.959
5.964
7.268
4.686
4.656
4.569
4.244
7.859
5.909
7.775
4.448
4.572
4.534
4.143
7.798
5.464
4.409
14.193
5.028
4.066
7.57
5.55
4.345
4.44
4.441
5.609
4.078
7.782
5.487
4.605
13.421
5.389
4.105
7.831
12.561
5.789
4.487
4.442
4.149
7.776
5.48
4.221
4.445
4.393
5.212
4.053
7.684
5.745
3.999
4.162
4.164
5.49
7.658
