5.783
4.76
7.89
5.882
7.88
4.713
8.38
5.544
4.564
14.139
5.14
7.6
5.476
11.925
5.51
7.935
5.465
4.558
13.506
5.529
7.941
12.414
5.681
4.415
7.677
5.32
5.169
7.612
5.781
7.056
4.467
7.898
5.883
7.595
13.079
5.514
4.58
5.522
4.259
5.13
7.5
5.352
4.507
5.373
7.673
5.516
4.252
11.665
5.736
7.802
5.939
7.417
4.519
4.613
8.25
5.139
5.36
7.421
5.302
4.178
5.365
7.596
5.822
7.425
4.357
4.69
8
10.464
5.449
4.363
4.544
7.34
5.668
7.775
4.617
4.482
8.162
5.573
7.725
4.552
7.959
5.814
4.637
7.981
5.6
7.643
11.919
5.528
4.698
7.596
12.411
5.64
4.391
4.564
7.307
5.924
7.96
4.387
8.036
5.598
4.401
12.235
5.262
7.479
10.296
5.769
4.719
7.7
12.698
5.622
4.511
4.424
7.099
12.49
5.651
4.226
4.562
7.155
6.06
4.858
4.64
4.458
8.027
4.367
5.492
4.6
13.389
4.992
7.682
5.707
4.368
7.684
5.324
4.356
5.191
7.61
5.909
6.811
4.588
7.916
10.672
5.478
4.612
6.867
5.894
7.878
4.336
7.706
5.707
4.103
13.665
5.084
7.45
