93.02
75.56
82.61
137.2
12.53
5.89
4.68
4.54
4.57
4.23
7.63
147.82
93.33
154.17
72.84
75.85
82.35
139.74
6.01
7.82
4.55
4.63
4.51
4.17
7.88
93.58
75.62
72.49
82.2
102.88
141.62
5.52
4.39
14.2
4.43
4.42
5.05
4.09
7.67
163.49
94.26
75.68
72.67
82.1
97.8
141.81
5.57
4.38
4.46
4.46
5.61
4.55
4.11
7.84
93.78
75.84
73.1
82.13
98.15
141.57
5.47
4.45
4.55
4.42
5.57
4.11
7.76
93.87
147.93
75.56
75.79
82.7
142.72
6.04
7.93
4.6
4.47
4.56
4.18
8.26
93.61
82.27
72.45
82.27
103.2
141.5
5.41
4.27
14.42
4.48
4.44
5.26
4.09
7.69
163.55
93.88
75.54
75.65
82.27
103.37
142.59
5.61
4.38
13.71
4.48
4.38
5.48
4.1
7.93
163.79
94.17
75.61
72.67
82.31
97.97
141.36
5.48
4.36
4.46
4.52
5.54
4.1
7.71
92.4
74.34
84.03
138.39
5.58
4.57
4.57
4.39
4.1
7.55
90.97
155
73.03
76.45
84.54
141.28
5.89
7.99
4.56
4.72
4.45
4.34
4.13
8.13
90.4
75.8
77.28
85.36
105.2
143.3
5.69
4.23
4.52
4.22
5.56
3.95
7.58
90.4
75.8
77.24
85.26
105.49
143.98
5.69
4.22
4.52
4.22
5.77
3.95
7.63
90.17
154.97
76.76
77.45
85.39
142.09
5.84
8
4.58
4.72
4.28
3.98
3.89
8.14
91.77
77.03
75.29
85.41
140.66
5.79
4.88
4.86
4.49
4.28
4.2
7.88
90.97
77.31
76.96
85.31
105.58
143.89
5.99
4.51
4.77
4.51
5.87
4.27
7.88
92.66
77.03
75.29
83.14
138.15
11.91
5.48
4.71
4.61
4.49
4.39
4.24
7.93
146.99
93.12
153.06
75.63
76.48
82.49
139.77
5.92
7.18
4.71
4.57
4.53
4.21
7.88
93.34
153.83
75.84
72.93
82.33
139
5.76
7.75
4.6
4.39
4.51
4.1
7.54
93.62
75.98
72.79
82.27
98.01
140.84
5.3
4.36
4.48
4.38
5.41
4.11
7.56
90.67
75.33
73.38
83.17
137.83
12.33
5.73
4.65
4.63
4.49
4.42
7.79
147.69
93.18
73.56
82.63
136.99
12.38
5.67
4.58
4.5
4.58
4.42
4.22
7.39
147.7
93.24
154.11
72.84
73.2
82.42
139.67
5.97
7.79
4.47
4.62
4.49
4.13
7.83
93.58
75.62
72.49
82.2
102.79
141.6
5.52
4.39
14.17
4.43
4.42
5.02
4.09
7.67
163.49
94.4
75.85
72.55
82.15
97.8
141.81
5.6
4.25
4.43
4.43
5.61
4.51
4.07
7.84
