92.1
92.1
75.1
74.5
83.6
67.2
139.3
5.81
4.95
4.7
4.55
4.55
4.24
4.24
4.42
4.42
8.14
93.3
75.5
73.1
82.7
66.1
137
13.32
5.89
4.53
4.53
4.54
4.22
4.5
7.53
93.8
75.5
72.4
82.3
103.2
64.6
141.4
5.52
4.56
13.52
4.58
4.45
5.14
4.11
4.58
7.75
92.9
152.3
75.8
73.4
82.3
65.9
139.7
5.9
6.4
4.54
4.71
4.53
4.19
4.53
8.06
92.7
153.9
75.7
72.8
82.2
65.3
139.1
5.81
7.55
4.41
4.56
4.47
4.14
4.58
7.83
93.6
75.6
72.4
81.8
97.7
64.8
140.2
5.25
4.31
4.41
4.35
5.15
4.04
4.48
7.38
93
152.4
75.8
72.7
82.2
65.4
139.6
5.83
6.74
4.64
4.41
4.48
4.12
4.51
7.9
93.2
154
75.6
73.2
82.2
65.3
139.1
5.83
7.7
4.55
4.68
4.48
4.1
4.53
7.64
93.3
75.8
72.8
82.6
104.4
64.5
140.2
5.22
4.1
11.58
4.51
4.38
5.32
4.06
4.47
7.47
92.6
153.6
75.8
73.3
82.6
65.7
140.9
5.94
7.37
4.47
4.7
4.45
4.15
4.52
8.28
93.3
75.8
72.9
82.5
103.7
65.3
140.7
5.49
4.37
4.34
4.37
4.97
4.09
4.44
7.34
91.9
76
74.5
83.5
66
137.4
5.55
4.3
4.59
4.42
4.1
4.34
7.79
92.4
75.4
75.4
84.1
97.9
66.7
143.7
5.15
4.32
4.17
4.1
5.62
3.97
4.16
7.52
91.3
75.8
75.5
84.6
105.3
66.5
143.7
5.66
4.29
4.41
4.18
5.76
3.88
3.94
7.7
91.7
155
75.7
72.7
84.2
67.1
141.9
5.84
8.01
4.75
4.41
4.38
3.99
4.15
8.08
91.6
155.2
75.9
74.3
83.8
67.9
141.7
5.59
8.1
4.74
4.39
4.54
4.31
4.37
8.08
93
154.1
75.5
74.2
83
67.6
140.7
5.01
7.87
4.41
4.4
4.39
4.28
4.33
8.15
92.82
75.8
73.3
82.3
103.3
65.1
141.8
5.57
4.52
13.62
4.47
4.41
5.11
4.08
4.43
7.53
93.7
75.3
73.6
82.5
67.2
137.4
11
5.77
4.63
4.25
4.52
4.15
4.39
7.67
94.1
75.5
72.1
82.3
103.2
64.1
141.1
5.42
4.35
14.2
4.46
4.41
5.16
4.08
4.5
7.62
93.6
75.5
73
82.3
103.9
65
142
5.59
4.64
13.21
4.57
4.46
5.53
4.12
4.51
7.88
93.1
75.3
73.4
82.5
66.2
136.7
12.48
5.71
4.48
4.51
4.52
4.16
4.48
7.69
94
75.3
72.2
82.3
102.6
64.5
142
5.46
4.41
14.25
4.46
4.44
5.02
4.1
4.57
7.77
93.6
75.5
72.6
82.2
103.7
64.8
142.3
5.59
4.48
13.12
4.61
4.45
5.59
4.13
4.54
7.99
93
153.5
75.8
72.9
82.1
65.2
139.8
5.96
7.04
4.46
4.68
4.49
4.16
4.58
8.19
94
75.9
72.3
81.9
97.1
64.7
140.9
5.33
4.04
4.33
4.33
5.18
4.01
4.49
7.51
93
77.7
70
83.6
98.2
65.3
141.9
5.71
3.97
4.14
4.12
5.4
3.99
4.42
7.59
