5.7
4.82
8.07
5.78
4.54
7.47
5.8
7.06
4.5
7.63
5.76
7.57
4.28
7.62
5.3
4.29
7.44
5.87
6.96
4.35
7.99
5.29
4.36
7.38
5.34
4.11
7.8
5.38
4.09
7.94
5.43
3.98
7.9
5.39
4.44
7.82
5.62
4.42
7.6
5.28
4.41
7.39
5.36
4.23
7.41
5.33
4.31
7.93
5.34
4.13
7.62
5.72
7.85
4.35
7.95
5.46
4.07
7.28
5.78
4.27
7.69
5.87
4.45
7.78
5.7
4.31
7.85
5.5
4.44
7.83
5.37
4.39
7.78
5.84
7.39
4.31
8.04
5.3
4.18
7.29
5.57
7.52
4.25
7.86
5.54
3.84
7.53
5.72
4.11
7.54
5.39
4.54
7.61
5.84
7.86
4.52
8.07
5.6
7.5
4.29
8.09
5.42
4.47
7.48
5.83
6.66
4.48
7.92
5.36
4.47
6.96
5.68
7.47
4.48
7.45
5.36
4.18
7.08
5.44
4.31
7.45
5.27
4.09
7.65
5.81
7.88
4.76
7.75
5.03
4.44
7.3
5.56
4.44
7.02
5.37
4.37
7.53
5.86
6.71
4.47
7.92
5.59
4.4
6.94
5.65
4.47
6.92
5.63
4.64
6.9
5.83
7.71
4.35
7.68
5.36
4.32
7.54
5.89
7
4.34
8.04
5.35
4.17
7.58
5.52
4.31
7.89
5.41
4.06
7.77
5.41
7.53
