91.725
75.167
74.186
83.482
65.483
138.952
12.774
12.713
5.685
5.811
4.923
4.812
4.701
4.512
4.307
4.153
8.116
8.104
148.32
147.285
92.785
75.401
72.89
82.205
65.637
136.716
136.996
12.368
12.422
5.834
5.882
4.574
4.678
4.607
4.532
4.503
4.229
7.49
7.51
147.019
146.922
92.9
153.032
153.116
75.55
72.933
65.304
139.276
139.361
5.929
5.875
7.16
7.22
4.526
4.665
4.635
4.608
4.143
7.724
7.705
92.892
154.075
153.945
75.317
72.795
138.938
138.83
5.839
5.833
7.793
7.828
4.505
4.36
4.38
4.483
4.081
7.533
7.543
92.886
75.679
73.329
82.745
104.091
140.318
140.291
5.379
5.364
4.238
4.373
11.234
11.569
4.475
4.362
5.19
4.082
7.394
7.323
157.477
158.331
90.106
88.64
154.72
154.603
75.327
84.749
141.194
141.158
5.864
5.856
7.401
4.735
4.581
4.766
4.543
4.369
4.141
8.112
7.991
92.536
75.365
104.659
142.871
143.267
5.563
5.637
4.514
4.619
5.617
4.217
7.987
7.78
92.133
75.402
136.979
137.3
12.965
13.123
5.382
5.006
4.364
4.496
4.42
4.083
7.622
7.396
148.412
148.062
94.235
72.355
97.21
141.342
141.095
5.483
5.432
4.316
4.419
4.369
5.266
4.084
7.684
7.587
94.017
73.203
103.153
141.983
141.977
5.562
5.531
4.317
4.435
14.326
14.37
4.479
5.383
7.914
7.89
162.797
92.59
91.907
98.103
141.965
5.76
6.138
4.32
4.282
5.646
7.757
7.772
91.46
154.038
155.029
139.636
5.872
5.851
8.08
7.967
4.565
4.97
7.819
7.484
92.357
154.005
154.603
75.398
73.273
139.874
139.153
5.143
5.409
7.808
7.924
4.408
4.231
4.502
7.871
7.932
93.734
75.727
72.624
82.031
97.512
139.819
140.19
5.618
5.451
4.357
4.295
4.28
4.329
5.079
4.401
4.044
7.209
7.324
92.386
75.351
81.843
137.001
136.6
10.772
10.55
5.689
5.629
4.271
4.478
4.658
4.436
4.08
7.545
7.589
146.081
146.103
91.22
153.994
154.52
75.974
74.559
83.896
65.538
142.121
142.153
5.727
5.661
7.746
7.849
4.727
4.782
4.514
4.235
3.979
4.176
8.307
8.288
93.059
91.616
154.534
154.42
75.813
83.728
65.213
140.739
140.067
5.34
5.499
7.841
7.77
4.47
4.537
4.601
4.303
3.966
7.974
7.919
91.744
155.207
155.517
76.509
74.655
82.929
140.159
141.246
5.852
5.952
8.057
8.183
4.718
4.646
5.002
4.426
4.6
4.296
8.182
8.174
93.082
83.044
68.704
137.616
137.297
12.901
13.069
3.689
3.98
4.241
4.428
4.259
4.276
4.261
7.84
7.747
147.726
92.53
75.78
74.901
103.718
140.816
141.223
5.645
5.727
4.289
4.375
14.576
4.321
5.09
7.461
7.442
161.506
92.137
75.851
137.87
137.589
11.396
5.555
5.662
4.477
4.541
7.87
7.688
92.397
154.617
154.621
141.406
140.848
5.703
5.716
7.782
7.764
4.635
4.552
8.044
7.974
91.754
154.673
140.26
140.436
5.914
5.825
7.818
7.921
4.559
4.514
7.778
7.954
93.913
104.309
143.321
5.633
5.54
4.601
4.489
13.344
14.108
5.571
4.215
7.986
7.792
163.407
93.886
72.866
83.16
98.039
141.868
141.85
5.57
5.618
4.479
4.527
4.58
4.524
5.743
4.213
7.907
7.917
92.639
152.536
152.505
75.355
73.031
139.614
139.566
5.866
5.897
6.935
6.954
4.55
4.621
4.749
4.525
4.196
8.068
8.062
92.417
75.35
72.588
82.006
65.442
135.676
135.719
13.476
13.445
5.634
5.658
4.427
4.382
4.453
4.487
4.521
4.081
7.31
7.315
148.331
148.245
93.859
75.42
71.902
81.636
97.257
64.674
140.325
140.308
5.443
5.481
4.461
4.424
4.229
4.401
5.143
4.038
7.368
7.397
94.431
75.9
75.933
73.261
82.17
105.058
64.066
140.711
140.664
5.659
5.675
3.774
3.793
11.79
11.802
4.526
4.368
5.714
4.502
4.082
7.759
7.762
159.994
160.062
89.156
89.189
74.583
77.736
77.731
86.957
86.924
105.484
67.749
144.643
144.684
6.093
6.106
4.657
4.677
4.026
4.484
5.861
4.24
4.028
8.018
8.031
89.068
89.078
77.527
77.589
80.363
80.33
84.467
84.453
98.532
67.308
67.354
142.817
142.865
5.961
5.955
4.101
4.093
4.485
3.797
6.13
2.714
3.609
7.695
7.699
94.54
94.522
77.32
75.894
75.89
83.155
69.009
142.945
142.957
9.919
9.905
5.965
5.966
4.836
4.826
5.634
4.409
4.192
4.414
7.863
7.864
143.28
93.181
93.206
75.602
74.397
83.064
69.79
138.93
138.847
13.485
13.478
4.442
4.42
4.434
4.473
4.246
4.392
4.491
4.277
8.331
8.311
148.317
148.435
93.999
75.197
71.96
96.925
141.431
141.322
5.509
5.52
4.464
4.406
4.417
5.276
4.02
7.72
7.664
93.729
75.415
72.323
103.821
141.466
141.561
5.55
5.514
4.576
4.623
13.513
13.525
4.555
4.5
5.469
4.096
7.827
7.869
161.908
162.076
92.632
75.202
136.298
136.349
11.748
11.596
5.748
5.733
4.532
4.55
4.515
4.5
4.129
7.707
7.697
145.81
92.527
153.562
153.996
139.127
139.444
5.958
5.792
7.759
7.562
4.534
4.667
7.755
7.563
90.097
135.698
12.526
5.155
5.312
4.619
4.377
7.482
7.201
146.876
92.731
153.532
153.275
75.497
72.7
139.493
139.298
5.882
5.937
7.469
7.571
4.476
4.589
4.64
7.807
7.794
76.938
135.376
135.53
13.384
13.474
4.295
4.094
4.307
4.004
7.093
7.082
147.949
148.127
93.659
93.796
75.554
72.528
97.223
140.553
140.457
5.282
5.413
4.366
4.334
4.19
5.073
7.281
7.253
93.782
75.562
73.425
82.742
104.389
141.432
141.441
5.421
5.517
4.082
4.174
4.407
4.32
5.473
7.616
7.549
89.809
153.655
154.062
76.616
74.412
84.891
141.108
141.007
5.772
5.747
6.982
7.062
4.364
4.32
4.665
4.297
4.237
4.077
7.978
8.013
90.734
154.794
154.688
75.994
84.69
66.861
141.882
141.791
5.983
6.013
8.06
8.003
4.964
4.88
4.921
4.599
4.402
4.179
8.267
8.325
92.201
138.236
11.173
11.324
5.678
5.508
4.705
4.564
4.545
7.82
7.944
144.768
144.655
93.855
75.611
72.518
82.346
103.426
141.411
141.617
5.505
5.442
4.33
4.416
14.048
14.01
4.48
4.472
5.357
7.75
7.726
163.081
163.354
93.702
75.293
72.448
82.54
103.39
142.588
142.69
5.66
5.64
4.416
4.462
13.776
13.779
4.544
4.406
5.58
4.084
8.063
8.038
163.275
162.878
94.107
75.656
72.215
97.462
141.85
141.881
5.509
5.552
4.191
4.16
4.472
5.654
4.079
7.88
7.89
92.727
77.537
69.802
83.525
98.018
141.809
141.517
5.707
5.639
3.975
3.953
4.155
4.152
5.473
4.021
7.642
7.625
