92.34
92.34
139.12
12.53
5.78
4.87
4.11
8.11
144.79
92.81
75.57
72.74
82.23
65.72
136.64
12.71
5.9
4.64
4.6
4.53
4.52
4.21
7.49
7.49
144.62
92.87
75.74
72.89
82.09
65.48
135.94
12.54
5.79
4.63
4.5
4.49
4.49
4.08
7.19
144.7
93.15
75.58
73.32
82.16
65.8
136.21
12.28
5.73
4.64
4.46
4.5
4.43
4.05
7.11
144.28
93.33
153.93
75.57
72.84
82.28
65.21
139.45
5.96
7.77
6.51
4.49
4.53
4.52
4.53
4.09
7.67
93.37
75.65
72.61
82.3
103.09
64.87
141.34
5.49
4.19
13.59
4.36
4.38
5
4.51
4.05
7.48
158.32
92.95
76.12
73.85
83.21
104.01
65.96
141.56
5.75
4.31
13.23
4.4
4.35
5.27
4.39
4.06
7.54
158.47
88.27
74.95
77.74
84.95
67.04
139.41
10.55
5.49
4.71
4.6
4.43
4.17
4.03
7.95
143.3
88.39
155.24
77.31
77.81
84.95
67.72
141.96
5.46
8.04
4.35
4.55
3.7
3.79
3.51
8.1
88.9
155.07
75.52
77.15
84.78
68.55
140.97
5.68
7.91
4.73
4.81
4.46
4.09
3.97
7.88
89.32
153.41
75.3
76.23
84.51
68.94
141.5
5.78
7.19
4.82
4.66
4.65
4.35
8.22
92.87
154.06
75.3
74.08
83.14
68.04
139.93
5.76
7.82
4.41
4.4
4.59
4.36
7.82
93.37
75.52
72.27
82.12
102.54
64.39
141.81
5.5
4.31
14.08
4.45
4.43
4.94
4.52
4.05
7.68
159.53
93.86
75.59
72.47
81.89
97.39
64.83
141.71
5.56
4.29
4.47
4.44
5.54
4.5
4.07
7.84
8.44
94.05
75.36
72.28
81.95
97.41
64.54
141.5
5.43
4.35
4.47
4.41
5.45
4.54
4.06
7.78
8.46
94.21
75.46
72.09
82.2
97.41
64.61
141.5
5.46
4.25
4.48
4.4
5.45
4.53
4.04
8.46
7.78
92.87
77.43
69.77
83.72
97.92
65.43
141.81
5.71
3.98
4.17
4.17
5.46
4.47
4.01
8.29
7.66
