91.358
91.358
75.129
75.129
72.7
72.7
83.49
67.689
137.1
137.1
12.93
12.93
5.84
4.94
4.73
4.56
4.32
4.32
4.4
4.4
8.15
145.6
93.158
75.629
70.7
82.39
66.389
135
13.41
5.93
4.54
4.54
4.52
4.28
4.51
7.64
146
93.758
76.229
70.3
81.79
95.1
64.989
138.7
5.64
4.62
4.46
4.42
5.25
4.11
4.55
7.57
93.458
74.329
72.8
82.69
67.889
135.6
10.43
5.73
4.44
4.78
4.55
4.17
4.39
7.58
140.4
93.258
152.5
75.929
70.4
84.59
64.889
137.9
5.93
8.01
4.48
4.69
4.52
4.18
4.57
7.84
92.958
76.129
72.3
83.39
101.9
66.089
140
5.73
4.44
4.63
4.54
5.27
4.14
4.48
7.58
94.758
73.629
71.1
82.49
95.9
66.589
140.3
5.51
4.45
4.44
4.47
5.96
4.17
4.39
7.97
93.858
75.529
70.1
82.19
101.7
65.089
140
5.53
4.62
13.38
4.65
4.44
5.49
4.18
4.56
7.94
162.079
92.458
75.829
70.7
82.49
65.889
134.5
12.05
5.81
4.59
4.64
4.52
4.2
4.51
7.72
144.3
93.458
75.529
70.3
81.99
65.489
134.1
13.29
5.71
4.48
4.38
4.47
4.12
4.55
7.32
146.5
94.458
75.529
70.1
81.99
95
64.689
139
5.59
4.49
4.48
4.46
5.2
4.11
4.53
7.61
94.358
75.629
70.2
81.99
96.7
64.689
139.4
5.58
4.5
4.47
4.48
5.73
4.14
4.58
7.75
94.358
75.829
69.9
83.39
101.1
64.489
140.7
5.58
4.51
13.94
4.62
4.48
5.45
4.1
4.54
7.92
162.279
93.858
75.629
70.2
81.99
100.7
64.589
140.8
5.68
4.48
13.78
4.59
4.5
5.62
4.16
4.6
8.08
162.979
94.258
75.729
70.2
81.79
96
64.889
139.8
5.53
4.31
4.47
4.47
5.63
4.57
4.14
7.86
94.258
75.729
69.9
81.89
95.1
64.489
139.3
5.42
4.42
4.38
4.37
5.39
4.52
4.05
7.65
92.758
72.629
73.2
81.99
102.5
65.989
140.7
5.62
4.36
11.6
4.48
4.47
5.53
4.11
4.58
7.69
157.179
93.058
153.2
72.829
70.5
81.99
65.289
138.9
5.81
7.8
4.58
4.65
4.51
4.51
4.11
8.25
90.558
76.529
75
84.19
95.4
67.389
141.1
5.72
4.12
4.45
3.99
5.7
3.94
4.01
7.57
90.158
153.1
76.629
74.9
84.69
68.089
139.7
5.75
7.96
4.59
4.74
4.36
4
3.97
8.1
90.358
153.1
76.729
69.9
84.49
67.589
140
6.07
8.03
4.88
4.95
4.64
4.29
4.36
8.32
94.358
75.729
70
83.39
64.589
136.7
11.61
5.59
4.76
4.49
4.59
3.96
4.05
7.86
141.2
93.158
73.729
73.4
82.99
65.089
134.6
12.5
5.62
4.55
4.47
4.51
4.09
4.45
7.32
144.6
91.358
75.929
73.2
84.09
66.389
134.3
12.22
5.82
4.62
4.53
4.5
4.4
4.16
7.17
144.9
93.058
150.9
75.729
70.8
82.29
66.189
137
5.95
7.14
4.65
4.63
4.53
4.59
4.15
7.63
92.758
151.1
75.929
70.5
81.89
65.089
137.3
5.94
7.49
4.66
4.66
4.5
4.59
4.15
7.64
92.458
75.829
69.9
81.99
64.489
133.7
12.92
5.6
4.55
4.47
4.4
4.12
4.58
7.05
145.1
93.158
75.529
70.5
81.99
65.289
134
13.35
5.79
4.57
4.52
4.49
4.51
4.1
7.23
146.3
94.358
75.629
69.6
81.99
95
64.389
139.1
5.54
4.46
4.45
4.45
5.2
4.05
4.5
7.61
94.358
75.529
70
81.79
95.9
64.989
139.4
5.45
4.49
4.5
4.4
5.58
4.15
4.57
7.77
93.158
150.6
75.929
70.3
83.99
65.289
137.6
5.91
7.03
4.71
4.69
4.5
4.16
4.57
8.04
92.858
75.529
70.7
81.99
65.989
133.8
12.86
5.48
4.43
4.31
4.41
4.04
4.41
6.98
145
92.558
75.929
71.5
82.89
65.589
134.9
10.47
5.49
4.17
4.49
4.26
4
4.31
7.25
144
89.858
74.829
75
84.59
67.189
137.6
5.43
4.65
4.7
4.35
4.05
4.14
7.67
90.758
152.9
75.629
73.3
82.59
67.589
139.7
5.84
7.92
4.74
4.72
4.52
4.23
8.16
90.558
152.7
76.129
73.9
81.79
67.089
139.1
5.82
8.06
4.73
4.73
4.6
4.28
4.4
8.29
93.458
75.629
71.6
83.19
102
66.789
140.8
5.67
4.57
4.35
4.53
5.28
4.26
4.39
7.64
92.158
76.129
72.1
83.59
103.3
65.989
141.1
5.79
4.34
11.61
4.65
4.48
5.76
4.15
4.5
7.91
158.479
93.058
75.829
70.8
82.19
66.089
135.7
12.96
5.73
4.6
4.65
4.52
4.2
4.53
7.99
145.1
94.558
75.729
69.6
81.99
94.7
64.589
140.3
5.57
4.31
4.46
4.45
5.29
4.08
4.55
7.73
93.158
77.729
67.4
81.69
95.9
65.389
139.8
5.79
4.04
4.19
4.18
5.55
4.02
4.47
7.71
