12.908
5.856
4.955
4.76
4.58
8.16
12.908
5.973
4.762
4.58
4.276
7.588
13.226
5.811
4.516
4.443
7.207
5.565
4.699
13.646
4.522
5.078
7.667
11.678
5.752
4.627
4.589
7.671
5.812
7.029
4.588
4.662
4.506
7.745
5.747
7.145
4.493
4.5
4.541
4.122
7.628
5.875
7.76
4.386
4.552
4.478
7.71
5.493
4.316
4.427
4.365
5.06
7.387
5.641
4.422
4.713
4.181
7.774
11.787
5.602
4.719
7.747
5.905
7.376
4.657
4.618
4.192
7.814
12.8
5.619
4.523
4.454
4.067
7.103
12.513
5.708
4.551
4.482
4.07
7.154
6.023
7.86
4.644
4.593
7.811
5.354
4.421
4.126
4.437
5.211
4.427
4.017
7.208
5.689
3.808
11.894
4.553
4.391
5.653
7.784
6.129
4.697
4.048
4.507
5.882
4.262
4.068
8.048
5.987
4.125
4.509
3.83
6.142
2.732
3.635
7.725
9.959
5.992
4.854
5.668
4.44
4.217
4.441
7.914
13.592
4.452
4.432
4.277
4.418
4.299
4.52
8.357
5.61
4.601
14.451
4.545
5.136
4.522
4.068
7.878
5.606
4.432
4.459
5.706
7.902
5.438
4.356
4.449
5.534
7.798
5.498
4.418
13.939
4.513
5.385
7.906
5.524
4.329
4.483
5.615
7.778
5.738
6.713
4.25
4.537
4.413
7.934
5.647
7.764
4.507
4.696
4.143
8.005
5.75
7.793
4.588
4.781
4.341
4.252
8.28
5.643
4.477
13.897
4.387
5.042
7.66
5.693
4.465
13.888
4.547
5.515
8.04
5.622
4.42
13.708
4.515
5.577
8.03
5.491
4.389
4.583
5.663
4.59
7.891
5.877
7.346
4.513
4.704
4.492
4.596
4.157
8.12
5.415
4.217
4.389
4.4
5.206
4.063
7.591
5.511
4.263
4.467
5.428
7.792
5.773
4.023
4.197
4.193
5.498
4.51
4.046
7.693
