5.891
4.947
4.577
8.265
5.85
4.576
4.199
7.654
92.708
154.162
72.493
75.694
81.96
64.625
139.492
6.014
7.778
4.619
4.63
4.497
5.032
4.098
7.785
5.411
4.473
4.428
5.278
7.572
5.724
4.433
4.536
4.099
4.027
7.545
93.587
75.329
72.058
82.049
103.448
64.298
141.887
5.692
4.514
4.546
4.398
5.073
4.246
4.051
7.878
94.72
75.676
84.343
68.874
143.478
6.049
4.908
4.584
4.631
5.95
4.283
4.377
7.949
90.042
75.466
77.762
84.961
67.727
142.115
6.086
7.904
4.541
4.829
4.527
4.311
4.138
8.434
92.563
154.767
73.699
76.9
82.824
65.842
142.367
6.06
8.057
4.739
4.689
4.539
4.518
4.27
8.319
92.638
153.357
75.625
82.444
66.113
139.46
5.683
7.611
4.556
4.541
4.533
4.434
4.13
7.602
91.916
153.855
70.345
83.959
65.518
140.341
5.923
7.84
4.284
4.253
4.211
4.415
4.027
7.983
5.733
4.45
4.492
7.863
5.825
4.538
4.508
4.622
4.07
4.104
7.27
5.544
4.537
4.246
4.402
5.204
4.052
4.506
7.473
94.644
76.024
73.234
82.464
105.007
64.043
140.773
5.678
3.813
4.526
4.386
5.724
4.323
4.163
7.804
89.213
74.63
77.867
83.713
105.494
67.87
144.688
6.105
4.688
4.031
4.483
5.872
4.249
4.106
8.041
5.974
4.127
4.502
3.814
6.154
3.627
2.738
7.716
5.974
4.856
5.63
4.414
4.2
7.868
4.465
4.402
4.23
8.302
5.633
4.466
4.232
5.202
7.685
5.543
4.667
4.399
5.393
7.698
93.315
75.835
73.501
82.529
65.642
141.109
5.596
4.654
4.388
4.496
4.905
4.487
4.174
7.522
92.142
154.617
77.348
70.348
84.221
65.418
139.414
5.608
8.042
3.994
4.141
4.216
4.296
3.991
8.392
5.61
4.48
4.287
5.629
7.708
5.422
4.437
7.816
93.624
75.88
73.28
82.752
102.494
64.805
142.331
5.625
4.566
4.364
4.353
5.089
4.529
4.073
7.853
5.61
4.357
4.437
4.094
5.511
3.994
7.667
5.546
4.487
4.456
5.543
4.095
7.933
