92.6
75.2
72.9
81.9
139.7
5.66
4.57
4.65
4.51
8.15
93.1
75.6
72.5
82.6
64.7
136.7
13.47
5.9
4.54
4.68
4.48
4.61
4.2
7.65
148.6
147.1
93.6
75.6
72
81.8
97.4
64.2
140.4
5.56
4.53
4.55
4.46
5.27
4.59
4.11
7.69
92.7
75.4
72.7
82.3
64.9
136
13
5.76
4.49
4.56
4.48
4.54
4.14
7.58
146.7
147.6
93.7
75.6
72.8
82
97.3
64.9
140.3
5.51
4.6
4.38
4.43
5.15
4.51
4.1
7.44
93.2
154.6
75.6
73.7
83
66
140
5.91
7.51
4.34
4.49
4.48
4.43
4.14
8.06
89.5
75.4
78.2
85
104.7
67.3
143
5.74
4.22
4.43
4.27
5.44
4.21
3.94
7.58
156.9
91.2
76.4
77.6
84.4
98.7
67.8
143.1
5.86
4.26
4.55
4.18
5.76
3.91
3.81
7.54
90.6
75.4
77.5
85.3
68.3
140.8
5.99
4.97
4.97
4.64
4.32
4.27
8.02
92.5
75.1
75
83.6
68.6
138.1
12.74
5.61
4.71
4.52
4.62
4.4
4.35
8.08
147.2
148
94
75.4
72.5
81.9
97.4
65.3
141
5.62
4.61
4.54
4.51
5.31
4.57
4.21
7.74
92.6
75.3
72.9
82
65.2
136.2
13.05
5.76
4.53
4.63
4.51
4.57
4.15
7.67
147.1
147.8
94
75.6
72
81.8
97.1
64.2
140.9
5.55
4.32
4.46
4.44
5.29
4.59
4.11
7.73
93
77.6
69.4
83.1
98.5
64.9
141.2
5.76
4.05
4.16
4.19
5.62
4.52
4.09
7.69
