74.11
138.97
5.81
4.87
4.56
4.36
4.02
3.9
8.05
92.12
74.74
73.08
81.78
65.79
136.91
12.78
5.89
4.78
4.47
4.52
4.42
4.17
7.5
148.23
92.53
74.59
72.36
81.51
64.33
136.12
13.17
5.72
4.48
4.44
4.43
4.49
4.04
7.15
93.39
74.9
72.27
81.42
96.96
63.82
140.81
5.4
4.37
4.48
4.34
5.14
4.49
4.04
7.44
91.29
75.71
73.7
81.69
65.07
139.81
5.99
7.82
4.64
4.6
4.44
4.45
4.13
8.1
92.43
74.52
74.06
82.14
67.31
136.52
5.39
4.53
4.52
4.39
4.24
3.96
6.96
92.79
75.11
72.63
82.49
64.18
5.38
4.06
11.08
4.39
4.23
5.07
4.27
4
7.4
158.44
88.7
74.51
76.83
84.46
66.68
139.62
5.56
4.66
4.71
4.48
4.2
4.09
7.82
88.7
154.36
74.51
76.83
84.46
66.68
139.62
5.78
7.69
4.77
4.58
4.5
4.35
4.23
8.19
72.1
103.49
141.88
13.15
5.1
4.15
7.49
162.55
91.83
74.59
73.17
81.69
66.33
136.66
12.6
5.79
4.44
4.28
4.41
4.3
4.12
7.7
148.1
93.14
74.82
71.74
81.24
96.71
63.91
140.78
5.39
4.45
4.19
4.36
5.15
4.43
3.98
7.38
93.89
75.41
73.08
81.87
104.91
63.38
140.9
5.59
3.75
4.49
4.31
5.66
4.44
4.04
7.72
160.44
88.39
73.8
77.72
86.33
105.32
67.31
144.94
6.05
4.64
3.97
4.42
5.8
4.19
3.98
7.98
88.24
77.05
80.22
83.83
98.09
66.72
143.07
5.91
4.05
4.43
3.74
6.08
3.52
2.65
7.64
93.95
76.95
75.76
82.58
68.47
143.16
5.91
4.79
5.58
4.35
4.34
4.13
7.81
92.57
75.11
74.44
82.49
69.13
138.11
13.29
4.39
4.4
4.22
4.33
4.43
4.21
8.24
92.47
74.82
71.92
81.6
96.69
63.64
141.3
5.43
4.43
4.36
4.28
5.22
4.43
3.96
7.61
92.36
153.75
139.78
7.4
4.43
8
91.76
76.83
70.4
103.46
141.48
5.44
4.26
4.43
5.2
7.46
91.7
154.31
74.9
73.97
82.67
66.32
140.74
5.76
7.41
4.53
4.27
4.49
4.37
4.1
7.97
92.84
74.29
72.63
81.96
102.99
64.45
142.32
5.09
4.18
10.53
4.25
4.28
5.22
4.3
4
7.42
157.2
92.65
75.04
72.99
81.15
97.68
64.36
142.07
5.49
4.33
4.52
4.3
5.66
4.37
4.03
7.78
90.92
155.08
75.34
74.42
82.23
65.79
140.06
6.04
7.94
4.65
4.61
4.5
4.43
4.16
8.16
92.69
74.37
73.7
82.14
66.85
136.8
12.47
5.57
4.5
4.25
4.45
4.29
4.05
7.21
148.98
93.27
74.67
71.74
81.33
96.07
63.73
141.65
5.42
4.51
4.29
4.37
5.08
4.46
4.01
7.72
93.76
75.34
73.34
81.87
97.12
64.92
141.7
5.44
4.42
4.48
4.38
5.41
4.42
4.06
7.74
92.16
76.9
69.86
82.85
97.66
64.9
142.14
5.71
3.95
4.17
4.07
5.45
4.45
3.97
7.64
