5.76
8.03
93.07
75.33
72.68
65.38
137.05
5.87
4.75
4.52
4.14
4.5
7.44
92.97
75.49
71.93
64.72
135.97
5.69
4.57
4.54
4.07
4.45
7.24
93.06
153.73
75.5
72.26
64.88
139.19
5.97
7.74
4.61
4.53
4.54
4.07
7.75
94.04
74.83
72.26
81.95
97.31
64.8
140.23
5.31
4.44
4.15
4.36
5.13
3.98
4.42
7.17
94.15
75.5
72.84
82.29
97.63
64.22
142.06
5.53
4.06
4.52
4.36
5.6
4.03
4.49
7.77
94.23
74.67
71.43
104.49
141.42
5.56
4.33
4.5
5.66
7.88
91.77
75.74
72.59
82.37
104.81
66.46
143.64
5.69
4.18
4.53
4.3
5.74
3.98
4.12
7.82
92.55
77.4
83.45
98.29
65.3
143.03
5.75
3.96
4.18
4.08
5.63
3.98
4.46
7.8
92.41
77.57
70.19
98.44
142.06
5.63
4
4.09
5.67
7.65
91.83
154.14
75
72.68
67.29
141.16
5.87
7.74
4.82
4.54
4.24
4.33
8.25
92.28
149.91
71.85
141.23
5.58
8.02
4.23
4.41
7.97
93.07
74.92
72.1
65.13
136
5.39
4.39
4.4
4.02
4.39
7.14
93.53
75.16
102.37
143.03
5.57
4.5
4.18
5.05
7.77
91.66
75.25
70.44
98.44
142.8
5.67
4.41
4.19
5.75
7.67
94.14
75.33
72.43
105.08
66.29
5.69
4.2
4.4
5.6
4.03
4.3
7.7
5.61
3.89
7.69
