89.36
73.38
73.56
82.14
65.89
137.54
5.87
4.98
4.78
4.6
4.43
4.32
8.18
91.38
73.79
71.73
81.12
64.93
135.36
5.95
4.63
4.59
4.59
4.53
4.34
7.68
92.26
74.03
70.98
80.32
96.03
63.23
138.96
5.6
4.67
4.54
4.47
5.32
4.6
4.16
7.64
91.73
73.78
71.8
80.71
64.67
134.83
5.78
4.55
4.52
4.52
4.5
4.16
7.58
92.02
73.63
70.61
80.53
101.25
62.88
139.94
5.54
4.57
4.61
4.48
5.18
4.6
4.15
7.8
91.27
154.064
74.02
71.12
80.43
63.47
137.96
6.02
7.14
4.52
4.7
4.53
4.6
4.15
8.16
91.99
74.01
70.88
80.24
95.89
63.15
138.48
5.36
4.31
4.39
4.35
5.19
4.52
4.08
7.39
90.43
74.74
73.45
81.96
64.88
135.4
5.74
4.38
4.5
4.44
4.37
4.12
7.48
89.35
74.12
74.72
83.33
103.16
65.28
141.44
5.77
4.29
4.43
4.35
5.65
4.52
4.08
7.72
88.3
74.57
76
84.45
103.52
66.38
141.82
5.78
4.22
4.57
4.28
5.65
4.04
4.04
7.59
88.52
74.18
75.8
83.68
104
66.55
142.27
5.95
4.35
4.7
4.5
5.88
4.08
4.03
7.8
89.78
73.09
74.85
82.54
97.7
66.95
141.98
5.85
4.6
4.66
4.53
6.13
4.26
4.2
7.94
90.68
73.44
73.1
81.92
66.71
136.34
5.82
4.67
4.56
4.6
4.41
4.41
7.99
92.13
73.67
70.87
80.79
101.47
63.54
140.31
5.62
4.59
4.62
4.53
5.21
4.59
4.25
7.88
91.16
153.994
74.08
71.21
80.42
63.56
137.94
6.04
7.1
4.54
4.72
4.55
4.61
4.22
8.17
91.82
73.96
71.05
80.18
96.03
63.41
138.66
5.37
4.4
4.43
4.41
5.24
4.52
4.1
7.45
91.42
73.67
71.35
80.49
63.94
134.5
5.72
4.55
4.55
4.47
4.49
4.1
7.55
92.65
74.01
70.41
80.42
95.31
62.79
139.68
5.56
4.29
4.48
4.42
5.23
4.58
4.08
7.7
91.33
76
68.14
81.87
96.61
63.55
140.2
5.81
4.04
4.21
4.2
5.56
4.51
4.4
7.7
