90.9
75
74.2
83.7
67.7
139
13.01
5.86
4.98
4.46
4.6
4.43
4.33
8.17
148.6
93
75.5
73.4
82.7
66.5
137
13.41
5.95
4.59
4.65
4.6
4.54
4.36
7.72
149.7
93.8
75.3
72.1
81.8
97.6
64.2
140.8
5.57
4.59
4.48
4.49
5.34
4.55
4.08
7.75
93
153.1
75.8
72.9
81.9
65.2
139.4
6.01
7.46
4.65
4.67
4.54
4.6
4.19
8.11
93.8
75.6
72.1
81.9
97.4
65
140.3
5.38
4.39
4.17
4.43
5.23
4.47
4.06
7.31
94.5
76
73.1
82.4
105.1
64.6
140.6
5.67
3.8
11.83
4.56
4.39
5.69
4.53
4.17
7.77
161
89.3
74.7
77.7
87
105.5
67.8
144.7
6.14
4.7
11.26
4.39
4.51
5.89
4.27
4.07
8.05
159.5
89.1
77.7
80.3
84.5
98.6
67.3
142.8
5.99
4.14
4.51
3.83
6.14
3.65
2.73
7.72
94.5
77.4
75.9
83.2
69
142.9
9.96
6
4.85
5.67
4.45
4.44
4.23
7.9
144.4
93.3
75.1
74.6
83.1
69.8
139
13.52
4.47
4.47
4.29
4.42
4.23
4.53
8.35
149.3
93.8
75.4
72.2
81.9
102.8
64
141.6
5.59
4.72
13.8
4.61
4.43
5.19
4.51
4.09
7.85
163.6
92.9
75.5
72.9
81.9
65.5
136.2
12.66
5.87
4.6
4.62
4.6
4.56
4.17
7.79
149.1
94.1
75.7
72.1
81.9
97.2
64.5
141
5.51
4.28
4.45
4.17
5.3
4.59
4.09
7.69
93
77.8
69.7
83.4
98.4
65.1
141.7
5.79
4.06
4.21
4.19
5.57
4.51
4.06
7.69
