91.416
75.216
72.17
83.502
66.912
138.988
12.925
5.741
4.87
4.661
4.492
4.211
4.349
8.063
146.82
92.826
73.406
73.32
81.942
65.132
136.768
13.35
5.831
4.461
4.589
4.377
4.037
4.402
7.587
147.94
93.216
72.406
72.83
82.072
94.99
63.132
138.28
5.434
4.488
4.422
4.369
5.21
4.04
4.505
7.649
92.976
150.76
76.066
69.94
81.832
64.452
139.168
5.848
7.226
4.392
4.608
4.41
4.074
4.456
7.964
93.276
75.976
69.66
81.662
94.93
64.062
137.88
5.295
4.296
4.382
4.296
5.107
3.989
4.448
7.42
92.596
150.45
76.226
70.5
81.942
65.132
140.028
5.824
7.145
4.601
4.469
4.372
4.034
4.404
7.76
92.636
75.076
71.2
82.672
65.782
136.428
10.202
4.98
4.308
4.281
4.31
3.939
4.252
6.942
144.68
92.586
153.84
76.086
70.69
83.022
64.692
139.498
5.243
7.787
4.136
4.469
3.996
3.917
4.266
7.646
89.846
73.586
75.05
84.952
66.122
140.968
5.41
4.698
4.544
4.245
4.15
3.833
7.451
90.286
75.986
74.62
84.992
102.3
67.262
5.875
4.274
4.515
4.361
5.772
3.984
4.037
7.701
91.906
76.046
73.52
84.363
102.78
67.232
136.7
5.782
4.308
10.569
4.574
4.353
5.408
4.072
4.147
7.448
90.286
152.17
77.466
74.01
84.012
67.182
141.898
6.098
8.254
4.779
4.748
4.518
4.177
4.246
8.343
92.716
75.336
71.71
83.162
102.87
67.272
140.61
5.458
4.577
13.576
4.423
4.424
5.805
4.236
4.268
7.866
162.47
92.836
75.736
70.35
82.203
65.299
12.341
5.757
4.391
4.516
4.424
4.107
4.426
7.733
146.5
89.876
74.215
75.6
84.552
100.7
66.872
138.78
5.426
4.689
13.646
4.544
4.235
5.025
3.884
4.136
7.702
161.61
92.586
75.806
70.26
81.802
64.952
135.838
12.63
5.695
4.382
4.491
4.392
4.049
4.425
7.604
147.38
93.956
76.006
69.43
81.862
94.58
64.062
5.376
4.145
4.334
4.295
5.145
3.968
4.454
7.577
92.936
77.986
67.08
83.242
95.79
64.602
143.65
5.66
3.903
4.084
4.069
5.429
3.933
4.39
7.57
