5.822
4.957
4.699
8.145
5.936
4.569
7.542
5.581
4.667
4.376
4.461
5.111
7.641
5.537
4.401
5.788
7.925
5.656
4.64
4.311
4.42
7.763
5.25
3.95
4.5
4.328
5.411
7.608
5.945
6.986
4.656
4.765
4.494
8.308
5.911
4.454
4.609
5.942
7.831
5.598
4.864
4.102
4.488
7.482
5.451
4.183
4.471
4.373
5.039
7.533
5.728
4.553
4.629
4.374
5.779
7.975
5.698
4.586
4.437
4.508
7.616
5.524
4.431
5.181
7.735
5.523
4.421
5.408
7.895
5.631
4.245
4.556
5.582
7.988
5.632
4.31
4.423
4.353
5.376
7.633
5.445
4.357
4.663
7.664
5.341
4.385
4.414
4.045
7.663
5.856
7.917
4.671
4.739
4.384
8.097
5.914
4.407
4.693
4.466
5.825
4.194
7.804
5.834
7.956
4.869
4.555
7.925
4.98
7.131
4.516
4.46
7.896
5.771
7.12
4.474
7.593
5.82
7.367
4.514
4.573
7.65
5.528
4.327
7.083
5.476
4.627
4.424
4.333
5.051
7.461
5.674
4.575
4.184
4.475
7.409
5.414
4.218
4.391
4.364
5.138
7.532
5.612
4.378
4.468
5.698
7.984
5.585
4.548
4.607
4.436
5.555
7.963
5.808
4.47
4.543
7.786
5.419
4.316
4.481
5.397
7.586
5.613
4.747
7.383
5.914
7.862
4.454
7.884
5.41
4.117
4.351
5.146
7.478
5.747
3.985
4.14
5.395
7.626
