92.246
75.552
74.964
83.718
67.345
139.207
139.207
5.853
5.853
4.956
4.956
4.72
4.72
4.575
4.575
4.417
4.417
4.28
4.28
8.161
93.267
75.823
73.311
82.799
66.2
136.992
12.445
5.923
5.967
4.67
4.62
4.576
4.245
4.519
7.53
7.552
93.24
153.454
76.173
73.32
82
65
139.33
6.006
6.019
7.49
7.475
4.69
4.64
4.526
4.18
4.63
7.763
7.788
92.826
75.989
73.52
82.364
65.986
135.826
12.799
5.643
5.631
4.55
4.403
4.461
4.056
4.439
7.097
7.069
93.21
75.852
73.365
82.299
65.8
136.336
12.527
5.73
5.712
4.546
4.485
4.483
4.064
4.462
7.189
7.158
93.096
154.24
76.029
82
64.8
139.398
6.017
5.992
7.817
7.841
4.62
4.586
4.576
4.486
4.17
4.6
7.813
7.86
93.919
75.933
73.002
82.258
97.854
65.4
140.083
5.341
5.328
4.454
4.28
4.299
4.392
5.221
5.187
4.035
4.432
7.281
7.252
93.443
154.285
75.986
73.529
82.974
66.367
139.73
5.898
5.914
7.237
7.208
4.329
4.37
4.396
4.373
4.403
4.041
4.424
7.867
7.872
91.697
76.191
75.269
84.244
104.32
66.23
141.552
5.41
5.409
4.031
4.048
4.344
4.238
5.235
5.234
3.945
3.952
4.25
7.356
7.35
93.052
76.143
74.933
83.878
98.924
66.918
143.088
5.699
4.334
4.353
4.291
5.777
3.974
4.182
7.772
7.726
93.254
76.277
74.387
83.441
98.883
66.349
142.609
5.69
4.365
4.408
4.325
5.807
4.059
4.258
7.761
92.659
76.597
75.2
83.886
98.639
64.7
142.466
5.674
4.308
4.45
4.292
5.791
4.077
4.247
7.732
92.545
75.865
75.272
84.101
105.243
66.844
142.646
5.78
5.772
4.463
4.502
4.439
4.446
4.509
5.789
5.794
4.123
4.347
7.85
7.859
94.198
75.602
73.217
82.1
99.279
65.4
141.993
5.569
5.586
4.533
4.541
4.711
4.475
6.051
6.038
4.15
4.54
8.15
8.12
93.151
153.753
76.078
72.917
82.331
65
139.965
6.056
6.074
7.627
7.643
4.56
4.579
4.889
4.843
4.554
4.241
4.64
8.346
8.317
93.477
76.011
72.4
82.1
97.878
64.8
140.425
5.559
5.526
4.385
4.405
4.42
4.45
5.34
5.317
4.06
4.47
7.674
7.637
92.945
75.973
72.794
82
65.4
136.012
12.431
5.781
5.761
4.529
4.498
4.635
4.389
4.134
4.532
7.55
7.534
93.015
76.068
72.3
83.7
66.2
135.8
13.121
5.772
5.782
4.6
4.575
4.494
4.578
4.455
4.118
4.379
7.179
7.177
94.052
76.059
72.405
82.509
64.986
135.849
10.834
5.819
5.777
4.385
4.498
4.338
4.072
4.05
4.416
7.11
92.773
76.094
73.617
83.683
104.216
65.146
143.045
5.431
4.365
4.153
4.156
4.079
4.102
5.441
3.84
3.841
4.171
4.178
7.756
92.511
76.169
74.564
83.446
66.102
137.57
10.544
5.507
5.497
4.32
4.306
4.667
4.692
4.301
4.314
4.085
4.173
3.948
3.976
7.803
7.783
91.889
155.896
77.171
73.788
83.012
66.14
140.641
6.151
6.169
8.269
8.291
4.525
4.974
4.979
4.475
4.495
4.279
4.544
8.281
8.297
95.481
75.017
74.828
83.064
99.639
69.595
142.13
3.946
3.841
4.372
4.362
4.073
4.209
4.198
6.103
6.118
4.202
4.294
7.962
7.929
94.086
75.672
72.9
82
98.681
64.8
141.074
5.535
5.547
4.603
4.611
4.501
4.41
5.674
5.653
4.124
4.546
7.787
7.795
93.384
75.632
73.079
82.1
65
136.427
12.986
5.729
5.755
4.517
4.579
4.479
4.127
4.582
7.631
7.652
93.912
75.768
72.629
82.2
103.387
65.002
140.915
5.562
5.548
4.363
4.39
14.141
4.572
4.442
5.202
5.177
4.099
4.575
7.749
7.768
90.401
77.747
76.245
84.915
66.482
137.635
12.654
6.054
6.028
4.341
4.849
4.826
4.559
4.185
4.52
7.784
7.8
92.911
75.315
74.65
83.637
67.481
138.748
12.663
5.828
4.735
4.592
4.533
4.213
4.44
8.114
8.083
94.061
75.666
72.925
82.733
102.688
65.1
142.681
5.65
5.65
4.607
14.361
4.513
4.508
5.191
5.169
4.2
4.563
7.919
7.894
94.411
75.952
72.4
82.4
98.005
65.528
141.851
5.61
4.417
4.457
4.446
4.477
5.704
5.7
4.205
4.537
7.888
7.898
94.509
75.797
72.998
81.8
97.941
64.7
141.697
5.469
5.451
4.368
4.479
4.501
4.418
5.573
5.555
4.048
4.54
7.826
7.808
94.239
75.468
72.421
82.306
103.472
64.3
142.528
5.548
5.533
4.502
4.553
14.104
4.561
4.445
5.437
5.411
4.088
4.58
7.973
7.986
94.544
76.039
72.492
82.103
97.517
64.661
142.031
5.584
5.606
4.232
4.209
4.503
4.423
5.67
5.66
4.077
4.578
7.974
7.942
93.19
77.897
70.121
83.861
98.311
65.585
141.979
5.723
5.723
3.996
4.017
4.173
4.167
5.495
5.479
4.026
4.489
7.669
7.679
