90.591
74.83
75.033
83.695
67.454
139.015
12.982
5.836
4.974
4.754
4.599
4.42
4.299
8.144
147.034
92.928
75.287
82.378
67.219
136.898
13.358
5.928
4.617
4.51
4.558
4.348
4.166
7.644
148.085
93.75
75.439
72.236
81.958
97.384
64.679
140.588
5.552
4.67
4.574
4.467
5.273
4.614
4.16
7.661
93.14
152.139
75.641
73.126
65.986
139.288
5.953
6.924
4.737
4.658
4.548
4.204
7.942
92.805
75.152
75.28
82.164
65.349
135.938
12.839
5.516
4.495
4.642
4.468
4.55
4.108
7.143
147.42
91.95
156.037
76.187
73.46
82.33
65.506
139.013
6.043
8.558
4.575
4.614
4.552
4.554
4.184
7.986
94.431
75.561
73.215
83.611
103.537
66.428
141.408
5.505
4.261
13.4
4.282
4.495
5.062
4.391
4.063
7.253
162.034
94.094
75.467
72.227
81.97
97.249
141.544
5.547
4.405
4.574
4.468
5.545
7.806
93.615
75.558
72.319
82.661
103.742
64.995
141.066
5.505
4.433
13.079
4.448
4.518
5.326
4.525
4.104
7.639
160.303
90.859
75.556
83.642
66.421
137.576
10.333
5.503
4.504
4.626
4.496
4.388
4.117
7.827
145.276
91.335
75.234
75.703
84.081
104.083
66.621
143.253
5.691
4.461
4.48
4.218
5.493
4.186
4.048
7.604
90.762
154.738
76.793
76.154
84.266
66.506
141.618
5.663
7.973
4.538
4.647
4.206
3.923
3.849
8.118
91.277
154.736
75.543
75.404
84.368
67.231
142.299
5.937
7.947
4.884
5.05
4.484
4.347
4.164
8.096
91.207
75.649
75.603
84.336
105.039
67.009
143.185
5.97
4.472
4.738
4.537
5.805
4.427
4.262
7.75
93.014
153.026
75.157
74.203
83.017
67.38
140.791
5.182
7.407
4.717
4.49
4.491
4.413
4.293
8.259
92.736
75.242
72.623
81.996
65.912
136.073
12.408
5.54
4.599
4.474
4.467
4.423
4.096
7.108
146.454
93.204
153.441
75.668
72.734
82.293
65.01
139.082
5.867
7.306
4.599
4.705
4.502
4.614
4.167
7.618
91.702
155.832
76.162
73.741
82.391
65.706
138.741
5.918
8.496
4.549
4.565
4.556
4.545
4.183
7.916
94.918
75.331
73.134
82.485
98.032
66.565
140.722
5.454
4.362
4.229
4.501
5.156
4.388
4.065
7.113
93.471
75.231
72.919
82.164
103.401
66.448
141.748
5.518
4.641
13.627
4.571
4.468
5.295
4.391
4.12
7.881
162.202
92.784
75.253
72.699
81.966
65.48
136.349
12.504
5.792
4.535
4.615
4.523
4.553
4.174
7.749
147.253
94.051
75.973
71.985
82.175
96.836
64.556
141.136
5.505
4.524
4.47
4.411
5.199
4.605
4.075
7.687
92.85
77.483
69.609
83.48
98.152
65.124
141.683
5.775
4.036
4.207
4.189
5.516
4.508
4.047
7.675
