92.851
74.748
75.414
84.09
66.55
5.737
4.872
4.826
4.571
3.938
8.161
92.116
150.944
75.936
73.665
66.647
140.433
6.171
7.616
4.766
4.691
4.598
4.54
4.4
8.184
93.457
75.416
73.488
82.539
66.48
136.34
5.608
4.545
4.161
4.506
4.374
4.069
7.018
94.35
75.578
72.206
81.671
64.182
138.05
5.495
4.479
4.522
4.388
5.252
4.461
4.114
7.501
92.43
150.828
76.037
73.446
82.436
66.084
140.78
6.009
7.573
4.718
4.58
4.496
4.399
4.138
8.047
93.422
74.996
73.304
82.49
66.322
135.919
5.539
4.501
4.35
4.483
4.393
4.062
6.996
94.153
75.379
72.296
82.175
64.487
141.275
5.572
4.514
4.489
4.454
4.997
4.566
4.108
7.799
93.985
75.327
72.392
81.914
64.688
140.284
5.703
4.523
4.555
4.491
5.608
4.582
4.145
8.044
93.854
75.565
72.562
82.149
64.929
139.369
5.613
4.279
4.472
4.462
5.717
4.568
4.156
7.881
94.335
76.016
72.313
82.159
64.636
138.641
5.695
4.149
4.614
4.375
5.664
4.507
4.122
7.781
94.442
75.094
72.218
82.2
95.45
64.412
139.99
5.42
4.403
4.53
4.426
5.73
4.466
4.106
7.914
94.469
75.476
72.103
82.014
64.338
139.766
5.396
4.3
4.493
4.373
5.544
4.561
4.081
7.779
93.822
75.692
72.285
82.005
64.529
138.717
5.591
4.492
4.469
4.374
5.314
4.505
4.1
7.626
93.06
75.255
73.529
82.894
65.802
137.253
5.571
4.437
4.561
4.431
4.367
4.095
7.686
92.659
75.605
74.596
83.158
95.75
65.568
140.23
5.288
3.913
4.219
3.882
5.511
4.092
3.887
7.479
90.111
152.853
77.151
76.128
85.362
67.131
141.932
5.964
8.034
4.728
4.728
4.414
4.103
3.965
8.226
91.224
75.575
76.362
84.548
67.555
141.562
5.913
4.441
4.707
4.462
5.86
4.202
4.215
7.801
91.696
153.09
75.885
83.599
67.887
141.195
5.947
8.121
4.868
4.646
4.373
4.245
8.024
92.795
150.96
75.372
74.096
82.491
67.418
140.241
5.391
7.614
4.67
4.48
4.478
4.381
4.298
8.031
90.62
82.809
67.689
135.947
5.596
4.505
4.446
4.21
4.05
7.094
93.097
75.669
72.879
82.083
65.084
136.348
5.73
4.471
4.519
4.424
4.501
4.062
7.215
92.114
151.51
75.615
73.86
82.77
66.419
140.667
5.919
7.778
4.459
4.33
4.47
4.392
4.047
7.696
93.013
75.413
73.675
82.711
65.687
5.275
4.079
4.354
4.313
5.168
4.326
4.017
7.259
90.815
74.957
75.375
83.299
66.386
136.976
5.75
4.744
4.626
4.489
4.342
4.117
7.689
93.034
150.668
75.511
76.091
82.973
67.125
140.068
5.945
7.205
4.66
4.605
4.597
4.486
4.345
7.896
92.605
151.497
75.507
73.073
81.768
64.996
138.962
5.943
7.787
4.536
4.604
4.523
4.604
4.156
7.836
94.129
75.561
72.424
81.839
95.238
64.728
138.062
5.352
4.304
4.289
4.388
5.186
4.501
4.045
7.305
92.832
139.171
5.686
5.519
7.762
93.513
136.928
5.717
4.627
7.524
94.082
75.617
72.233
82.432
64.136
139.875
5.495
4.137
4.553
4.393
5.403
4.496
4.075
7.704
93.483
75.752
73.584
83.064
65.186
141.087
5.644
4.244
4.498
4.379
5.654
4.423
4.064
8.081
92.87
77.423
70.119
83.516
65.328
140.329
5.906
4.012
4.242
4.185
5.765
4.47
4.052
7.756
