92.294
92.294
75.502
75.502
74.353
83.497
66.668
139.243
12.954
5.835
4.967
4.727
4.561
4.278
4.278
4.428
8.154
8.154
147.05
91.599
137.084
13.457
5.936
4.561
4.428
4.51
4.236
4.252
7.587
148.101
94.108
75.76
72.697
82.536
102.821
64.806
141.893
5.618
4.518
14.428
4.504
4.487
5.134
4.135
7.844
162.313
93.968
75.863
73.067
82.397
103.463
65.187
142.436
5.692
4.487
13.881
4.526
4.491
5.616
4.136
4.552
8.026
162.806
94.14
72.95
75.979
82.172
97.686
65.439
141.766
5.571
4.459
4.407
4.473
5.681
4.136
4.562
7.884
93.309
76.059
75.399
82.878
97.822
64.775
141.292
5.515
4.349
4.558
4.465
5.574
4.095
4.566
7.73
94.463
72.474
75.622
82.249
97.695
64.462
141.59
5.447
4.521
4.35
4.391
5.661
4.079
4.531
7.878
94.055
75.895
72.427
82.069
97.806
64.486
141.453
5.357
4.229
4.466
4.334
5.567
4.054
4.515
7.803
93.835
72.853
76.121
82.528
104.26
64.815
140.851
5.56
4.456
4.445
4.362
5.297
4.072
4.479
7.587
92.556
75.738
74.21
83.319
66.095
137.097
5.569
4.435
4.568
4.416
4.09
4.36
7.683
92.577
76.068
75.097
83.573
97.94
66.022
142.515
5.296
3.915
4.225
3.958
5.525
4
4.094
7.487
156.211
85.921
141.968
5.943
8.026
4.583
4.432
4.384
3.95
8.211
91.096
77.008
75.971
85.181
105.541
67.855
143.739
5.899
4.683
4.391
4.429
5.833
4.171
4.165
7.778
92.957
155.393
76.344
141.223
5.94
8.108
4.86
4.615
4.241
8.025
92.675
153.802
140.369
5.396
7.688
4.49
4.72
4.375
4.296
8.064
94.42
74.108
72.659
82.273
67.513
136.37
12.467
5.493
4.345
4.458
4.387
4.047
4.348
7.072
147.481
91.338
77.565
75.602
84.066
66.238
137.01
12.716
5.812
4.283
4.693
4.487
4.124
4.492
7.365
147.997
91.326
155.193
76.43
75.613
84.24
67.227
141.526
6.076
8.018
4.656
4.75
4.517
4.188
4.342
8.179
92.688
75.574
74.736
83.07
67.599
136.815
12.709
5.588
4.721
4.414
4.508
4.13
4.337
7.41
93.119
75.881
73.535
82.469
66.245
136.684
12.301
5.765
4.631
4.537
4.497
4.113
4.305
7.274
146.862
93.213
153.037
139.383
5.923
7.16
4.599
4.546
4.654
7.723
90.163
153.94
138.962
5.928
7.81
4.503
4.58
7.817
94.167
76.135
72.63
82.158
97.148
64.91
140.574
5.387
4.121
4.347
4.361
5.182
4.016
4.495
7.441
93.129
77.874
70.239
83.807
98.343
65.526
141.754
5.775
4.001
4.173
4.16
5.451
4.026
4.459
7.64
