139.452
5.693
4.803
8.041
92.53
137.408
12.252
5.787
4.581
4.475
7.448
146.706
93.131
153.982
139.771
5.84
7.104
4.569
7.662
154.604
139.526
5.751
7.666
4.421
7.578
93.265
103.598
141.17
5.297
4.435
13.982
4.871
7.257
161.556
105.396
5.366
4.042
11.598
4.104
5.561
7.742
157.94
103.916
143.209
5.354
4.409
13.207
4.471
5.523
7.906
161.513
92.618
154.222
140.288
5.862
6.95
4.272
8.065
91.959
103.413
141.408
5.391
4.339
13.395
4.353
4.965
7.437
161.8
137.557
9.78
5.547
4.621
4.2
7.456
141.559
92.678
154.293
139.543
5.729
7.392
4.571
4.502
7.485
92.818
136.308
13.157
5.468
4.337
4.231
6.953
147.823
103.171
5.421
4.569
13.296
4.333
4.95
7.588
161.569
154.222
140.008
5.845
7.047
4.538
4.427
7.952
92.837
98.621
141.578
5.189
3.903
4.37
5.392
7.692
93.286
98.044
5.492
4.214
4.097
5.4
7.569
105.489
140.998
5.37
3.597
4.382
4.202
5.538
7.637
88.869
105.859
145.01
5.977
4.521
3.971
5.756
4.099
4.1
7.9
88.742
99.009
5.834
3.97
4.35
3.662
5.988
3.477
2.579
7.56
94.151
142.799
9.704
5.861
4.73
5.529
4.288
4.287
4.058
7.764
143.156
139.731
12.708
4.331
4.409
4.998
4.276
8.27
147.25
93.328
148.904
5.985
8.155
4.527
4.428
7.796
92.84
103.985
5.286
4.273
13.652
4.435
5.34
7.534
162.854
92.342
154.345
140.089
5.892
7.032
4.432
4.54
8.039
93.41
97.598
140.995
5.209
4.113
4.165
5.086
7.321
93.611
103.904
5.409
4.572
13.747
4.232
5.205
7.598
161.453
93.701
105.39
5.299
4.17
11.288
4.454
5.669
7.764
157.712
153.984
141.101
5.738
7.079
4.36
8.252
92.945
103.171
5.323
4.276
13.094
4.955
7.519
161.121
91.702
153.248
140.147
5.941
6.491
4.5
4.591
7.981
136.946
10.461
5.359
4.571
4.105
6.789
142.294
92.936
155.035
139.743
5.796
7.808
4.344
7.607
102.924
5.416
4.282
13.921
4.313
4.851
4.86
7.511
161.884
103.592
142.845
5.538
4.364
13.658
4.383
5.429
7.873
161.896
93.991
97.851
5.446
4.094
5.551
7.759
92.469
98.506
5.607
3.864
5.367
7.528
