140.2
5.846
5.102
4.802
4.562
8.212
75.007
72.495
137.4
13.5
5.932
4.475
4.667
7.736
147.7
75.177
72.575
79.65
103
142.5
5.669
4.422
14.53
4.628
4.519
5.09
7.914
161.7
92.942
75.527
72.395
79.67
104.8
142.4
5.959
4.19
13.78
4.56
4.459
5.548
7.96
161.7
103.9
142.9
5.924
12.24
5.482
7.652
93.142
74.907
73.375
80.4
99.01
144.1
5.652
4.336
4.166
4.531
5.899
7.848
92.142
75.327
72.355
79.57
104.1
142.5
5.691
4.422
12.8
4.346
4.44
5.499
7.943
160.3
94.092
75.407
71.475
79.83
141
5.364
4.448
13.22
4.36
4.397
5.551
7.697
161.8
94.142
75.397
72.065
78.74
103.1
141.3
5.426
4.305
13.56
4.228
4.356
5.472
7.538
94.242
75.537
71.825
78.78
103.3
141.3
5.417
4.296
14
4.315
4.339
5.492
7.461
162.2
94.312
76.487
72.405
78.69
102.8
64.399
142.4
5.63
4.04
12.95
4.3
4.346
5.496
4.516
4.088
7.506
93.332
153
74.907
72.545
80.56
142.1
6.088
6.969
4.897
4.775
4.584
8.523
137.5
11.75
5.866
4.443
7.474
93.012
75.387
71.715
79.59
104
140.1
5.47
4.358
13.3
4.565
4.42
5.327
7.619
160.5
92.162
75.407
72.055
82.81
136
11.71
5.798
4.481
4.679
4.547
7.553
145
92.142
154.4
75.887
72.625
79.66
139.1
5.836
7.733
4.317
4.509
4.493
7.735
92.602
75.627
72.405
79.69
102.7
140.2
5.509
4.494
14.28
4.367
4.405
5.103
7.597
162
94.242
75.237
73.465
80.08
104.5
141.9
5.554
4.473
13.59
4.294
4.573
5.559
7.667
162.7
93.752
71.917
75.285
80.12
142.1
5.612
4.511
13.23
4.492
4.576
5.53
7.927
162
74.917
103.9
142.7
5.602
4.32
3.51
5.459
7.964
162.8
93.602
75.397
71.885
79.67
103.3
142.6
5.59
4.262
13.42
4.562
4.478
5.365
7.97
163
93.412
71.437
79.28
97.13
141.7
5.564
4.401
4.407
5.42
7.811
92.322
75.237
71.675
79.37
98.88
139.8
5.504
4.24
4.387
4.409
5.57
7.481
93.002
75.057
71.895
138.8
5.674
6.077
4.303
4.621
7.63
92.792
153.4
75.487
71.985
79.75
139.2
5.655
7.153
4.277
4.632
4.481
7.651
92.292
154.5
75.737
72.305
79.6
64.819
139.3
6.259
7.976
4.457
4.662
4.483
4.556
4.134
7.936
93.512
75.307
72.495
79.56
97.37
141
5.435
4.086
4.321
4.297
5.265
7.577
92.452
77.027
81.82
99.1
142.4
5.894
4.14
4.077
5.493
7.733
91.392
77.085
82.18
99.55
143.7
5.978
4.388
4.516
4.481
6.054
7.863
91.742
83.19
143.5
6.026
4.42
4.429
6.046
7.947
91.212
75.657
75.005
105.2
143.9
5.895
4.414
4.687
5.95
8.062
75.827
105.7
143.9
5.934
4.42
5.859
7.839
105.8
145.1
6.085
6.094
7.826
86.452
73.917
77.495
82.76
66.309
138.1
11.91
5.843
4.849
5.014
4.565
4.176
4.157
7.561
146.4
89.982
75.647
76.925
83.56
106.1
68.789
144.2
6.156
4.546
4.839
4.616
6.053
4.388
4.365
7.974
93.042
77.327
72.425
83.27
138
12.15
5.821
4.865
4.346
4.668
4.122
7.481
145.3
99.35
144.3
6.066
4.52
6.157
8.135
94.892
152.9
75.477
75.975
81.25
70.589
139.2
5.989
7.141
5.023
4.646
4.71
4.537
3.964
7.203
92.842
152.6
76.487
75.015
81.16
67.449
139.2
5.883
7.064
4.798
4.809
4.512
4.439
4.106
6.999
93.962
153
76.427
74.915
81.38
69.049
139.8
5.968
7.183
4.946
4.859
4.602
4.374
4.231
7.276
94.162
152.9
75.557
74.515
81.19
69.549
140.4
5.984
7.043
5.06
5.19
4.711
4.386
4.127
7.387
93.832
154.3
75.147
73.015
79.8
67.939
140.3
6.07
7.88
4.567
4.639
4.628
4.179
7.51
93.382
75.517
72.045
79.73
102.4
143
5.688
4.314
14.24
4.606
4.498
4.898
8.063
162.2
93.252
75.297
72.065
79.34
97.96
142.1
5.658
4.348
4.701
4.456
5.61
8.015
92.452
153.8
139.5
5.935
7.337
7.977
92.922
75.467
72.295
79.97
103.4
63.919
141.3
5.147
4.002
11.86
4.375
4.358
5.537
4.023
4.499
7.594
157.9
72.725
79.94
142.4
5.673
4.52
4.341
5.408
7.824
90.632
155.1
77.947
71.365
82.64
64.809
141.1
5.982
4.143
4.335
4.272
4.489
4.075
8.204
