92.3591 92.4228 92.4217 92.4053 92.3496 92.5741 92.1794 92.1574 92.3436 92.4387 92.3317 92.0248 92.0795 92.1698 92.2604 92.0037 92.0815 92.3511 92.1893 92.4213 92.2452 92.1709 92.2826 91.9901 92.0814 92.2118 92.2182 92.2679 91.9949 92.1829
75.4233 75.3379 75.3419 75.4478 75.2225 75.272 75.5481 75.3812 75.4024 75.3383 75.5096 75.5183 75.6388 75.5721 75.3826 75.6454 75.397 75.3925 75.4127 75.3595 75.4388 75.6369 75.41 75.5431 75.5275 75.4345 75.3539 75.4054 75.7158 75.6024
82.8656 82.804 82.8095 82.8214 82.8202 82.5937 82.8258 82.6629 82.5906 82.3714 82.6508 82.8265 82.8088 82.649 82.831 82.8805 82.7201 82.6091 82.79 82.8962 82.6351 82.8926 82.6586 82.8208 82.8096 82.7203 82.6818 82.6648 82.9064 82.6037
136.234 136.006 135.919 136.242 135.985 136.922 136.569 136.32 136.309 136.204 136.317 136.695 136.496 136.482 136.565 136.704 136.499 136.401 136.594 137.917 136.236 136.771 136.393 136.678 136.626 136.485 136.466 136.439 136.772 136.155
12.454 12.4133 12.4799 12.4598 12.0024 12.2177 12.0505 12.1944 12.5647 12.4817 12.5654 12.2699 12.3032 12.2648 12.2767 12.3137 12.2905 12.2993 12.2647 12.2924 12.2084 12.2955 12.2737 12.2938 12.2727 12.2879 12.2888 12.2855 12.2946 12.2677
5.66841 5.63661 5.63763 5.68567 5.62079 5.65121 5.63885 5.66519 5.64221 5.6678 5.66804 5.85348 5.86318 5.85923 5.85892 5.85138 5.86494 5.83887 5.84501 5.85784 5.84884 5.87239 5.84585 5.84977 5.8671 5.84311 5.83219 5.84594 5.87212 5.86313
4.64229 4.65465 4.65326 4.65609 4.6651 4.2942 4.28201 4.28777 4.31083 4.31053 4.30588 4.64779 4.63813 4.67412 4.68157 4.66614 4.6075 4.65691 4.67239 4.73368 4.6815 4.63398 4.67132 4.66342 4.64718 4.6746 4.67579 4.66013 4.64668 4.68294
4.62768 4.60953 4.61255 4.62763 4.5981 4.56113 4.52551 4.62985 4.56286 4.5522 4.55785 4.6474 4.66769 4.63825 4.64284 4.63924 4.63429 4.60256 4.66013 5.00138 4.61328 4.64715 4.63319 4.63559 4.63662 4.63677 4.6264 4.62162 4.64157 4.63192
4.45519 4.45981 4.45634 4.45635 4.45736 4.45582 4.43328 4.48712 4.45893 4.44674 4.4498 4.50187 4.47413 4.49893 4.4858 4.49407 4.49331 4.4962 4.50011 4.4878 4.49601 4.4862 4.49944 4.498 4.50112 4.49324 4.49701 4.49928 4.48263 4.48302
4.42391 4.42098 4.41204 4.42492 4.3903 4.34456 4.33558 4.31713 4.35806 4.37874 4.35606 4.68841 4.68714 4.6685 4.66918 4.6944 4.66374 4.65137 4.67652 4.6544 4.67263 4.68975 4.65402 4.70172 4.70467 4.65999 4.6552 4.65144 4.7007 4.66763
7.28078 7.29118 7.27444 7.27635 7.28087 7.47568 7.41269 7.41234 7.45827 7.42577 7.40128 7.37941 7.41374 7.40978 7.37877 7.43159 7.42624 7.4583 7.42296 8.00435 7.42239 7.49242 7.45533 7.41106 7.40482 7.43264 7.46647 7.44999 7.44067 7.41804
146.857 146.228 146.539 147.094 145.461 147.552 146.881 146.877 147.28 147.451 147.611 147.663 147.476 148.071 147.681 147.64 147.38 147.475 147.893 147.622 147.428 147.5 148.017 147.571 147.56 147.761 147.54 147.524 147.441 148.083
92.7669 92.8548 92.8578 92.931 93.0288 93.0043 92.9151 92.8496 92.7284 92.885 92.6517 92.6558 92.6174 92.6947 92.8709 92.7106 92.4249 92.9307 92.7718 92.8893 92.9151 92.7463 92.8649 92.8163 92.7806 92.8197 92.8651 92.9328 92.7013 92.8473
153.546 153.726 153.668 153.358 154.173 153.95 153.851 153.583 154.237 154.108 154.068 153.957 153.905 153.795 153.877 153.858 154.08 153.896 153.797 153.901 153.995 154.015 153.724 153.817 153.94 153.791 153.876 153.899 153.878 153.812
74.916 74.977 74.9384 74.9224 75.0588 75.7231 75.6543 75.5476 75.4168 75.257 75.2859 75.4684 75.4576 75.2399 75.0591 75.0706 75.2821 74.965 74.9804 75.0474 75.0388 75.6001 75.042 74.9878 75.4983 75.1762 74.9894 75.1487 75.2708 75.1747
74.1125 74.0934 74.0753 73.9053 74.2162 73.1688 72.487 73.4022 73.0708 73.1811 73.3163 73.743 73.1476 73.3465 73.6025 73.3733 73.593 73.1652 73.5934 73.2586 73.5063 72.8809 73.5359 73.1698 73.1023 72.9729 73.4596 73.1653 72.9385 73.2698
82.9024 82.8877 82.9008 82.7831 82.8731 82.6747 82.5399 82.9233 82.7038 82.6729 82.7538 82.9722 82.8733 82.7887 82.7414 82.8015 82.9986 82.6593 82.7742 82.6788 82.6522 82.9214 82.7631 82.7146 82.771 82.6159 82.7262 82.6807 82.8037 82.7333
139.521 139.421 139.413 139.317 139.613 139.505 139.765 139.476 139.613 139.296 139.379 139.684 139.493 139.651 139.486 139.517 139.763 139.524 139.581 139.593 139.383 139.65 139.623 139.463 139.578 139.589 139.598 139.589 139.734 139.494
5.93397 5.94098 5.93414 5.93698 5.96876 5.97526 5.95361 5.92974 5.90686 5.89463 5.93044 6.44437 6.44981 6.42884 6.41917 6.41825 6.45529 6.40193 6.40968 6.42081 6.41679 6.4719 6.4203 6.41632 6.45351 6.41815 6.40556 6.41659 6.437 6.4373
7.71422 7.70722 7.69763 7.64281 7.78327 7.78972 7.62535 7.53988 7.88331 7.87908 7.93214 7.25033 7.26849 7.21173 7.23205 7.23468 7.24927 7.23659 7.23605 7.24524 7.09781 7.23686 7.18497 7.22782 7.22838 7.21523 7.23501 7.25915 7.26043 7.20916
4.57379 4.55589 4.56091 4.56488 4.5406 4.27662 4.26211 4.31222 4.19869 4.18259 4.29574 4.65337 4.60786 4.63566 4.60751 4.62042 4.61214 4.61035 4.62407 4.6199 4.60346 4.57346 4.61804 4.62126 4.6119 4.62386 4.62323 4.59259 4.57092 4.61252
4.65163 4.64676 4.64565 4.64769 4.64886 4.59939 4.55843 4.6066 4.56412 4.57139 4.57408 4.78813 4.74744 4.8009 4.80306 4.77441 4.78283 4.7908 4.80228 4.78195 4.78802 4.72825 4.79249 4.77156 4.79217 4.79207 4.80036 4.80566 4.76982 4.78367
4.50706 4.50214 4.49995 4.50278 4.50637 4.46917 4.47962 4.48736 4.47387 4.46157 4.48045 4.61204 4.61489 4.61846 4.62157 4.61271 4.60761 4.60767 4.62108 4.61608 4.61009 4.61833 4.61804 4.61186 4.61203 4.61766 4.61235 4.61586 4.61502 4.62117
4.45748 4.46082 4.45698 4.46583 4.45993 4.45263 4.44332 4.46595 4.48494 4.48016 4.49946 4.65511 4.69913 4.70183 4.66469 4.69677 4.65228 4.64387 4.6681 4.64808 4.66238 4.67422 4.65353 4.68542 4.64869 4.69392 4.68114 4.64145 4.68629 4.7478
7.69824 7.71918 7.7152 7.67774 7.80797 7.92035 7.85656 7.78934 7.8328 7.79936 7.79359 7.72111 7.79444 7.73375 7.72216 7.70876 7.81786 7.77988 7.7312 7.7118 7.75542 7.77743 7.72582 7.73118 7.75053 7.72982 7.74657 7.77554 7.80146 7.76913
93.3262 93.3437 93.3567 93.3931 93.3746 93.108 93.0601 93.3057 93.384 93.4722 93.4802 93.2813 93.3888 93.3581 93.3521 93.5372 93.4246 93.6167 93.4365 93.644 93.4819 93.3275 93.5382 93.5593 93.2305 93.4069 93.5721 93.527 93.472 93.4325
75.2587 75.2552 75.2688 75.3279 75.2394 75.3352 75.2668 75.5173 74.8866 74.8172 74.7084 75.3997 75.3591 75.2293 75.5767 75.298 75.418 75.2267 75.1619 75.1607 75.354 75.5163 75.3281 75.195 75.4215 75.3501 75.1027 75.5085 75.6363 75.144
74.2032 74.1426 74.0242 74.0149 74.0329 72.0579 72.3233 72.249 72.5914 72.2729 72.4449 72.3013 71.9504 72.2282 71.9312 72.1817 72.2197 72.1036 72.033 72.0744 72.1831 71.8063 72.0309 72.2096 71.4077 71.6215 72.0823 71.5157 71.8059 71.7145
82.9333 82.8585 82.8439 82.7959 82.7372 82.8041 83.0495 82.6964 82.4431 82.1414 82.2672 82.6057 82.5089 82.4814 82.411 82.4313 82.5597 82.3457 82.513 82.3413 82.5187 82.6426 82.4995 82.3861 82.4683 82.6158 82.2851 82.4829 82.4852 82.4289
101.962 101.905 101.917 101.974 101.859 102.699 102.828 103.188 103.242 103.162 103.328 102.806 103.018 103.002 102.853 102.82 103.262 102.932 102.792 103.137 102.838 102.969 102.875 102.931 102.864 103.414 103.056 103.008 103.251 103.14
141.021 141.024 141.042 141.079 141.048 141.599 141.331 141.302 141.768 141.684 141.727 141.17 141.109 141.045 140.875 141.004 141.389 141 140.9 141.042 140.918 141.11 140.863 140.893 141.138 141.528 140.873 141.052 141.355 140.755
5.52474 5.52714 5.52044 5.52894 5.5221 5.52607 5.47753 5.52192 5.31542 5.35356 5.37357 5.48845 5.47688 5.48242 5.50543 5.46871 5.47044 5.45692 5.47201 5.47629 5.48597 5.46271 5.48136 5.47309 5.47041 5.4769 5.46302 5.44699 5.44947 5.47012
4.35396 4.35504 4.35728 4.35393 4.35345 4.2443 4.19428 4.17876 4.25827 4.25532 4.28255 4.44152 4.37855 4.41505 4.41796 4.41555 4.3774 4.42548 4.42477 4.43074 4.4365 4.34117 4.39577 4.40511 4.41527 4.3163 4.43507 4.32075 4.32745 4.43375
14.1592 14.0758 14.0624 13.9488 13.9936 13.4662 13.5367 13.7087 13.5537 13.5066 13.4275 13.7588 13.6938 13.6813 13.7355 13.7002 13.8236 13.7246 13.6215 13.8068 13.7334 13.7321 13.6491 13.6114 13.7872 13.586 13.6796 13.6749 13.7174 13.7545
4.44466 4.44856 4.4502 4.45247 4.45649 4.5047 4.48793 4.4398 4.46052 4.4288 4.42563 4.58794 4.58141 4.58838 4.57334 4.57584 4.56263 4.55593 4.58283 4.56101 4.55286 4.58978 4.57987 4.57627 4.59855 4.58313 4.56516 4.56285 4.5684 4.57305
4.40886 4.40744 4.40753 4.4104 4.40899 4.40602 4.40206 4.43442 4.40904 4.42236 4.40245 4.4618 4.45853 4.45636 4.43683 4.43501 4.44406 4.43179 4.45062 4.43393 4.42832 4.43982 4.44691 4.45264 4.44665 4.44723 4.44461 4.44802 4.4433 4.42796
4.935 4.86113 4.88851 4.90586 4.77763 5.40229 5.23892 5.211 5.43386 5.37058 5.44166 5.08296 5.16278 5.04081 5.06419 5.09224 4.94774 5.10794 5.05088 5.07861 5.01512 5.08521 5.01072 5.10963 5.03107 5.0938 5.08695 5.0883 5.15798 5.02213
4.32165 4.28574 4.2926 4.30523 4.23055 4.46704 4.47822 4.59722 4.058 4.08038 4.0063 4.50065 4.61749 4.47516 4.43145 4.36023 4.47996 4.3865 4.44361 4.32716 4.41469 4.72261 4.44019 4.36911 4.63548 4.54182 4.44891 4.62024 4.63633 4.50446
7.53877 7.53453 7.53572 7.5339 7.52554 7.8186 7.68004 7.68037 7.70521 7.67508 7.67874 7.49983 7.56981 7.55097 7.5817 7.55217 7.50737 7.53864 7.55202 7.54816 7.53124 7.53204 7.52769 7.54147 7.56958 7.56649 7.51644 7.52648 7.58479 7.54206
162.977 162.635 162.549 162.774 161.917 160.771 161.377 162.181 159.482 159.624 159.853 161.961 162.166 162.261 162.239 162.266 161.862 162.181 162.211 162.214 161.94 162.176 162.325 162.42 162.102 161.652 162.312 161.854 162.038 162.299
93.8339 93.8699 93.8561 93.8856 93.8723 93.5268 93.46 93.4472 93.757 93.5201 93.5556 93.5899 93.5049 93.5452 93.4183 93.7131 93.4787 93.6268 93.5353 93.605 93.5537 93.3446 93.5718 93.5945 93.4047 93.3534 93.6037 93.0901 93.4359 93.5257
75.5971 75.5922 75.5807 75.5852 75.6157 75.4745 75.3378 75.2689 75.7357 75.8475 75.5663 75.6446 75.5249 75.5164 75.7114 75.6484 75.6178 75.5658 75.5283 75.6875 75.691 75.6111 75.6976 75.5412 75.4365 75.8694 75.6506 75.885 76.6065 75.5675
72.9274 72.9359 72.8229 72.7729 73.0592 72.641 72.2622 72.9126 72.4421 72.4837 72.1753 72.4216 72.3509 72.3302 72.3243 72.0697 72.0055 72.0975 72.5136 72.015 71.9759 71.6867 72.348 72.4319 72.0159 72.1621 72.3053 72.2033 72.4195 71.9202
82.0933 82.0793 82.0248 81.9715 82.0975 82.6057 82.6134 82.6566 82.5815 82.6103 82.7861 82.3646 82.6731 82.518 82.6157 82.3763 82.4233 82.4142 82.6726 82.5001 82.4233 82.7042 82.5702 82.5946 82.4849 82.9332 82.2339 82.785 82.6331 82.539
97.7273 97.7486 97.8065 97.858 97.8874 96.0044 96.3604 97.2749 97.1262 96.7642 96.8311 97.3992 96.4408 96.8661 98.1345 96.9841 98.1319 98.2703 96.1784 98.4233 97.8548 96.7343 96.6964 96.7091 96.8845 95.7405 98.3644 96.3389 97.653 97.6401
141.592 141.567 141.566 141.555 141.563 141.596 141.643 141.919 141.845 141.68 141.676 141.797 142.031 141.913 142.181 141.64 142.349 142.199 142 142.479 142.284 141.932 141.948 141.905 142.023 142.046 142.127 141.961 142.079 142.266
5.59827 5.60086 5.59774 5.60438 5.59913 5.54134 5.51848 5.5025 5.53578 5.54012 5.54711 5.57969 5.57154 5.56492 5.60406 5.57251 5.59882 5.58619 5.55913 5.60289 5.59074 5.61317 5.56512 5.56865 5.56448 5.62571 5.58172 5.6285 5.62338 5.57814
4.27873 4.284 4.28463 4.29019 4.28201 4.32182 4.17543 4.46352 4.14902 4.13993 4.15101 4.38537 4.40313 4.41347 4.38819 4.42783 4.43307 4.40623 4.39985 4.4052 4.41718 4.43261 4.38127 4.40112 4.46288 4.41842 4.37679 4.37862 4.34832 4.4655
4.43771 4.43806 4.44003 4.44313 4.43999 4.44893 4.40781 4.41804 4.44488 4.44375 4.42916 4.45898 4.45157 4.45509 4.43419 4.44466 4.43736 4.43596 4.45477 4.44112 4.41375 4.43069 4.45196 4.45473 4.42638 4.45984 4.43832 4.43083 4.4701 4.42494
4.39707 4.39964 4.40083 4.40679 4.40209 4.34948 4.383 4.33185 4.37759 4.37928 4.36869 4.44424 4.41942 4.42542 4.39906 4.44172 4.39774 4.40121 4.42106 4.39631 4.39319 4.41805 4.42744 4.4305 4.4075 4.41769 4.4126 4.41595 4.4318 4.39335
5.62354 5.61359 5.59903 5.59893 5.59846 5.62933 5.64071 5.68724 5.63074 5.66318 5.65462 5.55742 5.55539 5.57545 5.58517 5.53229 5.57067 5.5866 5.54636 5.59953 5.48826 5.54139 5.51962 5.56949 5.53198 5.5753 5.62077 5.59979 5.60813 5.58153
4.37863 4.37374 4.40492 4.39413 4.36835 4.25763 4.36911 4.22908 4.34576 4.33983 4.2855 4.56899 4.4556 4.52617 4.62213 4.52585 4.59518 4.6183 4.51348 4.61943 4.59689 4.57371 4.52253 4.5135 4.52972 4.31561 4.72478 4.31024 4.43423 4.54405
4.1855 4.18863 4.21607 4.22896 4.18612 4.22043 4.16702 4.20304 4.17292 4.17209 4.19572 4.52421 4.51994 4.52747 4.55543 4.52807 4.55323 4.54606 4.5285 4.56428 4.5152 4.5171 4.5278 4.52038 4.49111 4.54213 4.58997 4.52933 4.49435 4.53338
7.77814 7.77677 7.77205 7.77205 7.77897 7.89803 7.90251 7.88632 7.84256 7.84384 7.84615 7.83526 7.8982 7.86146 7.88124 7.84499 7.90845 7.87314 7.86862 7.89288 7.86207 7.89663 7.87479 7.87386 7.86937 7.98668 7.85404 7.93869 7.89099 7.91351
93.6386 93.6684 93.6406 93.6494 93.6658 93.5918 93.4284 93.4315 93.8143 93.6645 93.6627 93.3995 93.5092 93.3097 93.3171 93.459 93.4456 93.3239 93.3388 93.4944 93.3366 93.2637 93.4783 93.5046 93.5686 93.5202 93.4743 93.2521 93.9402 93.6735
75.9416 75.9135 75.9306 75.948 75.8874 75.5276 75.7888 75.401 75.6525 75.6339 75.6648 75.9048 75.8422 75.6929 75.9782 76.0675 75.8131 76.0604 76.0809 75.8871 76.0929 75.9099 75.7149 75.7913 76.1058 75.578 75.8808 75.9967 75.6546 76.0483
72.7429 72.6808 72.8367 72.8068 72.8481 72.592 72.8167 73.1111 72.239 72.3014 72.5964 72.4235 72.0904 72.4705 71.9958 71.5398 72.255 72.3359 71.9016 72.4969 72.8312 72.4547 72.3004 72.4184 71.4484 72.3031 72.4627 71.4665 71.7916 71.6241
82.0729 82.0153 82.1428 82.1034 82.1733 82.1953 82.4236 82.6612 82.13 82.2994 82.3042 82.3726 82.4542 82.5128 82.4683 82.2346 82.3736 82.4027 82.3909 82.5738 82.5284 82.5672 82.4619 82.4358 82.2525 81.9766 82.1861 82.3568 81.4288 82.0911
100.124 100.009 100.099 99.9152 100.164 98.1529 98.1957 99.2167 97.7992 97.8683 97.7368 97.9261 97.1296 98.2173 97.3823 98.5079 97.7057 97.4008 96.8201 98.0237 97.8947 96.7434 97.3243 97.4402 97.4053 98.4036 98.0879 98.1074 99.9144 98.9198
141.123 141.13 141.131 141.148 141.07 140.68 140.874 140.613 140.772 140.983 140.925 141.068 141.246 141.436 141.194 141.089 141.345 141.282 141.233 141.703 141.859 141.413 141.016 141.217 141.49 141.297 141.259 141.971 141.463 141.576
5.54112 5.54167 5.54152 5.5469 5.53625 5.48424 5.5 5.51212 5.51802 5.54038 5.51045 5.53741 5.5183 5.55274 5.53371 5.53455 5.55136 5.52538 5.52016 5.59014 5.57291 5.58191 5.50315 5.51792 5.5264 5.59537 5.56809 5.61202 5.54408 5.56915
4.32126 4.32309 4.31898 4.31515 4.32338 4.57974 4.43744 4.3506 4.309 4.41492 4.40047 4.39721 4.48833 4.43521 4.47173 4.44381 4.46615 4.46038 4.43682 4.40569 4.40573 4.44848 4.41163 4.44404 4.46167 4.56012 4.29737 4.40476 4.68019 4.52991
4.47092 4.47068 4.4642 4.46308 4.46417 4.45856 4.47936 4.48224 4.49475 4.48658 4.48683 4.50527 4.47598 4.47557 4.49374 4.49725 4.48284 4.50616 4.49513 4.50352 4.59167 4.49515 4.44898 4.49998 4.4814 4.48414 4.50657 4.40622 4.44852 4.49532
4.35831 4.35797 4.35464 4.35725 4.35748 4.35416 4.35063 4.31948 4.33856 4.32278 4.32013 4.38469 4.37676 4.36771 4.37389 4.37809 4.37744 4.37092 4.36866 4.3768 4.3861 4.36812 4.36989 4.37976 4.35258 4.37338 4.38791 4.35146 4.42549 4.35201
5.65613 5.66228 5.63873 5.6545 5.67011 5.63405 5.58262 5.66703 5.63049 5.60934 5.59162 5.49365 5.43158 5.52166 5.44316 5.49213 5.49911 5.46126 5.39664 5.49522 5.22933 5.50373 5.44953 5.48013 5.4353 5.5281 5.48915 5.56372 5.67106 5.51806
4.55267 4.57128 4.54856 4.57135 4.52377 4.30712 4.34409 4.37037 4.39606 4.41777 4.37586 4.46177 4.45546 4.61557 4.55977 4.5322 4.60868 4.59198 4.45806 4.5941 4.62297 4.6886 4.39383 4.4691 4.53318 4.63555 4.53909 4.68762 4.74284 4.51194
7.58594 7.58939 7.59019 7.59902 7.59644 7.68548 7.69663 7.67484 7.65466 7.67529 7.65987 7.67051 7.67203 7.69159 7.67586 7.67144 7.71461 7.67131 7.61293 7.72298 7.66653 7.73011 7.66664 7.67142 7.68595 7.69819 7.68179 7.70584 7.76012 7.71527
93.044 93.0875 93.0439 93.0204 93.1015 92.7491 92.793 92.754 92.9068 92.8374 92.9889 92.4972 92.997 92.5571 92.8004 92.416 92.968 92.7615 92.6262 92.7948 91.5395 92.6943 92.759 92.6739 92.8491 92.2973 92.2787 91.6766 92.4845 93.0056
153.973 154.063 153.928 154.056 154.042 153.675 153.542 153.54 154.142 154.087 153.926 154.016 153.645 154.119 153.564 153.6 153.385 153.439 153.975 152.755 153.835 152.152 153.998 153.888 153.872 155.008 154.461 155.471 154.634 153.385
75.3848 75.3346 75.3874 75.3524 75.3088 75.1367 75.0867 74.9373 75.8154 75.8616 75.7245 75.2677 75.4438 75.6938 75.3844 75.3636 75.5049 74.8075 75.3825 75.7077 75.7914 75.7298 75.0479 75.3622 75.5302 75.6039 75.6831 75.4237 74.923 75.2283
73.9884 73.8886 74.0052 74.0347 73.7784 73.5604 72.8391 73.3608 72.4028 72.7138 73.1812 73.4999 73.2035 73.3573 73.1818 73.4435 73.0875 72.6315 73.5748 73.291 75.1923 72.6121 73.0297 73.4081 73.2328 74.4255 73.388 74.258 74.4221 73.2618
82.9067 82.8657 82.945 82.962 82.9321 82.5194 82.0669 82.4165 82.5932 82.5911 82.762 83.037 82.4901 83.1358 82.6352 82.9762 82.5698 82.7546 82.7917 82.2707 82.5045 82.147 82.6684 82.8771 82.7479 83.3491 82.9654 82.9276 83.6727 82.7699
141.44 141.292 141.387 141.337 141.097 140.708 139.543 139.231 139.876 140.108 139.996 140.079 139.128 140.56 139.044 138.676 139.26 139.435 139.092 138.71 139.903 138.517 139.677 139.825 138.955 141.358 139.913 141.836 141.531 139.155
5.98551 5.97646 5.97768 5.97831 5.96257 5.83186 5.87915 5.85139 5.93105 5.93185 5.96825 6.40658 6.37751 6.43983 6.37303 6.40628 6.39158 6.36457 6.37955 6.40607 6.2404 6.40717 6.35346 6.38772 6.40616 6.42269 6.40716 6.20611 6.30309 6.41832
7.758 7.83 7.72626 7.82487 7.8333 7.70329 7.67102 7.72788 7.80708 7.84212 7.87198 7.337 6.97987 7.39013 6.92322 7.17806 7.12957 7.11815 7.13791 6.83641 7.31194 6.98419 7.12851 7.30558 6.95949 7.69695 7.64819 7.90973 7.65016 7.10483
4.56434 4.56562 4.56289 4.56117 4.56458 4.2237 4.36641 4.3111 4.27574 4.29816 4.20404 4.65378 4.63088 4.60912 4.63121 4.62763 4.60998 4.64993 4.61448 4.60607 4.77185 4.59234 4.62017 4.6449 4.57608 4.61358 4.50725 4.57203 4.70496 4.63193
4.62775 4.62717 4.62375 4.61965 4.6243 4.60289 4.69946 4.66884 4.56573 4.54655 4.54345 4.77244 4.75985 4.75242 4.74411 4.72753 4.75203 4.72994 4.75382 4.71987 4.87357 4.75122 4.71364 4.79241 4.70886 4.82465 4.75365 4.76143 4.90072 4.73159
4.52854 4.52598 4.52627 4.52269 4.52082 4.47213 4.48853 4.46694 4.47443 4.49441 4.48268 4.5989 4.60976 4.59742 4.59544 4.58965 4.59889 4.61634 4.60901 4.60735 4.62174 4.60909 4.62641 4.61289 4.60414 4.61733 4.61821 4.63924 4.66181 4.58008
4.5646 4.56888 4.54971 4.55462 4.5504 4.76225 4.64101 4.67126 4.7125 4.67887 4.65831 4.69195 4.64702 4.70593 4.73659 4.8617 4.61555 4.79668 4.74451 4.78215 4.41043 4.90433 5.07101 4.69809 4.70785 4.73422 4.73113 5.35521 4.65244 4.731
8.16168 8.14404 8.16468 8.15506 8.13967 7.91558 7.61641 7.7469 8.01627 8.04334 8.04352 7.94175 7.93302 8.08567 7.93202 7.99264 7.88562 7.88417 8.01277 7.73626 8.11374 7.64287 8.05446 7.99514 7.98473 8.28998 8.01894 8.77376 8.18831 7.99149
93.4011 93.4337 93.3974 93.4328 93.6307 93.5477 93.4754 93.4996 93.3175 93.4149 93.4824 93.3506 93.552 93.1801 93.5681 93.5699 93.5641 93.399 93.3583 93.5111 93.2201 93.3108 93.6086 93.4022 93.704 93.3946 93.1332 92.6569 93.1155 94.0048
74.9168 74.9326 74.9288 74.9048 74.9357 75.0413 75.2304 74.7301 74.7067 74.6228 74.567 75.1312 74.9163 75.4662 75.0443 74.8777 75.181 75.6366 75.2325 75.1129 75.0825 75.3744 74.6737 75.3096 75.3211 74.9826 74.7418 75.2264 75.0687 74.8405
74.3437 74.3173 74.4084 74.3644 73.6623 73.3213 73.191 72.4969 73.0081 73.1016 73.5819 72.5081 72.8185 72.6746 72.7355 72.4672 72.6345 72.2497 72.4886 72.1681 72.8529 72.0476 72.7255 72.272 72.3079 72.8013 72.8204 73.9847 72.7332 72.1416
83.2242 83.1741 83.2632 83.2411 83.0569 83.1968 82.8798 82.9425 82.9595 83.202 83.3381 82.8177 82.9176 83.2073 83.0057 82.775 82.9236 83.1297 82.6667 82.8749 83.1629 83.0763 82.8552 82.9915 82.7314 82.9128 83.1026 83.803 83.2203 82.663
103.083 103.094 103.015 103.006 103.141 103.763 103.36 104.049 103.696 103.927 103.786 103.446 103.719 103.621 103.679 103.418 103.092 102.978 103.765 103.746 103.917 103.111 102.974 103.663 104.114 105.311 104.675 107.502 103.844 103.684
141.36 141.327 141.335 141.297 141.205 141.719 140.978 141.15 141.572 141.779 141.463 140.795 140.956 141.155 140.943 141.103 141.41 141.163 140.941 141.158 142.385 141.282 140.983 141.073 141.009 142.08 142.266 143.849 141.452 140.847
5.43016 5.41581 5.43231 5.42202 5.36107 5.43048 5.47196 5.45482 5.34228 5.31051 5.38881 5.42104 5.43388 5.42085 5.44381 5.39185 5.39534 5.3832 5.44088 5.46042 5.43608 5.38655 5.39696 5.39377 5.42221 5.34049 5.33004 5.42603 5.46116 5.41033
4.39361 4.3888 4.39647 4.39046 4.38622 4.3794 4.19724 4.23075 4.21956 4.21437 4.20775 4.40155 4.3941 4.3648 4.41186 4.39562 4.35816 4.37284 4.36708 4.41839 4.40152 4.35125 4.39749 4.40043 4.41677 4.42167 4.35593 4.41022 4.42323 4.40661
14.0294 14.0641 14.1518 14.1516 13.997 13.4775 13.5565 13.9247 13.0273 13.3429 13.4555 13.3375 13.4657 13.3925 13.5099 13.3367 13.5584 13.3707 13.4289 13.711 13.302 13.2274 13.462 13.2841 13.4336 12.862 12.8114 12.0429 13.26 13.4796
4.40012 4.39763 4.39637 4.39421 4.40524 4.35606 4.4325 4.41316 4.42805 4.42873 4.38563 4.54338 4.53451 4.542 4.52454 4.526 4.51881 4.5323 4.53939 4.5359 4.50347 4.54655 4.49706 4.54684 4.54088 4.57326 4.52325 4.62547 4.54624 4.52414
4.38839 4.38758 4.38572 4.38537 4.38597 4.43813 4.35244 4.39664 4.36032 4.4563 4.42129 4.44189 4.43692 4.44469 4.43935 4.41423 4.42178 4.42997 4.44889 4.42986 4.44972 4.44533 4.41326 4.4283 4.45464 4.43583 4.44909 4.45161 4.44332 4.41402
5.22447 5.26609 5.19489 5.22785 5.31169 4.89953 5.05523 5.07112 5.36461 5.41073 5.42852 4.88942 4.98768 5.14935 5.04975 5.20793 5.19492 5.11752 5.1026 4.99855 5.18473 5.02465 4.96177 5.22793 5.17036 6.01664 5.75169 6.51717 5.51089 5.21898
4.15787 4.16367 4.16704 4.1672 4.15682 4.29106 4.41062 4.44693 4.43373 4.40328 4.37065 4.39521 4.49931 4.6886 4.50218 4.26465 4.47625 4.58881 4.52009 4.59033 4.33959 4.71343 4.3167 4.50294 4.62261 4.38751 4.50888 4.43741 4.54459 4.40933
7.51848 7.51231 7.50927 7.51077 7.49907 7.4913 7.58761 7.6657 7.54337 7.58514 7.61773 7.37322 7.51031 7.44022 7.55146 7.52707 7.56172 7.4431 7.53708 7.50954 7.46744 7.46273 7.45721 7.49462 7.56431 7.66624 7.79566 7.69016 7.53823 7.50525
162.281 162.103 162.444 162.188 161.725 162.146 162.314 163.29 161.295 161.477 162.22 161.9 162.076 162.34 162.713 162.86 163.566 162.448 161.957 163.584 161.67 161.616 163.26 162.432 162.067 163.83 161.014 160.349 161.066 164.263
92.7344 92.7268 92.7103 92.7303 93.081 92.8333 93.27 93.6173 93.3686 93.2185 93.4403 93.1328 93.179 93.0051 93.1924 93.1816 93.1215 92.6793 93.1584 93.1777 93.2733 92.963 93.0915 92.8358 93.1634 93.4016 91.5571 91.8319 93.0962 93.4075
75.1368 75.1256 75.0206 75.1401 75.3411 75.501 74.9632 75.2738 75.2653 75.5702 75.4311 75.4595 75.5045 75.4322 75.4446 75.3734 75.3968 75.4685 75.4281 75.3125 75.2283 75.4689 75.4231 75.6805 75.3227 75.3985 75.179 76.0219 75.5092 75.3324
75.0744 75.0863 75.1307 75.0632 74.5845 72.9623 72.3183 72.0428 73.1669 72.9375 72.7245 72.627 72.5917 72.6124 72.7135 72.6501 71.8167 72.6104 72.5217 72.4953 72.3612 72.7031 73.036 72.7691 72.061 72.3631 75.5605 72.8447 72.1987 72.2412
83.5171 83.4941 83.5656 83.5127 83.3379 83.0138 82.8748 82.4601 83.1312 82.9841 82.9535 82.9015 82.712 83.0006 82.8407 82.9156 82.642 83.1541 82.5576 82.9093 82.5821 82.9613 82.8378 83.086 82.5611 82.5854 83.4668 80.3946 82.7246 82.6121
102.792 102.751 102.774 102.725 102.778 103.612 102.964 102.612 102.959 103.318 103.306 103.098 103.246 103.333 103.25 103.395 103.445 103.093 103.413 103.556 103.437 103.328 102.86 103.262 103.345 103.601 104.065 104.975 103.29 103.633
142.487 142.462 142.477 142.467 142.275 142.766 141.979 141.888 142.429 142.449 142.509 142.48 142.379 142.346 142.317 142.415 142.595 142.587 142.55 142.554 142.422 142.457 142.208 142.522 142.763 142.443 143.284 144.21 142.429 142.386
5.66238 5.66147 5.66869 5.65694 5.59207 5.60295 5.54537 5.53755 5.50048 5.51104 5.50954 5.53546 5.52661 5.52341 5.54018 5.52617 5.5317 5.57275 5.53112 5.55063 5.53457 5.55715 5.51985 5.54634 5.55211 5.53592 5.37034 5.53479 5.53918 5.54051
4.35939 4.36008 4.36052 4.35843 4.38812 4.20352 4.19825 4.19975 4.22297 4.21394 4.20068 4.40283 4.41862 4.35784 4.40708 4.41165 4.39509 4.43801 4.39636 4.42741 4.46051 4.31183 4.35406 4.44307 4.45263 4.36826 4.40611 4.33579 4.4231 4.4101
14.109 14.0084 14.0796 14.0093 13.9948 12.775 12.8693 13.2671 13.1814 13.2757 13.5499 13.3673 13.4076 13.1108 13.357 13.2759 13.3489 13.3012 13.453 13.3281 13.3432 13.1776 13.3553 13.4902 13.3509 12.768 12.8912 12.0737 13.2927 13.2293
4.45176 4.45354 4.44779 4.4487 4.46296 4.46009 4.53115 4.47733 4.49611 4.5149 4.4817 4.61779 4.61698 4.61319 4.60618 4.60238 4.58839 4.61488 4.59666 4.62069 4.60417 4.61124 4.57384 4.61612 4.6325 4.62656 4.50777 4.55604 4.62476 4.62236
4.4081 4.40673 4.40491 4.40489 4.41398 4.38904 4.38524 4.37414 4.40148 4.40329 4.3923 4.47385 4.45817 4.45227 4.45578 4.45334 4.46625 4.45742 4.45274 4.44998 4.45293 4.50013 4.43979 4.45335 4.46834 4.47021 4.57371 4.45521 4.46026 4.45362
5.50643 5.49485 5.51182 5.49805 5.51595 5.66542 5.55548 5.55253 5.61289 5.59863 5.62425 5.53403 5.54312 5.52824 5.46757 5.53959 5.54143 5.64259 5.57215 5.50407 5.54939 5.53185 5.51859 5.62468 5.59949 5.62125 5.66828 5.7296 5.56668 5.54519
4.31073 4.3137 4.31222 4.31175 4.3507 4.1129 4.30158 4.47179 4.25408 4.26516 4.27428 4.52873 4.58388 4.49177 4.59174 4.55534 4.6177 4.3361 4.69145 4.53248 4.58886 4.44273 4.65689 4.43094 4.41261 4.60998 4.84333 4.26466 4.6451 4.63747
7.9116 7.91387 7.90558 7.91181 7.91215 7.99513 7.96562 7.94861 8.01004 7.99725 8.01371 7.99023 7.97505 7.95701 7.93695 7.97449 7.9537 8.02915 7.92317 7.96667 7.96447 7.99749 7.97419 7.98713 8.02259 7.97655 7.86801 7.79422 7.96586 7.99055
164.211 164.397 163.974 164.488 163.353 161.037 160.979 163.417 163.17 163.083 162.989 163.09 162.368 162.479 162.605 162.916 162.396 162.156 162.394 162.976 162.969 162.081 162.22 162.935 162.87 163.156 161.496 160.112 162.557 162.961
93.3423 93.3505 93.3522 93.3486 93.3629 93.1013 93.1077 93.6087 93.2465 93.1813 93.3218 92.946 92.9458 92.8828 92.9326 92.9587 92.9736 92.8227 92.7278 92.9729 93.0036 92.7672 92.8219 92.5697 92.906 92.8751 93.3634 92.4796 93.0157 92.9546
75.8323 75.8044 75.8034 75.7364 75.7249 75.7034 75.9704 75.881 75.7318 75.5853 75.7361 75.936 75.8197 75.8854 76.1165 75.8908 75.8813 76.0812 76.1954 75.9148 75.8457 75.9261 76.1299 76.0511 75.9548 76.06 76.0668 76.0091 75.9486 75.9382
73.6719 73.6605 73.6373 73.6697 73.6648 73.2393 72.728 73.2761 72.9436 73.3266 73.1593 73.0553 73.0709 72.5903 73.1272 72.9657 72.092 73.0637 72.9145 72.7878 72.0656 72.9616 72.7159 72.8536 73.1815 72.6921 73.3873 73.2391 72.6771 72.7144
82.6769 82.6812 82.7116 82.6851 82.5962 82.7766 82.9579 82.5566 82.7738 82.8437 82.7532 82.6262 82.7576 82.8199 82.7552 82.8322 82.3814 82.8205 82.7556 82.7496 82.0722 82.877 83.1935 82.7421 82.7266 82.9137 82.1366 81.659 82.7665 82.821
98.3993 98.3919 98.27 98.3827 98.6902 98.218 97.2345 97.9707 97.9571 98.1387 98.1519 97.5744 97.841 97.2765 97.486 97.4312 98.3456 97.6146 98.1361 97.4012 98.7952 96.9857 96.9714 98.534 97.7116 96.9346 98.9625 100.995 97.3985 97.2802
141.584 141.536 141.612 141.457 141.375 141.282 141.591 141.477 141.239 141.298 141.386 142.017 141.867 141.96 142.188 141.904 142.336 142.015 142.089 142.017 142.263 141.974 141.522 142.071 142.07 142.117 142.315 141.898 141.923 142.051
5.5708 5.57078 5.56415 5.56234 5.57027 5.53917 5.52182 5.52493 5.53796 5.54147 5.55157 5.58992 5.5388 5.57373 5.60648 5.59211 5.59972 5.60036 5.6328 5.61188 5.62702 5.58823 5.60251 5.59169 5.56686 5.6297 5.42073 5.70755 5.58828 5.61233
4.42626 4.42725 4.45267 4.42652 4.42731 4.49256 4.21174 4.44718 4.36075 4.43802 4.28024 4.472 4.43962 4.48087 4.44355 4.46246 4.57466 4.39849 4.4145 4.46846 4.50024 4.42398 4.40412 4.41703 4.42046 4.45183 4.33414 4.36046 4.4824 4.4835
4.45855 4.45635 4.46262 4.44878 4.45392 4.43248 4.41101 4.43385 4.43509 4.45737 4.45631 4.49241 4.48245 4.49062 4.47957 4.47864 4.47727 4.47151 4.58196 4.47916 4.49873 4.4648 4.43074 4.45491 4.46587 4.47734 4.45463 4.45583 4.48069 4.4925
4.36274 4.36231 4.35902 4.35745 4.36252 4.34619 4.36659 4.35553 4.36947 4.3644 4.36102 4.42728 4.41942 4.42018 4.40746 4.40963 4.4046 4.41873 4.42112 4.41791 4.4228 4.42311 4.40521 4.40731 4.41344 4.42679 4.20347 4.36209 4.42511 4.42229
5.79847 5.7969 5.80108 5.78952 5.69273 5.69648 5.57844 5.70274 5.6899 5.68328 5.65352 5.664 5.68263 5.65781 5.6324 5.64279 5.66537 5.67311 5.78006 5.62286 5.72345 5.64067 5.65446 5.75865 5.68864 5.74655 5.68476 5.84252 5.62687 5.6716
4.2911 4.29062 4.27789 4.29613 4.4143 4.31197 4.38299 4.43163 4.37458 4.36682 4.38065 4.49118 4.56465 4.38517 4.47155 4.48885 4.53756 4.48733 4.50461 4.4998 4.71117 4.3579 4.55265 4.62341 4.56849 4.44094 4.34821 4.6247 4.50001 4.47148
7.72719 7.72246 7.74121 7.7165 7.71091 7.72902 7.81394 7.77343 7.76764 7.75476 7.76698 7.85501 7.82178 7.85334 7.84025 7.83368 7.9288 7.84652 7.79498 7.83007 7.85489 7.87522 7.78179 7.81059 7.854 7.86634 7.73084 7.58443 7.83206 7.85529
92.2739 92.3093 92.3525 92.3629 92.3527 92.0263 92.3853 92.2798 92.3673 92.1165 92.4789 92.0555 91.7245 92.0693 92.6843 91.8755 91.9348 91.8513 91.5764 92.4359 91.8803 92.0819 91.3928 92.2195 91.7301 92.1904 90.268 91.655 92.2667 92.0732
73.8379 73.7738 73.7129 73.7788 73.7789 73.391 73.3511 73.5898 73.3755 73.2404 73.6179 74.0739 73.1195 73.199 73.3972 72.8127 73.9596 75.252 73.0833 73.264 72.752 73.1433 72.8155 74.6713 74.4154 74.4228 73.9504 74.1627 72.9233 73.2774
83.1649 83.1519 83.1198 83.0912 83.1014 82.8864 82.4921 83.223 82.8791 82.9553 82.6913 82.8626 82.9618 82.7127 82.3313 82.7622 82.6187 83.3933 82.4464 82.6728 81.8846 82.8009 82.8799 83.1238 83.2471 82.887 84.1932 84.2387 82.553 82.5597
138.396 138.326 138.055 138.254 138.171 136.506 136.49 137.024 136.491 136.423 136.782 137.256 137.081 136.193 136.388 136.613 136.631 137.656 137.181 136.539 136.75 136.567 135.514 135.885 138.178 137.077 138.029 136.798 135.99 136.678
5.62741 5.6268 5.61979 5.61852 5.6251 5.56467 5.55967 5.61883 5.58215 5.58541 5.54913 5.73736 5.80075 5.81181 5.8447 5.76053 5.76288 5.89868 5.7683 5.80667 5.90229 5.82991 5.72996 5.81081 5.90575 5.86064 5.938 5.72032 5.8193 5.81855
4.62297 4.62438 4.62725 4.62246 4.62609 4.35235 4.51275 4.31487 4.30591 4.30827 4.56716 4.47655 4.66282 4.70342 4.54927 4.54167 4.6189 4.63655 4.52902 4.70444 4.58858 4.65827 4.57952 4.43064 4.50749 4.684 4.48805 4.74969 4.63757 4.57006
4.59471 4.59072 4.58544 4.59108 4.58973 4.53011 4.50984 4.47569 4.52816 4.50318 4.54328 4.56637 4.56625 4.58844 4.56782 4.58293 4.61569 4.61264 4.62607 4.57301 4.65549 4.58833 4.5945 4.34867 4.6241 4.6382 4.63941 4.59705 4.55599 4.60413
4.45473 4.45437 4.44989 4.4537 4.45062 4.4298 4.38273 4.47151 4.42987 4.40039 4.42019 4.48886 4.48967 4.47278 4.49116 4.46172 4.47775 4.46849 4.528 4.47507 4.49706 4.47975 4.48768 4.45746 4.48768 4.4917 4.5006 4.45672 4.48738 4.48817
4.40445 4.39994 4.36928 4.39568 4.40064 4.36596 4.29787 4.44065 4.42344 4.4261 4.3644 4.60242 4.76966 4.75312 4.69669 4.67356 4.85246 4.71633 4.559 4.66881 4.9457 4.78319 4.86066 4.88242 4.73757 4.74991 4.92177 4.5864 4.67455 4.6771
7.5951 7.58291 7.52692 7.58363 7.56385 7.6201 7.56988 7.58245 7.53887 7.56047 7.58406 7.56252 7.70251 7.64437 7.50594 7.65764 7.61003 7.63021 7.81592 7.59844 7.44209 7.68275 7.66819 7.28232 7.81061 7.69257 7.32903 7.41315 7.61189 7.60592
92.6085 92.6388 92.7391 92.6368 92.6668 92.6975 92.462 92.1021 92.4571 92.3976 92.501 91.7123 92.644 92.7965 91.9621 92.196 92.1117 90.2068 91.3667 92.8288 92.0947 92.5139 92.0837 91.4039 91.7472 92.0404 92.7673 91.4275 92.1224 92.3779
155.245 155.141 155.097 155.207 155.138 154.763 155.164 155.663 155.304 155.502 154.83 155.994 154.576 154.508 155.338 154.507 154.696 156.833 153.908 154.337 154.77 154.853 154.412 154.95 154.87 154.296 155.309 156.143 154.796 154.195
74.974 75.0221 74.9644 74.9681 74.9664 75.2604 75.4046 75.1331 75.2381 75.4485 75.334 75.3872 75.3218 75.3224 74.9426 75.7205 75.4368 76.0304 75.2779 75.2533 75.1676 75.3176 75.7998 75.9854 75.5469 74.2571 75.444 74.9886 75.3624 75.1624
74.4228 74.363 74.3977 74.3732 74.4112 74.1599 74.127 74.5591 73.9895 73.7722 73.4987 74.4885 73.3731 73.5191 73.5455 72.9799 72.9449 78.8668 74.7548 74.1561 73.4429 73.1447 73.1728 74.5842 73.7973 73.5667 72.9892 73.8549 73.7205 72.8788
83.313 83.2764 83.2867 83.2748 83.2749 83.4241 83.4248 83.553 83.4569 83.3525 83.3394 83.9623 83.0712 83.0849 83.5446 83.2669 83.0969 86.45 83.4596 83.2606 83.3074 82.8522 83.0652 83.9446 83.5804 83.3158 82.7295 83.1882 82.903 83.0682
140.97 140.944 140.928 140.91 140.909 140.028 140.521 140.794 140.147 139.964 140.19 140.804 139.999 139.823 140.965 140.303 141.188 141.993 140.125 140.218 142.361 139.191 141.65 140.547 142.492 141.493 141.513 140.985 139.882 140.825
5.89758 5.90057 5.89666 5.89678 5.89415 5.68783 5.57169 5.74392 5.62075 5.74475 5.67378 6.09152 6.41029 6.46244 5.31612 6.43726 6.39102 6.50346 6.57562 6.3959 6.4257 6.28012 6.38779 6.38028 6.471 6.34982 6.42726 6.36464 6.34885 6.43277
8.13405 8.11037 8.04537 8.13036 8.06029 7.63312 7.82246 7.67167 7.98671 8.05166 7.77405 7.85922 7.22825 7.47242 7.4487 7.37093 7.5469 7.29349 7.32371 7.29912 7.7139 7.29992 7.5791 7.40341 7.62407 7.30932 6.91535 8.00504 7.4999 7.37252
4.6411 4.64264 4.64245 4.63865 4.63687 4.40205 4.42802 4.41595 4.38597 4.39475 4.40141 4.69068 4.67084 4.67977 4.53739 4.62326 4.73572 4.78288 4.84253 4.69002 4.62314 4.6118 4.74478 4.56604 4.6404 4.84465 4.64849 4.71513 4.5318 4.74061
4.64327 4.6422 4.64204 4.64081 4.643 4.60265 4.5812 4.57769 4.52251 4.54874 4.58213 4.84251 4.77942 4.75951 4.66465 4.81045 4.92174 4.95363 4.8047 4.76836 4.79806 4.67411 4.96219 4.76073 4.69344 4.80435 4.67568 4.70929 4.71222 4.80975
4.48782 4.48898 4.48782 4.48968 4.4876 4.43678 4.38831 4.46269 4.42148 4.45475 4.43709 4.63529 4.59112 4.56961 4.41928 4.60754 4.59776 4.74146 4.64665 4.54689 4.60559 4.54017 4.61061 4.6041 4.60724 4.33735 4.72444 4.57848 4.56266 4.60571
4.424 4.42825 4.42879 4.42153 4.4307 4.4482 4.37902 4.36027 4.41763 4.39487 4.40486 4.6841 4.73225 4.7062 4.81072 4.7108 4.68735 4.56752 4.81732 4.67752 4.76757 4.74283 4.70195 4.95669 4.93023 4.41411 4.57127 5.53627 4.68423 4.74796
4.33966 4.3409 4.34073 4.34047 4.34035 4.2926 4.26229 4.27782 4.24647 4.27066 4.28547 4.50822 4.53107 4.52626 4.40035 4.54262 4.5204 4.53421 4.69806 4.51973 4.58022 4.49874 4.54466 4.61422 4.45398 4.39568 4.60405 4.48181 4.54388 4.54548
7.88663 7.88777 7.90124 7.88068 7.88456 7.88301 7.86447 7.92153 7.86927 7.85927 7.73847 7.7731 7.81991 7.75497 8.16975 8.0454 7.80539 8.19929 7.17563 7.84994 8.32805 7.79561 8.06453 8.21611 8.24167 7.6615 8.53668 7.69171 7.81562 7.82389
91.3945 91.3793 91.4075 91.4093 91.4072 91.1401 90.5792 91.1024 90.8123 90.9251 91.0221 92.8374 92.7629 92.717 92.2696 92.6941 93.0081 90.7101 92.7131 93.109 92.9015 92.8877 93.0777 92.6243 93.0327 92.9315 93.789 92.8913 93.0998 93.416
75.7311 75.6991 75.5368 75.6793 75.6973 75.8262 75.9922 75.619 75.3685 75.4968 75.344 75.0063 75.4947 75.0633 75.0973 75.6383 75.2962 75.2585 75.0886 74.7712 75.4213 74.3386 75.5189 75.5869 75.2713 75.2139 75.2534 75.0325 75.6452 75.0843
76.6573 76.6507 76.4655 76.6731 76.6377 76.5476 76.3879 76.0806 77.1122 77.6057 77.5306 73.902 73.9414 74.1375 74.4674 72.769 73.6437 77.045 73.0585 73.9389 73.3199 73.7172 72.8593 73.8376 73.4589 74.2634 72.7076 73.8007 72.5137 72.1875
83.9026 83.8966 83.8359 83.8806 83.8676 84.1035 83.9378 83.7561 84.1156 84.4832 84.3503 83.838 83.4909 83.9549 84.0384 83.3163 83.7956 84.4832 83.3816 84.0624 83.39 86.5473 83.082 84.2627 83.3516 84.4849 83.0105 83.9535 83.7845 83.0656
104.877 104.816 104.835 104.853 104.864 105.11 104.558 104.659 104.635 105.408 104.926 105.714 104.746 104.922 104.114 104.391 103.837 106.714 103.631 104.308 104.169 104.885 104.525 106.73 104.516 105.013 105.176 104.775 105.544 103.922
142.266 142.23 142.226 142.264 142.273 142.857 142.722 142.809 142.323 143.148 142.816 143.422 141.451 141.429 141.449 142.226 141.918 144.269 142.304 142.322 141.564 142.039 142.776 144.36 141.783 142.161 141.156 142.833 142.76 140.54
5.4047 5.38237 5.41264 5.37062 5.38474 5.95155 5.90241 5.90397 5.77952 5.76847 5.61736 5.57028 5.45102 5.32106 5.04165 5.34157 5.47467 5.88542 5.4599 4.9789 5.25276 5.22087 5.35811 5.49741 5.49391 5.40787 5.44682 5.5264 5.48968 5.4351
4.39029 4.39848 4.39211 4.39952 4.39649 4.49006 4.43087 4.46452 4.46371 4.44852 4.46246 4.44443 4.35012 4.4302 4.36248 4.29772 4.4475 4.56963 4.32115 4.40012 4.24875 4.29048 4.47171 4.3333 4.42995 4.42274 4.4897 4.42201 4.3809 4.47667
4.3681 4.36736 4.36726 4.3681 4.36769 4.37044 4.32588 4.38337 4.3397 4.33654 4.34765 4.56257 4.45461 4.46516 4.43038 4.46327 4.52259 4.54588 4.40557 4.44551 4.43364 4.3938 4.532 4.44495 4.53305 4.46329 4.52057 4.50973 4.48084 4.52131
4.34041 4.33825 4.32799 4.33632 4.33459 4.39934 4.38871 4.31207 4.39809 4.403 4.42146 4.45126 4.42581 4.31524 4.18293 4.41936 4.4174 4.50259 4.41575 4.27696 4.38906 3.79175 4.43079 4.46896 4.43507 4.22693 4.42982 4.43537 4.43586 4.42264
5.44151 5.42718 5.42355 5.44137 5.43886 5.55068 5.39456 5.40814 5.3514 5.62494 5.48483 5.58333 5.46154 5.47431 5.06073 5.50045 5.35065 5.74211 5.4961 5.50488 5.70676 5.50732 5.56137 5.76317 5.28232 5.49864 5.32262 5.48554 5.6571 5.19982
4.32835 4.34974 4.31214 4.32487 4.31119 4.25061 4.37689 4.38411 4.2818 4.5096 4.34462 4.7229 4.61578 4.5894 4.60861 4.69785 4.46455 4.58336 4.61532 4.31405 4.47112 5.22509 4.54918 4.69089 4.69552 7.39878 4.70868 4.74176 4.51747 4.65815
7.60411 7.60724 7.59108 7.61146 7.60526 7.67785 7.7062 7.68497 7.58735 7.74712 7.69028 7.68287 7.55914 7.51786 7.41002 7.68331 7.63314 7.78675 7.33907 7.54283 7.49927 7.56892 7.81061 7.80174 7.38489 7.24299 7.4794 7.64236 7.70992 7.44156
91.5048 91.5148 91.427 91.5137 91.5306 88.8302 89.4159 89.2654 90.535 89.923 90.3571 92.4957 91.8505 92.1 89.7648 89.1677 92.5401 92.2254 91.6314 89.6953 92.1301 89.4045 91.7372 92.0486 92.2565 90.6724 92.6417 92.3501 92.26 92.4413
75.7547 75.7641 75.9526 75.7539 75.7732 75.9071 75.6768 75.7945 75.2233 75.675 75.5244 75.8933 76.3046 75.8835 75.8255 76.3478 75.5699 75.8905 75.2279 75.3141 74.9046 75.4019 76.4225 75.7806 75.6193 74.521 74.9112 76.0098 75.9737 75.3549
75.0502 75.0303 75.0122 74.9967 75.0474 77.1891 77.0835 77.1164 77.6051 77.9664 77.8172 73.2935 74.9929 73.5575 76.4305 75.6541 74.1166 73.4492 74.5639 76.1077 74.6169 77.1248 74.8195 74.926 73.5892 76.4189 75.0136 73.7069 72.6667 73.3953
84.0397 84.0026 83.946 83.98 83.9934 84.8988 84.2401 84.3513 84.6568 84.7969 84.7212 83.0768 84.0089 83.7227 84.0075 83.3234 83.2069 84.1644 83.72 83.7035 83.9843 84.4092 82.7851 84.5283 83.3332 83.3219 84.0329 83.5631 82.4337 82.726
105.198 105.222 105.655 105.167 105.266 105.103 104.53 104.709 106.415 106.517 106.377 104.323 106.242 105.028 105.971 106.345 104.563 106.075 104.974 105.002 106.488 106.102 107.18 103.723 104.889 103.322 105.354 103.53 104.325 105.083
143.667 143.622 144.414 143.632 143.634 144.328 144.035 144.218 143.739 143.719 143.781 142.282 143.272 142.894 144.04 143.176 141.646 143.283 142.194 142.932 142.416 143.477 143.787 142.883 142.238 142.599 142.948 141.986 142.364 141.367
5.50066 5.50311 5.5317 5.51327 5.5106 6.18843 6.21686 6.111 6.0153 6.07151 6.03573 5.62261 5.651 5.57037 6.05936 6.16776 5.6104 5.50018 5.4842 6.15674 5.60375 6.10558 5.62274 5.54043 5.61419 5.96137 5.66446 5.62275 5.68278 5.51489
4.34404 4.34494 4.3792 4.33063 4.35078 4.67723 4.69636 4.63664 4.39858 4.43603 4.39327 4.40919 4.32384 4.54262 4.4275 4.33368 4.45156 4.35552 4.38947 4.35209 4.37293 4.4384 4.32589 4.44658 4.51124 4.62922 4.63588 4.34309 4.44894 4.49633
4.48488 4.48848 4.49586 4.48572 4.48889 4.45385 4.48829 4.48573 4.54278 4.53854 4.50488 4.64453 4.57376 4.63098 4.59539 4.48173 4.65665 4.49384 4.56552 4.58337 4.58382 4.54397 4.62443 4.52692 4.64437 4.56538 4.68073 4.61222 4.63883 4.63406
4.35575 4.35602 4.35188 4.35654 4.35623 4.40557 4.30055 4.34586 4.33784 4.36606 4.34015 4.42833 4.41427 4.39359 4.41254 4.43755 4.37157 4.37107 3.71364 4.3316 4.21911 4.2269 4.5197 4.38483 4.42105 4.45047 4.39682 4.41715 4.45736 4.43379
5.72909 5.73168 5.72967 5.72639 5.73376 5.60118 5.51942 5.54206 5.78109 5.76885 5.78913 5.53955 5.73886 5.67374 5.74335 5.71049 5.77546 5.75411 5.79826 5.70645 5.84942 5.72624 5.76903 5.31625 5.86925 4.97434 5.9488 5.34303 5.45051 5.74653
4.10738 4.12303 4.13164 4.11457 4.12806 4.20448 4.21718 4.21694 4.22508 4.21527 4.21033 4.58743 4.49012 4.54933 4.65559 4.58945 4.68249 4.53434 4.65008 4.29244 4.67664 4.20215 4.39815 4.33342 4.49763 4.7664 4.41417 4.47611 4.47376 4.68295
7.77734 7.79011 7.76815 7.77872 7.79298 7.88747 7.80432 7.89949 7.84439 7.84318 7.85425 7.76726 7.77865 7.81046 7.79379 7.74496 7.77914 7.78734 7.68579 7.81982 7.74085 7.83732 7.83059 7.69309 7.90943 7.8073 7.7998 7.71205 7.74691 7.81073
88.8537 88.9181 89.0748 88.9262 88.8971 92.445 92.6871 92.557 91.842 91.7385 91.2486 91.8186 91.32 91.8978 91.1521 91.3983 91.6155 91.1933 90.8961 91.2856 89.8876 89.9051 90.4236 91.6647 90.7406 91.5081 91.5077 91.3765 91.4615 89.1626
155.186 155.165 155.177 155.159 155.172 154.09 153.977 153.888 155.381 155.165 155.426 155.343 155.271 154.834 155.863 155.565 154.798 155.553 155.381 154.882 155.263 155.839 157.561 155.121 154.943 154.988 154.963 154.39 154.092 154.332
76.4955 76.4926 76.5054 76.4975 76.5193 75.9635 76.0163 76.0594 75.689 75.8677 76.0048 77.1372 75.8616 76.1754 76.3526 76.2485 75.9152 76.0622 76.1372 76.1307 76.2532 76.6886 75.8139 76.1418 76.6833 75.5467 75.519 75.7928 76.3053 76.6602
76.3974 76.0842 75.8812 76.0547 76.3179 74.5866 73.8903 74.6175 74.261 74.7576 74.3439 74.0092 73.9432 73.9143 74.6772 74.4141 74.0598 73.1799 75.3051 75.1488 75.955 76.767 74.2888 74.2072 74.5467 75.4575 73.3218 75.2489 74.5207 75.7945
85.3882 85.1549 84.8722 85.0785 85.2945 83.5738 83.4151 83.6266 83.8676 83.8524 83.6317 82.8189 83.9285 82.9548 83.6921 83.7629 83.3981 82.4695 83.643 83.8841 84.4426 84.726 80.7487 83.426 83.1989 84.0833 82.8756 83.6222 82.1248 82.9688
142.585 142.636 142.692 142.609 142.61 141.548 141.848 141.687 140.618 140.614 140.457 140.847 142.316 141.109 142.307 142.412 142.689 142.095 142.526 142.158 142.597 142.838 141.875 141.101 142.752 142.067 142.253 140.929 140.742 143.327
6.21507 6.21643 6.22052 6.21483 6.2232 6.13094 6.04273 6.18634 6.22682 6.2385 6.20383 6.53986 6.53412 6.52431 6.52411 6.53192 6.50395 6.53135 6.50639 6.50976 6.39542 6.33203 6.34126 6.53626 6.47574 6.47406 6.4851 6.46002 6.58156 6.51342
8.13055 8.12698 8.10789 8.13676 8.13074 7.95322 7.83459 7.99275 7.94327 7.93505 8.01165 7.79402 7.59128 7.44721 7.78454 7.65402 7.39911 7.65488 7.65262 7.36883 7.51588 7.65362 10.4778 7.57016 7.44704 7.4531 7.46487 7.3543 7.71419 7.31288
4.65193 4.64708 4.64601 4.65084 4.64838 4.50753 4.49058 4.44694 4.50716 4.47864 4.4742 4.47828 4.7894 4.69434 4.66788 4.62547 4.78088 4.56497 4.81643 4.66607 4.68237 4.76799 4.67607 4.64327 4.63283 4.79123 4.75395 4.69081 4.7854 4.69469
4.601 4.61246 4.62967 4.62098 4.60928 4.61341 4.63495 4.59907 4.64435 4.63712 4.62708 4.82799 4.70882 4.83941 4.81856 4.79061 4.84698 4.74448 4.89365 4.79266 4.91674 4.94371 4.85086 4.80815 4.88413 4.8784 4.80806 4.94553 5.19536 4.9108
4.52455 4.52757 4.53423 4.52991 4.52703 4.55952 4.53484 4.51594 4.51584 4.49462 4.51331 4.65776 4.56538 4.61423 4.59686 4.58258 4.61856 4.7268 4.60433 4.60242 4.61671 4.64824 4.88834 4.62813 4.69362 4.61755 4.65461 4.60963 4.66688 4.63232
4.11832 4.01508 3.92563 4.02098 4.04781 3.94645 4.07274 3.92705 3.85057 3.87285 3.73915 4.50374 4.5813 4.75303 4.43913 4.62659 4.65387 4.74636 4.71599 4.54762 4.91514 4.44589 4.79605 4.61771 4.71273 4.63638 4.69213 4.61321 4.67054 4.30456
4.24562 4.23322 4.24373 4.233 4.23044 4.27538 4.31926 4.26359 4.22142 4.20998 4.22737 4.58309 4.3236 4.5123 4.48162 4.41669 4.54805 4.71452 4.48807 4.50819 4.33097 4.42924 5.48038 4.54736 4.5932 4.54116 4.57188 4.44721 4.59932 4.68499
8.26082 8.28063 8.28029 8.27919 8.27357 8.04 8.1516 8.19652 7.6051 7.83412 7.72212 7.93566 8.25223 8.14033 8.22421 8.14343 8.27272 8.20452 8.27029 8.34909 8.24545 8.11243 8.03974 8.15222 8.08584 8.1229 8.44887 8.15921 8.29809 8.23045
92.1859 92.1833 92.0774 92.0229 91.9906 92.6057 92.7153 92.749 92.227 92.1779 92.6004 91.1048 91.8532 92.2447 92.1043 91.998 91.998 91.882 91.607 92.5525 91.9223 91.68 91.2188 91.4035 91.9361 92.1506 91.3952 91.9838 91.7871 92.0974
74.5062 74.5203 75.2731 75.3178 75.4578 75.5665 75.0358 74.7164 75.6754 75.6468 74.8568 75.4782 74.6207 75.5784 75.0529 74.4679 75.3511 75.5871 75.4791 75.6547 75.2317 74.8878 75.3807 74.274 74.8992 75.4224 75.869 75.2604 74.9213 75.5075
77.746 77.7016 77.6091 77.6317 77.7264 77.9537 77.668 77.2574 77.6613 77.9348 76.9531 75.8279 71.6163 74.9086 73.9317 72.3471 74.1689 74.0836 73.0553 74.403 73.48 74.4984 74.0857 75.191 71.9501 73.9668 74.0258 74.3057 75.8372 74.0276
84.4325 84.4096 84.3037 84.3096 84.3566 83.9703 83.8447 83.8237 84.2552 84.3313 84.0035 83.9381 81.3004 83.4058 83.151 82.6169 82.9981 83.2521 83.2699 83.283 83.2806 83.8332 82.0842 83.422 80.4214 83.2841 82.9459 83.3781 84.2581 83.4757
139.218 139.178 139.203 139.195 139.231 138.823 137.771 137.96 138.56 138.707 138.846 140.789 124.909 138.857 139.132 136.34 137.53 138.908 137.126 138.933 137.643 139.995 137.087 137.083 137.421 136.49 137.695 137.558 139.804 139.471
5.76511 5.76514 5.79864 5.79521 5.81989 5.82656 5.73906 5.63963 5.72564 5.67213 5.57952 5.89256 5.06033 5.53837 4.8455 4.88106 5.71526 4.5579 5.31421 5.78138 5.8146 5.77628 5.76902 4.81452 5.7824 5.71968 5.72397 5.73764 5.58545 5.87383
4.89254 4.893 4.90502 4.90956 4.90194 4.49856 4.3909 4.3522 4.51193 4.5173 4.50924 4.59192 4.44857 4.61925 4.59643 4.49229 4.55981 4.53236 4.47708 4.61488 4.56121 4.61872 4.47906 4.80646 4.58276 4.5809 4.47784 4.5814 4.60705 4.64682
6.16127 6.14343 6.25114 6.2046 6.28164 5.29222 5.48828 5.20686 5.36456 5.39119 5.38475 4.52622 4.43296 4.46909 4.49677 4.41594 4.37557 4.46779 4.48627 4.44741 4.52124 4.50183 4.57728 4.44379 4.5088 4.46635 4.4883 4.49803 4.60836 4.56973
4.33883 4.34004 4.3448 4.34489 4.34786 4.44694 4.4339 4.43086 4.41019 4.3802 4.35692 4.56712 4.53661 4.51553 4.48912 4.52603 4.51976 4.47128 4.47004 4.52479 4.55599 4.53746 4.51969 4.44927 4.61401 4.53309 4.51044 4.52766 4.40684 4.51526
4.12042 4.12176 4.14254 4.13387 4.13671 4.40917 4.4934 4.42735 4.25821 4.2398 4.11414 4.68664 4.59235 4.74072 4.69449 4.68581 4.61828 4.75675 4.57143 4.74382 4.69047 4.78672 4.71484 4.70206 5.58865 4.69579 4.64837 4.79513 4.74811 4.83211
4.2252 4.22175 4.2473 4.24968 4.26912 4.25793 4.23432 4.19473 4.27928 4.27523 4.23644 4.38947 4.58675 4.49549 4.59915 4.49644 4.38012 4.41779 4.45477 4.59719 4.42455 4.39501 4.5232 4.38349 4.62209 4.38404 4.56832 4.49004 4.59777 4.41194
7.67803 7.66895 7.65513 7.66435 7.65357 7.07286 7.29403 7.11822 7.84352 7.87971 7.88408 8.02716 11.5458 7.76154 8.03628 7.78949 7.33414 7.9088 7.58928 7.88251 7.79043 7.80129 7.41068 7.58336 7.5515 7.34511 7.21034 7.57214 8.26944 7.97882
90.9523 90.996 91.1458 90.9684 90.8839 89.918 90.4079 90.1936 91.5398 91.3411 91.2004 91.2503 92.8007 92.8017 92.9941 92.9736 92.6552 92.7596 92.7356 93.018 92.7224 92.9536 92.2515 92.021 93.5417 92.676 92.0831 92.4034 93.4321 92.1603
76.0599 76.053 76.1715 76.1625 76.1657 76.0871 75.5544 75.6753 75.8056 75.77 75.8176 75.9679 75.8213 75.6265 75.6742 75.6985 75.146 75.6633 75.0962 75.5377 75.9198 76.2332 75.9401 76.1211 75.5473 75.4721 75.5668 75.6934 75.5627 76.1973
76.2998 76.2419 76.258 76.2291 76.3339 76.6033 75.7881 76.7432 76.3361 76.3847 76.432 73.3311 72.835 72.77 72.5184 73.4017 71.6307 73.8139 73.1571 72.9204 73.4581 72.9105 71.8546 73.6529 72.1928 73.4481 73.1207 75.0879 72.3137 74.0053
83.5353 83.4527 83.6057 83.53 83.6374 82.71 82.9711 82.598 82.9928 83.0719 83.41 83.0096 82.9496 82.9968 82.7677 83.0138 82.5467 83.8904 82.9404 82.9237 82.9896 83.0313 82.743 83.3982 82.6176 83.0121 82.6488 83.4957 82.8067 83.1003
103.089 102.977 103.699 103.65 104.4 105.193 105.691 105.143 105.238 105.149 105.081 104.769 104.039 104.77 103.323 103.204 105.295 106.074 103.705 104.914 104.652 104.283 103.752 104.583 103.71 104.931 105.58 104.47 104.116 103.909
142.918 142.879 143.383 143.446 143.554 142.212 142.373 142.444 142.362 142.405 142.779 142.321 141.725 142.3 141.16 141.274 142.418 142.603 140.909 142.348 141.632 142.006 141.965 142.646 140.995 142.419 143.178 142.314 142.157 141.64
5.68952 5.67391 5.7789 5.82562 5.85732 6.21775 5.90178 5.83996 5.60732 5.64396 5.52632 5.49636 5.53918 5.04287 5.57344 5.56418 5.56517 4.59424 5.4931 5.09933 5.47167 5.54162 5.57308 5.53456 5.5981 5.47917 5.54493 5.54068 5.53508 5.63204
4.33337 4.33252 4.34848 4.35044 4.3874 4.33816 4.21116 4.18432 4.3301 4.3551 4.33307 4.56204 4.41879 4.32961 4.46421 4.47365 4.37568 4.40802 4.57311 4.39792 4.40898 4.31835 4.4054 4.24405 4.56019 4.50298 4.46759 4.41119 4.33743 4.33073
4.47336 4.47458 4.48115 4.49273 4.49847 4.53569 4.47596 4.56585 4.46323 4.50427 4.45603 4.60831 4.61121 4.58817 4.64087 4.63677 4.59446 4.57089 4.65597 4.59765 4.61341 4.5783 4.64682 4.56196 4.61981 4.63346 4.63313 4.60504 4.5995 4.62954
4.5658 4.5589 4.57345 4.57291 4.59442 4.42383 4.0895 4.23077 4.04065 4.0208 3.90117 4.51398 4.43063 4.23562 4.44623 4.45195 4.13475 4.2888 4.48317 4.29052 4.42876 4.42916 4.4781 4.4569 4.45334 4.47474 4.5612 4.44929 4.50493 4.44183
5.79124 5.80177 5.78114 5.77487 5.78858 5.60934 6.23522 6.05373 6.01007 5.97014 5.80029 5.69902 5.57116 5.66111 4.99344 5.25987 5.70695 5.99938 5.63313 5.60438 5.79783 5.47014 5.4843 5.6274 5.35011 5.61472 5.76036 5.49735 5.5155 5.57021
4.41071 4.42162 4.19895 4.2077 4.20679 4.3798 4.56312 4.54668 4.35979 4.27195 4.28381 4.52274 4.50053 4.62452 4.58087 4.49146 4.18218 4.33877 4.555 4.57345 4.58246 4.43873 4.60051 4.74603 4.73685 4.63483 4.38325 4.4969 4.5745 4.65876
7.93288 7.95973 7.89008 7.89417 7.87511 7.76437 7.75223 7.77106 7.78416 7.78614 7.8023 7.735 7.67488 7.73499 7.60551 7.68104 7.66511 7.58128 7.6291 7.72913 7.56924 7.59033 7.68623 7.75316 7.6346 7.67973 7.80064 7.76319 7.8631 7.55344
92.301 92.301 92.2661 92.2268 92.2412 93.1776 92.2328 91.7518 92.4964 92.5401 92.4619 91.9501 91.2413 91.1637 91.9141 91.6863 90.9464 91.7078 91.6709 91.7688 91.7303 91.099 91.6589 91.5799 91.7549 91.8584 92.4348 91.3503 91.2716 91.7331
75.636 75.634 75.6735 75.6378 75.5991 74.9253 75.5515 75.6136 75.6998 75.6253 75.544 76.1075 75.9033 75.9664 75.7539 75.9762 75.9237 75.6251 75.4609 75.7451 76.0771 75.8978 75.6953 75.8311 76.1081 75.8388 76.1421 75.7034 75.8747 75.8387
74.1672 74.0743 74.248 74.0629 74.0199 74.301 74.7275 74.976 73.7078 74.1017 74.2153 74.3959 74.1107 74.3951 73.9248 73.8763 74.5117 73.9863 74.1176 73.748 74.1218 74.0514 73.9159 75.3127 73.8359 73.8164 75.0376 72.4019 73.8669 73.3144
83.2978 83.2685 83.301 83.2296 83.1907 82.637 82.9705 83.4152 83.0561 83.1503 83.167 82.9646 83.2645 83.3228 83.0631 82.9836 83.0021 83.0067 83.1353 83.0492 82.8668 83.3946 83.2288 83.018 83.1387 83.1349 83.0291 82.986 83.2477 82.9241
138.473 138.432 138.301 138.241 138.076 138.3 138.418 138.666 137.802 137.904 138.464 137.609 137.359 137.538 137.259 137.55 137.526 136.874 137.788 137.417 138.028 137.904 137.445 135.729 137.372 137.478 138.873 135.594 137.981 137.512
11.2939 11.3243 11.3231 11.311 11.6708 11.5156 11.1873 11.1903 11.2812 11.3547 11.3338 11.5858 11.4563 11.3353 11.5465 11.3141 11.4573 11.523 11.9124 11.4429 11.3446 11.3244 12.1287 11.9821 11.6474 11.5866 12.1902 12.116 11.3967 11.3953
5.60636 5.60112 5.61296 5.60202 5.60182 5.2277 5.48477 5.42303 5.38309 5.35468 5.39991 5.81772 5.8363 5.87191 5.85754 5.84385 6.07155 5.86427 5.83503 5.83781 5.9038 5.87718 5.89613 5.88966 5.8949 5.85439 5.91232 5.89031 5.91104 5.84598
4.66789 4.67282 4.67936 4.68122 4.67023 4.29054 4.23938 4.25379 4.22323 4.21517 4.22865 4.6633 4.62134 4.64949 4.66763 4.64881 4.63493 4.55742 4.68057 4.64967 4.6503 4.64287 4.56489 4.76548 4.61364 4.57356 4.7426 4.5783 4.5983 4.57877
4.60662 4.60571 4.6051 4.6052 4.59786 4.51908 4.53835 4.54467 4.48069 4.50862 4.53521 4.63545 4.58924 4.63188 4.5856 4.57262 4.60112 4.55833 4.59672 4.57795 4.62175 4.5744 4.5752 4.67314 4.59773 4.6483 4.64953 4.6144 4.61461 4.54091
4.49479 4.49381 4.48514 4.48608 4.4929 4.42191 4.48418 4.44284 4.46351 4.44127 4.43992 4.51849 4.49652 4.51085 4.511 4.50537 4.51326 4.52837 4.50795 4.49426 4.52778 4.5027 4.51949 4.51572 4.50311 4.51865 4.51735 4.53076 4.50934 4.50755
4.17562 4.16295 4.09765 4.08754 4.06639 4.13502 4.35371 4.33477 4.14726 4.13007 4.12732 4.55662 4.48287 4.59199 4.53575 4.53353 4.60491 4.70456 4.68032 4.45048 4.58111 4.35086 4.60021 4.58129 4.71363 4.56233 4.69527 4.53014 4.36839 4.62742
4.32614 4.32519 4.31857 4.32021 4.3384 4.2458 4.24627 4.2359 4.24006 4.23828 4.22804 4.49708 4.31371 4.346 4.31135 4.31952 4.31815 4.51104 4.33521 4.3178 4.72753 4.31986 4.36715 4.32272 4.40685 4.33431 4.44668 4.35113 4.34292 4.35948
8.09589 8.08398 7.93558 7.97916 7.97009 7.67151 7.84576 8.00419 7.69057 7.64906 7.79382 7.7581 7.7171 7.67551 7.67885 7.82644 7.46412 7.73637 7.78542 7.69215 7.94742 7.61259 7.77936 7.96298 7.90705 7.76287 7.90098 7.38759 7.5874 7.90945
145.934 145.859 145.615 145.793 145.932 145.349 145.497 145.529 145.583 145.585 145.858 145.236 146.068 145.565 144.529 145.434 145.233 144.313 145.673 144.904 144.264 145.488 146.428 145.428 145.872 145.941 145.448 147.184 145.18 145.294
91.9849 92.0216 92.0574 92.0902 92.086 91.9733 92.492 92.224 91.9561 92.0057 92.0616 91.9445 91.8076 91.9884 92.2899 92.0143 92.3127 91.8199 91.971 92.2256 92.0206 92.0527 91.1811 91.8259 91.9613 92.039 92.3936 91.7859 92.0603 92.1436
153.4 153.389 153.48 153.329 153.486 153.406 152.972 152.356 153.403 153.349 153.3 152.662 153.284 152.778 152.977 153.521 153.03 153.735 153.632 154.019 152.886 153.2 153.022 153.282 153.167 153.001 153.316 155.247 153.033 153.056
75.3487 75.3063 75.2652 75.2376 75.3214 75.2052 75.6312 75.3756 75.5363 75.4878 75.5685 75.5156 75.6462 75.5978 75.5528 75.612 75.5072 75.7829 75.7613 75.7896 75.4458 75.5021 74.884 75.5114 75.6193 75.5177 75.6572 75.5908 75.8325 75.7385
74.1585 74.1238 74.1367 74.1225 74.1768 74.2075 73.0446 72.6297 73.4809 73.1692 73.3869 73.2212 73.724 74.0662 73.7843 72.994 73.5973 73.2101 73.4863 73.8059 73.4187 73.5685 75.4334 72.9479 73.3616 73.6888 73.713 73.538 73.4757 73.1717
83.0077 82.9887 82.9721 82.9644 82.959 82.8241 82.2215 82.5775 82.8121 82.793 82.7635 82.66 82.9764 82.8511 82.7851 82.5513 82.7719 82.9123 82.7887 82.7626 82.732 82.8567 83.2858 82.2259 82.8796 82.8609 82.3383 82.6738 82.7704 82.7719
139.172 139.11 139.019 139.002 138.992 139.169 138.16 138.932 138.967 138.873 139.083 138.997 139.31 139.035 139.292 139.105 139.237 139.333 139.3 139.259 139.183 139.47 140.301 138.923 139.388 139.46 140.467 139.873 139.307 139.529
5.8523 5.85365 5.85937 5.86144 5.85077 5.79176 5.84918 5.89384 5.8554 5.89244 5.87193 6.37501 6.38148 6.39684 6.39762 6.41317 6.37005 6.38547 6.41734 6.4218 6.39948 6.36305 6.20402 6.33696 6.41355 6.38029 6.36182 6.39154 6.41842 6.40614
7.38138 7.3581 7.30773 7.30871 7.37267 7.36639 7.15095 6.80297 7.37725 7.36456 7.39033 6.6866 6.92814 6.65917 6.77735 6.94744 6.68213 7.00926 7.00961 6.93249 6.6698 6.8034 6.78348 6.96434 6.79296 6.65146 7.31172 7.32362 6.76123 6.55593
4.67782 4.67834 4.67128 4.67557 4.6733 4.48141 4.21043 4.33599 4.23749 4.2152 4.20962 4.69383 4.6547 4.69385 4.66816 4.59745 4.68608 4.58514 4.64978 4.63829 4.72032 4.71477 4.76544 4.73886 4.65848 4.66999 4.69157 4.70005 4.59981 4.61686
4.69934 4.6983 4.69223 4.69203 4.6991 4.7714 4.76959 4.63172 4.68943 4.63975 4.69036 4.83937 4.85727 4.86354 4.88478 4.84359 4.87378 4.83475 4.89123 4.89302 4.8566 4.85376 4.95563 4.91041 4.8266 4.83001 4.92808 4.90362 4.85253 4.75669
4.45054 4.4519 4.44823 4.45033 4.45211 4.46975 4.47754 4.44228 4.45357 4.45634 4.45515 4.57273 4.56107 4.57572 4.56437 4.55932 4.55693 4.55278 4.55828 4.55356 4.56456 4.54885 4.56953 4.56529 4.55418 4.57799 4.60743 4.72509 4.56934 4.54711
4.44449 4.44971 4.45191 4.45284 4.43902 4.34888 4.40566 4.4793 4.41452 4.42919 4.40204 4.76387 4.68456 4.60738 4.65862 4.75985 4.74831 4.63704 4.64512 4.62645 4.71013 4.64981 4.44833 6.87561 4.65716 4.65196 4.70123 4.69794 4.59346 4.64114
7.61652 7.60048 7.59442 7.59532 7.60811 7.63636 7.61416 7.61917 7.66076 7.63249 7.63327 7.61964 7.6928 7.61871 7.69968 7.75919 7.6538 7.85013 7.72137 7.70814 7.63463 7.7112 7.98074 7.93751 7.71069 7.86473 8.04352 7.92951 7.75216 7.79234
92.5297 92.5581 92.5944 92.643 92.6018 92.4629 92.6813 92.8105 92.6802 92.7267 92.6473 92.4736 92.207 92.2519 92.4564 92.249 92.542 92.2473 92.1342 92.2334 92.4417 92.298 92.4138 92.6315 92.4332 92.6316 92.0925 91.9412 92.176 92.6821
153.314 153.267 153.316 153.204 153.441 153.886 153.923 153.709 153.817 153.856 153.544 153.392 153.317 153.773 153.496 153.653 153.687 153.733 153.4 154.014 153.388 153.018 153.537 153.596 153.229 153.501 154.147 154.724 153.798 153.645
75.3249 75.3211 75.3114 75.2901 75.3309 75.6123 75.3176 75.2558 75.7131 75.768 75.7484 75.3238 75.3859 75.5565 75.312 75.4995 75.5052 75.5016 75.3837 75.2036 75.2763 75.3572 75.3496 75.4495 75.3852 75.3012 75.2674 75.6328 75.5706 75.5736
73.7674 73.7122 73.8176 73.6718 73.7819 72.5967 72.6618 72.7519 72.8301 73.0786 72.987 73.2255 73.3896 72.5025 73.3296 73.2788 73.1942 73.2043 73.2665 73.0722 73.0293 73.3829 73.6749 73.354 72.8725 73.272 74.3857 73.3204 72.9186 72.9194
82.7133 82.6834 82.688 82.6389 82.7076 82.7065 82.584 82.6374 82.4624 82.4536 82.7213 82.4541 82.658 82.1323 82.6263 82.685 82.4958 82.8425 82.6299 82.776 82.319 82.4041 82.7451 82.5653 82.4374 82.4876 83.2791 82.8284 82.6845 82.4965
139.386 139.305 139.347 139.104 139.275 139.698 138.796 138.97 139.102 139.297 139.238 138.702 139.462 138.471 138.903 139.547 139.231 138.778 139.45 139.773 139.048 139.905 138.991 138.923 139.206 138.698 139.668 140.141 139.062 138.937
5.86814 5.87073 5.86042 5.87377 5.86214 5.85559 5.7406 5.88403 5.78768 5.81058 5.82092 6.33988 6.33701 6.3409 6.34863 6.31183 6.33743 6.34605 6.34046 6.16778 6.33421 6.3298 6.31438 6.31408 6.33943 6.33434 6.463 5.52987 6.34886 6.35968
7.61595 7.62712 7.59589 7.63298 7.73586 7.95906 7.96407 7.87444 7.74325 7.80347 7.71216 7.16419 7.19166 7.30864 7.24784 7.22994 7.29378 7.25242 7.22116 7.14532 7.10088 6.99572 7.28049 7.24495 7.10017 7.24548 7.54903 7.7192 7.40037 7.32948
4.6123 4.61987 4.60662 4.62654 4.6067 4.37648 4.53787 4.1868 4.28367 4.22104 4.34766 4.58528 4.63877 4.63138 4.61402 4.56334 4.64064 4.57763 4.61228 4.53622 4.66135 4.62378 4.61786 4.64813 4.63262 4.64275 4.65778 4.55353 4.61917 4.58651
4.6118 4.61003 4.61309 4.60722 4.60927 4.57771 4.52835 4.53509 4.56818 4.53778 4.57325 4.77349 4.76427 4.82124 4.77788 4.75454 4.78099 4.75426 4.77121 4.72241 4.77069 4.76477 4.79737 4.80937 4.71975 4.74282 4.80206 4.76705 4.76816 4.73772
4.47861 4.47921 4.47678 4.4771 4.47706 4.44501 4.44517 4.44103 4.44085 4.44526 4.45081 4.58791 4.58918 4.57978 4.59285 4.59126 4.592 4.59431 4.58819 4.57876 4.59378 4.5914 4.59502 4.5931 4.58631 4.58521 4.52993 4.55916 4.58714 4.59533
4.07365 4.02843 4.13076 4.03069 4.07703 4.40874 4.36747 4.27931 4.31611 4.33286 4.40657 4.41528 4.63629 5.90263 4.49982 4.75231 4.53783 4.82244 4.71562 4.82411 4.42599 4.50708 4.62241 4.45292 4.68204 4.54176 4.62737 4.59546 4.67663 4.71809
7.71936 7.70686 7.72419 7.68519 7.70687 7.8777 7.58627 7.6058 7.66358 7.72479 7.7207 7.67451 7.63154 7.72726 7.64542 7.90999 7.66837 7.50641 7.72884 7.86225 7.66045 7.71957 7.75483 7.68785 7.62847 7.54632 7.79715 7.93594 7.56599 7.61188
93.3723 93.4725 93.3566 93.3729 93.4662 92.6166 92.4108 92.4868 92.775 92.8743 92.6797 92.9874 93.1829 93.116 93.1449 93.2193 93.2562 93.0565 93.1756 93.1135 93.1755 90.8423 93.1836 93.0681 93.4821 93.8735 93.0846 92.3457 92.7379 93.4838
75.3853 75.4339 75.3632 75.3866 75.4606 75.5308 75.3585 75.2159 75.4354 75.5009 75.4541 75.5848 75.7554 75.4845 75.6441 75.4815 75.5448 75.5548 75.5174 75.6578 75.6175 76.1348 75.7389 75.7226 75.7687 75.8266 76.0798 75.6542 76.0824 75.5415
72.9454 72.8552 72.9676 72.959 72.809 73.4193 73.0077 72.7995 73.1534 73.1655 73.2531 72.671 72.5175 72.5416 72.5188 72.2878 72.5995 72.1344 72.5198 72.5082 72.5471 73.4256 72.6801 72.4894 72.198 72.2633 72.6146 73.2827 73.1375 72.604
82.4872 82.5082 82.4397 82.5089 82.5319 82.3654 82.364 82.3103 82.4253 82.3417 82.512 82.6944 82.5061 82.4586 82.5711 82.4745 82.282 82.5421 82.5664 82.2727 82.3964 82.3725 82.5637 82.7103 82.2414 82.2323 82.9497 82.6427 82.4091 82.1946
97.8594 97.7283 97.9442 97.7883 97.6126 99.9959 99.717 100.178 99.8694 99.8147 100.007 97.1776 98.0084 97.0448 97.0387 96.6036 97.6421 97.2329 97.8651 97.2284 97.6586 101.585 97.449 96.918 97.7584 97.5127 96.9845 100.327 99.0978 97.931
140.358 140.425 140.314 140.39 140.316 141.388 140.951 140.976 141.048 141.146 141.154 140.444 140.541 140.899 140.534 140.77 140.735 140.668 140.473 140.818 140.635 141.741 140.607 140.202 140.373 140.258 141.129 141.755 141.344 140.848
5.43081 5.43264 5.42846 5.42908 5.4112 4.87688 4.77748 4.3321 4.98241 4.99716 5.04825 5.51501 5.56358 5.31967 5.50016 5.46055 5.44216 5.40942 5.54483 5.51626 5.50544 5.81985 5.48371 5.45575 5.55701 5.49935 5.54299 4.71459 5.23364 5.44063
4.53124 4.51512 4.51623 4.4813 4.53085 4.37919 4.45413 4.45776 4.41399 4.4019 4.40065 4.50538 4.41681 4.4469 4.43938 4.459 4.4021 4.42154 4.51418 4.5841 4.47035 4.03324 4.36121 4.44305 4.46572 4.41856 4.39698 4.40523 4.28225 4.43906
4.41744 4.41022 4.41486 4.40277 4.41133 4.42356 4.38816 4.36852 4.41241 4.40704 4.4221 4.46817 4.47349 4.45326 4.45771 4.48513 4.42766 4.47971 4.47595 4.5343 4.46967 4.43088 4.44992 4.47983 4.44605 4.43384 4.44607 4.43628 4.45279 4.44979
4.3573 4.35888 4.35759 4.35702 4.3553 4.33732 4.38013 4.35371 4.32958 4.33015 4.33304 4.41165 4.40853 4.39386 4.40256 4.41186 4.40771 4.41617 4.40914 4.41803 4.41717 4.3903 4.40315 4.41827 4.41227 4.39511 4.3842 4.37285 4.37677 4.40211
5.33075 5.34255 5.3145 5.32774 5.31971 6.26199 6.29957 6.73574 6.77268 6.39471 6.72463 4.89849 5.01346 5.42398 5.09967 5.15828 5.36939 5.49514 4.98323 5.081 5.0986 5.6297 5.19135 5.31399 5.14055 5.19364 4.96327 6.22181 5.93581 5.5066
4.37363 4.3709 4.37005 4.36048 4.36823 4.25885 4.20201 4.26391 4.1997 4.25258 4.16684 4.54763 4.33477 4.22772 4.41839 4.54148 4.27085 4.62828 4.32802 4.64581 4.37442 4.59452 4.34882 4.64164 4.22102 4.25368 4.5511 4.39527 4.26126 4.37478
7.33269 7.34532 7.31615 7.34044 7.33043 7.64656 7.59719 7.59217 7.64035 7.64145 7.63329 7.36764 7.39289 7.36257 7.40317 7.42164 7.46411 7.52593 7.38216 7.28321 7.39653 7.40392 7.45921 7.48062 7.42824 7.35487 7.45366 7.60251 7.57481 7.4815
92.7481 92.7028 92.6931 92.5877 92.7128 92.008 92.2036 91.9053 92.1822 92.2362 92.0551 92.1786 92.7941 92.1309 92.2055 92.007 92.1585 91.7189 92.2656 92.6377 91.9293 91.4571 92.2073 91.8898 92.5139 92.1271 92.2789 91.7317 91.531 92.3289
75.3602 75.4019 75.3507 75.3991 75.4174 75.7399 75.5812 75.3371 75.3598 75.4851 75.4205 75.5595 75.5914 75.4556 75.4774 75.5338 75.728 75.4917 75.5314 75.4569 75.5612 75.5692 75.5782 75.6285 75.7614 76.0563 75.6386 76.0366 76.333 75.5633
73.3327 73.3914 73.3909 73.4745 73.4041 73.4877 72.896 73.2391 73.5671 73.7071 73.0433 72.9614 73.3337 72.5996 73.4788 73.1489 73.5836 73.6394 73.4367 72.5732 73.431 74.2468 73.6138 73.5338 73.9946 73.8356 73.9055 72.7221 73.9144 73.7065
82.301 82.2964 82.3115 82.3286 82.3302 82.6227 82.5352 82.7889 82.7555 82.6968 82.6066 82.2952 82.1308 82.4399 82.5736 82.4959 82.5927 82.7821 82.4651 81.7938 82.7254 82.9789 82.6365 82.714 82.5087 82.7088 82.691 82.7819 83.3813 82.4803
136.254 136.458 136.171 136.535 136.205 137.584 137.198 137.282 137.302 137.352 137.065 135.9 136.262 135.947 136.387 136.101 137.366 135.859 136.18 136.123 136.872 135.146 136.934 136.39 136.558 136.113 136.748 136.292 137.798 137.454
11.977 11.8695 11.9476 11.8163 11.9512 12.2987 11.8388 12.2142 12.0213 12.0912 12.1355 12.1199 11.6989 12.1369 11.6454 11.7895 11.8726 11.755 11.8692 11.8744 12.1604 12.1233 11.7627 11.9775 11.7492 12.4081 12.3215 12.2299 12.2909 11.8316
5.66368 5.66733 5.66411 5.65616 5.65278 5.65126 5.63708 5.57514 5.62602 5.64786 5.62617 5.82329 5.80052 5.80671 5.84596 5.83077 5.82307 5.85304 5.83782 5.83056 5.88048 5.7975 5.83179 5.82891 5.83423 5.96003 5.79004 5.90834 6.06635 5.83107
4.60977 4.62785 4.60138 4.61391 4.62292 4.31985 4.35707 4.40698 4.68028 4.6045 4.51835 4.70723 4.70084 4.68398 4.71321 4.66628 4.70069 4.72681 4.68114 4.71527 4.71375 4.81357 4.70129 4.68287 4.76734 4.58031 4.71474 4.58549 4.57516 4.74744
4.60934 4.60519 4.61422 4.6104 4.60566 4.51473 4.48387 4.48825 4.50731 4.54448 4.51879 4.57999 4.65692 4.5821 4.60538 4.5985 4.62365 4.63381 4.6289 4.59732 4.61852 4.70062 4.61133 4.61182 4.66705 4.58502 4.62237 4.56973 4.57936 4.65509
4.49308 4.49622 4.49201 4.49379 4.49301 4.48066 4.46976 4.47405 4.48779 4.47994 4.51031 4.5344 4.53522 4.53819 4.53002 4.5437 4.54954 4.53029 4.5348 4.57244 4.53493 4.5535 4.539 4.53449 4.53554 4.54246 4.54273 4.53816 4.53863 4.55305
4.28996 4.38537 4.2876 4.32716 4.37669 4.51345 4.43461 4.46349 4.50441 4.50102 4.46386 4.67617 4.66862 4.70772 4.71144 4.77621 4.69221 4.79568 4.66924 4.52021 4.78011 4.79415 4.73513 4.77453 4.67394 4.7701 4.63491 4.79879 4.7567 4.68318
7.41215 7.50103 7.39177 7.4772 7.47524 7.68266 7.65513 7.58127 7.60433 7.6068 7.58873 7.59528 7.67344 7.61338 7.62329 7.63831 7.81732 7.59303 7.62625 7.67165 7.61864 7.64473 7.71385 7.58759 7.62176 7.81594 7.89454 7.65696 7.80417 7.88846
146.06 145.379 146.012 145.426 145.656 145.946 145.436 146.3 146.334 145.939 145.645 146.191 144.426 146.599 144.433 145.616 145.149 145.623 145.078 143.771 145.445 144.506 145.479 146.178 144.288 146.376 145.018 146.724 145.805 144.867
92.4515 92.3791 92.4145 92.3518 92.3462 92.0772 92.2752 92.2707 92.5623 92.3911 92.6416 92.3726 92.2097 92.3047 92.3263 92.2888 92.0035 92.393 92.3042 92.4567 92.3218 91.9244 92.3839 92.2962 92.2041 92.0126 92.456 92.2272 92.4098 92.3084
73.7627 73.6387 73.7533 73.6489 73.6841 72.6087 73.4244 73.5102 73.0373 73.3572 73.6338 73.4404 73.0723 73.2986 73.0278 73.337 73.0668 72.8672 73.2912 73.0775 73.3018 73.3876 73.1006 73.2594 72.9601 73.6624 73.1267 73.6153 74.6231 72.816
82.5919 82.6024 82.64 82.6501 82.6677 82.2809 82.6118 82.6308 82.7051 82.6315 82.4414 82.5843 82.4774 82.6827 82.4269 82.6066 82.579 82.3389 82.5782 82.3357 82.5909 82.8162 82.4672 82.5998 82.4533 83.117 82.2882 82.8626 83.481 82.3823
136.653 136.335 136.666 136.453 136.405 136.164 135.859 136.223 136.252 136.187 136.192 136.076 135.937 136.073 135.812 136.042 135.921 135.618 136.023 135.805 135.997 135.945 135.949 136.002 136.096 136.137 135.796 136.671 137.333 135.582
12.3675 12.4711 12.4419 12.6474 12.6658 12.4664 12.6293 12.6231 12.4095 12.3732 12.2868 12.2308 12.2184 12.2798 12.227 12.1938 12.2846 12.1993 12.2 12.2941 12.2183 12.2031 12.2083 12.1979 12.1548 12.1451 12.2592 12.3322 11.7625 12.1748
5.58581 5.57756 5.58667 5.58168 5.58254 5.57572 5.58526 5.62404 5.59089 5.6125 5.60069 5.7946 5.80841 5.77133 5.78494 5.78808 5.81049 5.77845 5.79997 5.79078 5.83108 5.81682 5.77882 5.78491 5.8034 5.46316 5.79115 5.74969 5.72374 5.79493
4.61973 4.61117 4.61714 4.61007 4.61425 4.35383 4.37852 4.40383 4.30496 4.29269 4.2986 4.64841 4.6577 4.64936 4.64671 4.6592 4.66433 4.66815 4.65522 4.67899 4.65186 4.68756 4.65462 4.65305 4.67801 4.65749 4.64378 4.63986 4.678 4.67755
4.6282 4.62584 4.62949 4.62702 4.62861 4.57228 4.53662 4.51535 4.56743 4.53048 4.53477 4.65592 4.64246 4.60485 4.64223 4.62754 4.61897 4.59281 4.62691 4.63486 4.63497 4.64964 4.61901 4.62648 4.61553 4.63637 4.62411 4.61121 4.63445 4.63745
4.45678 4.4523 4.45602 4.45255 4.45263 4.44241 4.42924 4.44487 4.41266 4.45485 4.44071 4.49612 4.5109 4.44181 4.48993 4.49675 4.48427 4.50848 4.49059 4.49746 4.49587 4.49329 4.50392 4.49442 4.50323 4.48817 4.51894 4.50648 4.49226 4.497
4.41715 4.39959 4.41378 4.3998 4.39164 4.36826 4.40833 4.32654 4.36192 4.40797 4.36559 4.62692 4.66822 4.6318 4.63044 4.6429 4.69375 4.62723 4.64212 4.63717 4.64721 4.69483 4.6396 4.63736 4.68769 4.60114 4.61935 4.6957 4.62429 4.66518
4.31691 4.29917 4.31224 4.29641 4.29455 4.30179 4.20304 4.2179 4.28459 4.28152 4.27586 4.36337 4.35604 4.36532 4.36953 4.3682 4.34295 4.36541 4.36655 4.37898 4.36814 4.34621 4.36114 4.35936 4.34403 4.31748 4.35524 4.38412 4.28353 4.3628
7.30472 7.22682 7.29503 7.23489 7.23812 7.43736 7.42221 7.35798 7.2889 7.32619 7.37766 7.40657 7.43766 7.4232 7.39802 7.40769 7.27377 7.37719 7.39215 7.39917 7.40073 7.23173 7.38732 7.39044 7.35794 7.44493 7.37218 7.70099 7.66831 7.336
147.671 147.887 147.546 147.997 147.75 147.366 148.487 147.655 147.05 146.856 147.072 147.623 147.613 147.505 148.128 147.791 147.685 147.876 147.744 147.211 147.603 147.836 147.595 147.632 147.946 147.718 147.912 147.467 147.149 147.851
92.8125 92.8759 92.8471 92.9137 92.8973 92.5127 92.7187 92.9001 93.0334 92.9032 92.8436 92.8111 92.8287 92.8761 92.7062 92.8522 92.6957 92.9251 92.8681 92.8144 92.7694 92.7829 92.8304 92.9399 92.8767 92.8233 92.8017 92.2689 92.7344 92.6595
153.64 153.701 153.687 153.701 153.775 153.982 153.783 153.906 154.075 154.055 153.815 153.836 153.789 153.874 153.787 153.786 153.891 153.71 153.821 153.929 153.858 153.829 153.848 153.775 153.799 153.945 153.702 153.957 153.769 153.874
74.9277 74.9314 74.9272 74.9368 74.9322 75.2678 75.4007 74.8424 74.9402 74.9654 75.1089 75.4295 75.1473 75.0772 75.031 75.0219 75.3149 75.0332 75.0068 75.313 75.5894 75.0715 75.057 75.0449 75.5525 74.9675 75.0763 75.151 75.1263 75.4074
74.0307 74.0976 74.0616 74.0463 74.1181 73.4751 73.1877 73.9493 73.9625 73.6263 73.7177 73.3346 73.2756 73.3793 73.2015 73.3219 73.3074 73.1747 73.4649 73.1289 73.1821 73.2849 73.3147 73.0002 72.9125 73.2903 73.0605 73.3041 73.2888 72.8385
82.8171 82.846 82.828 82.7972 82.8707 82.8546 82.6482 82.9378 82.8082 82.7278 82.541 82.8101 82.6981 82.7199 82.8047 82.7328 82.8365 82.6299 82.7487 82.7291 82.7828 82.7563 82.7173 82.6478 82.7081 82.7318 82.7087 82.8669 82.8225 82.6386
139.744 139.814 139.798 139.793 139.894 139.77 139.784 139.801 139.96 139.947 140.018 139.504 139.376 139.577 139.549 139.543 139.369 139.453 139.582 139.29 139.64 139.533 139.393 139.412 139.533 139.43 139.523 139.247 139.526 139.25
5.92995 5.93407 5.93042 5.93224 5.92764 5.94129 5.86365 5.84414 5.86661 5.84182 5.85636 6.43596 6.4084 6.39227 6.39126 6.3972 6.44642 6.39301 6.39289 6.43677 6.41673 6.41085 6.38393 6.39526 6.4344 6.37813 6.39147 6.42224 6.39722 6.423
7.78435 7.7841 7.77973 7.77637 7.78175 7.82708 7.77347 7.77973 7.6469 7.69378 7.67868 7.22844 7.20533 7.22774 7.22429 7.20827 7.14763 7.13862 7.23713 7.19493 7.20282 7.1576 7.2511 7.24733 7.20775 7.19875 7.20245 7.22223 7.15215 7.18461
4.57835 4.57607 4.57801 4.57208 4.57569 4.18695 4.20975 4.22466 4.34238 4.31559 4.33639 4.61699 4.61761 4.61876 4.62573 4.61327 4.64155 4.61898 4.6142 4.62787 4.60643 4.6292 4.61626 4.61205 4.60672 4.6197 4.62502 4.63427 4.61855 4.61878
4.65634 4.65819 4.65968 4.66299 4.65721 4.62521 4.61116 4.61854 4.65072 4.62417 4.66534 4.78413 4.76891 4.79535 4.79079 4.79116 4.77878 4.79024 4.79485 4.77628 4.79267 4.79325 4.79494 4.7851 4.8012 4.79263 4.80052 4.79855 4.76409 4.78953
4.51631 4.51609 4.5167 4.51845 4.51584 4.48141 4.47471 4.4679 4.46038 4.47593 4.48029 4.6069 4.61461 4.60424 4.61102 4.61146 4.62199 4.61313 4.61148 4.61256 4.59533 4.61183 4.5969 4.60626 4.61792 4.60489 4.60079 4.62359 4.60746 4.6186
4.42921 4.42816 4.4265 4.42659 4.42171 4.52426 4.49565 4.41173 4.41383 4.40043 4.41333 4.60858 4.68418 4.6422 4.69464 4.64271 4.71711 4.66687 4.64943 4.67329 4.62029 4.6916 4.61689 4.62393 4.69358 4.66247 4.65177 4.76908 4.63863 4.77335
7.73309 7.76666 7.74997 7.76927 7.77626 8.03917 7.77835 7.85601 7.97064 7.92775 7.94768 7.6855 7.7192 7.77285 7.74775 7.72044 7.70531 7.73773 7.751 7.60471 7.74798 7.7139 7.7343 7.72661 7.74266 7.71818 7.73012 7.72753 7.64011 7.73821
93.0133 93.012 93.0302 93.0662 93.0092 93.5792 93.3911 93.7668 93.3875 93.4145 93.3633 93.2951 93.518 93.5209 93.4857 93.5139 93.4288 93.5415 93.4608 93.4303 93.2901 93.5109 93.5262 93.6273 93.2192 93.478 93.5187 93.3963 93.5379 93.3818
74.9481 74.9472 74.9181 74.8842 75.01 74.9207 75.4089 74.8233 74.6563 74.8746 74.8418 75.4098 75.2315 75.2114 75.3096 75.2697 75.1687 75.225 75.3333 75.3162 75.6624 75.2318 75.4006 75.3723 75.3426 75.3106 75.2022 75.2885 75.2394 75.3715
74.4106 74.4383 74.4082 74.3502 74.4529 72.9028 71.7081 71.5897 72.8387 72.2932 72.306 71.8796 72.0504 71.9723 72.111 71.9345 72.1255 72.0143 71.7529 71.9734 71.6919 71.845 70.5578 71.9626 72.1817 71.7462 72.2114 71.9714 71.9424 71.5463
83.0142 83.0147 83.0087 82.939 83.0227 82.6633 82.3101 82.2364 82.9082 82.9327 83.0376 82.5135 82.4523 82.4122 82.5301 82.5297 82.4033 82.4417 82.4977 82.4334 82.5671 82.4263 82.2736 82.4297 82.7452 82.407 82.4724 82.5244 82.475 82.5206
102.237 102.24 102.32 102.333 102.24 102.735 103.348 102.027 102.391 102.725 102.569 102.995 103.033 103.015 102.88 102.912 103.026 103.036 102.793 103.02 102.853 102.969 102.418 102.879 103.128 102.838 103.045 102.932 103.123 102.89
141.141 141.127 141.124 141.104 141.151 141.448 141.12 140.996 141.065 140.989 141.002 141.205 140.969 141.071 140.979 140.943 140.879 140.928 141.021 141.169 141.952 140.925 140.952 141.061 141.269 141.023 141.042 141.04 140.884 140.977
5.56952 5.5753 5.57113 5.57335 5.57693 5.41905 5.47824 5.44721 5.50221 5.49734 5.50306 5.49705 5.486 5.46827 5.46369 5.4785 5.50404 5.47696 5.47062 5.48625 5.43665 5.47882 5.4682 5.4597 5.46597 5.47029 5.46911 5.48369 5.48597 5.47657
4.32226 4.321 4.31955 4.31067 4.32283 4.22184 4.21472 4.25045 4.55069 4.55219 4.55378 4.3869 4.39408 4.4376 4.38472 4.41579 4.377 4.40261 4.4402 4.41184 4.32398 4.41212 4.43552 4.36145 4.39629 4.42822 4.39076 4.41813 4.3916 4.38377
14.366 14.1625 14.1731 14.1283 13.9388 13.7875 13.8072 14.0757 13.3881 13.732 13.5521 13.7207 13.7523 13.8183 13.7666 13.746 13.7723 13.6899 13.7062 13.8192 13.6108 13.7848 13.7733 13.6805 13.7382 13.7868 13.7066 13.7535 13.7701 13.7798
4.42607 4.42556 4.42584 4.42771 4.42829 4.39101 4.45875 4.41111 4.43188 4.41703 4.42355 4.58814 4.57715 4.56185 4.5776 4.57342 4.59535 4.57452 4.58291 4.58488 4.56857 4.57632 4.57331 4.57358 4.58522 4.56904 4.57093 4.58252 4.57976 4.58824
4.39325 4.39389 4.39396 4.39633 4.39494 4.39536 4.3726 4.3425 4.36253 4.38635 4.36833 4.46476 4.45019 4.43224 4.43355 4.41969 4.45455 4.45059 4.43042 4.45601 4.43619 4.45112 4.41758 4.43638 4.44217 4.44298 4.44905 4.4424 4.43904 4.43703
4.91966 4.91085 4.91972 4.91545 4.91068 5.2583 5.30144 5.12636 4.97413 4.83552 4.9762 5.04763 5.0549 5.0564 5.02358 5.02509 4.9083 5.01901 5.05982 5.05352 5.21741 5.01991 5.09741 5.08667 5.12455 5.06538 5.02145 4.98374 5.00382 5.0079
4.33717 4.33797 4.33845 4.33709 4.33008 4.38834 4.342 4.09092 4.30725 4.29405 4.3753 4.60591 4.42907 4.37708 4.43532 4.42853 4.4977 4.43109 4.42778 4.52277 4.43716 4.44917 4.33037 4.43304 4.6856 4.41908 4.45662 4.46137 4.4576 4.57599
7.55478 7.5492 7.55705 7.56296 7.54501 7.66855 7.53678 7.50303 7.71512 7.66281 7.68193 7.56977 7.55351 7.55701 7.5108 7.53961 7.50958 7.53363 7.56191 7.56758 7.5969 7.54543 7.59483 7.53389 7.58018 7.57015 7.53795 7.54212 7.54589 7.56152
164.436 164.376 164.41 165.103 163.939 162.04 162.276 161.645 161.302 160.749 161.42 161.832 162.232 162.132 162.268 162.208 162.211 162.235 162.088 162.202 160.89 162.254 162.045 162.179 161.859 162.194 162.181 162.147 162.396 162.257
93.7479 93.7199 93.7563 93.8544 93.7134 93.6315 93.3099 93.5947 93.682 93.5085 93.6868 93.416 93.5334 93.5227 93.5835 93.5347 93.5022 93.5468 93.4858 93.6584 93.3217 93.5457 93.63 93.5261 93.505 93.5524 93.4981 93.5691 93.5395 93.461
75.7452 75.73 75.7495 75.7837 75.734 75.9312 76.0775 75.8609 75.7551 75.6081 75.7759 75.821 75.7616 75.7473 75.794 75.716 75.7357 75.739 75.7826 75.6819 75.7412 75.6105 75.7005 75.7806 75.6752 75.7375 75.7909 75.7386 75.687 75.785
72.9078 72.9424 72.9059 72.8187 72.9894 71.7886 71.9736 71.8288 73.2459 73.1049 73.2755 72.2676 72.2568 72.0805 72.144 72.2235 72.4473 72.193 71.9794 72.1971 72.1262 72.2015 71.7998 72.1147 72.1775 72.1374 72.2525 72.1326 72.3072 72.0054
82.3005 82.3227 82.32 82.2295 82.3314 82.822 82.65 82.5785 82.5805 82.654 82.552 82.7221 82.6312 82.5524 82.492 82.5608 82.6889 82.5618 82.4966 82.4801 82.6825 82.5289 82.3788 82.627 82.5744 82.4818 82.5701 82.5275 82.6133 82.6197
97.8545 97.8963 97.814 97.6923 98.0511 96.4681 97.1798 96.8396 97.2507 97.2365 97.1718 96.5447 96.7536 98.3013 96.9701 96.6358 96.5809 96.816 96.6556 96.9161 96.904 96.8522 96.5608 96.8595 96.8602 96.8091 96.8369 96.8647 96.7042 96.2874
141.843 141.857 141.849 141.808 141.874 141.975 141.804 141.995 141.647 141.742 141.59 142.158 142.131 142.517 142.059 142.189 142.182 142.127 142.024 142.072 142.191 142.069 142.056 142.157 142.127 142.047 142.123 142.077 142.192 142.153
5.58573 5.58937 5.58458 5.57041 5.59989 5.54212 5.56181 5.53796 5.54674 5.54739 5.543 5.60204 5.59571 5.60126 5.58902 5.58897 5.59301 5.59012 5.58609 5.58493 5.6118 5.58732 5.58322 5.59515 5.58831 5.58649 5.58906 5.58641 5.59367 5.59018
4.28219 4.27669 4.28105 4.28065 4.27634 4.12569 4.12267 4.12049 4.14967 4.15101 4.14107 4.36583 4.37312 4.39849 4.37544 4.38389 4.37012 4.39023 4.40446 4.37442 4.40211 4.41642 4.40146 4.37952 4.3904 4.39031 4.38285 4.39454 4.37454 4.40006
4.4332 4.43208 4.43167 4.43157 4.43544 4.40252 4.43652 4.41462 4.44433 4.4457 4.45088 4.45723 4.45768 4.44002 4.45792 4.4535 4.45941 4.45306 4.45726 4.45825 4.4512 4.44655 4.44911 4.45291 4.45232 4.45064 4.44925 4.4499 4.45909 4.45275
4.37475 4.37307 4.37283 4.37587 4.37693 4.38064 4.36013 4.4045 4.39174 4.37022 4.38057 4.41811 4.41996 4.3931 4.42613 4.41512 4.4125 4.42026 4.4286 4.42185 4.42236 4.41504 4.4332 4.42326 4.41715 4.42399 4.42051 4.42504 4.41194 4.41772
5.64866 5.64911 5.6576 5.6562 5.64147 5.59377 5.58575 5.59896 5.55752 5.60615 5.55551 5.55357 5.55163 5.60289 5.53952 5.53871 5.5731 5.53903 5.53129 5.55546 5.5501 5.53327 5.4957 5.54822 5.54264 5.53107 5.55702 5.53651 5.5403 5.54032
4.29716 4.29587 4.2949 4.2899 4.29277 4.44091 4.21825 4.30338 4.33667 4.30139 4.31132 4.46995 4.49632 4.59478 4.52868 4.50484 4.47523 4.50577 4.54439 4.55286 4.3048 4.52279 4.56729 4.48954 4.49742 4.54956 4.51659 4.52994 4.49223 4.45528
4.17983 4.1808 4.17866 4.18751 4.17907 4.10924 4.18085 4.16425 4.15487 4.1619 4.14503 4.51232 4.51375 4.55468 4.52411 4.51292 4.51043 4.51286 4.5155 4.51436 4.52776 4.51047 4.52321 4.52604 4.51445 4.50824 4.51126 4.51057 4.51248 4.51744
7.78465 7.78586 7.78782 7.7964 7.78859 7.89919 7.87839 7.89388 7.88534 7.8583 7.86537 7.90547 7.89678 7.90379 7.89094 7.90202 7.90609 7.8934 7.88374 7.89461 7.9336 7.88664 7.88706 7.90914 7.89691 7.88397 7.88973 7.88677 7.90677 7.92041
