5.72561 5.72446 5.72566 5.72451 5.70861 5.72619 5.70181 5.69951 5.72351 5.72593 5.6961 5.6943 5.70558 5.72561 5.70797 5.88192 5.88478 5.88591 5.89401 5.87532 5.87573 5.87756 5.88424 5.88933 5.89277 5.89968 5.8765
4.67754 4.68002 4.68679 4.67824 4.55583 4.68415 4.31497 4.35822 4.68435 4.68095 4.33519 4.54002 4.53459 4.68546 4.45016 4.71099 4.70402 4.76018 4.70038 4.67729 4.70935 4.75653 4.70515 4.72256 4.75532 4.69598 4.66778
7.92343 7.93329 7.93207 7.92785 7.80141 7.92576 7.87214 7.82913 7.92971 7.93949 7.81018 7.7608 7.79706 7.94077 7.81475 8.0802 8.04049 8.08299 8.00294 8.07761 8.12481 8.17675 8.08076 8.10438 8.03041 8.02257 8.00344
5.69238 5.69145 5.6953 5.68961 5.64914 5.69427 5.6449 5.65519 5.68719 5.69408 5.65044 5.67146 5.65427 5.69488 5.69783 5.83051 5.84064 5.85923 5.83007 5.88301 5.83684 5.84453 5.83599 5.84113 5.84451 5.86173 5.87525
4.63835 4.64551 4.64845 4.64004 4.43926 4.64473 4.40051 4.39645 4.63735 4.64279 4.30046 4.29322 4.29256 4.63822 4.30088 4.66731 4.66209 4.67153 4.65284 4.68458 4.67104 4.67212 4.66988 4.66037 4.66649 4.63591 4.66068
7.42447 7.42914 7.41022 7.42694 7.40507 7.42556 7.45165 7.34872 7.4217 7.40467 7.40586 7.34535 7.3559 7.39333 7.34671 7.44305 7.44561 7.35713 7.43773 7.43242 7.4401 7.35048 7.43689 7.40156 7.42131 7.43574 7.55509
5.95194 5.95915 5.95871 5.95433 5.88967 5.95499 5.88658 5.87052 5.94909 5.95238 5.88059 5.94186 5.90353 5.94104 5.9047 6.38141 6.39424 6.39605 6.3923 6.4596 6.39101 6.39426 6.39033 6.39137 6.38207 6.41024 6.47055
7.27048 7.25373 7.24968 7.21838 7.63235 7.27618 7.61969 7.59883 7.26047 7.23501 7.50242 7.27971 7.21851 7.25058 7.64028 6.84582 6.80034 6.84001 6.78878 6.79267 6.77237 6.83915 6.87166 6.78576 6.78364 6.72807 6.79904
4.59686 4.6035 4.59579 4.61061 4.36905 4.61899 4.35248 4.3354 4.60444 4.59799 4.21691 4.20903 4.24841 4.61324 4.22034 4.71895 4.708 4.7125 4.70995 4.63749 4.72176 4.71864 4.71294 4.70532 4.72172 4.69542 4.60136
7.78539 7.77227 7.77786 7.76639 7.77233 7.77515 7.74902 7.75439 7.79902 7.78239 7.7335 7.70259 7.68615 7.78787 7.65623 7.67679 7.67772 7.62508 7.68551 7.72438 7.67135 7.69338 7.66438 7.69273 7.66954 7.75781 7.68912
5.84603 5.84817 5.842 5.84718 5.78147 5.83882 5.77767 5.76848 5.84256 5.84516 5.74079 5.78891 5.81411 5.84524 5.7331 6.31597 6.31303 6.31618 6.32527 6.29286 6.30393 6.30719 6.32341 6.30927 6.31341 6.32452 6.36195
7.62572 7.61408 7.59931 7.60235 7.61888 7.61383 7.64877 7.6486 7.61027 7.59968 7.22137 7.24508 7.06988 7.61292 7.1882 7.10902 7.1016 7.10016 7.07279 7.00154 7.11637 7.09306 7.11101 7.05371 7.10132 7.08086 7.11804
4.50968 4.51215 4.51913 4.51422 4.36007 4.51099 4.3457 4.35444 4.51324 4.5134 4.34613 4.30101 4.35435 4.51355 4.33883 4.62814 4.62073 4.62943 4.64464 4.60005 4.61159 4.62093 4.63051 4.62438 4.61152 4.60353 4.57212
7.78722 7.78363 7.78284 7.78151 7.78394 7.80585 7.73147 7.72732 7.78785 7.78296 7.77453 7.80065 7.80777 7.79879 7.75267 7.65955 7.66868 7.65672 7.6449 7.82235 7.64638 7.6793 7.65563 7.63517 7.68169 7.63025 7.56316
5.41771 5.42175 5.42543 5.42735 5.39505 5.41852 5.41247 5.41245 5.42048 5.4247 5.45221 5.45027 5.4588 5.42223 5.46637 5.41895 5.46337 5.42367 5.42796 5.42344 5.40437 5.41623 5.41946 5.42359 5.40095 5.45302 5.40744
4.46652 4.45715 4.46137 4.46652 4.24701 4.46814 4.26029 4.24107 4.47073 4.46423 4.27847 4.28323 4.26436 4.46897 4.27318 4.49219 4.4525 4.50059 4.4983 4.43095 4.47389 4.50266 4.49668 4.50404 4.41002 4.45171 4.4091
7.49119 7.48587 7.47113 7.48191 7.49817 7.49742 7.54357 7.55585 7.49431 7.4927 7.38424 7.40239 7.41578 7.50022 7.49204 7.45238 7.45113 7.46261 7.45701 7.37851 7.40385 7.4588 7.46044 7.44618 7.44508 7.44636 7.46803
5.92821 5.91303 5.9113 5.91714 5.88175 5.91881 5.85645 5.895 5.92288 5.91559 5.92282 5.91471 5.90884 5.92347 5.89715 6.36577 6.41789 6.35791 6.36002 6.4587 6.39176 6.3664 6.37359 6.36863 6.43912 6.41444 6.42703
7.30245 7.27093 7.26723 7.30199 7.37277 7.23633 7.3786 7.39558 7.27771 7.24186 7.31086 7.46852 7.34061 7.30648 7.09235 6.98734 6.66867 6.95063 6.93455 6.89748 6.96251 6.93338 6.95538 6.90593 6.95967 6.89969 7.11863
4.53766 4.54163 4.53659 4.5335 4.2172 4.53739 4.20036 4.20867 4.53747 4.53326 4.20057 4.20286 4.23169 4.53871 4.33605 4.65291 4.62818 4.64832 4.64088 4.66855 4.66065 4.65542 4.64091 4.64392 4.66465 4.59878 4.61104
8.13792 8.13957 8.14334 8.13315 8.13485 8.13969 8.15383 8.1578 8.13114 8.13439 8.13477 8.13173 8.16784 8.13894 8.02526 8.06879 7.96893 8.04291 8.03475 8.0869 8.0511 8.06123 8.0951 8.06316 8.05221 8.17642 8.09137
5.41864 5.42007 5.41874 5.41584 5.38343 5.4226 5.37655 5.40295 5.41794 5.41862 5.43224 5.40976 5.42572 5.42184 5.43878 5.38612 5.4171 5.39277 5.3925 5.46896 5.43897 5.4217 5.4123 5.40627 5.4788 5.41448 5.42652
4.39572 4.39671 4.39842 4.39405 4.24113 4.39547 4.22447 4.23187 4.39551 4.39311 4.23244 4.22825 4.21703 4.39809 4.23069 4.42918 4.41591 4.42565 4.41092 4.44104 4.44141 4.4492 4.42013 4.40729 4.47042 4.42926 4.43555
7.54267 7.52981 7.53201 7.52246 7.54289 7.53228 7.54778 7.46296 7.5291 7.52945 7.48017 7.54391 7.48422 7.53671 7.57486 7.47234 7.38818 7.4411 7.44229 7.3812 7.49446 7.48136 7.44494 7.41698 7.4629 7.53968 7.43542
5.54636 5.55088 5.55184 5.54822 5.5509 5.54917 5.52462 5.54788 5.54814 5.54392 5.51839 5.50675 5.54453 5.54512 5.55618 5.52413 5.50576 5.52576 5.51284 5.52813 5.54447 5.53628 5.53333 5.56248 5.53991 5.54971 5.53077
4.35848 4.35617 4.35637 4.36327 4.32296 4.35874 4.30419 4.31781 4.35439 4.35596 4.18642 4.17369 4.14822 4.3583 4.45099 4.38047 4.39769 4.40216 4.3579 4.40542 4.39114 4.39433 4.38893 4.36489 4.37993 4.33289 4.48682
7.86763 7.87192 7.86533 7.86576 7.88218 7.86671 7.88127 7.89287 7.86695 7.86673 7.85685 7.87784 7.85888 7.86772 7.81994 7.89116 7.87534 7.9043 7.88148 7.92823 7.89614 7.88711 7.8904 7.90475 7.83635 7.87788 7.97343
5.61826 5.61602 5.61772 5.61835 5.58353 5.61609 5.60212 5.61482 5.61939 5.61785 5.42757 5.41636 5.51958 5.62725 5.51219 5.56373 5.59242 5.57815 5.58478 5.58345 5.59485 5.58483 5.5783 5.58866 5.57396 5.62159 5.58477
4.3581 4.37151 4.3727 4.35769 4.32305 4.35004 4.31965 4.37393 4.35924 4.35498 4.38254 4.38352 4.41685 4.35931 4.35633 4.39774 4.2175 4.39275 4.34047 4.35533 4.36933 4.4203 4.42744 4.42915 4.37099 4.34638 4.36124
7.87263 7.86298 7.868 7.8682 7.87326 7.8667 7.86368 7.87092 7.86889 7.86524 7.88572 7.8531 7.85479 7.86657 7.85119 7.88777 7.81617 7.8857 7.86181 7.94408 7.91554 7.90148 7.89051 7.90997 7.82106 7.88775 7.90961
5.6543 5.6538 5.65186 5.65154 5.6315 5.65105 5.65605 5.63814 5.65093 5.64589 5.61727 5.64371 5.64685 5.64757 5.63306 5.5961 5.58721 5.63814 6.10794 5.64569 5.64497 5.607 5.62898 5.61698 5.62096 5.82735 5.58884
4.37983 4.39265 4.39619 4.38232 4.40936 4.376 4.40043 4.40533 4.38591 4.38788 4.38617 4.41854 4.40272 4.38597 4.3379 4.37563 4.32736 4.39884 4.41066 4.39459 4.3909 4.37636 4.42245 4.38515 4.36657 4.35286 4.41004
7.88378 7.89131 7.89286 7.88443 7.89631 7.88436 7.9319 7.92188 7.88025 7.88412 7.93682 7.94033 7.91701 7.88379 7.94555 7.90633 7.85778 7.89569 7.81145 7.95802 7.86407 7.89681 7.89734 7.93059 7.85299 7.9753 7.87941
5.68298 5.68131 5.68222 5.68375 5.67123 5.67643 5.6861 5.69022 5.67889 5.68527 5.66944 5.68452 5.67813 5.68194 5.63899 5.62666 5.24586 5.63939 5.62278 5.64828 5.66907 5.62878 5.65257 5.65444 5.60455 5.67039 5.66601
4.52113 4.5283 4.52299 4.52248 4.60387 4.51148 4.56777 4.62649 4.51619 4.52474 4.32941 4.32106 4.33587 4.51983 4.47001 4.47875 4.29857 4.53974 4.57016 4.48286 4.51524 4.40304 4.55465 4.54213 4.48793 4.39752 4.53442
7.90928 7.91335 7.9099 7.90987 7.86627 7.90027 7.86933 7.86275 7.91126 7.9117 7.9337 7.96278 7.92963 7.91095 7.92664 7.92204 7.8154 7.95787 7.99446 7.9506 7.8707 7.9005 7.9536 7.93463 7.82731 8.21026 7.93597
5.69279 5.69356 5.69628 5.69509 5.68411 5.69177 5.68451 5.67873 5.69332 5.69603 5.68922 5.67427 5.67052 5.68945 5.69097 5.8809 5.88853 5.85908 5.8884 5.8816 5.84822 5.89188 5.85867 5.86972 5.87795 5.85954 5.86279
4.60169 4.60776 4.59556 4.59913 4.29621 4.60491 4.27163 4.26692 4.60495 4.61102 4.26101 4.2815 4.28747 4.60486 4.26532 4.62068 4.801 4.61649 4.60682 4.54401 4.64493 4.63419 4.60246 4.59765 4.60699 4.57234 4.64074
7.7293 7.74582 7.73659 7.724 7.63023 7.71336 7.71058 7.70196 7.73674 7.72951 7.74035 7.76599 7.78579 7.7288 7.69744 7.90642 8.16913 7.83524 7.88156 7.85804 7.71983 7.80571 7.81707 7.86084 7.79223 7.67403 7.81699
5.53093 5.53275 5.52964 5.53009 5.50352 5.52786 5.51198 5.5143 5.53034 5.5331 5.52172 5.5168 5.54205 5.5269 5.51615 5.57059 5.64604 5.55705 5.58845 5.61418 5.60416 5.56049 5.55403 5.58512 5.58972 5.18912 5.60099
4.40803 4.40196 4.40325 4.40062 4.19525 4.40316 4.19697 4.21856 4.40182 4.40918 4.19798 4.20691 4.20646 4.40822 4.34062 4.43527 4.4759 4.37447 4.41141 4.55481 4.44809 4.40784 4.38587 4.43717 4.45039 4.32508 4.42264
7.60343 7.60884 7.60334 7.60043 7.54546 7.60632 7.5474 7.53503 7.6098 7.60196 7.5658 7.57331 7.53891 7.60272 7.57452 7.57369 7.5972 7.57863 7.58107 7.54792 7.56799 7.62306 7.57041 7.59646 7.5775 7.7505 7.61588
5.64188 5.63184 5.64149 5.63598 5.41057 5.63478 5.42903 5.41649 5.63745 5.63335 5.44604 5.42189 5.54378 5.6326 5.39103 5.61953 5.61254 5.57723 5.62495 5.37246 5.59007 5.61025 5.60131 5.6185 5.64009 5.47719 5.60636
4.50571 4.51305 4.50962 4.50985 4.5741 4.502 4.60632 4.63118 4.50801 4.5044 4.45794 4.50202 4.48343 4.49859 4.40375 4.54455 4.26324 4.37641 4.34033 4.20444 4.2479 4.4999 4.38197 4.24599 4.45521 4.4713 4.33876
7.73157 7.73294 7.7238 7.72738 7.8219 7.73964 7.82468 7.83017 7.72888 7.73287 7.84067 7.82689 7.81056 7.73176 7.84591 7.71788 7.78359 7.80472 7.76449 7.70989 7.72313 7.78193 7.79902 7.75045 7.79306 7.72594 7.84524
5.81164 5.80865 5.81589 5.82486 5.84848 5.80865 5.83203 5.8222 5.81857 5.80428 5.84628 5.81332 5.77963 5.78641 5.91202 5.86073 5.82339 5.90287 5.97642 5.94774 5.88455 6.12925 5.87379 5.84798 5.88176 5.86544 5.92209
4.43597 4.43758 4.43169 4.4399 4.25122 4.43536 4.26452 4.30012 4.43428 4.4313 4.29101 4.26259 4.22952 4.42729 4.2232 4.57626 4.66806 4.62057 4.63616 4.91619 4.55955 4.45033 4.59705 4.65087 4.61214 4.61735 4.6618
7.68851 7.69079 7.69902 7.68551 7.55539 7.70372 7.61703 7.60306 7.68928 7.69932 7.60833 7.591 7.65333 7.68716 7.57091 7.70897 7.63885 7.87874 7.76369 7.47041 7.85775 8.0188 7.90505 8.18824 7.70988 7.67006 8.14835
4.84247 4.84603 4.85941 4.87091 5.32005 4.84448 5.3073 5.27432 4.88288 4.89562 5.09484 5.33581 4.82115 4.82807 5.12979 5.30493 5.60699 5.5008 5.56055 5.61093 5.50046 5.08173 5.52682 5.06576 5.57367 5.5599 4.88233
4.44349 4.44645 4.44272 4.43883 4.4137 4.44332 4.4248 4.37629 4.44248 4.43728 4.38595 4.42341 4.38941 4.44048 4.36642 4.53603 4.53016 4.49432 4.46517 4.6009 4.38424 4.29751 4.53382 4.43508 4.48362 4.53708 4.33165
7.6146 7.61233 7.61639 7.61812 7.62119 7.62074 7.65218 7.68377 7.62102 7.62074 7.58928 7.64951 7.61851 7.62278 7.56171 7.50135 7.61396 7.6088 7.51537 7.83319 7.70566 7.60471 7.53381 7.55728 7.6526 7.64614 7.33337
5.92927 5.9263 5.927 5.92955 5.90425 5.92998 5.89203 5.91124 5.92989 5.93771 5.97565 5.86882 5.91544 5.93091 5.94481 6.43996 6.66404 6.44816 6.42327 6.51809 6.50153 6.44343 6.46589 6.49576 6.47601 6.48144 6.35274
7.66027 7.65444 7.65613 7.64291 7.69069 7.65856 7.74727 7.8171 7.66524 7.65696 7.87226 7.917 7.75617 7.68109 7.83375 7.28568 7.36027 7.21286 6.98837 7.30851 7.34251 6.95511 7.19699 7.19248 7.21697 7.12563 7.49743
4.62817 4.63241 4.63798 4.63675 4.22234 4.63435 4.18836 4.18326 4.62809 4.63124 4.36943 4.18844 4.35351 4.62315 4.3274 4.72712 4.56052 4.70331 4.6194 4.68749 4.59215 4.67341 4.67994 4.67817 4.60239 4.71576 4.64309
8.11665 8.11421 8.0953 8.1057 8.09067 8.08982 8.15223 8.11715 8.09 8.10539 8.24834 8.10374 8.16856 8.08559 8.26807 8.18548 8.37325 8.09031 8.32197 8.28373 8.22399 7.96258 8.07015 8.12348 8.00613 8.28541 8.16472
5.43884 5.43746 5.44257 5.43875 5.42468 5.44079 5.43223 5.37589 5.43947 5.44288 5.16629 4.92148 5.25025 5.45463 5.07961 5.44787 5.50054 5.47499 5.33674 5.53289 5.49526 5.6299 5.4854 5.57785 5.48763 5.5243 5.48161
4.34908 4.34708 4.33585 4.35142 4.35534 4.34813 4.33307 4.27873 4.32944 4.33471 4.2763 4.2198 4.26399 4.36123 4.07509 4.41973 4.41381 4.36714 4.43587 4.43555 4.39878 4.43278 4.4081 4.40173 4.39445 4.47948 4.40789
7.48984 7.48171 7.47639 7.49167 7.45938 7.48116 7.47912 7.5203 7.49314 7.49197 7.76716 7.65488 7.74172 7.4815 7.85622 7.36209 7.39616 7.3672 7.55553 7.38869 7.43647 7.36704 7.33361 7.41087 7.45818 7.39514 7.36976
6.18632 6.16063 5.68898 6.13546 6.00894 6.28619 5.97514 6.01542 6.16757 6.16818 6.04483 6.07341 6.00442 6.21442 6.25484 5.59807 5.5782 5.54648 5.59029 5.58029 5.54973 5.54212 5.57472 5.575 5.56896 5.60939 5.54323
4.31828 4.31492 4.32657 4.30945 4.40556 4.34452 4.49549 4.54132 4.34047 4.34245 4.59994 4.66461 4.7011 4.47424 4.13838 4.49576 4.45352 4.44872 4.42817 4.4915 4.43014 4.40474 4.43315 4.38775 4.44397 4.50214 4.39408
7.79458 7.79129 7.80256 7.79267 7.84122 7.80592 7.84524 7.86522 7.79383 7.7879 7.81655 7.85528 7.81658 7.84227 7.72382 7.82438 7.78119 7.80293 7.82477 7.78735 7.81494 7.74125 7.78285 7.781 8.08609 7.82495 7.73853
5.60942 5.6109 6.23874 5.61586 5.62381 5.61128 5.63767 5.62486 5.61601 5.61779 5.57813 5.61513 5.5622 5.61278 5.59127 5.61572 5.56226 5.52744 5.58967 5.87669 5.58331 5.5742 5.55395 5.53625 5.54445 5.54761 5.5557
4.45392 4.45769 4.61241 4.37933 4.45903 4.45439 4.47072 4.47408 4.45294 4.45538 4.45068 4.48149 4.2589 4.41066 4.44468 4.42042 4.44991 4.24401 4.42654 4.34072 4.38734 4.38383 4.30224 4.36272 4.30712 4.26265 4.36452
7.97773 7.97625 7.99041 7.95361 7.95965 7.98319 7.93176 7.94829 7.97854 7.96923 7.94882 7.97322 7.93066 7.98595 7.99477 7.87592 7.88965 7.85465 7.85392 7.94191 7.89354 7.89457 7.90634 7.91363 7.78412 7.83859 7.88475
6.19185 6.18424 5.8635 6.21624 6.20245 6.11703 6.08517 6.02967 5.93916 5.99365 6.05015 6.00623 6.05175 6.06765 6.2324 5.63571 5.63317 5.59405 5.63218 5.58863 5.60703 5.60143 5.77721 5.57413 5.30609 5.53768 5.63236
4.51168 4.52094 4.44924 4.53673 4.5472 4.41841 4.53881 4.5364 4.39954 4.40619 4.50868 4.55974 4.57581 4.46619 4.4602 4.38839 4.42398 4.43414 4.44446 4.50522 4.56265 4.45279 4.42988 4.42377 4.57799 4.43358 4.35739
7.81766 7.81572 7.92759 7.83449 7.88026 8.06061 7.89075 7.87819 8.00724 7.99949 7.79786 7.86873 7.78733 7.92867 7.85022 7.90183 7.86089 7.87166 7.86278 7.95105 7.82162 8.03424 7.85814 7.95421 8.22826 7.94311 7.86245
5.63215 5.6322 5.55331 5.62679 5.67017 5.52723 5.67589 5.65252 5.4573 5.45589 5.64881 5.65619 5.65852 5.54722 5.65982 5.73506 5.70615 5.71215 5.67228 5.5964 5.66619 5.60028 5.55929 5.61985 5.62361 5.55958 5.56005
4.37171 4.36934 4.34999 4.36925 4.31759 4.40739 4.3314 4.34599 4.41898 4.41767 4.28052 4.33793 4.31515 4.41889 4.33103 4.41833 4.45899 4.41846 4.43673 4.22622 4.39643 4.47561 4.2702 4.26538 4.33717 4.44321 4.40087
7.89693 7.89273 7.80618 7.89416 7.93677 7.77727 7.89479 7.87807 7.78047 7.78786 7.82424 7.87471 7.80361 7.84435 7.87837 7.71742 7.72726 7.85308 7.72661 7.70611 7.74022 7.76123 7.64233 7.75398 7.76696 7.67783 7.88523
5.52368 5.52351 5.51085 5.5299 5.56127 5.51573 5.52088 5.50988 5.51018 5.51734 5.51467 5.52243 5.51652 5.49864 5.56052 5.51307 5.5355 5.56544 5.52982 5.45899 5.53771 5.26544 5.55785 5.9611 5.50068 5.49141 5.50709
4.45158 4.44235 4.44493 4.43991 4.4399 4.43001 4.4556 4.46097 4.43959 4.44507 4.47477 4.49734 4.40382 4.45095 4.4428 4.39798 4.50354 4.44373 4.49961 4.35465 4.48168 4.43962 4.47172 4.357 4.33649 4.41449 4.40339
7.76285 7.76139 7.76202 7.76988 7.77473 7.75414 7.7398 7.76861 7.745 7.74894 7.72512 7.74264 7.7449 7.75802 7.76797 7.72412 7.72952 7.73193 7.72817 7.80453 7.67317 7.76264 7.94317 7.83027 7.83582 7.78223 7.78595
5.90654 5.91231 5.9044 5.89911 5.86825 5.90561 5.85888 5.851 5.90873 5.90225 5.88997 5.86673 5.87892 5.87889 5.82559 6.39855 6.35697 6.38046 6.37335 6.46495 6.44361 6.28735 6.39472 6.43362 6.41101 6.21783 6.41327
7.15357 7.16085 7.16152 7.16628 6.75339 7.19766 6.84987 6.80093 7.15411 7.11291 6.97387 6.64435 6.99072 7.14037 6.96943 7.06111 6.81234 6.46542 6.96706 7.10914 7.06402 7.11848 7.44608 7.45707 7.89387 7.603 7.07293
4.52822 4.53479 4.53014 4.51573 4.34095 4.52958 4.32969 4.35204 4.53097 4.52935 4.34758 4.33108 4.35993 4.5199 4.3585 4.5114 4.60669 4.56133 4.61312 4.7242 4.64029 4.75755 4.59443 4.67274 4.69427 4.7564 4.70541
8.13829 8.13103 8.1267 8.12144 8.18155 8.10358 8.24938 8.16122 8.12704 8.11996 8.2364 8.14337 8.12688 8.11032 8.22746 8.08128 8.08725 8.04655 8.0068 8.10018 8.09219 8.26577 8.30089 8.58901 8.48957 8.22762 8.11481
5.4292 5.42265 5.41723 5.40229 5.46492 5.41991 5.46036 5.45018 5.42179 5.42157 5.44691 5.45814 5.4573 5.40032 5.4358 5.33155 5.37309 5.42871 5.49148 5.51916 5.48631 5.50568 5.50593 5.51986 5.22959 5.58294 5.44046
4.45473 4.48218 4.47675 4.45047 4.29337 4.47396 4.29367 4.31184 4.47456 4.47027 4.30364 4.21186 4.29292 4.45825 4.22277 3.81553 4.39413 4.31351 4.32532 4.35052 4.36797 4.41573 4.52775 4.51665 4.29474 4.4207 4.33509
7.4938 7.52319 7.51734 7.5275 7.43965 7.52297 7.41022 7.38499 7.50689 7.50017 7.4275 7.43284 7.45223 7.4782 7.39817 7.73544 7.43251 7.52446 7.657 7.66725 7.50387 7.68121 7.71243 7.66141 7.41776 7.73716 7.57162
6.00668 5.98771 5.99134 5.88607 6.08999 5.99516 6.07712 6.10853 6.00474 6.003 6.10881 6.13433 6.13391 5.90835 5.88891 6.49149 6.38783 6.46992 6.47667 6.49473 6.39315 6.39067 6.47773 6.45105 6.49011 6.6066 6.3399
7.40163 7.30601 7.31356 6.30712 8.21559 7.02292 8.04264 8.19718 7.3641 7.38356 8.4774 8.32923 8.9454 6.54601 8.4854 7.19138 7.50023 7.6085 7.39926 8.38873 7.33412 6.70355 7.30139 7.53797 7.49693 6.74521 6.50641
4.49446 4.57647 4.57996 4.52815 4.19429 4.55403 4.2071 4.19308 4.58358 4.57874 4.19711 4.19637 4.18257 4.56408 4.24937 4.78324 4.74036 4.64727 4.80258 4.86462 4.6777 4.82289 4.8174 4.71856 4.64656 4.7558 4.68374
8.299 8.21418 8.22249 8.07835 8.44066 8.18533 8.40077 8.42544 8.17456 8.1769 8.38168 8.4055 8.37769 8.1138 8.19271 7.49103 8.17908 8.17689 8.1523 8.03332 8.25171 7.5834 8.04716 8.31759 8.245 8.05409 7.83387
4.583 4.11247 4.1193 5.00067 4.12084 4.34901 3.99457 4.06008 4.69941 4.76304 4.59401 4.40736 5.00769 4.95727 5.55979 5.8577 5.71386 5.83631 5.68176 5.5142 5.83307 5.77804 5.70126 5.85831 5.84029 5.79233 5.92577
4.7056 4.55045 4.55453 4.65763 4.23041 4.59872 4.21158 4.21029 4.7015 4.70307 4.05605 4.17552 4.07226 4.59639 3.84919 4.6471 4.6996 4.54931 4.5531 4.60342 4.61921 4.90151 4.58041 4.63921 4.67291 4.56234 4.54123
7.72594 7.66979 7.66553 7.48516 7.78796 7.45421 7.77526 7.81306 7.54824 7.54614 7.82125 7.78747 7.86436 7.52427 7.92641 7.82419 7.58757 7.87245 7.46142 7.71277 7.26444 8.10931 7.46869 7.67177 7.95574 7.13748 7.73223
6.23241 6.24559 6.2272 6.04108 6.18867 6.21532 6.18026 6.20531 6.31122 6.32034 6.31374 6.31206 6.10448 6.12705 6.10692 5.51717 5.62074 6.03727 5.51227 5.63274 5.54817 6.03608 5.59372 5.59305 5.65954 5.4385 5.97856
4.32227 4.31587 4.31412 4.35431 4.17456 4.31217 4.18162 4.17855 4.30999 4.31019 4.34751 4.36714 4.31041 4.35556 4.16627 4.38361 4.45161 4.44718 4.41044 4.33664 4.47549 4.37675 4.50938 4.40942 4.61256 4.57795 4.55793
7.69875 7.68801 7.67696 7.7624 7.75347 7.77721 7.73809 7.74336 7.78476 7.78647 7.70434 7.75716 7.66501 7.67089 7.79587 7.51653 7.7404 7.81059 7.62161 7.78232 7.62604 7.79541 7.55767 7.60929 7.41614 7.54303 7.66094
5.7707 5.75686 5.7628 5.88667 5.78698 5.98384 5.84988 5.84494 5.83935 5.83485 5.78396 5.85098 5.76887 5.33468 5.75484 5.99341 5.91997 5.93294 5.95141 5.78024 5.87783 5.88425 5.89347 6.05275 5.944 5.75926 6.07362
4.69447 4.70463 4.69693 4.58507 4.25593 4.76022 4.23399 4.23278 4.76823 4.75575 4.23493 4.24445 4.16677 4.74218 4.27618 4.64465 4.59601 4.68325 4.58493 4.78285 4.58978 4.52031 4.59314 4.56325 4.58205 4.56413 4.5522
7.94084 7.96408 7.95833 7.41825 7.85794 7.36978 7.84485 7.86508 7.64654 7.6508 7.89176 7.84672 7.9643 7.7634 7.71802 8.07291 7.49783 7.99654 7.72109 8.21314 7.8428 7.24396 7.94613 8.03642 7.98122 7.76219 7.75963
5.96991 5.97883 5.97173 5.71731 5.8987 6.0184 5.87917 5.91152 6.00058 6.00705 5.90953 5.88938 5.92094 5.62425 5.97056 6.32601 6.44108 5.81629 5.97099 6.1238 5.80874 6.47477 6.38918 6.52363 6.40556 6.38543 6.281
8.38474 8.35396 8.3366 8.02991 8.73821 8.27281 8.75922 8.63176 8.27062 8.2898 8.46566 8.75916 8.4751 7.98868 8.13145 7.2709 7.72433 7.57151 6.37284 7.06475 7.42974 7.04022 6.96687 6.70382 6.57324 7.39844 9.12168
4.56714 4.57611 4.57471 4.6799 4.2921 4.63352 4.30716 4.29919 4.61685 4.62877 4.21458 4.21759 4.20873 4.69465 4.18939 4.66538 4.67945 4.60886 4.59583 4.69143 4.63038 4.61557 4.677 4.59696 4.65931 4.84109 4.66655
8.12849 8.16328 8.15486 7.87176 8.13435 8.26581 8.12788 8.13798 8.26027 8.25954 8.15979 8.16645 8.20567 7.86168 8.21562 8.04997 7.89156 8.17017 8.26627 7.94488 7.97315 8.0742 7.80525 8.23204 8.18844 7.50026 8.10862
5.292 5.33009 5.33789 5.71244 5.09653 5.20383 5.04501 5.12651 5.27404 5.22192 5.25276 5.30007 5.33571 5.72548 5.44523 6.2381 5.32502 5.73327 6.32151 6.26336 5.65898 6.30866 6.35343 6.29362 6.20468 5.95573 6.3425
7.48475 7.47663 7.48272 7.4174 8.18179 7.52195 8.21241 8.166 7.45681 7.46086 8.32506 8.14293 8.34401 7.44807 7.85505 7.26305 7.2136 7.25976 7.25413 7.23773 7.22984 8.24826 7.1633 7.38718 7.31324 8.12694 7.37054
4.48426 4.47717 4.47996 4.51241 4.15299 4.48156 4.14965 4.14613 4.48333 4.48558 4.17176 4.15791 4.17257 4.53717 4.19533 4.65206 4.55351 4.61094 4.61051 4.62631 4.59705 4.65056 4.64287 4.71099 4.55817 4.57201 4.62239
7.95609 7.95654 7.9607 7.88776 7.83232 8.0037 7.8266 7.8051 7.99254 7.98522 7.81296 7.8068 7.909 7.88102 7.93739 7.89819 8.13813 8.08248 7.86776 7.97034 7.90788 7.92444 7.69161 7.72344 7.71622 8.12886 7.55414
5.39021 5.41175 5.38595 5.36649 5.31474 5.37241 5.312 5.3028 5.37982 5.3904 5.26258 5.28835 5.21683 5.35717 5.24798 5.41274 5.31881 4.90297 5.37087 5.30538 5.43167 5.29522 5.46851 5.46273 6.08315 5.26357 5.37534
4.44658 4.42743 4.44365 4.45219 4.42653 4.44116 4.4915 4.46509 4.45894 4.43981 4.40962 4.46563 4.32332 4.46177 4.43172 4.48956 4.3889 4.38349 4.41975 4.43064 4.40919 4.42451 4.54224 4.49548 4.42128 4.36102 4.41337
7.4384 7.44934 7.45436 7.50239 7.53927 7.46679 7.50792 7.51867 7.476 7.46699 7.55001 7.50543 7.5893 7.50136 7.52345 7.45357 7.33762 7.47339 7.48831 7.53269 7.55206 7.71927 7.43543 7.42769 7.78773 7.53144 7.76926
5.96452 5.95388 5.97306 5.9512 5.87733 5.95928 5.90565 5.91192 5.96548 5.96184 5.84516 5.90909 5.89648 5.94958 5.87914 6.41551 6.43616 6.41246 6.44384 6.44465 6.40013 6.40785 6.50016 6.50986 6.42366 6.59866 6.38343
6.97613 7.04561 7.05573 6.9021 7.02407 6.92409 7.13318 7.09186 6.89565 6.92597 7.10646 7.00115 7.1122 6.74357 7.0823 6.88087 6.57108 6.42376 6.54172 7.17447 6.99672 6.96237 7.05758 6.96216 7.30342 7.26042 6.9361
4.62397 4.59374 4.6257 4.60622 4.53358 4.60306 4.49713 4.30654 4.61442 4.58457 4.31665 4.49883 4.47165 4.61637 4.31645 4.73428 4.71772 4.68746 4.68187 4.65171 4.61869 4.77202 4.77782 4.69161 4.71711 4.73759 4.65485
8.01286 8.05344 7.99081 8.03375 7.95077 8.02437 7.89322 7.91093 8.035 8.02165 7.89499 7.91839 7.92347 8.05464 7.81332 7.99848 7.98733 7.91091 7.87444 8.11238 7.94146 7.96296 8.00508 8.20506 8.48496 8.34416 8.16687
5.50111 5.50454 5.5209 5.50601 5.50872 5.51171 5.49459 5.49046 5.51947 5.51415 5.50073 5.51413 5.49995 5.52033 5.53037 5.40452 5.74924 5.75111 5.72066 5.8088 5.69892 5.77263 5.72371 5.77989 5.70786 5.86269 5.77268
4.66267 4.65582 4.66452 4.6604 4.22505 4.65114 4.234 4.24743 4.64528 4.65408 4.23404 4.23664 4.25353 4.64393 4.30646 4.48363 4.59278 4.60587 4.62286 4.49876 4.58112 4.66594 4.69305 4.73256 4.4475 4.54706 4.56576
7.2273 7.18727 7.23017 7.24143 7.29675 7.22317 7.24726 7.30184 7.20616 7.42309 7.23756 7.22963 7.18352 7.21531 7.19847 7.37795 7.23646 7.48044 7.23097 7.44528 7.61541 7.26572 7.58522 7.40604 7.50304 7.45492 7.60312
5.99499 5.99538 5.98138 5.98922 5.78243 5.97733 5.88018 5.86245 5.98232 5.99325 5.83714 5.73673 5.77836 5.98712 5.84577 6.52067 6.29708 6.3472 6.18771 6.48765 6.43921 6.49766 6.53476 6.51468 6.41281 6.43661 6.45269
7.33953 7.34463 7.55645 7.30655 7.07883 7.34218 7.23705 7.27838 7.46656 7.44894 7.08585 7.43457 7.05892 7.48308 7.27834 7.31167 6.92851 6.94412 6.8086 6.65368 6.78858 7.09876 7.23616 7.06665 7.18683 6.82255 7.34946
4.65615 4.66214 4.63216 4.66363 4.48082 4.657 4.41756 4.43679 4.63967 4.62768 4.43121 4.43354 4.444 4.65437 4.42602 4.69865 4.57029 4.75651 4.69887 4.67904 4.66232 4.68784 4.71944 4.65594 4.74244 4.7204 4.75234
7.67124 7.67104 7.71016 7.68641 7.6899 7.71068 7.66685 7.7656 7.72814 7.69626 7.58061 7.75317 7.55856 7.72433 7.76067 8.17007 7.59603 7.97162 7.62206 8.04004 7.9956 7.6731 7.6655 7.59732 7.93464 7.92054 8.23334
5.5279 5.53171 5.71493 5.52373 5.58355 5.60927 5.53869 5.54028 5.60392 5.60318 5.53571 5.4963 5.54571 5.59293 5.48294 5.82302 5.79382 5.78255 5.73863 5.78928 5.84107 5.78739 5.71279 5.80322 5.64818 5.76059 5.78644
4.52613 4.52446 4.53161 4.5236 4.21823 4.55758 4.26706 4.26595 4.56499 4.57838 4.20152 4.1727 4.21865 4.5538 4.21577 4.63482 4.66108 4.61851 4.66102 4.61753 4.59353 4.82082 4.60072 4.68989 4.58842 4.58554 4.61657
7.30142 7.29742 7.3346 7.30909 7.29877 7.35292 7.21222 7.22955 7.3947 7.28041 7.15704 7.1986 7.09579 7.38338 7.20461 7.30247 7.40896 7.30711 7.16988 7.43703 7.33972 7.16385 7.72347 7.43358 9.38763 7.4008 7.31981
5.61819 5.6166 5.47625 5.6203 5.5673 5.56032 5.5789 5.54551 5.56827 5.57721 5.5317 5.5142 5.55562 5.55379 5.5225 5.58207 5.59108 5.55341 5.55068 5.56164 5.53288 5.65302 5.54623 5.56432 5.50963 5.53034 5.53802
4.39164 4.3877 4.39485 4.39216 4.39193 4.38764 4.41215 4.38179 4.39096 4.38925 4.23126 4.24226 4.37392 4.38281 4.23279 4.45997 4.40001 4.43006 4.48021 4.37287 4.41545 4.50008 4.43004 4.46013 4.41434 4.41223 4.45719
7.6582 7.65526 7.6698 7.6573 7.67715 7.68216 7.66546 7.69007 7.6794 7.68556 7.7084 7.6614 7.68009 7.6919 7.71361 7.74946 7.66006 7.71057 7.64484 7.64761 7.66599 7.61545 7.70618 7.75038 7.61291 7.66738 7.67108
5.55566 5.55251 5.55783 5.55623 5.55201 5.55475 5.54368 5.57357 5.55749 5.55976 5.64228 5.54233 5.65255 5.54723 5.63215 5.71672 5.60671 5.55883 5.59571 5.46634 5.53643 5.67261 5.5594 5.9302 5.54361 5.57448 5.44801
4.36208 4.3643 4.36646 4.3651 4.58692 4.36948 4.53851 4.57645 4.3644 4.36359 4.50309 4.54463 4.56344 4.35707 4.58313 4.12917 4.43055 4.51043 4.40631 4.49338 4.4212 4.11643 4.44412 4.24797 4.431 4.50984 4.37682
7.84971 7.85023 7.84383 7.84531 7.81572 7.85152 7.80437 7.73844 7.85428 7.85928 7.76621 7.75698 7.7757 7.8532 7.74092 7.77497 7.92385 7.82197 7.75477 7.81666 7.66917 7.85905 7.82834 7.8015 7.74465 7.89547 7.87823
6.04421 6.04652 6.04226 6.05516 6.01712 6.03835 5.98465 5.9833 6.04642 6.04882 5.97122 6.00089 5.9701 6.04944 5.95689 6.53929 6.49339 6.48834 6.52209 6.4087 6.48559 6.45134 6.49261 6.62572 6.58164 6.47924 6.12159
8.13672 8.11917 8.11418 8.1258 8.11094 8.12402 8.16808 8.0888 8.10858 8.12497 8.09393 8.05788 8.1775 8.11052 8.09087 7.58697 7.21132 6.97407 7.39588 7.32667 7.38579 7.42378 7.22795 7.43548 7.18969 7.58833 7.26327
4.67099 4.67321 4.67108 4.67901 4.32713 4.68146 4.35614 4.32259 4.68 4.68136 4.23064 4.23209 4.22982 4.67508 4.29898 4.76405 4.69426 4.67809 4.78292 4.64353 4.72844 4.72016 4.80918 4.76634 4.78475 4.80668 4.65759
8.11297 8.10894 8.11934 8.11216 8.10617 8.12851 8.08409 8.10443 8.12547 8.12901 8.17215 8.12377 8.14341 8.1296 8.05956 8.26024 8.09166 8.01636 7.80328 8.42409 8.04892 8.19701 7.98247 8.12669 8.19058 8.31229 7.97579
5.48726 5.47167 5.511 5.47794 5.11625 5.47227 4.84386 4.91645 5.47478 5.46794 5.13777 5.13622 5.312 5.50104 5.35008 5.29265 5.79034 5.85652 5.84293 5.85263 5.87054 5.79489 5.78473 5.48445 5.84294 5.86009 5.71988
4.70669 4.71116 4.71324 4.71163 4.34148 4.71653 4.27928 4.28494 4.71173 4.7142 4.26618 4.32934 4.31438 4.71542 4.39814 4.7554 4.76562 4.71271 4.76687 4.8195 4.74732 4.73049 4.61795 4.8283 4.86761 4.60392 4.77038
7.33959 7.34099 7.31757 7.33053 7.39455 7.33091 7.44064 7.43772 7.32142 7.32999 7.33449 7.44044 7.34572 7.32721 7.34902 7.45078 7.25654 7.51949 7.83974 7.75243 7.2517 7.17435 7.40896 7.71899 6.9715 7.22268 7.45871
5.74285 5.74057 5.74122 5.73917 5.70241 5.74499 5.70071 5.70528 5.7405 5.7454 5.65952 5.66773 5.67517 5.7368 5.6947 5.8877 5.87491 5.88586 5.91559 5.95277 5.88247 5.88005 5.82381 5.77534 5.89927 5.93677 5.84148
4.60363 4.603 4.608 4.60684 4.28678 4.61247 4.28779 4.2771 4.60437 4.60925 4.29242 4.27997 4.28391 4.61213 4.28933 4.6041 4.64783 4.59368 4.54557 4.62519 4.65466 4.64219 4.59669 4.6327 4.65519 4.60489 4.63128
7.48855 7.47648 7.48499 7.47847 7.51659 7.46776 7.48248 7.50598 7.4785 7.45705 7.37759 7.37754 7.36223 7.47197 7.37471 7.44391 7.31959 7.47267 7.44502 7.63688 7.41853 7.41452 7.68417 7.48 7.77416 7.54009 7.44498
5.57133 5.57066 5.56923 5.56494 5.51741 5.5743 5.53361 5.54005 5.5687 5.56465 5.53038 5.51602 5.47592 5.56952 5.51793 5.56613 5.63607 5.56191 5.57783 5.53679 5.59799 5.58086 5.56059 5.57108 5.56812 5.4736 5.58115
4.47323 4.47623 4.47828 4.47704 4.47724 4.46478 4.43817 4.52979 4.47159 4.47962 4.4745 4.47248 4.43495 4.47994 4.39323 4.47501 4.28068 4.46972 4.41343 4.45278 4.55276 4.49118 4.48392 4.46478 4.47633 5.03931 4.48873
7.58392 7.58433 7.58333 7.5799 7.55033 7.5899 7.54086 7.54447 7.58415 7.58203 7.5708 7.55692 7.55391 7.58444 7.59196 7.54408 7.63047 7.56063 7.55194 7.52794 7.5651 7.53481 7.58498 7.52938 7.5948 7.76588 7.56851
6.02847 6.03294 6.03118 6.03587 5.97537 6.01233 5.96106 5.97822 6.02955 6.03093 5.98831 5.98018 5.95755 6.03203 5.9994 6.46103 6.37489 6.44659 6.49079 6.46532 6.49928 6.47442 6.48056 6.49345 6.44253 6.54883 6.48385
7.13575 7.16312 7.14108 7.1521 7.36772 7.1461 7.26695 7.32526 7.15429 7.1551 7.33675 7.42617 7.287 7.12672 7.40166 6.81532 7.13927 6.86021 7.19009 6.91212 6.6645 6.91188 6.74573 6.73406 6.89876 7.59911 6.71017
4.65021 4.65256 4.65096 4.65023 4.28865 4.6405 4.32546 4.30117 4.65029 4.65107 4.27166 4.28624 4.31327 4.65667 4.29158 4.76441 4.66277 4.7037 4.75126 4.69388 4.77177 4.76557 4.75114 4.75155 4.7383 4.58159 4.76304
7.93227 7.92717 7.92715 7.93526 7.95006 7.94394 7.96423 7.97421 7.93181 7.93493 7.99061 7.95291 7.92392 7.92453 7.92878 7.86776 7.98532 7.86354 7.89493 7.81209 7.87436 7.83557 7.87454 7.88398 7.76981 8.31423 7.8404
5.67541 5.67135 5.67601 5.67593 5.6512 5.66742 5.65102 5.64131 5.67625 5.67956 5.64046 5.62853 5.64384 5.67218 5.61469 5.85278 5.85602 5.82847 5.15932 5.84777 5.88949 5.86013 5.84891 5.85926 5.8821 5.79283 5.83393
4.68792 4.68444 4.69689 4.68498 4.56829 4.70441 4.53512 4.52967 4.68574 4.68783 4.38552 4.34104 4.34656 4.69095 4.32114 4.71667 4.68841 4.75566 4.6848 4.71273 4.63645 4.63994 4.70947 4.71579 4.73824 4.60648 4.6201
7.24087 7.2524 7.2426 7.24251 7.2905 7.41809 7.17288 7.25493 7.24441 7.24911 7.2546 7.25979 7.25685 7.23626 7.2882 7.27424 7.62704 7.49411 7.77444 7.39156 7.31328 7.31542 7.26059 7.22258 7.31547 7.59664 7.29736
5.78518 5.791 5.78926 5.79012 5.74027 5.79746 5.74714 5.74093 5.78982 5.77966 5.71236 5.72972 5.71869 5.79037 5.70181 5.94844 5.92197 5.95777 5.92529 5.95366 5.94052 5.94927 5.94409 5.94958 5.97012 5.90473 5.93438
4.68534 4.69912 4.68533 4.68368 4.59146 4.69147 4.5581 4.52801 4.69965 4.63359 4.64817 4.54707 4.61932 4.69121 4.64396 4.75264 4.74045 4.72112 4.76275 4.62779 4.76841 4.74833 4.71934 4.71804 4.76643 4.75014 4.68472
7.37038 7.35556 7.3586 7.36882 7.24617 7.35269 7.30664 7.32412 7.36156 7.38268 7.31281 7.29541 7.40034 7.35852 7.35396 7.37916 7.33246 7.36313 7.36563 7.39403 7.62487 7.42212 7.37952 7.37469 7.3936 7.62758 7.49293
5.74045 5.74164 5.74208 5.73465 5.70811 5.74031 5.71593 5.69469 5.74219 5.73466 5.68037 5.66165 5.66658 5.746 5.67702 5.88762 5.90499 5.87887 5.91003 5.8898 5.90513 5.89265 5.88655 5.8825 5.90109 5.86781 5.95178
4.67262 4.67025 4.66494 4.68216 4.30832 4.67007 4.28658 4.32488 4.67305 4.67016 4.29688 4.28948 4.28108 4.66817 4.32151 4.71793 4.67208 4.71475 4.68915 4.73631 4.69191 4.68876 4.7013 4.71432 4.68533 4.7111 4.66397
7.40162 7.3944 7.40186 7.40444 7.37106 7.39907 7.37549 7.454 7.39061 7.53145 7.49485 7.44335 7.49268 7.41037 7.43628 7.37116 7.42556 7.38877 7.37262 7.46449 7.30157 7.42796 7.39324 7.38648 7.38951 7.36184 7.45986
6.00809 6.00437 6.00279 6.01162 5.92839 6.00744 5.92274 5.94029 6.00025 6.00637 5.94754 5.96248 5.98051 6.00285 5.94266 6.45715 6.50497 6.43644 6.44122 6.44784 6.43849 6.42839 6.42932 6.43126 6.42729 6.46055 6.45247
7.78079 7.8088 7.79855 7.78598 7.80878 7.78095 7.82003 7.79606 7.79295 7.77337 7.86841 7.76753 7.94209 7.78439 8.06153 7.22621 7.26227 7.21972 7.2173 7.26745 7.2369 7.25117 7.23429 7.20629 7.29746 7.26028 7.13589
4.51469 4.51069 4.51774 4.51514 4.21636 4.51613 4.22784 4.21671 4.5176 4.51108 4.21721 4.22259 4.2059 4.51174 4.20139 4.64231 4.61648 4.63669 4.62667 4.6365 4.64095 4.64297 4.6297 4.62779 4.63828 4.62344 4.60703
7.86188 7.8612 7.86615 7.8621 7.73385 7.84758 7.77617 7.77585 7.87545 7.84193 7.82513 7.80491 7.89948 7.86677 7.81754 7.70541 7.68266 7.7254 7.71264 7.63377 7.73134 7.7215 7.74009 7.69127 7.7177 7.70491 7.80149
5.4438 5.43929 5.4457 5.44833 5.44146 5.44496 5.44095 5.45008 5.44396 5.45204 5.44821 5.41081 5.44726 5.44176 5.36 5.44763 5.44405 5.44157 5.4568 5.44854 5.4632 5.43304 5.43227 5.44445 5.43822 5.44021 5.49634
4.45673 4.46997 4.453 4.45667 4.41607 4.45172 4.43927 4.38961 4.45746 4.44997 4.22988 4.23641 4.23354 4.46612 4.22708 4.49603 4.46288 4.49077 4.46763 4.43925 4.44607 4.49394 4.49626 4.48983 4.48622 4.48652 4.40156
7.50596 7.49664 7.48971 7.49946 7.50782 7.48099 7.56925 7.45924 7.49418 7.4852 7.41142 7.38994 7.50637 7.49927 7.4734 7.46477 7.50164 7.45365 7.46964 7.43808 7.43617 7.46448 7.43193 7.4753 7.49813 7.41974 7.57198
5.92723 5.92337 5.92363 5.92125 5.868 5.92004 5.85919 5.8733 5.92622 5.92563 5.92769 5.87408 5.875 5.92299 5.78048 6.37804 6.37433 6.377 6.42797 6.45218 6.43541 6.37262 6.39678 6.36764 6.39075 6.36811 6.55378
7.32729 7.31219 7.33726 7.33376 7.48882 7.33673 7.43422 7.43902 7.29616 7.32435 7.53053 7.57227 7.49235 7.30174 7.1238 6.88527 6.75155 6.90298 6.93902 6.9704 6.88238 6.91593 6.92963 6.91715 6.9962 6.87034 6.28147
4.53005 4.51376 4.52308 4.52107 4.20329 4.52325 4.20683 4.20832 4.51992 4.51966 4.19912 4.18383 4.19097 4.51913 4.30565 4.63603 4.62763 4.63432 4.60697 4.59436 4.61548 4.63129 4.63472 4.62361 4.64963 4.62337 4.55813
8.13429 8.14524 8.14052 8.13712 8.13115 8.14393 8.12624 8.10229 8.13903 8.13264 8.22286 8.23826 8.26721 8.14295 8.15756 8.09456 8.01484 8.08121 8.12558 8.16141 8.15493 8.07801 8.14252 8.08033 8.02987 8.08891 8.00186
5.42146 5.41913 5.42263 5.41204 5.36491 5.42181 5.39356 5.37671 5.42043 5.4208 5.31406 5.25982 5.25485 5.41862 5.40198 5.4211 5.42545 5.41639 5.42891 5.41177 5.43438 5.41563 5.42973 5.39535 5.43808 5.44057 5.41905
4.37229 4.37997 4.36894 4.37233 4.34513 4.37264 4.33427 4.35015 4.37277 4.37375 4.34146 4.33831 4.28825 4.37464 4.30584 4.39886 4.38754 4.36887 4.39092 4.37947 4.39272 4.39578 4.3927 4.39194 4.40395 4.39474 4.39712
7.56136 7.56533 7.56293 7.56599 7.5967 7.56712 7.56409 7.6137 7.55472 7.55971 7.5307 7.6599 7.59969 7.57517 7.57645 7.4936 7.47426 7.49623 7.49456 7.47617 7.44978 7.4916 7.50141 7.51932 7.47972 7.47554 7.41911
5.55065 5.55171 5.55295 5.54701 5.54116 5.55454 5.53649 5.54208 5.55163 5.551 5.50777 5.52186 5.51575 5.54906 5.53769 5.5238 5.5129 5.47535 5.52737 5.52159 5.52334 5.51933 5.52805 5.52082 5.5331 5.57525 5.52516
4.39134 4.39202 4.39596 4.38608 4.24267 4.40008 4.26789 4.34725 4.39841 4.39232 4.21042 4.19653 4.20141 4.39859 4.45502 4.41884 4.46264 4.44456 4.41699 4.40167 4.4265 4.43273 4.43062 4.41132 4.38706 4.31231 4.41543
7.94767 7.95098 7.94971 7.95041 8.01016 7.95401 8.02347 7.99032 7.95278 7.95007 7.97167 7.98001 7.97085 7.94733 7.97598 7.98711 7.97006 7.956 7.98354 7.96068 7.98295 7.97568 7.97542 7.97232 7.96095 7.91012 7.97712
5.51138 5.50993 5.50737 5.50601 5.545 5.51084 5.55542 5.54963 5.50915 5.50212 5.48193 5.47628 5.4583 5.5083 5.53608 5.55845 5.54786 5.55603 5.55848 5.56575 5.56564 5.55212 5.57686 5.55013 5.56481 5.60468 5.5551
4.34922 4.36608 4.36047 4.35647 4.13491 4.34969 4.16023 4.14926 4.35314 4.36197 4.14316 4.1273 4.12577 4.3648 4.14799 4.38936 4.43233 4.40063 4.39239 4.39017 4.41159 4.4028 4.30009 4.40306 4.38725 4.32418 4.39391
7.85498 7.85035 7.85319 7.85004 7.87387 7.85298 7.82911 7.85196 7.85153 7.85129 7.82204 7.83342 7.85495 7.85181 7.84079 7.88792 7.86592 7.88373 7.88976 7.88413 7.87471 7.8922 7.88134 7.88342 7.8893 7.92058 7.88562
5.59183 5.59354 5.59515 5.59571 5.5967 5.59363 5.59865 5.60137 5.59463 5.59625 5.57949 5.58562 5.58887 5.59468 5.5798 5.63044 5.61009 5.63336 5.63392 5.63625 5.62032 5.62476 5.63152 5.62961 5.63479 5.64332 5.6274
7.73064 7.7319 7.73437 7.73124 7.7251 7.73352 7.71922 7.70789 7.73143 7.73154 7.71649 7.73225 7.71603 7.73252 7.72411 7.73421 7.76527 7.73389 7.73377 7.73096 7.74835 7.74406 7.90838 7.73572 7.73319 7.89708 7.73444
