138.145 138.058 138.293 138.018 138.077 138.427 138.465 138.447 138.201 138.931 138.293 138.732 138.242 138.356 138.753 138.469 138.895 138.817 139.111 138.757 138.789 138.761 138.769 138.625 138.973 139.011 139.137
12.1385 12.3994 12.4783 12.3843 12.5569 12.4325 12.5264 12.2723 11.9601 12.3963 12.4986 12.3175 12.1104 12.1464 12.1524 10.2825 12.3414 12.3181 12.3398 12.3388 12.3432 12.3124 10.7114 12.368 12.344 12.3977 12.3523
5.75768 5.71066 5.72207 5.71231 5.70561 5.71371 5.70199 5.71221 5.70359 5.73559 5.70011 5.914 5.75604 5.76091 5.89195 5.89279 5.88196 5.89191 5.90718 5.90082 5.91304 5.89783 5.90171 5.88193 5.88529 5.8848 5.90381
4.69524 4.33534 4.36296 4.34774 4.37822 4.31077 4.3353 4.33085 4.34848 4.35073 4.33566 4.7302 4.686 4.69 4.47675 4.7193 4.73343 4.72196 4.7464 4.73788 4.70157 4.73013 4.75519 4.72202 4.77076 4.75555 4.73614
7.84492 7.87165 7.90047 7.87715 7.86743 7.92067 7.90216 7.87953 7.83016 7.84722 7.89148 7.98826 7.84137 7.84568 7.99662 7.96605 8.12732 8.07394 8.01812 8.04709 8.05251 8.13098 8.02507 8.23679 8.08013 8.10108 7.96473
136.298 136.478 136.375 136.244 136.3 136.139 136.358 136.447 135.831 136.385 136.41 136.333 136.368 136.529 136.222 136.881 136.639 136.62 136.832 136.467 136.724 136.415 136.233 136.513 136.684 136.661 136.69
12.5264 12.7465 12.6481 12.6443 12.6088 12.4707 12.3603 12.4647 12.7807 12.7447 12.4112 12.5235 12.555 12.5072 12.5464 11.8692 12.5128 12.5605 12.5035 12.4832 12.7512 12.4954 12.707 12.5401 12.5105 12.5322 12.4811
5.77974 5.74418 5.76489 5.74523 5.7614 5.74445 5.72517 5.72701 5.73649 5.72838 5.74176 5.9418 5.78437 5.78215 5.89402 5.9575 5.93006 5.93212 5.9431 5.93521 5.92584 5.9382 5.93661 5.91958 5.93404 5.92776 5.93798
4.69046 4.59038 4.55551 4.49597 4.38871 4.38429 4.52433 4.37941 4.47008 4.57529 4.37057 4.69479 4.68349 4.69674 4.64743 4.72224 4.70862 4.70791 4.69964 4.69859 4.58171 4.72358 4.67656 4.70785 4.71301 4.72709 4.72566
7.39972 7.37824 7.37118 7.34686 7.3713 7.29462 7.35453 7.26198 7.34074 7.30502 7.42244 7.44268 7.39312 7.40058 7.22118 7.5389 7.35775 7.44014 7.34983 7.41572 7.45146 7.41028 7.51732 7.39193 7.31535 7.36974 7.41964
136.355 136.057 136.049 135.917 136.154 135.908 136.181 136.06 136.065 136.202 135.826 135.948 136.24 136.531 136.685 136.259 136.332 136.209 136.288 136.002 137.5 135.843 136.205 136.039 136.225 136.129 135.892
12.6638 12.4778 12.4122 12.4689 12.6021 12.3368 12.4111 12.5083 12.4507 12.4148 12.5073 12.4258 12.494 12.6449 12.279 12.406 12.4343 12.4409 12.4517 12.3927 12.6699 12.4251 12.63 12.4023 12.4454 12.4489 12.4414
5.74097 5.74635 5.76222 5.7536 5.73786 5.74928 5.74874 5.77624 5.72169 5.74963 5.7159 5.91998 5.7457 5.74248 5.86383 5.9323 5.91862 5.92577 5.91043 5.92387 5.94858 5.92072 5.84194 5.90493 5.91126 5.90667 5.91224
4.63002 4.41794 4.31991 4.3186 4.3339 4.33216 4.34186 4.34468 4.3332 4.35417 4.57857 4.71678 4.64433 4.63328 4.70846 4.64595 4.64566 4.69528 4.62438 4.69554 4.64541 4.70139 4.7125 4.69891 4.69581 4.70024 4.73649
4.57734 4.53034 4.56251 4.55238 4.51304 4.54204 4.55347 4.52678 4.5476 4.57522 4.5243 4.58771 4.56458 4.58338 4.63568 4.62792 4.64956 4.6404 4.62398 4.59793 4.64338 4.58401 4.63686 4.62885 4.63446 4.64797 4.60636
7.28149 7.29632 7.31465 7.30663 7.34422 7.33018 7.31958 7.31782 7.29236 7.33975 7.29516 7.43845 7.26737 7.28483 7.54598 7.38033 7.35201 7.40426 7.421 7.42666 7.73152 7.40314 7.46305 7.34556 7.36877 7.37532 7.38027
135.858 136.089 136.195 136.021 136.223 136.226 136.189 136.042 135.997 135.752 135.812 136.016 135.697 136.134 136.361 136.253 136.449 135.943 136.831 135.9 138.129 135.659 135.662 135.558 135.983 136.045 135.683
11.931 12.2419 12.1747 12.3777 12.3111 12.1723 12.4016 12.3213 12.4757 12.1201 12.1918 12.2634 11.8444 12.032 12.2918 12.3292 12.2472 12.2912 12.2236 12.1983 12.1398 12.2314 12.2352 12.2157 12.3189 12.1667 12.2765
5.65166 5.64899 5.63954 5.66613 5.70167 5.66566 5.67218 5.68884 5.63124 5.65713 5.64148 5.8569 5.65165 5.65062 5.83901 5.86827 5.85423 5.84546 5.86135 5.85966 5.7017 5.82686 5.82701 5.83936 5.82891 5.82622 5.83396
4.63 4.30749 4.46483 4.34033 4.34432 4.4145 4.32247 4.32066 4.30173 4.30255 4.28187 4.57105 4.62617 4.6322 4.66614 4.6484 4.67262 4.65217 4.667 4.63249 4.62813 4.66636 4.64647 4.6347 4.63357 4.694 4.64881
4.55479 4.52367 4.58731 4.55247 4.5527 4.57763 4.58795 4.51944 4.51317 4.53971 4.55714 4.65564 4.5512 4.56467 4.63052 4.64112 4.68824 4.60703 4.6565 4.61149 4.62678 4.59451 4.59827 4.65702 4.59584 4.64039 4.65893
7.33178 7.3865 7.42573 7.38977 7.38583 7.46447 7.46888 7.3868 7.3943 7.36003 7.42683 7.46793 7.35417 7.32042 7.3427 7.44797 7.40106 7.38731 7.5236 7.41552 7.81123 7.43602 7.35936 7.39509 7.38876 7.3732 7.42181
153.892 153.491 153.127 153.155 153.332 152.984 153.166 153.268 153.05 152.926 153.468 153.054 153.638 153.915 153.033 153.909 153.33 152.962 153.006 153.24 153.094 153.044 153.197 153.233 153.108 152.867 153.098
139.211 139.465 139.44 139.373 139.566 139.544 139.257 139.185 139.322 139.107 139.297 139.495 139.127 139.331 139.482 139.71 139.463 139.472 139.231 139.516 139.531 139.174 139.342 139.206 139.467 139.249 139.214
5.99334 5.9651 5.99466 5.97582 5.94626 5.97238 5.93148 5.94354 5.96596 6.01334 5.9745 6.45428 6.00717 6.00726 6.45906 6.51584 6.45934 6.46428 6.48091 6.48148 6.50317 6.45383 6.43493 6.45556 6.44036 6.45331 6.47111
7.61138 7.49083 7.51563 7.51333 7.57267 7.53628 7.5485 7.53433 7.49697 7.60259 7.59358 7.05963 7.53312 7.65021 7.10123 7.27425 7.11456 7.0514 7.12452 7.14089 7.14792 7.09927 7.15121 7.12282 7.10269 7.06251 7.15047
4.65463 4.48604 4.5432 4.50434 4.43975 4.44408 4.5055 4.54346 4.26102 4.28032 4.42877 4.69943 4.67276 4.68704 4.68768 4.66114 4.68233 4.73257 4.68514 4.63281 4.63233 4.76896 4.65669 4.64854 4.71066 4.74636 4.78044
7.73681 7.73115 7.67965 7.71146 7.69971 7.72994 7.75942 7.72339 7.68224 7.64856 7.72865 7.81315 7.71445 7.7489 7.65868 7.75347 7.60818 7.69041 7.69412 7.75093 7.68305 7.68842 7.6843 7.69577 7.7098 7.64216 7.66369
136.594 136.515 136.223 136.163 136.27 136.165 136.245 136.565 136.29 135.75 136.602 136.042 136.541 136.935 137.4 138.355 137.638 136.534 136.564 137.412 136.542 136.039 137.43 136.58 136.43 136.285 136.259
12.771 12.58 13.068 13.1773 13.0227 12.972 13.1011 12.9029 12.6992 12.8763 12.6224 13.0491 13.2461 12.9093 12.9233 12.7414 12.9754 12.6991 12.8124 12.7659 12.9932 12.8395 12.7518 12.7995 12.9152 12.9016 12.9795
5.4956 5.52622 5.52258 5.52663 5.54098 5.52028 5.53105 5.53137 5.53755 5.53837 5.51063 5.74125 5.55027 5.54182 5.7798 5.50833 5.77002 5.79558 5.7729 5.73032 5.77791 5.72734 5.76208 5.75697 5.73874 5.71807 5.73307
4.47942 4.47499 4.48535 4.48535 4.49486 4.28003 4.26497 4.4692 4.31847 4.28058 4.2173 4.55264 4.46934 4.49356 4.63415 4.62334 4.66583 4.55738 4.60004 4.66303 4.62548 4.56968 4.60417 4.55303 4.54484 4.59627 4.54196
4.36856 4.35407 4.34374 4.3481 4.37126 4.36983 4.36724 4.35487 4.42307 4.41926 4.4221 4.46266 4.41475 4.42586 4.54913 4.52453 4.52987 4.52329 4.50792 4.54213 4.49058 4.46935 4.52826 4.48382 4.4732 4.50244 4.48478
7.33233 7.34814 7.34159 7.32367 7.33025 7.20044 7.27231 7.37422 7.18623 7.15577 7.24478 7.27286 7.3596 7.34651 7.43885 7.73253 7.46687 7.39244 7.28171 7.5112 7.31144 7.41033 7.54931 7.28578 7.44472 7.30538 7.3817
142.263 142.436 141.837 141.982 142.137 142.549 142.115 142.414 142.342 142.472 142.127 141.17 142.169 142.016 141.444 141.473 141.562 141.176 140.874 140.734 141.274 141.536 141.253 141.232 141.236 141.026 141.018
5.6579 5.83403 5.95556 5.97063 5.84779 5.90765 5.97737 5.93157 5.95734 5.87718 6.32142 5.51628 5.9617 5.75459 5.49152 5.47877 5.52163 5.50663 5.52794 5.54563 5.56787 5.52119 5.49328 5.48777 5.50078 5.49852 5.49553
4.46829 4.42031 4.30662 4.35527 4.31766 4.51603 4.51312 4.52012 4.48139 4.21617 4.06494 4.39166 4.37833 4.40869 4.46988 4.34261 4.47259 4.43449 4.36412 4.28353 4.34921 4.31163 4.44081 4.44357 4.45978 4.45629 4.41592
4.47045 4.41495 4.43172 4.41847 4.44488 4.43901 4.48745 4.44008 4.44014 4.43368 4.4669 4.65048 4.48198 4.47213 4.69349 4.65422 4.6639 4.68748 4.64696 4.61607 4.67212 4.73207 4.68013 4.64667 4.66522 4.66593 4.66796
5.02483 5.38908 5.33312 5.33239 5.42168 5.27724 5.27499 5.22929 5.22662 5.38614 5.41363 5.11771 4.92777 4.94567 5.05615 5.06374 4.93534 4.94263 5.12342 5.76297 5.14235 4.95856 4.91949 4.96919 4.95642 4.92978 5.14071
154.599 154.027 154.395 154.329 154.306 154.298 154.514 154.807 154.108 154.322 154.422 154.642 152.902 153.504 154.47 154.992 154.611 152.667 154.893 155.048 154.46 152.094 154.581 153.744 155.11 152.982 154.92
141.456 139.84 140.12 139.69 138.757 139.126 139.659 139.74 139.079 139.953 140.421 141.351 142.568 141.975 139.998 141.699 140.939 141.479 140.838 142.146 140.382 141.325 140.319 139.217 140.053 140.369 140.964
5.75598 5.64965 5.59516 5.61647 5.65558 5.69278 5.66931 5.67242 5.5874 5.6738 5.60886 6.31495 5.81399 5.67307 6.32366 6.3816 6.18045 6.10175 6.35241 6.43002 6.39828 6.30088 6.39184 6.26105 6.32302 6.15989 6.44966
8.04776 8.02312 8.43735 8.4056 8.05448 6.89753 7.04919 7.20868 7.18997 7.02295 6.80446 7.59325 6.51693 7.43995 7.06057 7.58118 7.41207 6.70252 7.58891 7.49427 7.64102 7.52437 7.27965 6.94698 7.89412 7.0667 7.6663
4.49181 4.50704 4.54858 4.60182 4.56369 4.22747 4.24741 4.28332 4.27777 4.51308 4.55601 4.56058 4.52663 4.60518 4.38906 4.65066 4.77319 4.89951 4.64545 4.73821 4.72845 4.65691 4.63051 4.63043 4.58534 4.83489 4.55754
4.72845 4.68028 4.65758 4.66507 4.70207 4.67271 4.6657 4.68093 4.70268 4.66949 4.66227 4.80604 4.70336 4.66921 4.63455 4.92113 4.91149 4.89831 4.74368 4.64976 4.87862 4.86706 4.77944 4.80493 4.82162 4.87186 4.78652
7.84488 7.82389 7.78103 7.70907 7.44212 7.92599 7.96203 8.0272 8.13638 8.28654 8.30744 8.1904 8.13006 8.0827 8.21495 8.09452 8.27063 8.07044 8.18336 8.0537 7.79231 8.16994 8.11393 7.9772 8.15558 8.21547 8.14428
142.304 141.33 141.979 141.91 141.217 141.058 141.375 141.198 140.537 140.678 140.109 142.07 141.654 142.337 141.679 142.217 142.728 141.335 140.026 142.775 142.359 143.064 140.425 140.982 140.996 143.027 140.944
5.6641 5.50041 5.4674 5.41941 5.42632 5.51019 5.40816 5.57706 5.66509 5.63704 5.55625 5.62059 5.696 5.66747 5.13744 5.40976 5.50865 5.60326 5.45684 5.61462 5.33841 5.57713 5.34773 5.33364 5.21908 5.7649 5.39029
4.48426 4.54922 4.57238 4.56432 4.62379 4.60206 4.56692 4.55066 4.40666 4.36838 4.57254 4.11322 4.24939 4.31869 4.18519 4.69084 4.41208 4.27434 4.43448 4.52191 4.53918 4.9241 4.47743 4.51085 4.40645 4.31965 4.33243
4.44666 4.41283 4.44336 4.45066 4.45607 4.46184 4.44761 4.44874 4.45236 4.45713 4.44887 4.43478 4.43656 4.46617 4.44688 4.54771 4.50789 4.48437 4.40268 4.44937 4.45826 4.48282 4.43807 4.42571 4.42911 4.38355 4.43707
5.32947 5.0781 5.0976 5.04263 5.089 5.01948 5.09366 5.08997 4.98423 4.83822 4.91936 5.67863 5.91056 5.12594 5.75053 5.63271 5.84191 5.70319 5.16016 6.17099 6.15732 5.87131 5.35607 5.44071 5.43109 5.7134 5.28696
7.84445 7.54702 7.61367 7.60757 7.59019 7.65154 7.65431 7.62293 7.59774 7.68465 7.6614 7.59371 7.64606 7.57442 7.70055 7.55039 7.73619 7.62899 7.41386 7.64062 7.55453 7.44962 7.45402 7.54478 7.48774 7.55974 7.39379
137.841 137.829 136.72 136.419 137.102 136.492 136.758 136.823 137.004 136.706 136.257 141.947 137.751 138.744 136.4 137.933 138.443 138.27 137.337 138.301 137.992 137.943 136.295 136.123 136.995 136.233 137.232
5.65324 5.59131 5.60749 5.62093 5.63521 5.63933 5.64129 5.64284 5.63159 5.62228 5.61631 5.92306 5.63282 5.75815 5.91426 5.31716 5.90699 5.92625 5.82979 5.66331 5.62078 5.87564 5.86188 5.50914 5.86213 5.74232 5.59995
4.66669 4.29706 4.28134 4.28404 4.28234 4.28899 4.27338 4.30215 4.29617 4.29107 4.29016 4.61586 4.63593 4.57287 4.62588 4.6017 4.72219 4.59846 4.70673 4.53556 4.82862 4.75937 4.43666 4.73552 4.68077 4.60388 4.70367
7.84034 7.99728 7.71782 7.47734 7.70441 7.65463 7.61356 7.71581 7.83032 7.79417 7.50937 8.18092 7.78687 7.84351 7.59998 7.93858 7.8289 8.08031 7.70375 7.45905 8.12705 7.75389 7.61189 7.65133 7.58454 7.66305 7.67809
136.375 135.618 136.058 135.86 136.104 136.163 136.252 136.669 136.368 135.873 136.051 138.304 136.528 136.923 136.049 135.538 136.355 137.673 137.636 137.564 137.475 135.705 137.338 136.171 136.785 136.684 136.354
11.5985 10.9558 10.8924 10.8894 10.9057 10.8716 10.9151 10.8875 10.8722 10.8308 10.8722 11.5292 11.743 11.7659 11.067 10.8456 11.4303 11.1573 11.5919 11.4324 11.5652 11.1281 11.5382 11.4334 11.4485 11.4429 11.3945
5.67311 5.70524 5.71138 5.68504 5.7275 5.71365 5.68887 5.71006 5.70969 5.68199 5.69377 5.8873 5.65646 5.65193 5.76412 5.88449 5.98338 5.55122 5.92712 5.90926 5.80899 5.90001 5.69664 5.87317 5.88111 5.83586 5.88905
4.52501 4.31332 4.29004 4.28241 4.29372 4.55196 4.58848 4.5934 4.51645 4.54942 4.55991 4.58632 4.53504 4.52361 4.60389 4.5223 4.58636 4.61282 4.69847 4.58345 4.56868 4.55538 4.59176 4.60173 4.58927 4.61489 4.59047
7.4395 7.17501 7.3582 7.3409 7.34857 7.45904 7.28368 7.35468 7.31967 7.38688 7.34292 7.96753 7.46633 7.45878 7.7435 7.629 7.61068 7.91775 7.62002 7.6774 7.73212 7.29531 7.64951 7.44701 7.47021 7.4221 7.47492
140.745 140.54 140.473 140.43 140.484 140.43 140.591 140.458 140.48 140.457 140.399 141.136 140.743 140.841 140.719 140.853 141.037 141.041 142.844 141.288 141.21 140.907 140.875 140.943 141.573 140.986 141.013
5.57405 5.50703 5.41619 5.386 5.36503 5.36797 5.36709 5.37327 5.46582 5.44324 5.4348 5.68866 5.57532 5.59116 5.61562 5.30464 5.64171 5.61896 5.71331 5.56422 5.60723 5.65428 5.64062 5.59378 5.5689 5.6483 5.64059
4.35049 4.27338 4.23318 4.22869 4.23226 4.20273 4.18904 4.22334 4.35513 4.28596 4.36611 4.39468 4.34678 4.33993 4.42263 4.35852 4.38332 4.42626 4.41685 4.38421 4.38264 4.40928 4.43571 4.48654 4.31835 4.41955 4.42466
5.13452 4.96127 5.29832 5.35122 5.27901 5.3884 5.42581 5.45699 5.38269 5.27327 5.38262 5.19616 5.20566 5.20767 5.14178 5.6027 4.78735 5.17512 5.76431 5.34286 4.99302 5.15203 5.22222 4.96875 5.60884 5.01963 5.07388
7.60191 7.56642 7.51661 7.48807 7.52082 7.48711 7.50654 7.46759 7.47878 7.48875 7.49047 7.59041 7.61434 7.62633 7.60467 7.52784 7.55068 7.68931 7.742 7.65053 7.69436 7.59694 7.61871 7.49025 7.74781 7.619 7.6133
141.234 141.105 141.241 141.227 141.216 141.443 141.457 141.235 141.606 141.566 141.569 141.771 141.128 141.689 141.125 141.266 141.615 141.789 142.113 140.977 141.761 141.064 141.617 141.805 141.72 141.281 141.496
5.77124 5.74265 5.82669 5.8201 5.84354 5.72821 5.78627 5.77535 5.71689 5.7262 5.75186 5.62336 5.73665 5.77487 5.63414 5.57932 5.6071 5.5599 5.68034 5.61794 5.61859 5.65644 5.68126 5.66042 5.56805 5.6541 5.62392
4.37454 4.41059 4.52214 4.56564 4.55283 4.49526 4.57995 4.57039 4.39658 4.63213 4.43878 4.32901 4.39403 4.28949 4.41072 4.18496 4.38133 4.47559 4.32717 4.41742 4.35413 4.51905 4.46987 4.43544 4.19044 4.51487 4.37746
4.47046 4.46373 4.48309 4.46768 4.46873 4.4631 4.45293 4.47466 4.46865 4.45503 4.46177 4.52376 4.4798 4.46489 4.47203 4.54561 4.49508 4.54207 4.52749 4.49533 4.44569 4.49076 4.51388 4.51496 4.53191 4.48772 4.5006
5.47477 5.6926 5.64113 5.61227 5.61322 5.6317 5.58595 5.61312 5.6785 5.59556 5.69546 5.49213 5.48803 5.54764 5.35171 5.49999 5.43561 5.46232 5.9674 5.45428 5.4072 5.42004 5.56204 5.34649 5.664 5.43657 5.54964
7.59491 7.56607 7.57087 7.58263 7.58227 7.6143 7.59636 7.58557 7.57745 7.58588 7.50706 7.74715 7.585 7.66554 7.667 7.77738 7.7492 7.76814 7.64881 7.67546 7.8004 7.68457 7.71115 7.79252 7.81852 7.67793 7.73425
137.558 137.187 137.391 137.785 137.763 137.651 137.622 137.722 137.663 137.9 137.978 138.426 137.666 137.506 136.149 137.235 139.222 138.776 137.153 136.517 139.413 135.864 137.011 136.866 137.997 136.855 137.984
10.2293 10.6842 10.666 10.4475 10.4065 10.7353 10.6571 10.7209 10.6559 10.754 10.643 10.829 10.2039 10.2697 10.1599 10.8861 11.0974 10.9638 10.975 10.3948 11.3266 10.0797 10.785 11.4741 11.8929 11.0596 11.8736
4.62011 4.32613 4.3299 4.32225 4.31954 4.33615 4.1943 4.2893 4.35024 4.32 4.22497 4.59981 4.61456 4.64771 4.5244 4.57719 4.57656 4.64782 4.55009 4.48279 4.6299 4.47458 4.58989 4.58154 4.60285 4.58347 4.64409
7.77219 7.55756 7.52265 7.55497 7.56834 7.60787 7.6141 7.47427 7.64162 7.61606 7.64196 7.81448 7.80006 7.81017 7.74637 7.55594 7.95485 7.92313 8.26718 7.90188 8.01682 7.73601 8.18947 8.00802 7.81319 7.82975 7.67622
142.861 142.238 142.589 142.481 142.362 142.161 142.312 142.25 142.444 142.289 142.34 141.187 142.845 142.845 142.337 140.538 141.682 142.069 142.169 141.942 143.608 142.436 142.405 141.125 140.475 142.476 140.904
5.35653 5.57349 5.60547 5.63495 5.62504 5.60322 5.66124 5.61402 5.697 5.62725 5.65251 5.47366 5.35952 5.33674 5.55672 4.68747 5.03315 5.86752 5.60323 5.56908 5.59791 5.55351 5.524 5.37911 5.54502 5.87221 5.5957
4.4805 4.3608 4.3207 4.34836 4.34349 4.45296 4.37116 4.39855 4.22281 4.28696 4.26133 4.53753 4.47821 4.48547 4.44912 4.6875 4.53694 4.30751 4.2444 4.36613 4.21933 4.42859 4.54629 4.42769 4.52091 4.37391 4.15722
4.35773 4.47748 4.46619 4.48367 4.49911 4.42491 4.37613 4.3869 4.39273 4.41911 4.39288 4.5271 4.35605 4.34741 4.46657 4.47926 4.39503 4.47845 4.52385 4.46628 4.44358 4.48909 4.50561 4.42865 4.49916 4.51249 4.45088
5.37776 5.59511 5.698 5.68966 5.69577 5.55504 5.62964 5.58767 5.6699 5.63268 5.66528 5.24646 5.38044 5.36201 5.32401 6.00363 5.66702 5.75661 5.59042 5.31795 6.03561 5.45377 5.53979 5.32636 4.95289 5.72943 5.61121
7.50349 7.52911 7.61267 7.578 7.58259 7.4313 7.51693 7.52529 7.4705 7.4807 7.51837 7.55116 7.50478 7.46327 7.66319 7.25746 7.55088 7.59008 7.64824 7.57361 7.53851 7.6914 7.68406 7.63303 7.52685 7.58639 7.57375
154.81 153.9 154.171 154.312 154.303 154.15 154.026 153.952 153.97 153.968 153.804 153.752 154.788 155.106 153.582 154.097 153.702 153.806 154.644 153.453 150.238 154.602 154.632 155.081 154.56 154.583 155.112
141.229 140.958 140.625 140.747 140.81 141.047 140.754 140.904 140.282 140.523 140.5 142.52 141.237 141.667 139.427 138.101 139.17 140.041 141.198 139.328 138.919 139.885 138.794 141.07 142.077 141.666 141.588
5.73834 5.76871 5.72065 5.70887 5.68163 5.6734 5.71111 5.59656 5.63365 5.63909 5.71098 6.82442 5.73758 5.74056 6.32941 5.70003 6.21001 6.35075 6.44065 6.34573 5.95254 6.37764 6.37721 6.46485 6.36056 6.44022 6.42901
7.7304 7.85495 7.87066 7.87437 7.84879 7.72358 7.70752 7.74223 7.68703 7.609 7.66687 7.35011 7.7064 7.83446 7.0089 7.45443 7.49431 7.08728 7.48472 7.1025 8.76044 7.39967 7.36658 7.49485 7.51085 7.29117 7.64264
4.42179 4.18838 4.11315 4.22495 4.27354 4.22797 4.18069 4.14218 4.06788 4.12831 4.10909 4.74223 4.39344 4.32132 4.73277 4.59879 4.4632 4.77992 4.52971 4.71577 4.78349 4.60163 4.70069 4.60277 4.71405 4.63558 4.62112
7.66159 7.74933 7.77208 7.84451 7.84065 7.78215 7.73339 7.70455 7.7345 7.71497 7.71136 8.05835 7.66566 7.62123 8.01588 7.89702 8.19235 8.05361 8.12506 8.15715 7.59042 8.04152 7.91202 8.21197 8.28987 8.29026 8.3235
154.945 154.52 154.491 154.683 154.813 154.983 155.256 155.068 155.129 155.123 155.128 155.462 154.945 155.181 154.943 154.675 153.698 155.225 154.837 155.184 154.292 155.002 154.3 154.94 155.698 155.433 153.877
141.086 141.061 141.057 141.094 141.176 141.09 141.506 141.292 141.041 140.745 141.037 139.757 141.08 141.854 139.864 141.88 140.967 140.037 142.192 140.159 141.657 140.435 139.372 140.738 141.358 140.64 140.142
5.83704 5.76338 5.68042 5.6545 5.67211 5.85313 5.87472 5.93758 5.84006 5.87326 5.84275 6.44701 5.84906 5.74137 6.36435 6.45766 6.44238 6.34061 6.4623 6.34838 6.43307 6.303 5.95258 6.14422 6.47734 6.24455 6.0882
8.08951 8.02912 8.06752 8.03101 8.0595 8.01123 8.0877 8.00026 8.04375 8.02878 8.07902 7.72639 8.07823 8.13621 7.65715 7.53826 7.52705 7.70657 7.56244 7.73772 7.55846 7.86217 7.59098 7.82594 7.82529 7.73794 7.45252
4.81746 4.27669 4.28473 4.30589 4.17966 4.1957 4.20909 4.42074 4.36927 4.3483 4.43227 4.63328 4.83642 4.56644 4.73798 4.8491 4.75548 4.60391 4.68681 4.69348 4.83645 4.81148 4.77726 4.67642 4.63553 4.46589 4.68684
4.64704 4.63581 4.62433 4.61317 4.59974 4.58919 4.57797 4.52756 4.50616 4.50575 4.50956 4.85028 4.65097 4.62177 4.79365 4.92159 4.9187 4.81376 4.82614 4.75383 4.85155 4.88603 4.81611 4.81609 4.81171 4.73583 4.88261
8.37385 8.17804 8.08214 8.14537 8.1323 8.01326 8.00156 7.95358 7.94658 7.94032 8.0918 7.4532 8.39835 8.39405 7.67381 7.75125 7.85632 7.66914 7.98379 7.75399 8.1675 7.81586 7.8215 8.15056 7.97633 7.64732 7.93808
136.33 136.629 136.808 137.176 137.063 136.966 137.536 137.278 136.974 137.522 137.54 137.846 136.281 137.99 136.875 137.587 137.957 137.377 140.823 136.828 136.507 137.963 136.37 137.183 137.827 138.135 132.207
11.6861 11.8826 11.9871 12.1274 12.0942 12.3131 11.7309 12.0033 11.7921 11.7966 12.2914 12.552 11.7237 11.8 12.1298 12.4751 12.4167 12.2353 12.4374 11.9661 12.4655 11.9587 12.466 13.1409 13.0806 12.4774 12.3103
4.83341 4.95741 4.70869 4.63108 4.22858 4.57461 4.45472 4.62571 4.79491 4.0817 4.88206 5.12215 4.74432 4.53333 5.26634 5.6995 5.60258 3.8937 6.03386 5.30181 5.61919 4.95473 5.55898 5.24773 4.50903 5.79702 5.75115
4.72982 4.39553 4.30255 4.30341 4.30694 4.25504 4.24974 4.28397 4.30809 4.24164 4.3226 4.66767 4.73576 4.71543 4.55107 4.75627 4.79634 4.59143 5.17953 4.62941 4.69809 4.60134 4.6956 4.62342 4.55507 4.74974 4.51009
4.48114 4.46819 4.43459 4.44589 4.45528 4.47467 4.46092 4.48029 4.42246 4.45703 4.47487 4.56487 4.48138 4.50014 4.52643 4.60393 4.5707 4.53172 5.00499 4.51654 4.5653 4.56087 4.53094 4.65689 4.57613 4.56059 4.65576
7.38443 7.50847 7.54321 7.62143 7.53048 7.51977 7.58593 7.47052 7.37551 7.52458 7.39007 7.82355 7.36904 7.76562 7.60636 7.80974 7.84469 7.82563 7.98183 7.52414 7.17669 7.80265 7.33409 7.49252 7.73377 8.05667 7.94543
136.349 137.018 136.991 136.953 136.784 136.775 137.049 136.925 136.913 136.876 137.081 136.678 136.178 136.449 136.884 136.351 136.155 136.605 139.529 136.739 136.406 137.194 136.531 138.134 138.464 136.708 135.592
13.4392 11.7203 11.8028 11.9406 11.796 11.7833 11.6773 11.6558 11.9174 11.5449 11.6665 13.0988 13.6054 13.6924 12.8961 13.0423 13.047 12.8647 13.0087 12.8646 13.0881 13.126 13.0347 12.7643 12.9424 13.1667 13.0675
5.66689 5.61864 5.57731 5.58631 5.59436 5.60313 5.63814 5.59703 5.60627 5.5753 5.62848 5.79916 5.6635 5.67947 5.85317 5.80971 5.83189 5.82401 5.91759 5.84912 5.79427 5.81828 5.84137 5.65701 5.87799 5.85411 5.94424
4.54462 4.35266 4.32637 4.34678 4.34364 4.37409 4.3359 4.33378 4.35024 4.35016 4.31126 4.57554 4.56164 4.55749 4.58776 4.58119 4.60263 4.63209 4.55579 4.45784 4.5674 4.63566 4.59513 4.5539 4.63974 4.62574 4.64329
4.46397 4.47151 4.40267 4.42972 4.42292 4.45447 4.43084 4.46333 4.43628 4.42356 4.45715 4.51261 4.46553 4.47232 4.52743 4.54002 4.53368 4.52087 4.48022 4.57114 4.47649 4.52724 4.52251 4.53136 4.66307 4.56877 4.55717
7.44903 7.49594 7.56165 7.53206 7.52828 7.52483 7.504 7.50348 7.44309 7.48306 7.5067 7.44355 7.42137 7.41888 7.58633 7.4239 7.39959 7.39637 7.63042 7.48952 7.52078 7.66595 7.47568 7.77632 7.54397 7.45743 7.43283
141.263 141.654 141.759 141.796 141.789 141.774 141.855 141.715 141.745 141.608 141.692 141.728 141.139 141.103 141.53 141.731 141.282 141.06 143.044 142.333 141.425 141.532 141.22 142.446 142.179 141.308 141.024
5.54233 5.58999 5.58395 5.57565 5.5788 5.5921 5.58052 5.57301 5.60697 5.59125 5.59736 5.58035 5.55105 5.55668 5.56312 5.51427 5.54512 5.56392 5.55706 5.5805 5.31723 5.62549 5.57696 5.50449 5.5631 5.56247 5.59332
4.36465 4.33625 4.37062 4.35617 4.32047 4.34041 4.34357 4.33423 4.36275 4.3318 4.36332 4.34013 4.38734 4.36668 4.30138 4.46436 4.4603 4.32028 4.39286 4.22364 4.30233 4.45626 4.35161 4.49431 4.43887 4.34806 4.29871
11.8399 12.1403 12.1827 11.8938 12.096 12.1988 12.1359 12.0203 12.1215 12.3458 12.2965 11.8287 11.9332 12.0665 11.7588 11.6989 11.8391 11.7317 11.8464 12.2829 10.8851 11.7893 11.8209 11.8728 11.8625 11.8561 11.7914
5.1376 5.31464 5.30025 5.25962 5.24602 5.28227 5.31948 5.26192 5.33806 5.24622 5.31078 5.1839 5.17509 5.14576 5.08319 5.22176 5.13721 4.97598 5.63314 5.50567 5.56109 5.18923 5.12868 5.33607 5.39085 5.10938 5.17359
7.66642 7.67448 7.70304 7.67715 7.67434 7.66353 7.68374 7.66575 7.7492 7.68207 7.68542 7.72871 7.67902 7.6625 7.65043 7.70238 7.70481 7.53462 7.69162 7.787 7.58711 7.70452 7.6605 7.73521 7.75902 7.63481 7.56332
142.671 143.056 143.198 143.195 143.088 143.191 143.195 143.075 142.991 143.238 143.139 142.309 142.684 142.542 141.584 143.371 142.218 142.273 141.816 142.61 141.689 143.111 141.584 144.655 142.468 142.641 141.821
5.84932 6.0012 5.98598 5.91109 5.8442 5.81284 5.80487 5.96042 6.05972 6.08682 5.69508 5.6468 5.68323 5.67906 5.30957 5.61333 5.53232 5.71004 5.42752 5.67733 5.58358 5.58183 5.53022 5.73799 5.61895 6.01042 5.6533
4.32132 4.45762 4.57899 4.61349 4.61914 4.60679 4.5925 4.59517 4.57695 4.56216 4.61491 4.45592 4.34365 4.35476 4.39788 4.37456 4.51019 4.4337 4.2682 4.49482 4.06743 4.36536 4.34527 4.43536 4.50026 4.37212 4.25545
4.41193 4.42309 4.44015 4.42619 4.39312 4.42399 4.42745 4.4075 4.45553 4.41594 4.40792 4.5909 4.41391 4.44716 4.56957 4.55386 4.58514 4.65022 4.57175 4.56931 4.63739 4.50881 4.61618 4.69854 4.60666 4.58425 4.58532
5.62439 5.5529 5.50474 5.5077 5.47429 5.52823 5.47778 5.42733 5.50017 5.53339 5.46049 5.6886 5.65412 5.57917 5.58862 5.789 5.59051 5.69603 5.7191 5.72883 5.99418 6.12457 5.69551 5.83038 5.48837 5.69724 5.69656
7.83216 7.75378 7.77173 7.75193 7.68905 7.75014 7.73652 7.73321 7.75309 7.7977 7.72165 7.94683 7.92094 7.85831 7.81895 7.84052 7.83446 7.81339 7.78906 7.59232 7.94179 7.89557 7.86339 7.82499 7.89547 7.7551 7.89024
153.565 153.788 153.179 153.434 153.476 153.392 153.619 153.301 153.072 152.932 153.384 154.801 153.433 153.76 154.654 154.848 154.248 155.054 153.455 153.318 154.486 154.053 154.65 154.553 154.249 153.981 154.165
141.531 141.722 141.503 141.487 141.656 141.312 141.406 141.218 141.307 141.529 141.537 140.375 141.57 141.739 139.938 141.926 139.853 142.168 141.166 139.858 141.829 140.683 141.555 141.381 140.941 142.212 141.207
5.88234 5.6081 5.57629 5.64234 5.61025 5.66173 5.66684 5.57026 5.68292 5.64498 5.58738 6.40063 5.79398 5.66094 6.36508 6.43213 6.37975 6.40212 6.19887 6.25388 6.40892 6.4277 6.39899 6.38159 6.4353 6.46192 6.43498
6.90196 7.12645 6.9837 7.15501 6.82464 6.87227 7.055 6.7252 6.92274 6.91838 7.32953 7.31672 6.65397 7.34546 7.50639 7.45106 7.03046 7.49491 6.73504 7.71498 7.12858 7.31022 7.41218 7.36385 7.88764 7.09038 7.3856
4.58308 4.47224 4.52907 4.55126 4.58077 4.51403 4.48107 4.54361 4.53251 4.5396 4.52594 4.69852 4.60429 4.59119 4.78261 4.60147 4.72795 4.53003 4.62463 4.65399 4.61033 4.34221 4.78384 4.49606 4.57071 4.56975 4.58982
4.75317 4.71959 4.71292 4.71053 4.71893 4.69708 4.71005 4.69965 4.72213 4.68853 4.68538 4.90817 4.73008 4.71299 4.8901 4.91142 4.81389 4.96127 4.91776 4.91296 4.74207 4.94712 4.85084 4.72627 4.91326 4.78991 4.75841
8.14235 8.11989 8.13524 8.12165 8.11217 8.14721 8.10389 8.0778 8.12187 8.10129 8.13079 7.97055 8.14481 8.08234 7.5512 7.84129 8.07535 8.58306 8.25136 7.55318 8.37275 8.05333 8.15349 8.51252 8.27429 8.34519 8.08604
155.168 153.695 154.358 154.226 153.926 154.005 154.294 154.164 154.342 154.328 154.34 154.924 154.746 154.414 154.877 154.586 154.573 155.243 155.149 154.307 154.179 154.517 154.569 153.982 154.821 155.128 154.685
140.855 141.083 140.941 141.009 141.012 140.63 140.51 140.734 140.724 140.32 140.883 140.51 140.015 140.139 139.761 141.461 139.582 140.784 140.431 139.983 138.24 140.919 139.712 141.436 140.441 141.312 140.094
5.58961 5.50471 5.46057 5.48407 5.42597 5.44177 5.4734 5.45343 5.4721 5.51014 5.51741 5.31652 5.86188 5.63955 6.16478 6.36123 6.03066 6.32842 6.35635 6.29159 6.15584 6.27117 6.08027 5.70167 6.32075 6.43518 6.30708
7.78057 5.7846 7.17149 6.83536 6.60652 6.50542 6.76796 6.79677 7.05072 7.09636 6.60439 7.90187 7.38179 7.77289 7.07556 7.46626 7.332 7.36517 7.47628 7.48481 7.0308 7.27151 7.48076 7.74332 7.27632 7.64099 7.27029
4.66902 4.37146 4.39634 4.38543 4.37397 4.32922 4.25022 4.28571 4.46765 4.50136 4.44175 4.38375 4.4725 4.60031 4.77455 4.72246 4.67329 4.53857 4.55486 4.61135 4.4775 4.56124 4.65382 4.47635 4.64383 4.79056 4.74358
7.94462 7.87741 7.90863 7.93585 7.95102 7.88009 7.87404 7.87863 7.90272 7.90958 7.87617 8.09041 7.87585 7.74414 7.84407 7.7366 7.59611 8.15269 7.83067 7.82233 7.39182 7.96594 7.75529 8.02415 7.89724 8.00952 7.68343
154.293 153.87 154.401 154.369 154.443 154.112 154.234 154.24 154.572 154.355 154.333 154.811 153.231 154.963 153.959 155.197 154.855 157.335 154.432 155.91 152.109 154.9 154.458 154.817 153.897 154.082 154.009
141.106 141.69 141.525 141.448 141.701 142.127 142.294 142.335 141.577 141.422 141.829 140.278 136.829 137.16 141.245 139.542 140.208 139.558 139.581 141.377 141.508 140.138 139.843 141.236 139.203 139.431 139.896
5.67128 5.77928 5.80036 5.7813 5.80741 5.76543 5.75379 5.74849 5.69956 5.73565 5.67435 6.30387 5.58313 5.65497 5.82463 6.36447 6.1767 6.10285 5.60152 6.3603 6.15661 6.19392 6.00051 6.43116 6.06455 6.24268 6.01609
7.71165 7.19036 7.59964 7.58164 7.34696 8.16236 8.01723 8.03988 8.23901 8.285 8.35842 7.31841 7.61953 8.00902 7.46978 7.43109 7.72236 8.03718 7.26407 7.69461 6.66908 7.32618 8.40424 7.58303 7.11887 7.24713 7.01717
4.59254 4.34093 4.30194 4.29799 4.31386 4.20377 4.22008 4.20339 4.18113 4.19245 4.21574 4.65172 4.52283 4.50473 4.67517 4.56677 4.51877 4.59145 4.52736 4.72284 4.58353 4.60616 4.6946 4.52666 4.67251 4.65646 4.63744
7.81396 7.95536 7.95631 7.95381 7.99423 8.0472 8.02085 8.06679 7.97151 8.00094 8.03774 7.97337 7.72339 7.71805 8.15984 7.75969 7.69274 7.62067 7.74765 7.91151 8.05601 7.68663 7.87537 8.19441 7.47909 7.83853 7.69207
154.95 154.887 154.777 154.863 154.983 154.988 154.481 154.522 154.475 154.713 154.901 154.623 154.567 154.531 153.872 154.952 154.269 154.309 154.588 153.077 154.085 154.34 154.018 154.235 154.121 154.125 154.331
140.657 139.884 140.769 140.632 140.655 140.401 140.613 140.717 139.843 140.201 140.37 139.816 139.018 139.75 140.71 139.614 140.927 140.749 139.519 140.586 140.524 139.499 139.633 139.972 139.429 138.794 139.848
5.83822 5.73233 5.73927 5.75518 5.69065 5.70576 5.77289 5.76248 5.67017 5.70742 5.74286 6.0166 5.80075 5.64683 6.13842 5.82677 6.30733 5.50143 6.15163 5.55271 6.14577 6.09996 6.29173 6.31527 6.26878 6.23411 6.23544
7.89051 7.84302 7.76145 7.79942 7.79674 7.55774 7.14175 7.09417 7.14047 7.35062 7.42222 7.4405 8.08469 7.88546 6.89035 7.72521 7.15394 7.40324 7.43225 6.97743 7.05787 7.4373 7.169 6.98371 7.19983 7.22084 7.40279
4.54474 4.28269 4.27746 4.27993 4.24575 4.26274 4.2633 4.27902 4.26901 4.27486 4.24257 4.5384 4.5496 4.53808 4.55164 4.51139 4.64554 4.53548 4.54676 4.5988 4.53444 4.56658 4.61906 4.55969 4.59803 4.5046 4.51919
8.02212 8.03537 8.10661 8.09914 8.12619 8.14047 8.1541 8.17438 8.09197 8.1235 8.14011 7.78338 7.59411 7.88409 7.76011 7.68003 8.20147 8.22077 7.63854 8.16667 7.78398 7.60429 7.72195 7.95404 7.73667 7.47051 8.01868
140.807 140.837 140.458 140.373 140.631 140.535 140.541 140.499 140.972 140.816 140.475 140.51 140.855 140.59 140.859 141.528 140.834 141.048 140.796 141.009 141.172 140.573 140.644 140.709 140.786 140.686 141.214
5.41415 5.42504 5.43436 5.4413 5.42399 5.38773 5.3843 5.37236 5.38239 5.35605 5.35438 5.45341 5.37173 5.40381 5.44005 5.37234 5.44833 5.40762 5.42299 5.45198 4.93054 5.42663 5.44192 5.46598 5.47337 5.44445 5.45176
4.35837 4.27752 4.30618 4.33452 4.27899 4.27591 4.18313 4.19071 4.25223 4.21397 4.20182 4.37989 4.36235 4.36287 4.36466 4.39358 4.35639 4.36412 4.39625 4.48716 4.38737 4.37309 4.34468 4.4304 4.36777 4.34976 4.39069
5.21252 5.10918 5.15664 5.21464 5.20324 5.14085 5.06316 5.1265 5.1942 5.30229 5.14525 4.97838 5.44951 5.24531 5.13036 5.50597 5.06606 5.27834 5.19948 5.23256 5.30821 5.15866 5.08281 5.20412 4.82721 5.08649 4.78801
7.39141 7.43207 7.37457 7.39618 7.401 7.40974 7.47738 7.50192 7.48843 7.52485 7.45605 7.36864 7.45553 7.43997 7.41011 7.52458 7.38828 7.50553 7.45201 7.40348 7.42071 7.40544 7.42657 7.41917 7.34235 7.43244 7.41087
141.832 141.88 141.89 141.836 141.851 141.827 141.831 141.906 141.74 141.653 141.678 141.909 141.779 141.752 141.905 142.021 141.879 141.926 141.837 142.025 142.06 141.853 141.706 141.99 141.895 141.727 141.946
5.54725 5.56101 5.5636 5.57492 5.55049 5.55277 5.58039 5.56446 5.54631 5.54187 5.54203 5.5506 5.54498 5.54434 5.51021 5.5689 5.53475 5.5385 5.5474 5.57104 5.54501 5.53609 5.52307 5.56854 5.52986 5.53613 5.55329
4.37306 4.22811 4.22472 4.21606 4.19702 4.2133 4.19952 4.23608 4.19078 4.19476 4.1824 4.39262 4.37603 4.36995 4.44825 4.3945 4.42717 4.41717 4.38658 4.43119 4.42055 4.41207 4.43375 4.35582 4.41917 4.43278 4.39184
13.9307 13.8619 13.9171 13.9736 13.8989 13.9605 13.8326 13.8848 13.9703 13.8264 13.8465 13.6234 13.8156 13.9142 13.6841 13.7473 13.8114 13.7205 13.5874 13.678 13.8802 13.5855 13.6561 13.7086 13.5602 13.6474 13.6656
5.41175 5.42524 5.41067 5.40618 5.44395 5.35452 5.34005 5.30484 5.3556 5.38386 5.33078 5.33922 5.41261 5.4234 5.38577 5.43459 5.35782 5.38749 5.38055 5.41633 5.39226 5.36246 5.34457 5.39767 5.35463 5.36712 5.33882
7.86747 7.88833 7.85299 7.84702 7.87291 7.84803 7.84641 7.84398 7.86889 7.87651 7.85462 7.8546 7.85947 7.88045 7.84222 7.88959 7.84734 7.8488 7.85572 7.85034 7.8473 7.84719 7.84254 7.84593 7.84376 7.84721 7.86482
141.767 141.658 141.912 141.929 141.891 141.738 141.849 142.054 141.936 141.799 141.875 142.072 141.655 141.756 141.88 142.426 142.129 142.3 141.953 142.085 142.041 142.088 141.829 142.13 141.92 141.977 142.041
5.56836 5.54254 5.54215 5.53751 5.53587 5.52904 5.53001 5.54146 5.5423 5.53731 5.54544 5.59153 5.57361 5.57155 5.55637 5.62964 5.58597 5.59197 5.57811 5.58701 5.53032 5.57417 5.56295 5.6077 5.57751 5.57309 5.58633
4.3475 4.15895 4.19129 4.19091 4.16607 4.16594 4.28245 4.17429 4.12836 4.1332 4.14106 4.39224 4.31184 4.35053 4.39492 4.43279 4.40262 4.38296 4.40581 4.4054 4.27381 4.40202 4.37652 4.40072 4.40052 4.39904 4.37522
5.59339 5.61536 5.61148 5.6117 5.5828 5.61722 5.59404 5.58213 5.59175 5.57044 5.56094 5.56052 5.59365 5.60082 5.51859 5.63312 5.57491 5.5936 5.57241 5.5998 5.58419 5.56038 5.53094 5.64681 5.55276 5.55266 5.56938
7.88997 7.85802 7.90509 7.8983 7.88975 7.84223 7.87067 7.89457 7.9139 7.9215 7.96325 7.92863 7.88384 7.89744 7.90118 7.9494 7.90606 7.91033 7.93319 7.90262 7.86126 7.91931 7.88231 7.90476 7.88859 7.91354 7.93209
141.335 141.327 141.443 141.419 141.436 141.35 141.395 141.458 141.347 141.467 141.322 141.666 141.415 141.362 141.731 141.56 141.682 141.666 141.535 141.56 141.97 141.533 141.469 141.652 141.585 141.541 141.486
5.54796 5.53801 5.52861 5.54109 5.54289 5.54437 5.54381 5.55402 5.5357 5.54978 5.53567 5.59316 5.55592 5.5484 5.56259 5.55963 5.58164 5.58907 5.57097 5.58437 5.61562 5.57544 5.57247 5.58403 5.5716 5.56977 5.57981
4.34353 4.15653 4.15922 4.15892 4.15604 4.15735 4.15555 4.15282 4.15408 4.19235 4.15685 4.40355 4.35083 4.34728 4.37022 4.57162 4.40343 4.40813 4.41026 4.42115 4.34092 4.40899 4.37991 4.40795 4.41816 4.38549 4.38442
4.45827 4.44366 4.43622 4.43815 4.43922 4.428 4.43312 4.45375 4.44784 4.44013 4.42798 4.45703 4.46057 4.45517 4.46226 4.41797 4.44256 4.46453 4.4502 4.45437 4.43832 4.44941 4.47018 4.45472 4.44848 4.43025 4.45403
5.51639 5.50982 5.4939 5.50471 5.52285 5.51571 5.52834 5.51701 5.52404 5.48325 5.43936 5.39254 5.49764 5.51866 5.43983 5.49047 5.4552 5.4531 5.4108 5.441 5.66623 5.43833 5.43464 5.4506 5.40846 5.49493 5.41814
7.77457 7.75281 7.76222 7.758 7.76285 7.75949 7.75181 7.73647 7.78921 7.75934 7.74372 7.76768 7.77545 7.77491 7.78591 7.80116 7.78718 7.79628 7.77117 7.78902 7.74256 7.76813 7.77971 7.79366 7.76257 7.78138 7.7743
141.4 141.365 141.265 141.359 141.176 141.278 141.343 141.363 141.21 141.35 141.353 141.611 141.445 141.439 141.991 141.656 141.541 141.525 141.543 141.542 141.319 141.503 141.696 141.575 141.519 141.585 141.491
5.58776 5.60103 5.58747 5.58585 5.574 5.57626 5.58412 5.58852 5.58477 5.59312 5.57326 5.62312 5.59111 5.58878 5.58226 5.61425 5.61644 5.62258 5.60926 5.61417 5.65273 5.60476 5.59476 5.6121 5.60618 5.60815 5.60347
4.30205 4.17185 4.15119 4.15405 4.14721 4.16298 4.15911 4.16616 4.15042 4.13951 4.14512 4.40213 4.31161 4.30676 4.4512 4.40388 4.40903 4.44172 4.40513 4.41027 4.33104 4.40309 4.37309 4.3988 4.4091 4.39883 4.3882
4.45123 4.43757 4.45508 4.4423 4.44024 4.45216 4.44849 4.46274 4.43078 4.44205 4.4321 4.45212 4.45586 4.4489 4.41558 4.5025 4.44631 4.4457 4.44805 4.45109 4.46957 4.44146 4.47444 4.45093 4.44141 4.45885 4.44363
5.51213 5.49113 5.51516 5.49024 5.48555 5.50306 5.52692 5.51395 5.48196 5.49153 5.44294 5.4225 5.51617 5.52073 5.50114 5.44377 5.456 5.41763 5.42025 5.43069 5.52763 5.4419 5.41349 5.44066 5.43097 5.44485 5.42161
7.77974 7.76083 7.77772 7.76643 7.76245 7.75572 7.74775 7.76447 7.74131 7.74352 7.76645 7.77382 7.76782 7.77578 7.80077 7.79525 7.79362 7.77547 7.77783 7.78292 7.81307 7.77632 7.78277 7.78002 7.77159 7.79935 7.78209
141.658 141.461 141.499 141.499 141.514 141.452 141.582 141.641 141.384 141.686 141.546 141.718 141.672 141.684 141.595 142.014 141.649 141.894 141.713 141.522 141.749 141.609 141.328 141.644 141.682 141.699 141.579
5.65075 5.63303 5.63682 5.63207 5.63646 5.63105 5.6435 5.63851 5.63355 5.64208 5.60423 5.67775 5.65408 5.64988 5.6761 5.52462 5.66909 5.66464 5.67243 5.67345 5.68827 5.67022 5.66681 5.66707 5.67092 5.66809 5.65989
4.15214 4.05289 4.11729 4.04424 4.11988 4.1073 4.12787 4.13013 4.13697 4.14665 4.10138 4.18898 4.14906 4.15772 4.09141 4.12624 4.18382 4.28163 4.18852 4.18239 4.18434 4.18562 4.11746 4.17897 4.18653 4.18578 4.18433
4.32588 4.32369 4.31978 4.3168 4.32776 4.31973 4.33006 4.32296 4.33911 4.31126 4.30469 4.32815 4.32663 4.32633 4.32551 4.20654 4.3262 4.30342 4.32728 4.32766 4.34192 4.32637 4.3422 4.32861 4.32718 4.32902 4.33069
5.51586 5.54841 5.57575 5.55073 5.54294 5.55472 5.5601 5.55937 5.4924 5.5608 5.5346 5.49004 5.50835 5.52726 5.62864 5.68286 5.49251 5.52106 5.48796 5.50184 5.50452 5.49433 5.57466 5.50653 5.4988 5.49131 5.46964
7.73663 7.74595 7.74519 7.73578 7.7849 7.76416 7.7727 7.77941 7.79082 7.74287 7.7696 7.75716 7.72984 7.73384 7.75512 7.88601 7.77643 7.77339 7.76354 7.76498 7.77991 7.76679 7.73307 7.76081 7.76497 7.76139 7.77235
