12.7922 12.7703 12.9368 12.739 12.9064 12.6647 12.5162 12.3675 12.7624 12.3797 12.5007 12.0295 11.9922 12.0876 12.3738 12.1578 10.7746 12.4403 12.3674 12.378 12.3637 11.7615 12.3499 12.4829 12.3365
5.73564 5.73438 5.73794 5.72934 5.74159 5.73628 5.73057 5.72284 5.72208 5.7355 5.72897 5.71075 5.71908 5.88872 5.86213 5.88547 5.89935 5.87525 5.89853 5.89684 5.89806 5.89193 5.89378 5.87456 5.89116
4.66314 4.67754 4.6308 4.7206 4.62701 4.6885 4.53448 4.55811 4.65921 4.51584 4.32491 4.50147 4.53101 4.55273 4.69038 4.67669 4.61606 4.77266 4.72353 4.68081 4.71629 4.74706 4.74493 4.73722 4.72984
4.64076 4.6531 4.59321 4.62733 4.64259 4.65858 4.49352 4.49025 4.49349 4.4805 4.4933 4.44952 4.50062 4.59561 4.63881 4.59397 4.60313 4.67835 4.63969 4.65715 4.634 4.64097 4.64997 4.63333 4.64507
4.53672 4.52695 4.54445 4.53148 4.51108 4.51335 4.4646 4.44948 4.46763 4.43024 4.46624 4.44372 4.47903 4.51391 4.55577 4.54011 4.52896 4.51967 4.52667 4.52869 4.53869 4.53331 4.52479 4.5198 4.54608
4.39992 4.48431 4.52581 4.44029 4.47632 4.48244 4.24774 4.24595 4.22497 4.24481 4.24332 4.25097 4.24951 4.70876 4.74573 4.73449 4.72268 4.72124 4.72597 4.71367 4.73104 4.74212 4.7274 4.72312 4.73535
4.45515 4.35179 4.42648 4.40394 4.29359 4.28935 4.24921 4.23081 4.19988 4.22205 4.19773 4.19623 4.28431 4.30773 4.35999 4.33859 4.3016 4.30917 4.32854 4.30123 4.3136 4.32378 4.30974 4.30939 4.31047
8.16178 8.12263 8.02522 8.14561 7.99816 8.02247 7.77998 7.83344 7.81076 7.76104 7.71746 7.87973 7.81107 7.92054 8.70152 8.42472 8.00736 8.02401 8.30579 8.10713 8.04388 8.12391 8.07307 8.08169 8.07988
13.1022 12.8135 13.1088 12.9764 12.9955 13.1392 12.5409 12.514 12.9512 12.5982 12.4518 12.5485 12.8105 13.5328 10.9154 10.8678 12.7255 11.0215 12.5458 12.6093 12.5274 12.4442 12.5492 11.149 12.5458
5.80508 5.7918 5.78583 5.79217 5.7584 5.79592 5.74775 5.73728 5.74234 5.74264 5.7115 5.75315 5.75568 5.88935 5.90824 5.90829 5.92009 5.91236 5.91855 5.95381 5.93084 5.92818 5.93267 5.90822 5.92458
4.71654 4.69783 4.73744 4.70741 4.7072 4.7251 4.342 4.33976 4.34431 4.39814 4.33069 4.36012 4.33411 4.61559 4.67102 4.6304 4.67835 4.59969 4.70402 4.76712 4.70524 4.70947 4.7368 4.68473 4.70222
4.68385 4.6508 4.69364 4.68293 4.66676 4.65886 4.55298 4.56248 4.56931 4.48264 4.50108 4.55716 4.52614 4.59093 4.59733 4.62755 4.61811 4.65812 4.64908 4.70323 4.63494 4.66688 4.66906 4.60565 4.65336
4.48557 4.48236 4.50414 4.47049 4.48342 4.49783 4.42748 4.36374 4.36735 4.36527 4.39399 4.39327 4.37478 4.73318 4.68693 4.66603 4.73523 4.74742 4.70019 4.69049 4.72766 4.71449 4.72061 4.77359 4.70512
4.31357 4.3108 4.31761 4.3092 4.31913 4.31801 4.26703 4.26949 4.29279 4.25779 4.28144 4.26027 4.28239 4.44008 4.37019 4.3782 4.42072 4.35703 4.37433 4.45007 4.36469 4.37554 4.37269 4.37536 4.3694
7.412 7.40572 7.48693 7.37868 7.46366 7.39814 7.40763 7.34543 7.37985 7.51434 7.43864 7.41648 7.38674 7.60744 7.50269 7.54169 7.69366 7.58873 7.40768 7.47834 7.41363 7.43603 7.40562 7.45533 7.39601
13.0649 12.9235 13.0261 12.9825 12.9798 12.9853 12.9927 12.2342 12.3245 12.1202 12.1734 12.4921 12.5062 12.9239 12.4636 12.5347 13.112 12.4812 12.9099 12.9105 12.8869 12.8291 12.9065 12.6208 12.8871
5.745 5.72759 5.73275 5.74587 5.72812 5.7404 5.7117 5.67764 5.70994 5.68251 5.69641 5.66795 5.72517 5.8586 5.85812 5.89614 5.83042 5.85426 5.8531 5.89904 5.85661 5.86867 5.85655 5.86399 5.8523
4.59302 4.57673 4.59764 4.56745 4.58088 4.56915 4.38825 4.39323 4.39085 4.35774 4.36771 4.344 4.38603 4.62933 4.57642 4.61758 4.65097 4.57821 4.59224 4.62694 4.58212 4.61173 4.60018 4.5931 4.57238
4.55037 4.53655 4.53948 4.53947 4.53923 4.54228 4.45857 4.45463 4.46546 4.45829 4.45659 4.45616 4.44327 4.54493 4.51317 4.55781 4.59508 4.53078 4.55782 4.56493 4.56544 4.57545 4.56611 4.53857 4.57605
7.49309 7.4802 7.40973 7.50021 7.48117 7.4825 7.35196 7.47138 7.45243 7.43413 7.43869 7.40022 7.40295 7.47702 7.62525 7.65128 7.41582 7.74221 7.43879 7.33615 7.48108 7.43969 7.43606 7.68685 7.46682
5.62364 5.62101 5.636 5.60938 5.63112 5.61506 5.63075 5.63503 5.62849 5.63699 5.6209 5.62599 5.66674 5.58312 5.58838 5.58778 5.59798 5.57388 5.58194 5.62057 5.58504 5.58072 5.58155 5.60203 5.57707
4.42004 4.46885 4.45061 4.45268 4.45382 4.50349 4.2683 4.28435 4.26231 4.3086 4.29776 4.26784 4.32364 4.45242 4.52351 4.52434 4.50808 4.46761 4.5167 4.51942 4.51788 4.47139 4.54142 4.52702 4.47314
14.156 14.1217 14.2385 14.1458 13.9484 13.8924 13.1961 13.369 13.3117 13.6499 14.1116 13.609 13.6174 13.7352 13.5681 13.5831 13.7497 13.5889 13.5387 13.6455 13.4716 13.5377 13.4964 13.6041 13.5341
4.57314 4.56081 4.57279 4.54977 4.55296 4.55698 4.59423 4.62419 4.61382 4.58847 4.60227 4.62836 4.61694 4.67872 4.66087 4.6671 4.69038 4.65186 4.67021 4.69419 4.66783 4.67345 4.67976 4.6692 4.65623
5.23262 5.21226 5.1988 5.21642 5.20688 5.20089 5.2105 5.28424 5.17247 5.07407 5.11249 5.24131 5.09604 4.92577 5.1398 5.06468 4.97243 5.07212 5.08707 5.09702 5.13677 5.04068 5.11829 5.13026 5.13936
7.75781 7.71916 7.74024 7.73812 7.73207 7.73791 7.72695 7.68179 7.68157 7.72344 7.73635 7.74183 7.65616 7.62464 7.68196 7.69235 7.62677 7.69225 7.70249 7.69927 7.70934 7.67334 7.69374 7.68288 7.71576
11.7595 11.446 11.3473 11.5663 11.3866 11.7464 11.4215 11.6234 11.6867 11.8197 11.5882 11.7388 12.0225 11.4267 11.1876 11.2616 11.3569 11.3983 11.287 11.7354 11.286 11.2625 11.2765 11.3527 11.2811
5.70686 5.68088 5.69711 5.6911 5.68596 5.67404 5.65617 5.64028 5.6595 5.64391 5.61614 5.63406 5.64201 5.87064 5.80518 5.79672 5.79224 5.80753 5.78829 5.86382 5.7904 5.81389 5.77889 5.79102 5.82813
4.62532 4.66965 4.6536 4.66788 4.61577 4.67308 4.46682 4.43345 4.47673 4.44681 4.50057 4.50488 4.50466 4.57102 4.6672 4.64311 4.64272 4.59814 4.63891 4.52821 4.63246 4.63263 4.64388 4.62742 4.6639
4.546 4.56707 4.53414 4.55135 4.59021 4.56948 4.55018 4.56084 4.5423 4.54354 4.5205 4.55126 4.57922 4.67835 4.58688 4.5482 4.59106 4.57987 4.58562 4.62001 4.57916 4.56193 4.59553 4.59533 4.6271
7.85669 7.80322 7.80625 7.80221 7.86892 7.7868 7.78534 7.78374 7.75501 7.67739 7.73656 7.79328 7.7315 7.71607 7.74027 7.76911 7.73756 7.79459 7.735 7.78235 7.74418 7.77173 7.76797 7.73564 7.8658
5.92083 5.90136 5.91946 5.92648 5.92478 5.90531 5.83766 5.8681 5.90002 5.84395 5.88223 5.86471 5.83946 6.43195 6.35131 6.34257 6.33976 6.35348 6.32014 6.39726 6.32708 6.34661 6.3305 6.35027 6.36217
6.86403 6.83759 6.82827 6.8798 6.86302 6.75416 7.05615 7.19566 7.07526 7.15773 6.93669 7.18112 7.16517 7.32274 6.47444 6.63282 6.60913 6.79339 6.7272 7.15708 6.70245 6.5786 6.7281 6.63295 6.65512
4.60877 4.62569 4.60467 4.5889 4.60825 4.60852 4.28285 4.24131 4.24385 4.28221 4.24988 4.32549 4.2446 4.44803 4.71254 4.70138 4.69414 4.6851 4.70658 4.72092 4.71027 4.7005 4.71114 4.68397 4.66751
4.65251 4.64257 4.64514 4.64681 4.66227 4.6328 4.62803 4.64244 4.59539 4.60778 4.64361 4.63999 4.59222 4.86428 4.82864 4.83461 4.83978 4.82937 4.84461 4.93949 4.84315 4.83005 4.83973 4.85305 4.82451
7.89836 7.79014 7.84712 7.82622 7.88275 7.82227 7.81133 7.89457 7.83507 7.87735 7.87416 7.86154 7.88212 7.75197 7.63669 7.69145 7.68992 7.68987 7.71484 7.97356 7.70231 7.6861 7.68417 7.67615 7.6169
5.83537 5.81222 5.81447 5.8327 5.83245 5.81281 5.76577 5.79126 5.81092 5.7477 5.77345 5.79204 5.78625 5.03576 6.27497 6.27153 6.3028 6.28433 6.26855 5.37932 6.27239 6.2669 6.27119 6.30273 6.287
7.31623 7.40939 7.25269 7.14502 7.3268 7.31798 7.05259 6.84271 6.91814 7.10447 7.14424 6.85954 7.12452 7.74622 6.86489 6.48228 6.62954 6.73431 6.69012 7.12522 6.68059 6.5761 6.71731 6.74612 6.6388
4.53044 4.54897 4.55151 4.53039 4.53865 4.54075 4.44947 4.42038 4.44529 4.36493 4.3891 4.4473 4.40644 4.00654 4.68159 4.68797 4.67619 4.68792 4.68859 4.56107 4.67454 4.68619 4.68876 4.68301 4.66152
4.62311 4.62031 4.62522 4.61329 4.62633 4.61926 4.53197 4.52731 4.56632 4.59026 4.57556 4.53928 4.57325 4.8215 4.76275 4.7646 4.78429 4.77028 4.79505 4.78764 4.77663 4.78286 4.81052 4.79135 4.76798
7.70657 7.64088 7.6724 7.66822 7.66823 7.67542 7.62151 7.78955 7.73133 7.68499 7.68114 7.75765 7.71293 7.70108 7.54231 7.59254 7.59456 7.60046 7.63799 8.0914 7.63168 7.60147 7.64914 7.60797 7.59796
5.86104 5.8293 5.85769 5.87486 5.85977 5.85599 5.82947 5.84708 5.84607 5.8171 5.83383 5.83506 5.80772 6.25527 6.30827 6.34053 6.31814 6.32918 6.29764 6.32584 6.30686 6.30886 6.29886 6.31571 6.30142
7.78579 7.87613 7.75965 7.74276 7.68146 7.76936 7.99883 7.89521 7.88571 7.80315 7.85842 7.89294 7.70931 7.12663 7.28691 7.09246 7.25138 7.23848 7.26625 7.32268 7.26898 7.19006 7.25165 7.31571 7.16413
4.50943 4.5215 4.54981 4.48478 4.4797 4.53068 4.17118 4.17463 4.16569 4.16466 4.1694 4.17397 4.16123 4.51002 4.698 4.63694 4.68466 4.62786 4.63678 4.62056 4.61463 4.65168 4.64798 4.64504 4.61824
4.58281 4.57742 4.5994 4.60098 4.54633 4.59008 4.54254 4.53271 4.51758 4.50306 4.51387 4.51866 4.54184 4.68869 4.77755 4.71814 4.72483 4.73071 4.75697 4.76385 4.7311 4.75012 4.74512 4.75448 4.75075
7.66272 7.61384 7.60591 7.55915 7.64477 7.74153 7.75653 7.7881 7.7506 7.83698 7.79948 7.79934 7.79221 8.0956 7.46529 7.57004 7.62292 7.67114 7.68717 7.56806 7.69091 7.6785 7.63394 7.66264 7.71977
5.55109 5.57802 5.56658 5.51773 5.48995 5.52356 5.48791 5.5517 5.54473 5.52464 5.54221 5.53946 5.5399 5.61175 5.56919 5.58213 5.53621 5.56218 5.55305 5.52056 5.5456 5.56204 5.51851 5.545 5.45715
4.35781 4.44593 4.351 4.39423 4.44618 4.42241 4.22467 4.21986 4.24339 4.21226 4.24251 4.26443 4.20466 4.48748 4.47257 4.49882 4.48497 4.46811 4.43793 4.48129 4.4097 4.3955 4.41036 4.43481 4.41832
4.44315 4.40564 4.42821 4.44994 4.47136 4.45837 4.40014 4.40963 4.41463 4.3937 4.39511 4.40825 4.41892 4.43025 4.44524 4.43428 4.45845 4.43301 4.45811 4.42468 4.44528 4.45399 4.4587 4.44895 4.46733
5.23138 5.2655 5.21448 5.20089 5.11789 5.27766 5.20157 5.3828 5.19714 5.27032 5.11704 5.17239 5.29843 5.30276 5.67366 5.03688 5.11939 4.97019 5.17878 5.09355 5.23035 5.15868 5.18055 5.25557 5.19132
4.18295 4.18739 4.20301 4.17443 4.19764 4.19163 4.23539 4.22217 4.18717 4.219 4.22118 4.17927 4.19674 4.5859 4.59711 4.53007 4.51397 4.52618 4.53188 4.52154 4.52029 4.51461 4.51319 4.52479 4.45812
7.33938 7.41015 7.31592 7.38607 7.38018 7.36677 7.2854 7.4769 7.39597 7.4907 7.36043 7.44297 7.49203 7.53669 7.67427 7.27467 7.48309 7.34359 7.43995 7.39631 7.46911 7.45273 7.40076 7.46848 7.42029
5.69717 5.78588 5.68304 5.837 5.74742 5.85335 5.62346 5.64201 5.60654 5.59462 5.58774 5.53557 5.6525 5.77809 5.86041 5.91086 5.86623 5.72043 5.80244 5.84247 5.85175 5.84046 5.84316 5.85957 6.07444
4.62803 4.79673 4.60326 4.59486 4.54413 4.61442 4.28919 4.30922 4.27483 4.37964 4.43143 4.39501 4.49776 4.5471 4.45591 4.54999 4.55507 4.34711 4.62204 4.67136 4.69353 4.68774 4.64763 4.71389 4.43013
4.58184 5.66804 4.62528 4.66541 4.69597 4.65637 4.54976 4.57497 4.57641 4.45647 4.39962 4.48722 4.43912 4.54266 4.63784 4.74389 4.60123 4.62413 4.60763 4.63725 4.61841 4.6086 4.60722 4.60437 4.7289
4.36106 3.81413 4.41542 4.11278 4.12637 4.15598 4.31214 4.29444 4.27529 4.32125 4.3002 4.28614 4.32945 4.3918 4.37266 4.36393 4.37669 4.37064 4.33984 4.36288 4.34876 4.35002 4.33398 4.35779 4.29303
7.79973 7.06111 7.82162 7.28714 7.0486 7.44961 7.44751 7.4704 7.65017 7.73231 7.67453 7.72547 7.61819 7.56928 7.52033 7.37709 7.61117 7.7341 7.75738 7.62917 7.71935 7.76047 7.68976 7.75034 7.67208
11.9481 12.0553 12.0319 11.9404 12.0783 11.8149 11.6161 11.7031 11.5124 11.49 11.3024 11.5407 11.2173 11.4259 11.9128 11.3838 11.3647 12.1837 11.5012 11.5282 11.8701 11.5227 11.5398 11.4492 11.4736
5.62568 5.67298 5.65281 5.6769 5.67215 5.62849 5.60143 5.58002 5.59423 5.5793 5.5737 5.59076 5.56064 5.80742 5.76032 5.75326 5.74906 5.77043 5.77961 5.70656 5.77975 5.76431 5.77883 5.78412 5.7228
4.63707 4.56933 4.6502 4.73019 4.74508 4.63427 4.23605 4.22228 4.23595 4.32362 4.28737 4.29364 4.37962 4.68744 4.58634 4.67554 4.66502 4.57312 4.66043 4.58041 4.60704 4.63762 4.64957 4.60767 4.66601
7.67136 7.46788 7.47301 7.86172 7.89359 7.86551 7.52766 7.64574 7.72127 7.37601 7.23984 7.12478 7.24376 7.6536 7.8067 7.8101 7.68972 7.7879 7.44435 7.373 7.41012 7.41047 7.48675 7.48125 7.72244
5.97847 5.9674 5.97127 6.00393 6.0005 5.97898 5.95086 5.89271 5.90374 5.94521 5.91192 5.84285 5.94453 6.47153 6.43395 6.44218 6.43378 6.30808 6.46244 6.37315 6.41307 6.41525 6.43934 6.40679 6.43544
7.52251 7.54224 7.40168 7.60549 7.45637 7.58449 7.58135 7.67433 7.64476 7.57303 7.49018 7.51121 7.52757 6.96958 7.11628 7.12107 6.9911 7.10615 7.05947 6.99061 7.13667 6.99817 7.07171 7.12259 6.98112
4.63416 4.62288 4.61702 4.582 4.64115 4.65011 4.25325 4.24748 4.22636 4.23839 4.25879 4.32815 4.24815 4.65817 4.69191 4.76866 4.74068 4.72175 4.66704 4.71244 4.72871 4.73116 4.66574 4.68358 4.73641
7.74219 7.83321 7.75696 7.80263 7.78668 7.85446 7.76259 7.71631 7.70717 7.71952 7.81227 7.79114 7.70825 7.6598 7.64909 7.70404 7.64712 7.92501 7.69433 7.64771 7.78056 7.64753 7.71629 7.66765 7.65192
12.7714 12.6949 12.5362 12.7631 12.7465 12.8068 12.7919 12.6091 12.3673 12.3535 12.5116 12.4741 12.1811 12.4108 12.5854 12.5625 12.4694 12.502 12.3482 12.4157 12.2776 12.5364 12.5029 12.3647 12.4928
5.57981 5.56423 5.58291 5.54631 5.57496 5.56901 5.63125 5.63456 5.61327 5.59857 5.59489 5.62245 5.6004 5.81535 5.76768 5.78745 5.82131 5.82494 5.75649 5.79386 5.7892 5.80124 5.78726 5.79126 5.80525
4.68686 4.68629 4.64796 4.68208 4.68436 4.67956 4.33237 4.31473 4.36383 4.61449 4.66339 4.58176 4.3742 4.68973 4.59071 4.56119 4.67474 4.67984 4.71534 4.70884 4.58216 4.64984 4.71713 4.71409 4.68274
4.50443 4.50876 4.50687 4.53672 4.5091 4.51355 4.48351 4.4535 4.48807 4.51451 4.47366 4.52749 4.46001 4.57033 4.54201 4.54963 4.52419 4.51421 4.58725 4.55383 4.57661 4.54877 4.59565 4.57299 4.5752
4.31035 4.31352 4.30716 4.32714 4.32475 4.30668 4.26378 4.24072 4.23459 4.24804 4.23963 4.25981 4.29675 4.55358 4.48271 4.33175 4.33995 4.3049 4.48537 4.36095 4.34156 4.34486 4.46614 4.38333 4.34964
7.3051 7.29381 7.24443 7.43004 7.32909 7.28507 7.27375 7.30138 7.37897 7.27663 7.2396 7.19311 7.31304 7.58756 7.57404 7.38716 7.3072 7.22693 7.54394 7.21927 7.18773 7.25468 7.45997 7.43478 7.25688
12.5647 12.3334 12.4061 12.3694 12.5356 12.3561 12.228 12.142 12.3234 12.1021 12.6225 12.3566 11.5032 12.1884 12.4958 12.6683 12.2928 12.2826 12.3279 12.1885 12.3817 12.2852 12.1297 12.3095 12.3314
5.70212 5.6996 5.68945 5.71217 5.70298 5.70094 5.6276 5.67032 5.62672 5.63662 5.63529 5.66232 5.61336 5.89404 5.81194 5.83259 5.83036 5.82405 5.83509 5.8159 5.82833 5.83552 5.84545 5.8306 5.82978
4.65947 4.66916 4.64439 4.65105 4.66204 4.66131 4.30379 4.30725 4.26595 4.32072 4.30804 4.28528 4.47288 4.60853 4.53151 4.462 4.63907 4.66325 4.62876 4.66474 4.67959 4.64756 4.66982 4.65584 4.60683
4.58717 4.59097 4.59694 4.59329 4.5967 4.58935 4.53648 4.55752 4.49136 4.54625 4.59395 4.54148 4.53775 4.68252 4.64154 4.60495 4.6056 4.62985 4.71216 4.61788 4.60462 4.64154 4.64488 4.65917 4.66912
4.27442 4.30382 4.28749 4.27251 4.27965 4.29844 4.2547 4.2242 4.27291 4.31873 4.30922 4.26469 4.30104 4.39681 4.32912 4.3707 4.37194 4.37269 4.36163 4.36184 4.3817 4.34723 4.35039 4.35707 4.36657
7.24455 7.24499 7.24461 7.19458 7.22285 7.26545 7.30198 7.26416 7.28639 7.43752 7.39837 7.3788 7.34585 7.43902 7.5096 7.60152 7.44306 7.43223 7.36654 7.34826 7.58114 7.36606 7.40181 7.37599 7.41579
6.06977 6.1366 6.07629 6.10373 6.10839 6.11888 5.9174 5.91851 5.95458 5.93966 5.92595 5.97321 5.91119 6.4303 6.39647 6.40621 6.44724 6.43357 6.41542 6.39958 6.51743 6.44495 6.42636 6.42804 6.41892
7.72535 7.74301 7.7259 7.79786 7.74095 7.75582 7.84602 7.8667 7.80954 7.84839 7.88756 7.95858 8.18176 7.32296 7.3552 7.38536 7.39214 7.29201 7.43802 7.31722 7.21279 7.33745 7.33596 7.37849 7.42166
4.47075 4.46797 4.46647 4.46793 4.47063 4.47006 4.21971 4.27491 4.25608 4.17817 4.17816 4.17468 4.18533 4.62224 4.60071 4.63759 4.60027 4.65366 4.65331 4.66241 4.59427 4.63051 4.70847 4.59603 4.5778
4.59078 4.47616 4.54378 4.57049 4.47238 4.51218 4.62089 4.64857 4.68473 4.63881 4.6094 4.57978 4.66541 4.88811 4.86832 4.87165 4.82441 4.83984 4.84532 4.92241 4.82323 4.82453 4.83193 4.8533 4.78429
7.81467 7.72374 7.5871 7.79081 7.74496 7.75266 7.78826 7.84042 8.01121 7.82117 7.75628 7.7822 7.85078 7.88999 7.87694 8.01439 7.71978 7.80091 7.67894 7.82997 7.69674 7.75442 7.73866 7.77705 7.93522
5.49037 5.47711 5.48516 5.47703 5.49211 5.4801 5.4839 5.49893 5.4717 5.48658 5.47507 5.44911 5.47166 5.45796 5.54341 6.00248 5.4841 5.57117 5.65327 5.25234 5.43613 5.50878 5.54526 5.53712 5.5025
4.46887 4.46171 4.45823 4.46633 4.45815 4.46462 4.15852 4.17975 4.17469 4.16206 4.1756 4.16453 4.17792 4.43134 4.26598 4.32024 4.32116 4.44914 4.27443 4.43083 4.3782 4.45323 4.37074 4.41396 4.33388
4.36611 4.35515 4.34464 4.34914 4.35837 4.35302 4.36596 4.35971 4.35988 4.38924 4.36906 4.36213 4.37311 4.38174 4.32771 4.35938 4.37769 4.36368 4.35329 4.32282 4.37672 4.3318 4.37258 4.36139 4.36454
4.40853 4.39586 4.39387 4.40732 4.39621 4.4002 4.38497 4.38035 4.3376 4.36869 4.3693 4.3693 4.36743 4.40633 4.42829 4.41479 4.43031 4.427 4.41009 4.40992 4.55739 4.40348 4.41163 4.39683 4.40135
5.05721 4.76159 4.8293 5.07578 4.83326 4.88267 5.24067 4.98676 5.20965 5.13642 5.15964 5.16447 5.16821 5.07461 5.05246 5.67547 5.1388 5.12985 5.50642 5.75378 5.70928 5.24395 5.02995 5.29988 5.00019
4.60151 4.62478 4.62568 4.64896 4.63306 4.63881 4.41132 4.45674 4.46233 4.37959 4.24905 4.26616 4.27802 4.82232 4.51582 4.95026 4.49129 4.39265 4.37019 4.88358 4.89113 4.66404 4.50342 4.49992 4.56001
4.22665 4.25105 4.25422 4.24659 4.25183 4.25426 4.19475 4.19433 4.21353 4.17814 4.18512 4.15731 4.1986 4.424 4.51991 4.53702 4.55359 4.56196 4.5052 4.59062 4.60773 4.54486 4.56069 4.54872 4.54732
7.36557 7.35907 7.3589 7.35751 7.37446 7.35174 7.44838 7.44106 7.5616 7.48135 7.45462 7.46099 7.45098 7.37941 7.63754 7.59328 7.49073 7.44813 7.56331 7.66129 7.68061 7.48876 7.39802 7.56507 7.40359
5.66911 5.57593 5.62597 5.61228 5.61445 5.64514 5.53309 5.55871 5.52689 5.58358 5.59907 5.57081 5.57322 5.82719 5.75611 5.64027 5.62288 5.58235 6.04893 5.58652 5.68849 5.59906 5.54773 5.5613 5.51596
3.54645 3.80006 3.68742 3.81325 3.77362 3.74788 4.22928 4.2565 4.21545 4.29458 4.2405 4.16543 4.14677 4.36225 4.57517 4.11643 4.33276 4.23034 4.48897 4.66623 4.40051 4.49149 4.29996 4.3495 3.96865
11.9283 11.9294 11.9018 11.9304 11.8898 11.8809 11.9224 11.9221 11.9706 11.9139 11.9082 11.8982 11.873 11.4223 11.7407 12.6185 12.4221 10.8262 11.5423 10.8975 11.8672 11.7155 10.498 11.4378 10.9116
4.56598 4.57488 4.57361 4.57971 4.57972 4.57432 4.47507 4.46422 4.47586 4.48979 4.60851 4.53376 4.53557 4.50031 4.54634 4.4584 4.60922 4.48812 4.56876 4.49918 4.55304 4.50525 4.53109 4.52338 4.45054
4.35777 4.40182 4.37699 4.38253 4.39554 4.37775 4.30576 4.35743 4.34415 4.39347 4.41966 4.40508 4.43754 4.46479 4.46165 4.54527 4.52374 4.48182 4.45003 4.47808 4.53477 4.45936 4.46333 4.46702 4.47757
5.45123 5.41395 5.39561 5.48978 5.36971 5.41531 5.53425 5.43827 5.5463 5.49578 5.50559 5.51921 5.52431 5.71809 5.95207 5.79531 5.41335 5.47405 5.71235 5.50887 5.64456 5.44482 5.47377 5.65338 5.50937
4.28936 4.3319 4.33211 4.33798 4.32733 4.33736 4.20969 4.26604 4.24543 4.22634 4.27391 4.25612 4.24993 4.3475 4.41217 4.41182 4.41677 4.36909 4.31031 4.38001 4.39814 4.30885 4.34262 4.3358 4.33947
7.89185 7.8644 7.86153 7.85874 7.85212 7.86244 7.86575 7.90319 7.8845 7.89257 7.91407 7.87362 7.92828 7.79735 7.93977 7.74714 7.86178 7.70034 7.81962 7.88775 7.85963 7.86002 7.81367 7.79842 7.8332
5.78406 5.76703 5.76711 5.81951 5.76539 5.80212 6.13008 6.0108 6.05408 5.92518 5.92676 5.89363 5.95263 5.54995 5.62591 5.66752 5.93536 5.56869 5.90889 5.61121 5.63907 5.59532 5.60276 5.6617 5.953
4.60412 4.59107 4.53255 4.53585 4.52774 4.50565 4.25572 4.2818 4.31099 4.35565 4.27112 4.30973 4.38203 4.5858 4.48171 4.32002 4.56118 4.45403 4.47685 4.35382 4.44502 4.49207 4.35284 4.42548 4.32165
4.38943 4.3508 4.36595 4.36491 4.36136 4.36918 4.39388 4.41879 4.37848 4.39073 4.39761 4.37448 4.37063 4.60898 4.61222 4.59558 4.41556 4.48927 4.52703 4.56198 4.64924 4.51803 4.52675 4.59077 4.38608
4.40291 4.40493 4.40787 4.39852 4.40851 4.40383 4.36211 4.37621 4.40556 4.41052 4.4004 4.36947 4.4586 4.4787 4.4694 4.29369 4.46093 4.42502 4.51445 4.49386 4.50475 4.43895 4.45567 4.46517 4.45232
5.86762 5.87575 5.87056 5.88535 5.88947 5.87072 5.79842 5.76448 5.8221 5.81221 5.79892 5.81053 5.82257 5.71151 5.87942 5.7071 5.73039 5.76833 5.71556 5.72383 5.69617 5.92202 5.86403 5.79739 5.72407
4.50767 4.55855 4.54843 4.54888 4.54441 4.54552 4.42254 4.46168 4.46557 4.49122 4.49401 4.46066 4.53356 4.61977 4.47152 4.70087 5.1708 4.52337 6.12956 4.78594 4.60611 4.70113 4.73483 4.53749 4.86274
4.19802 4.22799 4.21935 4.23373 4.2238 4.22145 4.20149 4.23579 4.23285 4.19501 4.24659 4.19848 4.21154 4.28151 4.2819 4.41315 4.40837 4.32688 4.17143 4.23273 4.56221 4.26541 4.31415 4.2858 3.86425
8.11609 8.09917 8.09819 8.09972 8.0977 8.09788 7.92552 7.93058 7.91821 7.95973 7.94021 7.97919 7.97874 7.90721 7.87215 7.92252 7.85458 7.91407 7.92801 7.87076 7.82942 7.93035 7.95814 7.9673 7.91345
5.86395 5.84169 5.8491 5.88725 5.85214 5.85052 6.01004 5.93552 5.94188 5.87867 5.90209 5.82167 5.8747 5.77802 5.78124 5.73584 5.83422 5.69792 5.98982 5.83905 5.78307 5.70878 5.70789 5.75081 5.71694
4.27317 4.24218 4.25639 4.22527 4.25501 4.24174 4.18655 4.19563 4.20973 4.17127 4.17127 4.17032 4.21174 4.28282 4.31133 4.64636 4.26799 4.4771 4.56533 4.0388 4.64539 4.60636 4.51265 4.54827 4.52815
4.50947 4.51016 4.50435 4.50486 4.51241 4.51317 4.4997 4.52063 4.53258 4.52025 4.51203 4.52554 4.48744 4.54423 4.42141 4.52715 4.50066 4.40842 4.60986 3.84305 4.57178 4.51713 4.38232 4.49955 4.47281
3.91907 3.89638 3.98639 3.94613 3.95962 3.95284 4.16638 3.97495 4.11021 3.99853 3.9444 3.98784 4.06099 4.44705 4.38198 4.42102 4.46011 4.38335 4.39494 4.27553 4.43536 4.42171 4.36961 4.41602 4.37318
6.21446 6.15818 6.18077 6.18573 6.16747 6.1902 6.00145 6.06203 6.06709 6.00631 6.1177 6.04367 6.26805 5.74407 5.84163 6.18609 6.15268 5.94295 5.93737 5.7973 5.90002 5.41201 5.97525 5.8422 6.06571
3.93986 3.95862 3.97685 4.09123 3.98995 3.97059 4.12468 4.04929 4.15271 4.01246 4.06985 4.03252 4.04931 4.46753 4.68171 4.39974 3.94357 4.64841 4.33083 4.52036 4.18122 4.66288 4.76641 4.4384 4.60905
4.03253 4.05717 4.06901 4.07285 4.06565 4.06137 4.10583 4.05 4.17028 4.0615 4.07012 4.06385 3.96051 4.51958 4.54881 4.49809 4.17673 4.41049 4.60862 3.58462 4.56639 4.58326 4.07743 4.48558 4.42729
7.89535 7.89429 7.89366 7.86656 7.8966 7.86775 7.82035 7.83704 7.82426 7.77573 7.86087 7.8368 7.85378 7.75962 7.46986 7.83297 7.79081 7.83918 7.81946 7.86748 7.90849 7.65024 7.83001 7.77681 7.92047
9.57738 9.4976 9.65222 9.53876 9.59759 9.63484 10.1627 10.4258 10.439 9.58934 9.5834 9.56893 9.34498 11.1529 11.1283 11.2584 9.59775 10.6671 12.7914 10.3952 12.942 11.0368 10.3484 10.2633 9.43402
5.89705 5.89338 5.88893 5.89757 5.90035 5.8939 5.86961 5.88406 5.88748 5.88925 5.89435 5.87155 5.83121 6.02938 5.75564 5.93293 6.03159 5.82318 6.13188 5.9617 5.88757 5.88026 5.83121 5.91135 5.84435
4.62788 4.67113 4.64381 4.67992 4.67208 4.64401 4.27455 4.27392 4.28612 4.36746 4.36766 4.36809 4.33841 4.56497 4.61678 4.65497 4.61684 4.716 4.63738 4.52887 4.81666 4.53929 4.70037 4.51725 4.67596
5.18431 5.28609 5.25096 5.1066 5.2102 5.18295 5.23802 5.03265 5.12637 5.35135 5.28757 5.22131 5.12899 4.77391 4.58954 4.64747 5.75749 4.59262 4.64466 4.65661 4.69786 4.64689 4.66376 4.61544 4.60877
4.46419 4.44522 4.45896 4.46364 4.45234 4.46381 4.45649 4.46087 4.46452 4.46229 4.46478 4.44932 4.42951 4.58559 4.51989 4.51185 4.44372 4.55013 4.68818 4.54664 4.56187 4.56735 4.59447 4.52044 4.58351
4.63744 4.64426 4.63694 4.62745 4.62806 4.61545 4.68602 4.62565 4.65421 4.59141 4.61787 4.5892 4.54796 4.92028 4.95049 4.44619 5.11861 4.6735 4.74363 4.72765 4.73104 4.613 4.71415 4.56003 4.76583
4.49282 4.52974 4.49522 4.54344 4.49869 4.46371 4.45533 4.3917 4.39087 4.36209 4.40609 4.33098 4.32418 4.45884 4.37819 4.37171 4.94845 4.66539 4.38495 4.77595 4.50745 4.39749 4.78966 4.40842 4.53024
7.94599 7.9411 7.93253 7.94803 7.93903 7.94321 7.75137 7.78701 7.82585 7.90177 7.89346 7.93287 7.95127 8.27701 7.26267 7.39472 8.0587 8.08164 7.77396 7.40314 7.62614 7.79506 8.46871 7.2226 7.962
13.5189 13.4341 13.789 13.2603 13.451 13.4103 13.4325 13.1787 13.2766 13.4593 13.3258 13.0737 13.6277 12.8749 12.3238 12.4251 13.0959 13.1302 10.9602 12.89 11.4171 13.0022 12.9296 12.6428 13.2361
5.45381 5.2759 5.34145 5.45606 5.43139 5.34607 5.34423 5.26915 5.23236 4.78492 5.0119 4.85202 5.36671 5.9638 5.84587 5.7345 5.58774 5.9103 5.90418 5.79923 5.85571 5.83937 5.87044 5.76 5.84441
4.52031 4.56486 4.55701 4.54187 4.53982 4.5521 4.30878 4.29182 4.30508 4.30997 4.31305 4.30698 4.29721 4.60735 4.55604 4.57375 4.5747 4.54577 4.52821 4.6596 4.56241 4.62967 4.57503 4.60312 4.58825
4.51113 4.53117 4.52899 4.54753 4.52633 4.52231 4.44613 4.44112 4.44642 4.43257 4.42498 4.47164 4.46553 4.56535 4.54144 4.51194 4.53511 4.46845 4.57328 4.60134 4.50214 4.57076 4.5703 4.52462 4.54534
4.52107 4.5201 4.52926 4.51529 4.52287 4.52733 4.49631 4.5151 4.51886 4.42075 4.44113 4.44151 4.47091 4.59681 4.58489 4.56714 4.47828 4.57508 4.67803 4.57578 4.59566 4.57763 4.59367 4.59898 4.5833
4.49576 4.51287 4.52477 4.45889 4.47466 4.50553 4.46708 4.46726 4.4822 4.45762 4.45043 4.44334 4.42514 4.84444 4.84435 4.67442 4.76011 4.64551 4.49443 4.73526 4.62228 4.77624 4.66804 4.81747 4.65602
4.38892 4.36102 4.37241 4.36217 4.3715 4.38699 4.3286 4.29146 4.33339 4.29586 4.30541 4.26861 4.30229 4.5519 4.49407 4.4569 4.46333 4.43546 4.52499 4.50976 4.91971 4.60755 4.41759 4.56078 4.42947
7.79846 7.82535 7.83914 7.75103 7.76397 7.83099 7.6198 7.65096 7.76128 7.65217 7.58706 7.73264 7.81899 8.01314 7.70068 7.50674 8.00532 7.56576 8.31016 7.93659 7.96814 7.9232 7.49264 7.94685 7.62354
5.52452 5.56862 5.55825 5.5679 5.54214 5.55263 5.56656 5.52647 5.5199 5.55948 5.55447 5.5607 5.54016 5.55183 5.53736 5.5607 5.57075 5.54824 5.30558 5.5609 5.3761 5.58149 5.56975 5.54179 5.5766
4.36526 4.38792 4.36425 4.3831 4.39552 4.39514 4.30818 4.26524 4.23615 4.25856 4.20924 4.21481 4.2863 4.38427 4.38113 4.44658 4.39852 4.35354 4.34595 4.34915 4.41623 4.4384 4.43129 4.46595 4.41194
13.6679 13.9004 13.9702 13.795 13.8697 13.8928 13.596 13.9073 13.9579 14.3408 14.0787 13.8797 14.4309 13.9663 13.9543 14.0082 13.9889 13.6769 13.5895 13.9716 13.7803 14.0312 13.9656 13.8711 13.9689
4.51539 4.51191 4.53141 4.52907 4.52516 4.52349 4.51762 4.50269 4.45347 4.5219 4.53626 4.53416 4.53749 4.64491 4.64299 4.62975 4.63304 4.58592 4.58358 4.63899 4.62339 4.6585 4.63707 4.64052 4.65031
5.28255 5.23168 5.20303 5.33996 5.28962 5.30104 5.36839 5.3265 5.23448 5.10912 5.19593 5.15879 5.03305 5.00904 4.92109 5.41806 5.073 5.39538 5.43152 5.0511 5.56969 5.04905 5.07741 5.00969 5.07122
4.42747 4.45234 4.44321 4.4232 4.43058 4.42347 4.40098 4.37875 4.38265 4.43087 4.41483 4.44222 4.34457 4.6878 4.60385 4.59359 4.6917 4.35555 4.61559 4.73941 4.30954 4.69378 4.62563 4.65167 4.60826
4.21543 4.21116 4.22007 4.21322 4.21747 4.22105 4.22176 4.22737 4.23001 4.22555 4.28541 4.21474 4.28435 4.33054 4.35232 4.36575 4.31405 4.32749 4.4007 4.29891 4.33931 4.35553 4.34551 4.35304 4.3449
7.73671 7.73884 7.7548 7.74931 7.75231 7.75751 7.72108 7.71728 7.76402 7.75992 7.77073 7.76945 7.78623 7.69442 7.71582 7.95444 7.72598 7.7425 7.65918 7.67612 7.80451 7.72543 7.73439 7.7107 7.76887
5.55451 5.5589 5.56419 5.57457 5.57295 5.57414 5.54577 5.53833 5.53632 5.53777 5.54066 5.53919 5.55456 5.63636 5.61261 5.64247 5.58994 5.59578 5.62521 5.63481 5.61044 5.58332 5.57166 5.57446 5.58535
4.40379 4.41944 4.3692 4.43139 4.40453 4.42414 4.15686 4.14318 4.16401 4.18197 4.12606 4.13128 4.15297 4.38815 4.3235 4.3421 4.40248 4.38174 4.41865 4.40406 4.41474 4.4179 4.45414 4.42535 4.42425
4.43756 4.4369 4.44118 4.43465 4.44978 4.44092 4.45688 4.4651 4.45721 4.43335 4.44536 4.43869 4.43956 4.45792 4.47974 4.46279 4.45763 4.47141 4.43982 4.46499 4.46907 4.46798 4.45981 4.44748 4.46508
5.56094 5.59805 5.56784 5.61118 5.59533 5.61548 5.62293 5.57266 5.5782 5.56434 5.54457 5.52501 5.59873 5.5579 5.50817 5.55197 5.57834 5.54122 5.75141 5.56209 5.63328 5.54304 5.55562 5.55586 5.56092
7.89424 7.90021 7.88557 7.86136 7.89313 7.87347 7.88158 7.91554 7.90383 7.88677 7.89938 7.87611 7.82783 7.86655 7.89718 7.84282 7.90192 7.92206 7.88153 7.96638 7.88366 7.88215 7.84851 7.879 7.89021
5.56878 5.56342 5.54994 5.55058 5.54215 5.55779 5.52574 5.50578 5.51811 5.52205 5.49267 5.51975 5.52206 5.60113 5.56102 5.60888 5.55234 5.55754 5.55353 5.57911 5.62232 5.53278 5.5197 5.55371 5.53215
4.27863 4.288 4.4203 4.27532 4.27546 4.28584 4.32323 4.35049 4.30771 4.32107 4.30691 4.3528 4.29523 4.45332 4.31319 4.4192 4.37283 4.31244 4.39496 4.47122 4.58551 4.40641 4.41609 4.39877 4.38928
4.41096 4.42362 4.36677 4.42471 4.40529 4.4288 4.36667 4.35941 4.38803 4.37362 4.3718 4.3888 4.3569 4.37455 4.41323 4.42616 4.40572 4.41539 4.40807 4.40942 4.40946 4.3895 4.37927 4.41097 4.40881
5.47253 5.44752 5.47279 5.47821 5.49351 5.48601 5.51871 5.54642 5.51929 5.5209 5.51803 5.47966 5.62226 5.56097 5.44431 5.45822 5.44676 5.45902 5.51809 5.49819 5.41105 5.50537 5.63288 5.45204 5.47009
7.75146 7.7516 7.73351 7.75049 7.75143 7.75207 7.72605 7.75278 7.76959 7.72904 7.76922 7.74709 7.78165 7.76103 7.73862 7.73705 7.7175 7.74372 7.73757 7.72711 7.70923 7.72991 7.76613 7.71906 7.70251
5.57913 5.57975 5.55968 5.5576 5.5458 5.57765 5.50802 5.52046 5.53345 5.52146 5.53441 5.52293 5.56218 5.54323 5.55617 5.55534 5.5352 5.50421 5.53754 5.5439 5.59202 5.54379 5.54491 5.53845 5.52541
4.37522 4.36435 4.39216 4.38388 4.40808 4.37608 4.17348 4.16771 4.20244 4.17848 4.18625 4.17933 4.19699 4.33493 4.43005 4.39457 4.39215 4.32816 4.44068 4.35567 4.4507 4.4601 4.41612 4.38891 4.43658
13.3228 13.2627 13.942 13.4267 13.9156 13.1945 13.5002 13.7669 13.6 13.4161 13.6777 13.4904 13.8199 13.564 13.5725 13.4318 13.5192 13.0418 13.6028 13.2604 13.6571 13.5419 13.6414 13.4426 13.4327
4.45576 4.45496 4.46559 4.43767 4.44579 4.44939 4.45002 4.43789 4.4331 4.47356 4.48297 4.40495 4.45352 4.5481 4.60091 4.61205 4.59802 4.59383 4.58509 4.59833 4.63843 4.59874 4.6126 4.60897 4.58561
5.46672 5.45208 5.41519 5.44697 5.46116 5.47793 5.4691 5.46152 5.43946 5.42302 5.4741 5.48328 5.4469 5.39478 5.40273 5.40449 5.39578 5.49129 5.39538 5.49411 5.74236 5.42649 5.47454 5.42019 5.42273
7.82812 7.82489 7.86583 7.80241 7.80776 7.82001 7.87642 7.91801 7.89089 7.86448 7.90307 7.87295 7.89113 7.8506 7.86398 7.82827 7.8343 7.89464 7.83977 7.85025 7.83346 7.85257 7.83387 7.83982 7.83763
5.56819 5.57295 5.55549 5.55842 5.55641 5.58143 5.57583 5.49836 5.49497 5.48832 5.50921 5.4757 5.56256 5.58283 5.60143 5.55959 5.55506 5.57232 5.55128 5.59974 5.6806 5.53582 5.53989 5.51674 5.54373
4.35841 4.39039 4.37457 4.36302 4.33711 4.39648 4.16225 4.18405 4.18687 4.21355 4.21751 4.24043 4.17505 4.44895 4.3406 4.40479 4.46769 4.43385 4.42302 4.43872 4.35117 4.41689 4.4014 4.33592 4.47106
4.41019 4.41828 4.41073 4.50517 4.40508 4.41109 4.40056 4.36194 4.37134 4.38216 4.4059 4.39288 4.40261 4.39731 4.46289 4.48137 4.42531 4.46057 4.4969 4.46329 4.4399 4.46279 4.4996 4.47859 4.47137
4.33859 4.32778 4.31804 4.3192 4.31493 4.32663 4.32008 4.28188 4.31071 4.2671 4.28287 4.29352 4.29149 4.34129 4.34876 4.36455 4.31175 4.37258 4.35298 4.36214 4.37436 4.32754 4.35946 4.36215 4.32775
5.6987 5.63841 5.61899 5.56873 5.60348 5.71754 5.69165 5.60378 5.62444 5.62209 5.57663 5.61019 5.6149 5.34604 5.62797 5.54063 5.65376 5.86017 5.44744 5.70246 5.72373 5.6402 5.60777 5.66177 5.58899
7.84416 7.82072 7.83212 7.76971 7.82068 7.82912 7.87275 7.85261 7.81965 7.86549 7.87199 7.86245 7.86754 7.79062 7.78632 7.80574 7.82487 7.93566 7.72411 7.87386 7.64674 7.8197 7.78432 7.78088 7.80357
5.9569 5.87775 5.95645 5.89957 5.95083 5.93747 5.80694 5.75275 5.88106 5.86498 5.92292 5.86554 5.84746 6.15753 6.37714 6.24297 6.38368 6.25353 6.251 6.35557 6.34987 6.39052 6.35156 6.32054 6.21711
7.45118 6.77077 7.4583 7.11067 6.84493 6.33406 7.12307 7.50655 7.43621 7.11721 7.17291 7.30252 7.10451 7.48273 7.08425 7.60265 6.91745 8.71313 7.48135 7.60611 7.20005 6.71557 7.45158 7.32309 7.6585
4.4623 4.53607 4.49365 4.50095 4.46627 4.52697 4.39333 4.43571 4.4441 4.18829 4.3159 4.19375 4.28572 4.57285 4.67018 4.49626 4.56482 4.73439 4.5062 4.76657 4.70491 4.60709 4.57405 4.71676 4.55038
7.96585 8.09075 8.07185 8.16401 8.18397 8.05234 8.00823 8.07067 8.00049 8.16688 8.12832 8.10736 7.95709 8.0101 7.98492 8.06835 7.88474 8.27497 8.13895 7.97645 7.85791 8.1462 7.95345 7.90749 7.9679
5.92151 6.00157 5.88444 5.8562 5.89578 5.94788 5.89399 5.90486 5.867 5.83213 5.78427 5.80373 5.7861 5.72228 6.212 6.27421 6.04824 6.47128 6.35192 6.41227 6.36945 6.36803 6.42717 6.37226 6.35848
7.70656 7.80684 7.49225 7.71209 7.71664 8.04594 7.34323 7.84036 7.80146 7.18655 6.98643 7.17853 7.0404 7.48451 7.01519 7.40336 7.88764 6.98427 7.39843 7.53391 7.24688 7.23838 7.44768 7.28317 7.25985
4.57609 4.57452 4.5762 4.59652 4.58073 4.53263 4.35063 4.31537 4.34774 4.46535 4.37843 4.38445 4.43242 4.48549 4.84535 4.65836 4.46098 4.60646 4.7847 4.57018 4.67363 4.74266 4.81024 4.73808 4.75891
4.61239 4.63141 4.61667 4.63071 4.64446 4.48541 4.59878 4.5721 4.51864 4.45309 4.46493 4.4636 4.40693 4.81308 4.92277 4.8498 4.76252 4.675 4.90722 4.74214 4.80056 4.79356 4.79755 4.7822 4.82938
8.03499 7.7263 7.96786 8.01214 7.99038 7.60261 7.78476 7.81995 7.79882 7.50853 7.71353 7.9013 7.69199 7.89871 7.92825 8.0548 7.92462 8.37304 7.98826 8.10249 7.68601 7.67163 7.78238 7.74948 7.7245
13.0776 13.1982 13.3163 13.1914 13.0996 13.0907 12.8034 13.0651 12.8437 13.247 13.03 12.9999 12.9813 11.9115 12.3202 12.965 12.3961 12.68 12.5627 12.343 12.5548 12.6957 12.5846 12.6011 12.78
5.47761 5.40578 5.53068 5.53229 5.50604 4.89883 5.47481 5.32392 5.29375 5.54814 5.5296 5.56518 5.59123 5.73489 5.80053 5.78862 5.77737 5.70103 5.68718 5.6684 5.63928 5.73813 5.66693 5.70209 5.42247
4.58513 4.66514 4.59723 4.56032 4.5732 4.55277 4.28843 4.17232 4.20613 4.22817 4.18674 4.33697 4.39488 4.65596 4.58247 4.61739 4.58136 4.53483 4.55862 4.63202 4.58717 4.58941 4.58189 4.60281 4.72974
4.45767 4.51405 4.49789 4.49507 4.47732 4.50739 4.37971 4.42701 4.43736 4.44842 4.41659 4.416 4.43667 4.48999 4.57821 4.49623 4.47236 4.39281 4.43141 4.50508 4.46946 4.42788 4.43509 4.47208 4.47181
4.36535 4.5105 4.29484 4.36789 4.4057 4.28194 4.24713 4.26431 4.20187 4.28631 4.26599 4.2679 4.29589 4.38587 4.30243 4.39088 4.40485 5.29757 4.45275 4.3803 4.43254 4.3582 4.36815 4.35983 4.49238
7.7205 7.2332 7.62907 7.59405 7.65346 7.4218 7.66152 7.68187 7.74898 7.60263 7.64488 7.65004 7.66984 7.49237 7.77163 7.7718 7.58517 7.26791 7.45867 7.79474 7.70857 7.43622 7.36467 7.38694 7.56521
5.62337 5.61699 5.61464 5.47758 5.49154 5.51457 5.56997 5.53764 5.52741 5.54864 5.53469 5.53794 5.59984 5.16626 5.54875 5.60609 5.50365 5.52072 5.50101 5.52686 5.52203 5.48899 5.52829 5.51404 5.4329
4.3569 4.37446 4.36347 4.36403 4.37743 4.5069 4.22166 4.2485 4.27203 4.26062 4.27372 4.27075 4.27305 4.2676 4.58763 4.40027 4.40273 4.4202 4.42064 4.40742 4.43042 4.39552 4.44029 4.41575 4.40672
14.2143 14.4298 14.2998 14.0778 14.3547 14.4136 14.2432 14.0429 13.9954 14.2455 14.3316 14.1592 13.7038 12.6042 13.704 13.7323 13.9576 13.8469 13.8304 13.5376 13.8466 13.5999 13.8293 13.9044 13.7827
4.49282 4.48339 4.49268 4.47724 4.47779 4.42777 4.46683 4.49075 4.52061 4.50432 4.46716 4.45791 4.46864 4.58419 4.57551 4.55333 4.58515 4.58102 4.58625 4.59615 4.60272 4.52511 4.60955 4.59707 4.54832
5.10582 5.10127 5.15045 5.13753 5.06979 5.3661 5.09967 5.01935 4.97293 5.07082 5.08788 5.0748 5.22398 5.24049 5.40971 5.29377 5.0152 5.05963 4.97187 5.10823 5.01984 5.37252 4.99845 4.95208 5.23849
7.68138 7.61287 7.70625 7.69524 7.69852 7.73745 7.69299 7.7814 7.76855 7.81859 7.77985 7.74478 7.74721 7.59026 7.68955 7.66805 7.70819 7.72355 7.69413 7.69325 7.71714 7.65608 7.66817 7.68256 7.72698
5.55432 5.5524 5.55488 5.5225 5.52414 5.51515 5.54408 5.51675 5.50084 5.50637 5.54697 5.52513 5.57693 5.56042 5.54186 5.53847 5.50904 5.52811 5.50166 5.991 5.51542 5.53817 5.51907 5.4949 5.49967
4.35735 4.38248 4.35073 4.34507 4.36817 4.38576 4.34323 4.35046 4.36279 4.33782 4.3626 4.3165 4.37859 4.37547 4.42504 4.39565 4.3769 4.41479 4.38813 4.38194 4.40115 4.38275 4.39094 4.36947 4.38991
13.87 13.6943 13.9723 13.7421 13.8829 13.9694 13.0673 13.5957 13.4658 13.5193 13.608 13.7154 13.4934 13.4794 13.2932 13.2372 13.4104 13.32 13.2246 13.3356 13.2192 13.2034 13.198 13.3273 13.2272
4.48237 4.48197 4.47828 4.46794 4.47389 4.47842 4.45406 4.43337 4.47416 4.46483 4.43882 4.45169 4.5056 4.57323 4.6057 4.5893 4.57655 4.59448 4.5839 4.50157 4.59274 4.56629 4.59677 4.5795 4.5894
5.61633 5.64878 5.62528 5.57086 5.62361 5.70885 5.56107 5.51918 5.52846 5.52905 5.53819 5.53065 5.50055 5.86382 5.88668 5.5405 5.48934 5.51872 5.517 5.60711 5.53986 5.56446 5.5574 5.50048 5.54499
8.00306 7.98883 8.01112 7.98338 7.99293 7.97937 7.95501 7.94274 7.96009 7.95156 7.97088 7.92009 7.96623 8.11413 8.07088 7.95908 7.94155 7.9591 7.95011 7.89846 7.96397 7.90402 7.97014 7.94304 7.96062
5.51753 5.53294 5.52515 5.50944 5.5244 5.52749 5.50692 5.5074 5.49916 5.51139 5.50226 5.48667 5.53416 5.55215 5.50534 5.5178 5.52509 5.52257 5.48659 5.82589 5.50081 5.5061 5.49285 5.49731 5.48358
4.37895 4.35469 4.35453 4.36495 4.34045 4.37212 4.19157 4.1971 4.19961 4.33422 4.19556 4.20036 4.1794 4.43529 4.38789 4.40204 4.32554 4.3796 4.41497 4.36233 4.40492 4.39494 4.41889 4.35351 4.41748
13.7038 13.6289 13.5991 13.6577 13.6452 13.534 13.0771 12.4457 12.8406 13.1371 13.0569 12.683 13.3044 13.2806 13.1434 13.2388 13.3341 13.1866 13.1037 13.2786 13.0844 13.0013 13.1722 13.3566 13.1105
4.52034 4.52939 4.51253 4.50531 4.50995 4.51405 4.51922 4.48246 4.47045 4.44312 4.48798 4.47918 4.47447 4.5828 4.60486 4.61782 4.59021 4.62278 4.61349 4.52832 4.6128 4.61732 4.61336 4.59694 4.60913
5.59016 5.5914 5.60905 5.59252 5.59182 5.58243 5.59018 5.58893 5.56976 5.60022 5.59151 5.58277 5.57788 5.62389 5.57411 5.57128 5.50137 5.54378 5.56109 5.72375 5.58714 5.58977 5.55938 5.47019 5.55123
7.96157 7.96297 7.97316 7.9485 7.96478 7.94406 7.97083 7.94592 7.96343 7.97253 7.98476 7.98036 7.98105 7.88828 7.96494 7.98914 7.88695 7.99344 7.97165 7.89185 7.99147 7.98532 7.96457 7.88379 7.97517
5.51603 5.52287 5.53178 5.53125 5.53229 5.49133 5.44876 5.49103 5.46959 5.49687 5.47052 5.48553 5.48149 5.4711 5.48713 5.51041 5.54561 5.5148 5.49987 5.57111 5.50679 5.49711 5.51503 5.58788 5.4822
4.44382 4.44794 4.43673 4.48939 4.45834 4.42184 4.41084 4.46072 4.40836 4.42175 4.35044 4.39479 4.44216 4.43449 4.46287 4.43567 4.42763 4.41441 4.42968 4.42855 4.43054 4.43543 4.432 4.41503 4.43335
4.4792 4.47577 4.46284 4.47202 4.47051 4.45709 4.45107 4.45612 4.47104 4.47029 4.46875 4.47696 4.49463 4.47851 4.47948 4.48744 4.47916 4.49559 4.48121 4.46894 4.48704 4.49323 4.48278 4.49506 4.48473
5.62308 5.64127 5.63186 5.63685 5.64605 5.62314 5.67506 5.64805 5.68969 5.70274 5.68681 5.66075 5.69131 5.58608 5.59711 5.59097 5.59889 5.61714 5.59638 5.75304 5.61248 5.60473 5.60509 5.58577 5.60728
7.79658 7.81093 7.7899 7.78693 7.84967 7.83848 7.73339 7.75537 7.80207 7.78809 7.76709 7.75477 7.78402 7.78855 7.81901 7.82365 7.78089 7.83487 7.79971 7.76717 7.82061 7.8092 7.79247 7.75792 7.80902
5.98295 5.95818 5.96499 5.9723 5.96951 5.9371 5.88021 5.85432 5.86282 5.87017 5.91818 5.8775 5.88576 6.3827 6.38013 6.3811 6.36261 6.37964 6.37004 6.42563 6.38303 6.37683 6.3863 6.44154 6.37575
7.46726 7.41875 7.42386 7.45234 7.38214 7.42129 7.52843 7.51169 7.59007 7.58565 7.56458 7.72087 7.50555 7.00979 6.95272 6.95322 6.88873 7.03722 6.95525 7.05293 6.94402 6.98011 6.9544 7.04498 6.96149
4.49464 4.48892 4.47834 4.4803 4.49747 4.52891 4.17834 4.18826 4.18829 4.29329 4.34611 4.39612 4.18533 4.61563 4.59287 4.62603 4.67917 4.62981 4.64632 4.59477 4.63842 4.61823 4.60904 4.50996 4.63941
4.58053 4.54604 4.54596 4.58255 4.55777 4.58917 4.64158 4.61995 4.62637 4.63509 4.63383 4.6105 4.61814 4.81954 4.82863 4.80975 4.81655 4.82595 4.81291 4.8037 4.81585 4.82819 4.79418 4.73029 4.81267
4.27115 4.2749 4.27294 4.27419 4.27054 4.27379 4.2525 4.2578 4.26825 4.24826 4.24943 4.27101 4.26578 4.46401 4.45878 4.45773 4.47146 4.45502 4.467 4.45535 4.46015 4.45942 4.4598 4.41706 4.46273
7.86536 7.84087 7.85922 7.84624 7.82893 7.85483 8.13417 8.1199 8.06889 8.16326 8.12701 8.05918 8.10952 8.01758 7.98877 7.97781 7.86079 7.97386 7.96649 8.0381 7.98624 8.01641 7.98747 8.00542 7.99983
5.46324 5.46248 5.46644 5.45589 5.46921 5.45275 5.39737 5.19382 5.06836 5.16692 5.04624 5.13918 5.22686 5.51311 5.50431 5.50572 5.49633 5.5064 5.49123 5.52222 5.50642 5.51409 5.5099 5.52931 5.50843
4.42289 4.42904 4.43352 4.41745 4.43456 4.43343 4.16961 4.19639 4.19757 4.20651 4.18958 4.20163 4.24161 4.33886 4.27636 4.26978 4.35416 4.3568 4.39145 4.3965 4.38203 4.36365 4.38106 4.32495 4.39256
4.39177 4.40252 4.39541 4.39271 4.39501 4.39278 4.3866 4.38834 4.39404 4.37352 4.36049 4.36727 4.40858 4.41608 4.39582 4.41525 4.40939 4.40926 4.39949 4.40828 4.40436 4.4137 4.40022 4.43783 4.4037
5.31884 5.27465 5.24486 5.33516 5.29304 5.27249 5.3792 5.77713 5.75416 5.83676 6.12452 5.82398 5.76176 5.06459 5.30583 5.13678 5.14379 5.13503 5.09069 5.12716 5.06024 5.0853 5.11425 5.13488 5.03975
4.15728 4.16223 4.164 4.15581 4.16092 4.15237 4.14325 4.15414 4.11198 4.11393 4.16002 4.1531 4.13851 4.47374 4.48166 4.46308 4.46166 4.46937 4.47549 4.49179 4.47527 4.47757 4.4956 4.48927 4.47543
7.47993 7.4748 7.47975 7.49588 7.46797 7.46959 7.54731 7.60831 7.61779 7.65588 7.70426 7.53743 7.63428 7.48015 7.57471 7.48298 7.4795 7.5335 7.44019 7.47783 7.4423 7.4744 7.47539 7.5865 7.44353
5.60663 5.60595 5.61399 5.61553 5.59741 5.61502 5.58757 5.58376 5.58302 5.57361 5.59031 5.57472 5.5791 5.61165 5.60125 5.6026 5.60593 5.58568 5.61097 5.62801 5.61174 5.6154 5.60517 5.60832 5.6073
4.41565 4.40196 4.37902 4.41031 4.45501 4.3742 4.1399 4.15353 4.15996 4.15077 4.18657 4.15631 4.14775 4.36772 4.36256 4.3429 4.40019 4.4904 4.39171 4.3906 4.39496 4.36755 4.39303 4.40784 4.40254
4.47081 4.45206 4.45999 4.46193 4.45253 4.46254 4.44112 4.45605 4.4596 4.45857 4.47279 4.45851 4.46332 4.46651 4.43797 4.43284 4.46813 4.44751 4.44797 4.44049 4.4458 4.4533 4.44581 4.4509 4.44832
5.5565 5.55221 5.54403 5.56988 5.55174 5.56096 5.47526 5.54164 5.49105 5.52442 5.51074 5.52052 5.48488 5.29805 5.46217 5.6393 5.43522 5.41868 5.39572 5.42347 5.39588 5.3774 5.39728 5.37905 5.38366
7.78316 7.75751 7.77548 7.77708 7.77004 7.77199 7.72854 7.75362 7.73974 7.75989 7.75503 7.78236 7.72271 7.76207 7.78193 7.90777 7.77283 7.75689 7.75158 7.75619 7.75371 7.75885 7.76386 7.75179 7.75235
5.65743 5.66614 5.68238 5.67145 5.65044 5.68893 5.64458 5.63114 5.614 5.62103 5.62531 5.62698 5.63956 5.70079 5.65773 5.64532 5.65928 5.77714 5.67069 5.67496 5.66445 5.6178 5.66483 5.62347 5.66817
4.14377 4.15699 4.13336 4.15225 4.17048 4.13347 4.09727 4.10738 4.09367 4.10953 4.10556 4.14398 4.09541 4.10932 4.22657 4.17647 4.11812 4.18494 4.17699 4.19742 4.18597 4.13253 4.18327 4.18642 4.19336
4.32847 4.31344 4.31547 4.31651 4.33824 4.32202 4.32062 4.31375 4.30599 4.32241 4.30981 4.32041 4.29064 4.32393 4.33689 4.34803 4.32793 4.34121 4.32339 4.33033 4.32652 4.3216 4.33265 4.33152 4.32656
4.34415 4.33992 4.33947 4.34754 4.347 4.35359 4.3339 4.34207 4.32787 4.33769 4.33143 4.33832 4.32715 4.38536 4.36975 4.36966 4.37122 4.34586 4.38116 4.3771 4.37789 4.37505 4.3816 4.36695 4.37874
5.5655 5.59564 5.55945 5.61839 5.54958 5.60574 5.54832 5.60296 5.59087 5.63786 5.58951 5.51653 5.64158 5.56414 5.47189 5.62738 5.57857 5.50105 5.50894 5.47488 5.4869 5.49038 5.47466 5.4766 5.47934
4.27172 4.38766 4.41404 4.37686 4.21474 4.37093 4.30381 4.25729 4.32033 4.29782 4.39887 4.22973 4.37119 4.58094 4.36913 4.26762 4.40265 4.29002 4.42429 4.41217 4.41177 4.38043 4.3502 4.40392 4.40994
4.17578 4.15491 4.15334 4.16194 4.18014 4.17032 4.11562 4.12933 4.13755 4.1432 4.09198 4.15143 4.07026 4.47912 4.49585 4.48084 4.49065 4.4558 4.481 4.49381 4.49088 4.49285 4.50387 4.48299 4.48574
7.77348 7.76605 7.75287 7.76656 7.7832 7.73705 7.75665 7.75484 7.72475 7.75295 7.7353 7.73261 7.72112 7.73601 7.77643 7.77935 7.73336 7.7607 7.75245 7.76547 7.75656 7.74557 7.77139 7.75984 7.75534
