92.0608 92.0198 92.0664 92.0811 92.1136 92.0537 92.0657 92.0539 91.9515 91.9915 92.3066 91.9912 92.0847 92.0974 92.0181 91.9947 92.0848 91.8055 91.9938 92.0189 91.9443 91.9806 92.0773 92.0306 92.0464 92.0748 91.77 92.0685 92.0491 92.0935
75.6369 75.6413 75.7046 75.5254 75.5415 75.5567 75.5725 75.559 75.6783 75.8918 75.3952 75.5656 75.5209 75.5494 75.5904 75.5247 75.6151 75.9978 75.5544 75.559 75.7798 75.6382 75.7892 75.6067 75.5732 75.447 75.4269 75.5654 75.5531 75.566
72.8928 72.9706 72.8049 72.7179 72.9425 72.7223 72.8237 73.9253 74.3018 74.3558 73.743 73.8846 74.0354 74.0561 74.0206 74.1255 73.9882 74.7318 74.2965 73.8816 74.184 73.615 73.8288 74.0663 73.963 73.5448 74.8255 73.5543 73.9277 73.9808
82.9707 82.9369 82.9415 82.714 82.9124 82.7215 82.8087 83.0741 83.2476 83.2808 82.9074 83.0427 83.0634 83.1231 83.0333 83.1474 83.0833 83.3868 83.26 83.1507 83.2606 82.8682 83.1278 83.0974 83.0702 82.9846 83.3692 82.9349 83.0363 82.9791
66.4259 66.4217 66.4338 66.3923 66.4451 66.3733 66.4816 65.9871 66.0649 66.003 66.5172 65.9661 66.0558 66.0165 65.9944 66.0079 65.9658 65.9585 65.9882 65.9188 65.9332 65.9058 65.8805 65.9949 65.9627 65.9062 66.1351 65.8712 65.962 66.0514
138.658 138.467 138.836 137.796 138.682 137.693 138.205 138.716 139.05 139.084 138.659 138.643 138.753 138.827 138.541 138.756 138.81 139.468 139.09 138.833 139.166 138.73 138.959 138.781 138.711 138.46 139.263 138.356 138.775 138.739
12.6885 12.7025 12.5858 12.5523 12.5351 12.6955 12.397 12.304 12.3339 12.3506 12.4852 12.3214 12.3055 12.3439 12.3714 12.3241 12.3676 12.3658 12.3657 12.2992 12.3274 12.3299 12.3838 12.3352 12.3558 12.3556 12.5207 12.3746 12.3379 12.3313
5.70975 5.71375 5.71996 5.7185 5.71039 5.71604 5.72258 5.90589 5.90657 5.93434 5.72623 5.90103 5.89502 5.89687 5.88899 5.89983 5.89178 5.90598 5.91349 5.91079 5.90175 5.89862 5.89461 5.89266 5.89626 5.90035 5.87325 5.89578 5.89629 5.89671
4.63451 4.62804 4.65027 4.67519 4.68661 4.65171 4.69559 4.70742 4.7476 4.64742 4.57089 4.69236 4.73763 4.72978 4.71817 4.68989 4.71624 4.68795 4.70103 4.69692 4.66562 4.64201 4.66876 4.715 4.71126 4.70275 4.86479 4.67792 4.7341 4.72375
4.56968 4.57415 4.56628 4.57625 4.5821 4.57082 4.56746 4.62442 4.68553 4.66391 4.52403 4.61705 4.64361 4.66417 4.65811 4.64637 4.66005 4.678 4.63214 4.62145 4.65508 4.59265 4.62814 4.6398 4.63066 4.59496 4.80331 4.63052 4.65278 4.62608
4.50639 4.50853 4.50717 4.52061 4.51454 4.51651 4.51507 4.54122 4.52842 4.52123 4.47595 4.55209 4.54424 4.53308 4.55854 4.53954 4.54322 4.50965 4.51942 4.52248 4.52395 4.54487 4.54053 4.54089 4.53793 4.53661 4.5744 4.54264 4.54099 4.55411
4.27291 4.27624 4.26604 4.29007 4.27717 4.2935 4.292 4.72239 4.72968 4.70739 4.26024 4.72219 4.72962 4.72688 4.73992 4.72471 4.7328 4.71695 4.71299 4.71363 4.71338 4.75325 4.71886 4.72504 4.73407 4.72175 4.77243 4.72435 4.73007 4.75361
4.20685 4.227 4.20514 4.23431 4.2063 4.24202 4.22922 4.31524 4.31486 4.30972 4.27494 4.31809 4.32031 4.31362 4.3258 4.31634 4.31326 4.29074 4.30686 4.30302 4.30166 4.35188 4.30091 4.31511 4.31501 4.30936 4.28983 4.3202 4.31533 4.33933
8.00698 8.03825 8.02726 8.20905 8.02002 8.20465 8.16263 8.03812 8.08671 7.99105 7.85657 8.08524 8.07567 8.06752 8.18886 8.07483 8.08636 8.04935 7.98295 8.02724 8.07087 7.97396 8.04637 8.10951 8.05656 8.03261 8.14884 8.18537 8.1088 8.01281
146.801 146.742 146.369 146.491 146.545 146.687 146.041 145.116 145.308 145.317 145.593 145.255 145.287 145.439 145.718 145.324 145.59 145.239 145.408 145.273 145.087 145.38 145.619 145.467 145.484 145.329 146.523 145.619 145.447 145.504
92.422 92.3624 92.4054 92.5684 92.4428 92.5815 92.5943 92.8693 92.6936 92.9253 92.8777 92.8039 92.7521 92.7408 92.6501 92.8125 92.6455 92.5323 92.8746 92.7636 92.5935 92.7109 92.5805 92.6722 92.732 92.8486 92.1881 92.7851 92.7104 92.7474
75.3051 75.4051 75.3002 75.4842 75.0962 75.5275 75.4154 75.3915 75.3718 75.2491 75.4407 75.36 75.2249 75.4084 75.3168 75.2279 75.2435 75.5598 75.3067 75.3095 75.652 75.1709 75.5527 75.2604 75.3101 75.4589 74.9345 75.3266 75.3144 75.1464
73.0804 73.3762 73.4491 72.5201 72.9874 72.8864 72.7689 73.0131 73.1891 73.3463 73.156 73.0628 73.19 72.9093 73.1157 73.1401 73.3152 73.6175 73.0111 72.9526 73.5383 72.1574 73.6562 73.5451 73.1105 73.2908 73.9592 73.2683 72.9103 72.5568
82.7607 82.8937 82.8886 82.6163 82.7271 82.7326 82.6446 82.3401 82.5606 82.5615 82.385 82.4168 82.523 82.4011 82.5059 82.4513 82.6113 82.6555 82.4195 82.4404 82.6051 81.2628 82.7852 82.637 82.4852 82.491 82.9313 82.4872 82.3417 81.7996
65.768 65.8313 65.8037 65.6109 65.7163 65.6937 65.6303 65.7872 65.7671 65.9651 65.701 65.7756 65.8368 65.6864 65.7262 65.7701 65.7759 65.9115 65.8283 65.7189 65.8824 63.8678 65.9304 65.9176 65.7359 65.7503 65.9247 65.7492 65.6642 65.5102
136.755 137.173 137.144 136.886 136.57 137.027 137.006 136.285 136.516 137.229 136.587 136.449 136.375 136.367 136.272 136.464 136.44 137.739 136.691 136.485 136.964 136.432 136.736 136.443 136.347 136.35 136.065 136.692 136.451 136.255
12.6921 12.5052 13.0423 12.7904 12.9169 12.6025 12.6265 13.0268 13.0571 13.0463 12.9507 13.002 12.9955 13.0277 13.0037 12.9823 13.0443 13.1182 13.0708 13.0581 13.0494 13.0293 13.1222 13.0451 13.0232 13.0008 12.9392 13.0487 13.0399 13.0112
5.71905 5.72956 5.73585 5.73018 5.71633 5.73195 5.72679 5.89656 5.90261 5.87417 5.69713 5.88214 5.89513 5.88692 5.89004 5.88592 5.89448 5.89384 5.88476 5.89165 5.91325 5.88842 5.92318 5.88791 5.89049 5.89719 5.90083 5.88568 5.89176 5.88466
4.55686 4.56365 4.54695 4.56112 4.55707 4.55197 4.5699 4.59137 4.63162 4.61538 4.24197 4.62721 4.62266 4.59117 4.58911 4.62887 4.62368 4.642 4.63171 4.63799 4.67983 4.64685 4.66178 4.63561 4.59528 4.55393 4.56245 4.63521 4.62036 4.63519
4.58784 4.59245 4.59791 4.59333 4.60712 4.59504 4.59221 4.58909 4.60779 4.5981 4.54852 4.58075 4.6331 4.58387 4.59553 4.59151 4.61997 4.59836 4.5965 4.59165 4.6255 4.59766 4.63249 4.60319 4.60295 4.62253 4.66684 4.59054 4.62292 4.61766
4.51942 4.5172 4.51197 4.52574 4.52295 4.52232 4.52517 4.54349 4.52934 4.5361 4.49244 4.53131 4.53396 4.54603 4.54709 4.53777 4.53501 4.54633 4.55553 4.52075 4.5268 4.55642 4.53278 4.54331 4.53784 4.53929 4.56063 4.53292 4.54028 4.57262
4.4657 4.48688 4.47957 4.42633 4.45164 4.44653 4.42734 4.73452 4.75506 4.69971 4.45116 4.69798 4.72176 4.72193 4.74042 4.70793 4.74392 4.71895 4.70785 4.69623 4.77985 5.46352 4.80834 4.73234 4.73327 4.70467 4.78935 4.7028 4.72168 4.91235
4.27801 4.28801 4.27809 4.26189 4.26733 4.26694 4.26099 4.36169 4.34487 4.47868 4.28838 4.35088 4.36224 4.34734 4.34734 4.35343 4.34556 4.44243 4.35718 4.34215 4.36626 5.59867 4.35691 4.35939 4.3506 4.35069 4.34888 4.35232 4.35585 4.61291
7.50732 7.46071 7.41595 7.42801 7.38257 7.46081 7.41557 7.48892 7.40061 7.72783 7.50679 7.48826 7.46314 7.47919 7.44311 7.49772 7.43383 7.77246 7.50987 7.50193 7.57451 7.48566 7.48901 7.4552 7.4898 7.53008 7.31268 7.51958 7.46284 7.4699
147.535 147.911 148.662 148.175 147.918 148.044 148.132 149.394 149.597 148.757 149.253 149.276 149.369 149.331 149.177 149.306 149.319 149.322 149.706 149.29 149.265 149.224 149.234 149.481 149.269 149.192 148.831 149.135 149.215 149.426
93.356 93.3023 93.2522 93.3997 93.4071 93.4928 93.4344 93.644 93.7658 93.5474 93.7761 93.669 93.6851 93.6669 93.6125 93.6717 93.7207 93.8401 93.8813 93.6494 93.7074 93.6061 93.5137 93.7072 93.607 93.5666 93.4119 93.7112 93.7062 93.8731
75.1827 75.2699 75.3743 75.3678 75.0364 75.2294 75.281 75.6205 75.7593 75.8268 75.7965 76.0228 75.9052 75.8476 75.687 75.8115 75.7001 75.8493 75.7595 75.7954 75.888 75.7452 75.7791 75.7078 75.6965 75.7152 75.6505 75.8023 75.9692 75.7279
73.3705 73.2631 73.118 73.2259 73.1817 73.1784 73.1579 71.9419 72.1814 72.2635 71.7674 72.7956 72.1403 72.1757 72.228 72.3005 72.219 72.1365 72.2761 72.2311 71.8525 71.5416 72.1763 72.2662 72.2751 71.9825 72.3168 72.4464 71.3633 71.7343
82.4681 82.4716 82.5095 82.3682 82.4898 82.2063 82.3477 82.1663 82.1807 82.261 82.117 82.2885 82.2489 82.2979 82.4093 82.3542 82.3306 82.151 82.1218 82.3597 82.085 81.5403 82.2625 82.3039 82.3808 82.4974 82.666 82.3853 81.8088 81.7726
64.8647 64.9248 64.9004 64.8531 64.8873 64.6274 64.7622 64.9647 65.0422 65.0507 65.0212 64.9589 64.969 64.8896 65.0051 65.0588 65.0542 64.977 65.0065 65.0337 65.0119 64.4425 65.0172 65.3232 65.0652 64.8798 65.0991 65.2644 64.7674 65.1007
5.5532 5.55693 5.57165 5.59399 5.52389 5.5697 5.58793 5.65971 5.6626 5.64529 5.61688 5.65562 5.65053 5.62962 5.63669 5.6273 5.64895 5.69176 5.69688 5.66492 5.6744 5.63033 5.67727 5.64502 5.64139 5.64785 5.6495 5.66162 5.62803 5.64136
4.44381 4.47237 4.45289 4.44965 4.44758 4.42238 4.43375 4.533 4.4956 4.49089 4.23011 4.41267 4.42246 4.45155 4.49547 4.50478 4.49632 4.48389 4.50528 4.50511 4.55684 4.47289 4.54076 4.49148 4.50354 4.41801 4.50495 4.52776 4.48597 4.52361
4.46407 4.46892 4.47401 4.47724 4.45769 4.48856 4.46732 4.54441 4.52929 4.50087 4.50712 4.51578 4.51363 4.50223 4.51517 4.50063 4.51964 4.52715 4.51548 4.49264 4.50944 4.50141 4.50327 4.4875 4.51769 4.5132 4.52828 4.49788 4.52874 4.53141
4.37687 4.37312 4.37399 4.3745 4.36406 4.36179 4.37055 4.42487 4.42085 4.40925 4.38135 4.40419 4.41774 4.41776 4.42076 4.39027 4.41773 4.42055 4.42285 4.41154 4.42356 4.42705 4.43499 4.41609 4.4224 4.41463 4.42042 4.38733 4.455 4.45213
5.36658 5.36541 5.31255 5.38322 5.28162 5.37198 5.40776 5.04813 5.13096 5.15121 5.10478 5.171 5.08677 5.11991 5.02992 5.15288 5.05943 5.17286 5.16035 5.18352 5.23193 5.14366 5.11076 5.09176 5.0562 5.0839 4.84375 5.27438 5.18653 5.10293
4.47597 4.49518 4.48264 4.4675 4.43406 4.44204 4.43353 4.57706 4.47986 4.64583 4.36043 4.46923 4.50595 4.48934 4.5019 4.56722 4.4886 4.47158 4.5378 4.53995 4.60646 4.91656 4.62247 4.47737 4.49829 4.46408 4.4894 4.57492 4.63662 4.65739
4.19884 4.19635 4.19851 4.20711 4.20212 4.21197 4.20963 4.60396 4.56739 4.55063 4.2384 4.52499 4.56453 4.55735 4.54851 4.54331 4.54612 4.54294 4.55736 4.49953 4.50221 4.83578 4.52357 4.56861 4.55516 4.56984 4.55343 4.56211 4.57291 4.76582
7.54463 7.52643 7.53682 7.50186 7.52559 7.49053 7.53436 7.59015 7.61844 7.62366 7.59661 7.6361 7.58255 7.6151 7.58345 7.61204 7.59671 7.65559 7.58701 7.63076 7.65932 7.62882 7.57196 7.59998 7.58597 7.58059 7.53016 7.64118 7.61778 7.58578
91.7637 91.7377 91.7374 91.9677 91.8293 91.8537 91.9873 92.4525 92.4702 92.4984 92.5754 92.4981 92.3097 92.1347 92.4758 92.3017 92.5492 92.5089 92.7981 92.8141 92.4298 92.2373 92.6853 92.5589 92.4578 92.5711 92.4353 92.7507 92.2016 92.5798
75.7257 75.7261 75.7509 75.7182 75.843 75.764 75.7285 75.7482 75.5566 75.5501 75.5939 75.8187 75.9864 75.9246 75.5307 75.5937 75.5586 75.6391 75.6092 75.7356 75.6195 75.947 75.668 75.5448 75.6191 75.7982 75.5758 75.6633 75.8685 75.5714
72.5229 72.6101 72.6541 72.4864 72.5982 72.8097 72.577 72.8682 72.8996 73.1624 73.2926 73.4247 73.3115 73.6682 73.0834 73.3314 72.9867 73.2598 73.2037 73.0851 73.2102 72.7489 73.4456 72.7505 73.0355 73.4941 73.2628 73.2686 73.2224 72.6338
82.6562 82.6757 82.7516 82.598 82.6749 82.7718 82.5985 82.2267 82.3361 82.317 82.517 82.4542 82.4821 82.6977 82.4504 82.6155 82.3606 82.4193 82.2211 82.1944 82.512 82.3176 82.3859 82.1316 82.3334 82.3717 82.5423 82.219 81.7486 81.9961
65.6311 65.6385 65.639 65.7443 65.7044 65.7156 65.7842 65.7342 65.7644 65.6465 65.7326 65.8059 65.6102 65.7803 65.8423 65.7421 65.8264 65.777 65.879 65.7627 65.637 65.3934 65.8493 65.4711 65.8978 65.8569 66.0229 65.963 64.235 65.9238
136.846 136.794 136.987 137.074 136.804 137.519 136.951 135.924 135.991 136.461 136.203 136.846 136.366 137.02 136.055 136.311 136.103 136.28 136.089 136.102 136.311 136.317 136.2 135.916 135.863 136.597 136.16 136.094 135.525 135.827
12.3843 11.9171 12.3292 12.1504 11.8467 12.0346 12.0825 11.6823 11.6744 11.7173 11.7498 11.6726 11.7137 11.7484 11.6879 11.649 11.6515 11.7477 11.612 11.6662 11.6278 11.6705 11.6477 11.6599 11.7044 11.6648 11.7706 11.6214 11.6473 11.5887
5.64942 5.64784 5.65197 5.65954 5.66723 5.67124 5.65275 5.82806 5.81997 5.84324 5.65181 5.8338 5.83651 5.84493 5.82694 5.8466 5.82434 5.87346 5.85731 5.86482 5.85683 5.83853 5.87136 5.80075 5.83267 5.83314 5.82419 5.86017 5.85065 5.81563
4.5972 4.5919 4.59417 4.59876 4.58958 4.58669 4.60332 4.63659 4.65155 4.6561 4.30537 4.65407 4.66277 4.68293 4.64872 4.65916 4.65611 4.58046 4.66654 4.63854 4.67374 4.64935 4.66384 4.65105 4.63621 4.71602 4.66752 4.6731 4.60661 4.65685
4.59007 4.60197 4.59564 4.59007 4.62258 4.58525 4.5982 4.64424 4.62356 4.64009 4.53358 4.60539 4.65038 4.66693 4.61676 4.62163 4.61562 4.60699 4.63228 4.62479 4.63838 4.63713 4.63686 4.49309 4.60736 4.66533 4.61315 4.60757 4.7614 4.62673
4.47121 4.47191 4.46733 4.47292 4.47464 4.46399 4.47141 4.50952 4.49927 4.50724 4.45859 4.50743 4.49789 4.49294 4.50093 4.49435 4.50288 4.49997 4.50444 4.51852 4.49719 4.49642 4.49788 4.47539 4.50966 4.50886 4.49807 4.50819 4.59956 4.52089
4.38722 4.38709 4.38697 4.34145 4.37871 4.4318 4.34449 4.65215 4.64195 4.7056 4.42701 4.64507 4.79438 4.70319 4.63374 4.71842 4.62804 4.61907 4.63834 4.62254 4.71985 4.79802 4.65605 4.67554 4.63315 4.69224 4.61518 4.62993 4.70022 4.62522
4.29036 4.28918 4.28329 4.27163 4.30147 4.27227 4.2827 4.37717 4.3751 4.39319 4.221 4.48802 4.45784 4.46177 4.35532 4.34439 4.35845 4.35252 4.37953 4.36197 4.33601 4.46347 4.36627 5.00804 4.36715 4.62433 4.35529 4.35861 4.22568 4.42114
7.84695 7.84963 7.80446 7.6734 7.87465 7.60971 7.69787 7.67711 7.64373 7.60413 7.50359 7.71705 7.66542 7.73843 7.65837 7.66174 7.64495 7.61843 7.59421 7.60172 7.62268 7.6869 7.61289 7.57631 7.64815 7.95582 7.6517 7.59728 7.50038 7.65554
147.435 146.99 147.366 147.124 146.829 146.905 146.994 146.199 146.443 146.046 146.285 145.756 146.197 146.411 146.09 146.027 146.174 145.664 145.779 145.584 146.077 146.703 145.743 146.264 146.146 145.608 146.389 145.714 146.228 146.302
92.2943 92.2395 92.2497 92.2698 92.2512 92.3064 92.3412 92.6343 92.7082 92.6387 92.7558 92.7985 92.121 92.3911 92.7989 92.7902 92.7733 92.4734 92.8583 92.7426 92.7546 92.1259 92.5964 92.7763 92.6853 92.9308 92.9527 92.8216 92.9153 92.7093
153.789 153.739 153.804 153.823 153.886 153.694 153.811 153.736 153.822 153.782 153.656 153.677 153.777 153.752 153.869 153.79 153.817 154.09 153.605 153.834 153.784 153.737 153.886 153.684 153.679 153.87 154.107 153.689 153.622 154.002
75.4507 75.317 75.4015 75.4432 75.3724 75.2983 75.5127 75.3484 75.0043 75.2526 75.2051 75.2512 74.9996 75.2407 75.0567 75.1226 75.0877 75.1843 75.1938 75.4259 75.3555 75.6516 75.6832 75.1911 75.3212 75.0587 74.0122 75.142 75.0075 75.6679
73.1337 73.1771 73.1359 73.1028 73.3026 73.2762 73.0644 73.3392 73.4312 73.5029 73.4752 72.8752 73.3767 73.4349 73.6519 73.0114 73.4835 73.9269 73.3245 73.3656 73.4775 72.8097 73.4766 73.6395 73.4124 73.1979 73.537 73.7977 73.5096 72.9492
83.0193 83.0019 83.0245 83.0224 83.1279 83.0105 83.0258 82.7629 82.7227 82.7019 82.7562 82.5258 82.8598 82.7527 82.7652 82.6831 82.7306 82.9897 82.6085 82.8001 82.7992 83.088 82.9499 82.8411 82.63 82.5608 83.0362 82.8044 82.6097 82.5081
65.7268 65.694 65.7309 65.6647 65.7033 65.7202 65.6671 65.6436 65.6554 65.6721 65.6184 65.5859 65.4826 65.5825 65.7535 65.7557 65.7032 65.95 65.7873 65.817 65.7939 65.7424 65.7596 66.0598 65.7551 65.7911 65.8202 65.9219 65.6682 65.6346
140.136 140.165 140.144 140.252 140.001 140.384 140.197 139.654 139.554 139.724 139.662 139.499 139.392 139.396 139.605 139.52 139.611 139.886 139.512 139.738 139.602 139.571 139.973 139.492 139.352 139.163 139.653 139.577 139.271 139.445
5.97665 5.97277 5.97508 5.97957 5.98831 5.96902 5.97389 6.42595 6.37967 6.40735 5.8926 6.40908 6.40917 6.4326 6.38749 6.40041 6.3917 6.42914 6.41262 6.43624 6.42991 6.46178 6.44101 6.39636 6.41976 6.41058 6.33067 6.41638 6.40576 6.41578
7.67306 7.68175 7.68239 7.68658 7.67891 7.64786 7.64679 7.13743 7.13425 7.17989 7.77407 7.14805 7.19175 7.22162 7.17043 7.19197 7.00521 7.14014 7.06854 6.90898 7.09426 7.16768 7.18787 7.12012 7.10303 7.09219 7.0289 7.13739 7.13619 7.17719
4.53238 4.55774 4.55466 4.55902 4.55684 4.51146 4.52017 4.62964 4.61479 4.63414 4.31666 4.62902 4.63588 4.63792 4.60863 4.58231 4.61286 4.59357 4.6168 4.63222 4.6401 4.62845 4.65431 4.63555 4.61714 4.62497 4.61722 4.63999 4.58849 4.59769
4.64072 4.64406 4.63934 4.64031 4.62815 4.60763 4.6252 4.79333 4.79533 4.8067 4.59811 4.77039 4.81423 4.7798 4.80179 4.7883 4.79234 4.75073 4.80953 4.75432 4.78862 4.77361 4.84457 4.76401 4.79295 4.7558 4.74005 4.78978 4.777 4.8231
4.50703 4.50672 4.50596 4.50743 4.50653 4.50621 4.50541 4.61052 4.6032 4.60773 4.48251 4.6066 4.62222 4.62457 4.60113 4.59603 4.60283 4.59463 4.61499 4.60051 4.60278 4.62141 4.61306 4.59618 4.61883 4.60166 4.62078 4.60935 4.63161 4.61898
4.618 4.60857 4.61232 4.57255 4.52482 4.55149 4.55991 4.65357 4.6881 4.71418 4.51216 4.70064 4.81294 4.77592 4.62704 4.64182 4.65177 4.67241 4.64882 4.65046 4.65639 4.76357 4.68875 4.52733 4.62439 4.7017 4.66063 4.66107 4.6412 4.64331
4.35285 4.34739 4.34363 4.35692 4.35646 4.34854 4.35438 4.53633 4.54709 4.56342 4.3142 4.52566 4.52832 4.54885 4.53105 4.52351 4.53211 4.47415 4.54046 4.53544 4.52565 4.54091 4.55634 4.44811 4.54603 4.53672 4.53479 4.55198 4.53105 4.55449
8.13926 8.06835 8.12411 7.96603 7.79315 7.98957 7.98756 7.72132 7.74039 7.72435 7.86391 7.71871 7.7496 7.6403 7.76805 7.75418 7.75543 7.87176 7.71406 7.76178 7.70512 7.72284 7.77763 7.70996 7.70614 7.62917 7.7382 7.74066 7.72269 7.73489
92.2896 92.4105 92.3044 92.2868 92.3322 92.5992 92.3253 92.6831 92.6726 92.7037 92.9901 92.7612 92.6193 92.7602 92.8922 92.7835 92.7951 93.0541 92.9056 92.6124 92.7169 92.3843 92.0534 92.7729 92.8121 92.7667 92.79 92.7657 93.0657 92.2999
75.6536 75.4116 75.7181 75.7386 75.7158 75.594 75.7404 75.5105 75.6357 75.4217 74.9032 75.8948 75.777 75.4966 75.3673 75.6879 75.3873 75.3922 75.557 75.721 75.5395 75.711 75.8546 75.4774 75.4213 75.7066 75.7968 75.5747 75.6121 75.8454
72.5453 72.508 72.1555 71.8443 72.355 72.7657 72.8396 72.5053 72.0146 72.1841 74.032 70.9589 72.2297 71.7554 72.7505 72.2671 72.6136 72.2374 72.1057 72.3805 72.2844 71.9054 72.3098 71.8908 72.4769 72.3662 72.7261 73.0054 72.2676 72.3869
83.1946 83.0024 83.052 82.9709 83.0038 83.0131 83.2917 82.7921 82.637 82.6434 83.1107 82.7062 82.6996 82.3853 82.822 82.6547 82.7835 82.5045 82.3161 82.8109 82.6438 82.9477 83.2819 82.4003 82.3827 82.627 82.7945 82.7444 82.5119 82.8675
103.478 103.478 103.47 103.462 103.585 103.727 103.408 103.346 103.007 103.453 103.594 103.764 103.076 103.537 103.468 103.545 103.423 103.408 103.626 103.975 103.252 102.928 103.018 103.542 103.753 103.573 103.736 103.636 102.609 102.973
64.8575 65.0168 64.8813 64.892 64.9591 65.0203 64.8648 64.9472 65.0506 64.9702 65.38 64.877 65.0538 64.9978 65.2159 65.1698 64.9318 65.1256 64.8673 64.899 64.9597 64.8962 64.6497 65.3629 64.8336 64.9622 65.6608 65.2801 65.2263 64.6143
140.908 140.848 140.804 140.798 140.877 141.087 141.114 140.79 140.756 140.951 141.295 141.084 140.791 140.681 140.954 141.139 140.733 140.651 140.63 140.875 140.911 141.059 140.811 140.861 140.964 140.736 141.027 141.11 140.733 141.149
5.44633 5.43038 5.45091 5.44217 5.44807 5.46913 5.47129 5.43263 5.40775 5.42395 5.32466 5.41873 5.44437 5.42917 5.42568 5.40292 5.4681 5.45199 5.44977 5.4763 5.43634 5.46079 5.42271 5.44858 5.4761 5.43655 5.45577 5.48492 5.44623 5.43636
4.42212 4.44242 4.40574 4.39955 4.38063 4.4031 4.39261 4.48035 4.46582 4.46125 4.4289 4.35095 4.40383 4.48996 4.45686 4.44598 4.39313 4.45673 4.43184 4.44406 4.47498 4.40729 4.40997 4.47035 4.45384 4.40901 4.43166 4.38924 4.40191 4.38845
13.2235 13.5914 13.5154 13.5674 13.7553 12.7479 12.7607 13.0453 13.1795 12.9206 13.2884 12.8309 12.9267 13.0363 12.7835 12.7768 12.9602 12.887 12.9282 12.9107 12.9685 12.0562 13.386 12.5445 12.6682 13.2857 12.4953 12.5243 12.752 13.2496
4.49432 4.48288 4.50582 4.5095 4.51022 4.50003 4.50101 4.62967 4.61783 4.62178 4.41314 4.64322 4.63472 4.63115 4.60833 4.60795 4.61616 4.60887 4.69818 4.6357 4.62825 4.63701 4.61705 4.62709 4.66774 4.62487 4.59558 4.62873 4.61909 4.61898
4.35742 4.35622 4.35586 4.35711 4.35414 4.36701 4.36173 4.40766 4.40126 4.4022 4.37568 4.39948 4.40069 4.4079 4.38607 4.40391 4.41056 4.38434 4.45197 4.40588 4.41177 4.39033 4.39383 4.42429 4.46314 4.4067 4.40247 4.41233 4.42151 4.41246
5.184 5.13469 5.11787 5.08093 5.07289 5.12134 5.11606 4.9702 5.08423 5.10523 5.37206 5.11654 4.92911 5.14686 5.12492 5.2047 4.93517 5.01614 5.043 5.01541 5.05025 4.79514 5.04034 5.08354 5.0541 5.02988 5.00546 5.13651 4.89582 5.0663
4.39781 4.33712 4.3748 4.39787 4.37424 4.31807 4.41536 4.48077 4.349 4.39397 4.11512 4.40649 4.40636 4.32878 4.35956 4.48364 4.40501 4.30828 4.38578 4.51865 4.33988 4.64868 4.68008 4.25107 4.41997 4.39036 4.47439 4.22171 4.32982 4.58699
4.22113 4.22688 4.22186 4.22471 4.22497 4.23942 4.21309 4.33043 4.35462 4.35902 4.22728 4.34555 4.34768 4.3686 4.34269 4.31944 4.34646 4.36529 4.33563 4.3504 4.33246 4.30209 4.31323 4.36947 4.34853 4.33774 4.32283 4.36695 4.36133 4.32024
7.51706 7.59521 7.55254 7.56586 7.55934 7.53285 7.52 7.46036 7.43781 7.51288 7.56795 7.42959 7.38317 7.494 7.50797 7.52314 7.41671 7.42154 7.49053 7.43101 7.47742 7.4753 7.4852 7.46598 7.5257 7.4313 7.35748 7.47975 7.45504 7.49581
161.251 161.618 161.52 161.827 161.365 161.991 161.526 161.876 161.222 162.107 160.818 162.342 162.599 161.978 161.912 161.921 161.793 161.835 162.292 161.725 162.165 163.682 160.392 162.574 162.563 161.745 161.886 162.752 162.513 160.386
91.923 92.1455 91.9055 91.8488 91.7934 92.15 91.8762 92.1504 91.8113 92.1233 92.174 91.6231 91.6157 92.0642 91.9646 91.9733 91.8422 92.0557 92.2438 91.992 92.0291 91.624 90.843 92.1926 92.1786 91.4021 92.2665 91.5504 92.0692 91.7218
153.38 153.455 153.648 153.575 153.445 153.241 153.507 153.619 153.401 152.82 153.43 154.001 153.9 153.273 153.163 152.995 153.452 153.299 153.68 153.201 153.234 153.845 153.99 153.273 152.922 153.984 153.423 153.448 152.925 153.809
75.8772 75.906 75.7754 75.9676 75.8014 75.6442 75.6951 75.8587 75.7776 75.5597 76.0847 76.0453 76.1113 75.6611 75.7015 75.3869 75.782 75.6555 75.5902 75.6387 75.6604 75.4544 76.2301 75.7029 75.5429 76.1534 74.9529 75.9391 76.1972 76.0906
73.5846 73.7074 73.2936 73.8222 73.4669 74.1914 73.5104 73.2543 73.5605 73.1293 73.5969 73.1464 73.2805 73.0469 73.2483 73.5807 73.5724 73.5173 73.1504 73.5088 73.6241 74.0111 74.0725 72.7102 73.5049 73.5474 74.1898 74.0298 73.5186 73.5076
82.834 82.8211 82.9757 83.0265 83.0025 82.765 82.8824 82.8376 82.8503 82.3855 82.6359 82.8287 82.5106 82.5053 82.41 82.4744 82.6428 82.4223 82.9742 82.8265 82.7779 82.0974 83.1644 82.0482 82.4985 82.4833 82.6904 82.5183 82.8468 82.9803
65.6037 65.8943 65.5708 65.5766 65.4877 66.1811 65.6931 65.9238 65.3359 65.8127 65.9391 64.967 65.4933 65.6344 65.9371 65.6333 65.6226 65.8344 66.3072 65.5882 65.8365 66.2868 64.88 65.9426 66.7168 64.8127 66.2848 65.8184 66.112 66.0659
141.369 141.412 140.984 141.329 141.055 140.19 140.648 140.512 140.899 140.372 141.683 140.321 140.508 140.404 140.106 140.196 140.286 140.346 139.81 140.406 140.452 139.574 141.354 139.639 139.871 140.718 139.489 140.296 140.557 141.521
5.97112 5.96113 6.00006 5.99294 5.98623 5.94732 5.97554 6.39626 6.4393 6.36675 5.87735 6.47404 6.47342 6.40217 6.39409 6.40131 6.43655 6.39349 6.40704 6.40841 6.38616 6.467 6.46358 6.37838 6.40648 6.4571 6.29085 6.41095 6.41194 6.44395
7.43301 7.44157 7.48949 7.46445 7.41865 7.40078 7.4107 6.99895 6.96886 6.97021 7.38625 6.82681 7.06686 6.93502 6.79709 6.69207 6.8287 6.74185 6.95235 6.765 6.94838 7.68936 7.13371 6.90182 7.15723 6.99934 6.58264 6.91485 6.8308 7.22935
4.49222 4.52047 4.47303 4.48165 4.47516 4.50544 4.49228 4.60462 4.63286 4.67852 4.33418 4.59359 4.54077 4.64121 4.6141 4.55425 4.52455 4.60999 4.64323 4.6303 4.63683 4.54433 4.60588 4.61741 4.59673 4.54747 4.7099 4.57241 4.59042 4.61803
4.66218 4.70151 4.64184 4.66672 4.64544 4.70315 4.65848 4.82224 4.82181 4.83092 4.7197 4.76529 4.74426 4.82546 4.86028 4.82667 4.80317 4.8359 4.80503 4.80318 4.82518 4.77407 4.83556 4.85645 4.85158 4.79725 4.72925 4.85957 4.91324 4.84334
4.49896 4.49929 4.50626 4.50762 4.50526 4.53265 4.50886 4.60684 4.61306 4.61331 4.47116 4.62045 4.62146 4.62795 4.62168 4.63795 4.62225 4.63313 4.6183 4.61145 4.61693 4.63394 4.61139 4.63548 4.64888 4.64263 4.61563 4.63871 4.62176 4.60082
4.50578 4.55964 4.48054 4.42535 4.41628 4.41973 4.44525 4.64447 4.54685 4.70189 4.37927 4.36645 4.82479 4.71468 4.70489 4.66845 4.72969 4.68432 4.68398 4.55683 4.64856 4.66297 4.40419 4.78907 5.00498 4.50067 4.61282 4.90012 4.50805 4.74347
4.29725 4.2952 4.29507 4.29493 4.29241 4.3121 4.29423 4.48685 4.49957 4.50087 4.24037 4.51603 4.53596 4.51288 4.49708 4.49577 4.51375 4.511 4.52507 4.51159 4.48335 4.52085 4.47088 4.58681 4.53074 4.4708 4.51891 4.55993 4.51806 4.60253
8.35225 8.40703 8.29288 8.35626 8.18476 8.08321 8.1553 8.09356 8.13452 8.08879 8.28991 8.07746 8.21424 8.08286 8.03156 8.06054 8.17291 8.08451 8.02362 8.09856 8.13181 8.12473 8.15683 8.03144 8.08848 8.06643 8.00677 8.12994 8.19682 8.4029
92.9077 92.751 92.4177 92.8147 92.594 92.9965 92.6846 93.0117 92.8311 92.8334 93.002 92.953 92.846 93.0148 92.7452 92.6901 92.6444 92.6818 92.6373 92.9373 92.9856 92.0779 92.7714 92.8668 92.7176 92.6439 92.9075 92.4621 92.5652 92.4643
75.5522 75.7896 75.7687 75.6799 75.6753 75.8544 75.7155 75.572 75.6631 76.2481 75.4204 75.4931 75.6615 75.6001 75.74 75.7678 75.7521 75.6574 75.3885 75.8467 75.741 75.0196 75.9801 75.6006 75.7728 75.788 75.6143 75.7754 75.0814 75.0277
71.8859 72.7486 72.6743 72.0918 72.2475 72.6487 72.4758 72.5027 72.0295 72.3865 73.1303 72.1806 71.1132 71.9529 72.0009 72.0941 72.0994 71.9959 72.4043 71.7664 72.7489 74.006 72.85 72.3628 73.2102 72.0029 72.0318 73.5323 72.2224 72.422
82.4438 82.5991 82.6207 82.5042 82.5493 82.3164 82.5698 82.5952 82.5409 82.8011 82.2281 82.2546 82.2364 82.5022 82.8214 82.7356 82.6915 82.6147 82.4935 82.6191 82.7004 82.7897 83.0896 82.2112 82.4359 82.8084 82.782 82.7712 82.1122 82.1598
100.138 100.097 99.0983 99.9972 99.228 99.4648 98.9155 98.0407 99.8481 99.0384 98.802 99.9653 99.2706 98.0046 99.1668 98.2366 98.2393 98.7805 100.919 98.0081 98.4539 100.894 98.9596 98.386 99.8475 98.5994 96.7521 97.7789 101.339 101.63
65.1609 65.1999 64.7922 65.2549 65.05 65.3019 65.2296 65.5404 65.228 65.2532 65.4447 65.1434 64.8128 65.1392 65.094 64.6472 64.7486 64.7089 65.3378 65.1785 65.2313 65.0613 64.8052 65.0489 65.4536 64.7599 66.078 64.8485 65.8045 65.7346
141.342 141.408 140.923 141.217 141.13 140.611 141.292 140.572 141.047 142.195 141.645 141.737 141.542 140.654 141.706 141.01 140.977 141.303 141.1 140.58 140.892 142.674 141.759 140.767 140.734 142.252 141.002 141.904 141.48 142.672
5.46792 5.47885 5.47515 5.43708 5.4401 5.41914 5.43575 5.32448 5.47462 5.55939 5.26984 5.33427 5.4316 5.50043 5.49386 5.5418 5.47769 5.52817 5.0986 5.46124 5.49205 5.44509 5.56571 5.43941 5.39165 5.53716 5.553 5.45415 4.81238 3.74827
4.55348 4.48029 4.50493 4.56228 4.61201 4.31169 4.56942 4.36744 4.46705 4.33425 4.39047 4.37727 4.46255 4.48369 4.47739 4.48368 4.40825 4.52979 4.42111 4.41414 4.39038 4.39741 4.28401 4.2257 4.30751 4.48898 4.60389 4.34747 4.62099 4.6532
4.43188 4.44449 4.45341 4.43042 4.45276 4.45312 4.46009 4.44941 4.47664 4.51277 4.41678 4.48082 4.48954 4.47734 4.52793 4.53871 4.48759 4.50009 4.48436 4.43744 4.45945 4.45342 4.47249 4.4696 4.51953 4.54877 4.42186 4.4988 4.47035 4.4277
4.28262 4.27874 4.32956 4.27904 4.32826 4.31791 4.32275 4.3514 4.32999 4.33905 4.28312 4.33771 4.32899 4.37891 4.34502 4.39108 4.37691 4.37623 4.34123 4.36066 4.37322 4.32057 4.38528 4.37615 4.38645 4.38897 4.36159 4.38511 4.32899 4.31219
4.95395 4.97429 5.03849 4.936 5.02307 5.42897 4.92382 5.4211 5.12896 4.91036 5.46166 5.55887 5.38218 5.01342 5.00948 4.87535 5.06796 5.10324 6.52679 5.22363 5.08451 6.01073 5.39667 5.34952 5.99988 5.30671 4.9632 5.50645 6.04994 5.94749
4.40183 4.43506 4.6005 4.39967 4.58383 4.1262 4.56996 4.10889 4.62173 4.61219 4.47099 4.55931 4.61175 4.37342 4.61815 4.51718 4.61445 4.47847 4.52708 4.38518 4.33301 4.5254 4.53188 4.32164 4.29364 4.52842 4.54178 4.62832 4.72043 4.59774
4.30947 4.276 4.15406 4.2965 4.15569 4.22452 4.16433 4.53695 4.66663 4.55557 4.25238 4.65991 4.67781 4.54284 4.59025 4.50116 4.55348 4.53145 4.5557 4.54735 4.53717 4.4663 4.51844 4.66702 4.57256 4.50802 4.56457 4.55639 4.59295 4.61569
7.39467 7.38796 7.39614 7.39286 7.38178 7.36516 7.39506 7.4087 7.34138 7.47973 7.42562 7.51687 7.48762 7.33827 7.46254 7.3409 7.4163 7.35406 7.59088 7.38474 7.43357 7.56651 7.62274 7.40568 7.43874 7.52956 7.17889 7.58511 7.82608 7.56355
92.8559 92.1194 91.875 92.7829 92.6941 92.3681 92.8171 92.0118 91.704 92.2249 92.3452 92.2166 92.1266 92.786 92.0931 92.548 92.168 92.4517 91.6812 92.101 92.1425 92.1181 92.3733 91.8979 91.0863 92.5174 89.6586 91.7018 93.1505 92.099
153.997 154.145 153.893 153.705 153.739 153.951 153.84 154.004 153.627 153.544 153.743 153.677 153.836 154.008 153.314 153.851 153.767 153.502 152.363 152.817 153.74 154.663 152.471 153.077 154.482 153.172 154.569 153.456 152.946 153.368
75.7352 75.86 75.7328 75.8584 75.8732 75.7313 75.701 75.4383 75.4833 75.6135 76.3161 75.6804 75.858 75.689 75.7779 75.7433 75.8334 75.6216 75.3261 75.725 75.3346 75.2034 75.6657 76.3634 76.1432 75.7534 76.2025 75.1093 75.6686 75.055
72.881 73.3147 73.3244 72.9314 72.9479 73.9744 72.7307 73.4481 73.1238 72.5364 74.3538 72.6999 72.5338 72.3393 72.9723 72.7704 72.6394 72.6518 72.8713 73.226 72.5788 72.699 73.3222 73.4231 74.8107 72.0583 75.5421 73.9619 71.2319 70.9427
82.1023 82.4492 82.692 82.2271 82.1969 82.8091 82.1033 82.9912 82.5285 82.3874 83.0212 82.089 82.533 82.2603 82.7011 82.7023 82.5728 82.5124 82.6789 82.6843 81.3844 82.682 82.2308 82.4233 83.7948 82.0836 82.8662 82.9213 80.9554 78.5945
66.2872 66.4866 66.5467 66.0033 66.0052 66.2024 66.0529 65.5988 65.1491 65.5358 66.1464 65.4722 65.3297 65.7549 65.5007 66.0755 65.3364 65.5743 65.3502 65.8187 64.2375 65.9023 65.3395 65.3651 67.0069 65.6838 66.145 65.433 65.8642 64.5997
139.454 140.295 139.858 139.601 139.478 139.692 139.264 140.358 139.482 141.17 141.459 139.202 138.602 139.274 139.17 138.76 140.09 139.062 140.186 139.949 140.066 140.782 140.105 139.056 142.162 138.921 142.106 141.046 140.932 141.222
5.89612 5.91588 5.92634 5.89899 5.88349 5.86379 5.88262 6.41007 6.44638 6.44569 5.72287 6.42282 6.43891 6.3899 6.44449 6.41287 6.43425 6.40528 6.44659 6.40447 6.59678 6.44488 6.42721 6.40768 6.30326 6.33463 6.15185 6.42287 6.49624 6.37569
7.85254 7.84837 7.72128 7.76111 7.76212 7.73538 7.70811 7.26149 7.37007 7.24907 8.19383 6.78154 7.36071 7.42148 7.25114 7.26812 7.163 7.24015 6.55483 7.25053 7.26308 7.46982 7.15459 7.06954 7.40593 7.38425 7.50426 7.23381 6.84186 7.07457
4.50357 4.4517 4.47684 4.49268 4.50195 4.57098 4.52513 4.65203 4.60974 4.47914 4.2774 4.62067 4.64828 4.65203 4.56952 4.6078 4.67909 4.6446 4.5416 4.64059 4.64107 4.68219 4.3009 4.6592 4.73847 4.63375 4.73567 4.45737 4.66798 4.57508
4.67457 4.66576 4.65983 4.65535 4.65403 4.71589 4.65225 4.88449 4.90947 4.5733 4.68999 4.85719 4.8488 4.80735 4.79865 4.81518 4.83129 4.83154 4.80619 4.76118 4.80068 4.7713 4.8851 5.01908 4.94899 4.82802 4.8967 4.87046 4.6751 4.72175
4.49972 4.50265 4.49357 4.4958 4.48878 4.52165 4.49172 4.59116 4.61204 4.63355 4.45791 4.62437 4.6044 4.59492 4.61378 4.61847 4.60209 4.6046 4.60878 4.60063 4.65039 4.58846 4.65642 4.62433 4.64247 4.60295 4.66729 4.63406 4.61816 4.40292
4.58722 4.76702 4.71352 4.61372 4.5904 4.5134 4.53913 4.67814 4.90767 4.95018 4.45741 4.97951 4.98668 4.72068 4.83246 4.78495 4.84224 4.84924 4.85751 4.72404 5.48728 4.60561 4.73937 5.10134 4.56599 4.84235 4.78202 4.68493 4.67405 5.26412
4.33097 4.31629 4.31607 4.31069 4.30322 4.30265 4.31333 4.47187 4.56253 4.51488 4.21506 4.57102 4.55918 4.52157 4.50823 4.51268 4.55857 4.50661 4.50178 4.48126 4.70561 4.48519 4.49529 4.71643 4.56782 4.51059 4.38476 4.48108 4.75322 5.32358
8.26185 8.18013 8.16198 8.22284 8.15106 8.09879 8.12065 7.98025 7.93229 8.50983 8.21556 8.00656 7.95532 7.99055 7.95267 7.95747 8.00853 7.97642 8.08504 8.10206 8.00257 8.21804 8.19163 7.84159 8.41755 8.07814 8.80396 8.03821 7.73427 8.19144
92.0663 92.1008 92.1526 92.2154 92.2957 92.4561 92.1901 92.6603 93.1223 93.0284 91.3987 92.2625 93.8627 93.5934 92.9225 93.0555 93.7424 93.4821 93.2973 92.3403 93.0409 93.5104 92.9144 91.4883 91.1124 93.1049 93.2094 93.1789 93.5392 92.845
76.8706 76.8076 76.8599 76.6443 76.786 76.9384 76.8576 75.7802 75.6811 75.2356 75.8032 75.3485 74.8018 74.9145 75.475 75.922 74.7249 75.4677 75.1278 75.5869 75.3572 75.5677 75.3877 76.2238 75.749 74.6689 75.1693 75.3476 75.4841 75.3789
76.7747 76.8152 77.1476 76.4827 76.273 76.0258 76.4166 74.1942 72.5558 71.5877 75.2351 73.9964 71.0995 71.4079 73.1627 72.8906 71.0199 72.0068 72.4577 73.8535 74.0691 72.4802 72.8483 73.3884 73.476 71.8709 73.3766 72.8931 73.6372 71.4057
85.7435 85.6646 85.6285 85.5706 85.3541 85.3516 85.6452 83.4507 83.1453 82.7816 85.1036 83.2843 82.151 82.2061 82.5834 82.2835 81.8035 81.9868 82.8638 83.2875 82.566 83.0355 83.1328 82.8028 82.5013 81.8298 83.2492 83.1408 82.4907 80.6133
100.784 100.616 100.57 101.019 101.133 101.483 100.568 98.9756 98.8345 98.827 101.762 97.9478 98.7781 98.7288 99.4709 99.1811 99.8899 98.4578 97.9367 99.7605 99.535 99.2617 96.6663 102.639 100.276 99.2993 99.1532 97.8351 102.893 100.318
64.9068 65.0915 65.3293 64.8371 65.0239 65.4379 64.9231 65.0901 65.4912 65.4172 66.1499 64.7864 66.0941 65.4859 65.037 65.0559 66.0413 65.47 65.6247 66.3591 63.9996 65.5658 65.098 65.9287 67.8611 65.6197 65.1658 65.453 65.3285 66.3517
141.739 142.312 142.251 141.82 141.718 141.727 141.524 141.264 140.797 142.135 142.91 141.535 141.106 141.676 141.391 141.193 141.664 141.308 141.97 142.895 142.535 141.705 140.773 142.874 144.29 141.911 142.219 141.03 141.826 141.821
5.29689 5.28839 5.06569 5.42566 5.27076 5.35074 5.27056 5.3353 5.55658 5.57983 5.52886 5.13503 5.17606 5.32931 5.4722 5.30962 5.12195 5.34662 5.51982 5.45269 5.51966 5.51165 5.55894 5.65734 5.70141 5.13057 5.54505 5.54835 5.39586 5.55817
4.20628 4.18656 4.16786 4.22205 4.19716 4.16189 4.20611 4.47204 4.4218 4.62769 4.203 4.46654 4.4722 4.42407 4.42643 4.38523 4.53862 4.37273 4.43033 3.99071 4.28394 4.40964 4.37641 4.16759 4.37854 4.42814 4.40506 4.31192 4.40255 4.38482
4.3398 4.33507 4.32407 4.35197 4.34116 4.31395 4.34017 4.37313 4.40426 4.44612 4.33961 4.34482 4.37689 4.36673 4.36767 4.37385 4.3611 4.31495 4.33838 4.16644 4.42381 4.38645 4.33432 4.30379 4.4014 4.35983 4.41632 4.46494 4.338 4.43518
4.1972 4.19919 4.17602 4.22307 4.20771 4.17829 4.20584 4.40248 4.41565 4.41809 4.11613 4.39375 4.39333 4.39637 4.40796 4.41904 4.3689 4.40362 4.41181 4.37897 4.45014 4.38622 4.39713 4.36239 4.45828 4.4305 4.40894 4.44118 4.31943 4.55951
5.83006 5.66088 5.64763 5.78902 5.86054 5.67547 5.86886 4.57749 4.75714 5.34681 6.34066 5.22772 5.57754 5.5601 5.54621 6.02206 5.51572 5.41949 5.00759 5.52868 5.54441 5.18177 4.69437 5.66 5.81532 5.97436 5.52737 4.28382 5.94967 5.26028
4.32825 4.23126 4.1208 4.27347 4.12211 4.41015 4.33254 4.51002 4.78194 4.76111 1.99764 4.80401 4.7368 4.57803 4.47409 4.64229 4.64839 4.44544 4.70345 4.64561 6.54346 4.5891 4.59143 4.09578 4.83353 4.4056 4.51932 4.6339 4.49006 4.41494
4.08785 4.0858 4.05732 4.10859 4.12341 4.11793 4.10968 4.53017 4.53817 4.58848 3.97548 4.56288 4.47099 4.58774 4.59179 4.59373 4.40916 4.57025 4.59234 4.45428 4.64022 4.62484 4.54485 4.63864 4.61717 4.60968 4.51526 4.5805 4.82246 4.95154
7.58103 7.52227 7.49379 7.61849 7.61408 7.54201 7.63008 7.27722 7.39808 7.5325 7.60869 7.4507 7.44822 7.45559 7.44004 7.52632 7.45504 7.34475 7.61309 7.74906 7.67506 7.59551 7.4303 7.33588 7.57085 7.56508 7.66253 7.49801 7.71822 7.58152
89.1238 89.1634 89.1649 88.9837 88.8992 89.0211 89.055 89.894 92.8081 93.3671 90.537 92.1561 91.617 90.9194 92.3844 90.871 91.6258 90.4402 92.9433 89.8754 92.2627 92.6881 92.4788 90.0677 92.338 92.2125 92.9923 92.8862 89.7415 93.0393
76.0135 76.0009 76.0541 75.9948 75.9704 75.9585 75.977 76.1056 75.6462 75.5154 74.7223 76.1647 75.4795 75.4073 75.8271 75.2417 75.5192 76.121 75.5424 76.0411 75.6648 75.7085 75.7512 75.0055 75.6854 76.0988 75.5913 75.7544 75.271 75.6038
76.287 76.4171 76.3755 76.3827 76.3734 76.3425 76.2301 75.075 73.2795 71.6276 76.0904 71.3742 74.7301 75.4778 72.0171 74.4812 74.7338 74.7776 71.5041 75.2054 73.584 73.0548 72.911 76.7813 72.6231 73.1349 73.3343 72.5067 74.9493 72.4651
86.3692 86.5556 86.6019 86.7819 86.4693 86.4556 86.3233 83.6251 82.4456 82.3472 84.0258 82.8761 81.9973 82.9587 83.0391 83.4993 82.169 83.8519 82.1707 83.4034 83.7854 82.8846 83.5051 83.3377 83.0053 83.3578 82.4922 82.4812 83.7069 82.4157
106.411 106.355 106.369 106.371 106.263 106.561 106.392 106.294 103.133 103.948 106.619 105.416 103.644 106.142 105.836 106.444 105.876 106.801 105.612 106.403 105.634 105.674 108.659 104.662 104.463 107.13 101.637 104.759 104.263 104.207
66.8945 66.8593 66.6803 66.7401 66.8576 66.8064 66.8903 66.0634 65.0085 65.3489 67.2249 64.9701 68.4387 66.1753 64.7584 66.2978 68.3295 65.903 64.7279 66.2645 65.0093 64.7719 64.8708 64.0466 64.6128 68.0396 65.2119 64.8644 66.4206 65.1675
143.159 143.297 143.257 143.279 143.299 143.226 143.211 143.667 141.683 142.503 143.507 143.045 142.551 142.944 142.522 143.269 142.918 143.422 141.383 143.843 143.585 141.839 142.34 142.863 142.287 143.219 141.707 141.604 143.225 141.905
5.79409 5.81108 5.80553 5.86862 5.8619 5.82197 5.82154 6.11113 5.45395 5.43671 6.07997 5.55119 5.08234 5.8751 5.54527 5.52275 5.13679 5.91913 5.50427 6.06443 5.56255 5.48376 5.5565 5.8366 5.56871 5.38983 5.45524 5.54398 6.01591 5.39541
4.27124 4.27694 4.26639 4.28236 4.28328 4.27621 4.27269 4.37722 4.52965 4.54084 4.28267 4.45519 4.30426 4.34928 4.4865 4.42572 4.29928 4.3593 4.50936 4.3859 4.48701 4.51526 4.52739 4.35892 4.54576 4.26559 4.3613 4.5143 4.35791 4.44656
4.44341 4.44313 4.449 4.43378 4.43847 4.43731 4.44216 4.56323 4.70947 4.70877 4.46783 4.66764 4.60325 4.62118 4.63094 4.58433 4.59795 4.58666 4.69556 4.57486 4.67051 4.6649 4.65898 4.64789 4.69763 4.57941 4.62031 4.73423 4.52022 4.60158
4.02038 4.02768 4.0699 4.03836 4.0369 4.02268 4.05053 4.44894 4.43399 4.40902 4.3656 4.40327 4.28587 4.36579 4.40994 4.41774 4.30777 4.40876 4.41007 4.45891 4.42936 4.4382 4.40571 4.57636 4.42881 4.14106 4.44533 4.48617 4.42334 4.45397
5.68068 5.6889 5.68029 5.69377 5.68872 5.69181 5.68296 5.72375 5.65824 5.60036 5.74383 5.48673 5.80932 5.60713 5.59833 5.65552 5.91189 5.81994 5.2746 5.72441 6.16512 5.65468 5.32489 5.61407 5.55415 5.71917 5.28659 5.13825 5.48609 5.26949
3.74167 3.72353 3.78696 3.74403 3.7795 3.8103 3.80646 4.53513 4.57447 4.51929 4.21719 4.05454 4.46691 4.48877 4.47182 4.73199 4.63745 4.5607 4.5617 5.00853 4.73169 4.55158 4.5904 3.72415 4.67795 4.66888 4.34246 4.54062 4.4901 4.74577
3.9476 3.92574 3.93047 3.90744 3.94317 3.97744 3.96793 4.31722 4.37553 4.35945 4.07829 4.30428 4.39459 4.30711 4.42253 4.38295 4.41739 4.25438 4.43089 4.32401 4.3351 4.3415 4.37471 4.64545 4.40523 4.46559 4.37138 4.37974 4.38176 4.48964
7.75859 7.78628 7.75927 7.80321 7.81005 7.78515 7.78211 7.77352 7.72934 7.75655 7.82932 7.62719 7.73894 7.7793 7.73336 7.63722 7.72581 7.82168 7.79492 7.77546 7.81423 7.75433 7.56002 7.69234 7.65559 7.82287 7.73381 7.77497 7.53929 7.93709
91.1772 91.3184 91.5383 91.3645 91.456 91.4115 91.5203 92.0774 91.8868 91.3096 91.4696 92.2506 92.6867 91.3383 92.1808 91.8952 92.5889 92.4539 91.8195 92.2508 92.0628 91.4263 92.446 89.7862 92.3673 90.9111 90.5718 92.4605 91.3714 91.4638
156.149 156.309 156.096 156.311 156.152 156.303 155.971 154.741 154.813 155.385 156.253 154.083 153.732 155.746 155.398 155.235 153.725 154.061 155.465 154.498 154.648 154.573 153.915 153.957 154.371 154.795 153.286 154.246 154.496 154.686
75.011 75.096 75.1829 74.977 75.0042 75.1109 75.2872 75.8899 75.7952 75.8974 75.6883 75.1678 75.5465 75.7894 75.466 75.7682 75.5339 75.6034 75.8147 75.8643 75.6603 75.9463 75.3251 75.7475 75.6682 75.2058 75.8723 75.5116 76.6188 75.6815
73.8778 73.5892 73.8081 73.9195 74.0643 74.2154 74.7973 73.1529 73.2939 74.0114 75.073 72.8626 75.102 74.923 73.9602 73.6757 75.11 74.0211 74.4779 74.1909 74.1573 74.9451 73.4973 76.5887 73.7761 75.3205 75.6076 73.7833 75.2772 74.5994
83.8451 83.8323 83.7505 83.7809 83.7979 83.8656 83.9014 83.2452 82.9527 82.8651 84.5834 82.2936 83.6635 84.0098 82.8737 83.5577 83.3644 82.3131 83.6707 83.6329 83.509 83.6478 82.7862 84.1046 82.9095 82.7186 83.2034 82.6029 84.1294 83.5187
68.2179 68.1751 68.6011 68.7499 68.3872 68.6482 68.6053 65.7986 66.9979 67.2094 65.7581 65.8516 68.2933 65.2352 66.3439 67.1049 68.3632 66.7696 66.107 66.2914 66.4474 65.7866 66.4182 65.9148 66.5849 69.5378 66.8795 66.6404 66.3688 66.285
142.324 142.205 142.131 142.358 142.202 142.137 142.367 139.506 141.656 142.71 143.375 139.553 143.04 142.824 141.202 142.559 142.88 140.824 143.173 140.322 141.793 141.167 140.46 142.332 140.336 140.681 140.409 138.914 141.04 141.961
5.97519 5.99631 6.00473 5.98664 5.97017 5.97221 5.99165 6.38904 6.3968 6.51596 5.98432 6.47511 6.2351 6.44433 6.48418 6.46959 6.2823 6.33931 6.46912 6.42329 6.42982 6.47662 6.48805 6.31321 6.49732 6.35331 6.3188 6.49431 6.44971 6.47693
8.34944 8.44375 8.37313 8.39979 8.25177 8.26356 8.13146 7.42254 7.53162 7.70407 8.94727 7.34118 7.24889 7.58301 7.64659 7.63473 7.2469 7.40438 7.65658 7.58471 7.59634 7.28975 7.47168 7.92669 7.51842 7.63414 7.05045 7.58036 7.35421 7.5602
4.5374 4.53738 4.53269 4.55733 4.53591 4.54454 4.5534 4.64168 4.70918 4.5229 4.1974 4.6643 4.77929 4.64256 4.62224 4.53386 4.78123 4.59768 4.59221 4.57333 4.62258 4.64447 4.63551 4.78617 4.65209 4.72605 4.81502 4.61639 4.66823 4.5763
3.48525 3.19608 3.4557 3.48307 3.50833 3.66282 3.963 4.75229 4.90881 4.53695 3.97885 4.77358 4.69096 4.78498 4.72518 4.76927 4.69507 4.76698 4.73197 4.81522 4.75884 4.80021 4.81126 4.9495 4.79728 4.77301 4.86335 4.81355 4.85746 4.84187
4.47019 4.47462 4.47658 4.46633 4.4731 4.47616 4.48518 4.7156 4.6422 4.71811 4.49474 4.63837 4.67754 4.61829 4.63686 4.6412 4.6858 4.76679 4.62688 4.64374 4.61851 4.64061 4.6499 4.68209 4.64341 4.72224 4.65936 4.68313 4.6326 4.66004
2.81267 2.73349 2.84835 2.75914 2.65377 2.6111 2.75284 4.3291 4.88655 4.62298 4.38341 4.70153 4.37222 4.5098 4.62311 4.58038 4.47341 4.5224 4.60225 4.48754 4.66832 4.61778 4.74051 4.76545 4.75782 4.44556 4.52044 4.72977 4.51063 4.62187
4.22161 4.234 4.20939 4.18708 4.22401 4.22019 4.22261 4.5727 4.53314 5.05515 4.32846 4.56109 4.55141 4.58402 4.60238 4.41671 4.57936 4.62182 4.58779 4.56601 4.54682 4.56983 4.55717 4.57876 4.58042 4.57807 4.51803 4.56043 4.5998 4.62231
8.47296 8.46444 8.46335 8.47832 8.45618 8.452 8.44728 6.82463 8.06349 8.54053 8.44762 7.97839 8.41745 8.53045 8.21302 8.59424 8.4368 8.15291 8.16223 7.97194 8.32089 8.19787 8.28959 8.31442 8.3235 7.73561 8.03347 8.16001 7.79087 8.1786
91.8565 91.8537 91.8274 91.7912 91.9803 91.6006 91.9333 92.3456 92.7048 93.3097 91.5423 93.2593 93.5711 93.1013 92.9347 92.9299 93.1323 93.0612 92.9138 92.9996 92.9712 92.212 93.1078 92.9769 92.9046 92.7886 92.4741 93.0993 93.362 92.5061
75.6309 75.5047 75.4819 75.5407 75.8584 75.3689 75.8087 75.8855 75.1583 75.5548 74.9016 75.2116 75.4901 75.2603 75.2964 75.2848 75.5503 75.3191 75.1393 75.4009 75.8102 75.8494 75.3033 75.0657 75.101 75.3393 75.6678 75.2973 75.7381 75.284
74.7717 75.2346 75.3419 74.956 74.9623 74.9955 75.2581 73.4927 73.5407 73.6612 74.5316 73.0759 72.4059 72.1219 72.2014 73.6788 71.8772 72.4312 72.9787 72.5992 74.6169 74.0945 71.8717 73.6609 73.0012 73.1676 73.0085 72.3684 73.0243 73.5608
83.2079 83.3376 83.3336 83.0904 83.7817 83.0481 83.8152 82.2798 82.701 82.6114 81.793 82.7692 83.0985 82.754 82.4586 82.7181 82.9889 82.6535 82.9155 83.0082 83.4373 83.6402 82.4571 83.5863 82.8893 83.3775 83.4721 82.6139 83.2604 83.2103
106.446 106.53 106.247 106.775 105.985 106.631 105.989 105.404 104.439 105.14 106.074 104.831 104.812 104.983 105.651 105.286 104.999 104.486 105.939 105.811 105.763 104.984 105.2 106.133 105.883 104.463 103.899 104.461 106.331 106.015
66.6007 66.9026 67.042 67.5832 66.7457 67.6664 67.3867 65.5237 66.2554 64.993 66.5964 65.4052 65.8138 65.6684 65.6639 65.5692 65.4666 66.1297 65.8006 65.3056 66.0866 65.2731 65.2847 65.3367 65.4294 65.6848 64.5985 65.0253 64.9627 65.4413
143.927 143.875 143.767 144.064 143.508 144.062 143.495 143.547 143.486 143.514 143.895 141.542 143.49 143.336 142.421 143.401 143.906 145.023 141.917 142.204 142.411 142.942 141.827 143.22 142.042 145.07 143.897 141.483 142.609 143.028
5.65883 5.65701 5.66502 5.66047 5.65787 5.6869 5.68338 5.62177 4.93075 5.69894 6.01393 5.45395 5.44612 5.17656 4.98246 5.5254 5.47921 5.48634 4.85576 5.08108 5.07607 5.54448 5.25991 5.4993 5.01713 5.4886 5.54111 5.31129 5.44554 5.44875
4.3302 4.33786 4.34106 4.3322 4.3214 4.33769 4.34009 4.44694 4.48296 4.23141 4.18725 4.47406 4.44446 4.38809 4.29352 4.45052 4.3604 4.37267 4.42202 4.39737 4.3932 4.46186 4.3002 4.43149 4.43411 4.37298 4.41784 4.43425 4.46134 4.44309
4.41121 4.38702 4.39017 4.37338 4.43095 4.36707 4.4292 4.54539 4.45191 4.5516 4.35702 4.52798 4.53458 4.53182 4.5259 4.48844 4.54522 4.55415 4.52182 4.5105 4.43529 4.51065 4.55028 4.57753 4.53259 4.56457 4.56745 4.53308 4.51893 4.589
4.45706 4.44751 4.45428 4.4614 4.46356 4.46666 4.45032 4.55871 4.4704 4.74269 4.53689 4.46598 4.4803 4.40892 4.34194 4.47377 4.47036 4.50251 4.37714 4.46471 4.42525 4.48145 4.46513 4.50789 4.44224 4.47431 4.4956 4.46304 4.47828 4.47312
5.74488 5.75545 5.74432 5.77359 5.70123 5.78377 5.72434 5.74509 5.61542 5.63023 5.75027 5.16728 5.66714 5.58305 5.71689 5.85782 5.71105 5.52873 5.83674 5.99304 5.94861 5.54162 5.59908 5.84837 6.17717 5.82387 6.07166 5.55054 5.54393 6.14289
3.87176 3.81998 3.80248 3.84465 3.88788 3.87221 3.80346 4.56038 4.1777 4.32018 3.92147 4.34127 4.64605 4.32602 4.16888 4.49459 4.69936 4.65782 4.48417 4.63583 4.41283 4.76425 4.47409 4.79348 4.45949 4.79051 4.92979 4.55439 4.81611 4.76193
4.34585 4.36622 4.39264 4.38122 4.40329 4.40997 4.41931 4.41436 4.37818 4.41016 4.4373 4.4248 4.3451 4.37882 4.45045 4.47794 4.397 4.39585 4.37612 4.32977 4.42288 4.43865 4.42478 4.33704 4.39907 4.3919 4.40283 4.39993 4.37627 4.47145
7.83356 7.87313 7.85433 7.86643 7.79283 7.8767 7.79167 7.81243 7.70933 7.76266 7.8343 7.61389 7.70122 7.72944 7.78577 7.76985 7.67557 7.69854 7.834 7.83528 7.62 7.66541 7.50993 7.71982 7.66127 7.66343 7.47799 7.50872 7.65364 7.72018
92.7646 92.7014 92.606 92.967 92.8749 92.953 92.8578 89.134 92.5483 92.7833 92.9671 93.3891 93.2368 93.076 92.8381 93.0141 92.9016 93.2736 92.8049 93.1042 89.7595 92.4502 92.904 92.8743 92.9501 92.8746 92.7262 92.9489 92.6507 92.6411
75.472 75.4578 75.5819 75.3498 75.552 75.3559 75.4701 76.2481 76.0515 76.0154 74.7404 75.7419 75.6656 75.7272 75.2478 75.3353 75.1507 75.547 75.4796 75.3154 76.0553 75.4764 75.536 75.351 75.4507 75.3846 75.8054 75.4861 75.5992 75.7695
73.7629 73.4791 73.5877 73.7163 73.5293 73.2296 73.7995 76.6089 73.0095 71.4739 73.2765 71.2883 71.6767 72.5336 73.5889 72.0437 73.162 72.8299 72.9114 72.6578 76.5205 73.7267 73.7758 73.2678 72.7799 73.9171 72.2648 72.7745 73.2501 74.2086
83.8165 83.9357 84.2249 83.7531 83.9842 83.7746 84.2971 83.9907 82.3828 80.1053 83.5995 81.5103 81.9969 82.5947 83.3221 81.6173 83.2263 83.0743 82.8186 82.8112 83.686 83.7304 83.223 82.8577 83.1133 83.4746 83.0269 83.348 83.7115 83.3404
104.77 104.513 104.46 105.069 104.719 104.68 104.64 104.764 105.364 104.592 105.588 104.76 104.905 104.297 104.029 104.058 103.891 103.986 104.438 104.389 106.187 104.97 105.065 104.079 104.694 103.912 103.04 103.958 104.757 107.028
65.3193 65.1328 64.9716 66.5643 65.7662 66.4472 65.7661 65.688 65.9367 64.725 65.3614 65.9559 65.509 65.2589 65.1261 66.178 65.1422 65.3735 65.4575 65.3991 68.2808 64.8549 64.7983 65.6793 65.6143 65.2163 65.1575 65.0635 65.056 65.9991
143.051 143.199 143.225 142.859 143.082 143.005 143.159 143.827 143.108 142.589 143.774 142.477 142.529 142.407 142.264 142.547 142.115 141.934 142.277 142.734 143.673 142.869 143.034 142.416 142.54 142.391 142.089 142.446 143.147 144.386
5.49711 5.521 5.52712 5.46221 5.49091 5.47138 5.49759 6.05875 5.54376 5.6985 5.45651 5.46788 5.73749 5.55503 5.55496 5.65285 5.56729 5.59753 5.55988 5.51502 6.0447 5.54213 5.5519 5.60782 5.55685 5.59218 5.61858 5.58067 5.57662 5.21301
4.4345 4.4255 4.38907 4.44261 4.38326 4.41101 4.44404 4.4627 4.36125 4.26566 4.32655 4.41217 4.35142 4.41377 4.42749 4.41499 4.42734 4.43898 4.53208 4.3983 4.38571 4.29511 4.29281 4.46676 4.4111 4.41641 4.3467 4.47197 4.39494 4.46498
4.41012 4.41219 4.41152 4.42742 4.41411 4.4365 4.40231 4.57209 4.61579 4.60161 4.41866 4.58244 4.58363 4.59535 4.54926 4.5704 4.54456 4.58809 4.58525 4.55063 4.4786 4.6391 4.59085 4.60507 4.60049 4.57697 4.59303 4.59861 4.58257 4.57522
4.439 4.44944 4.46091 4.43459 4.44542 4.43803 4.46241 4.56951 4.65166 5.20874 4.45797 4.56882 4.55561 4.5121 4.48975 4.58858 4.50554 4.50527 4.49615 4.4998 4.59948 4.49241 4.51642 4.49767 4.46803 4.49624 4.50308 4.4731 4.43651 4.53017
5.6028 5.59588 5.5777 5.61773 5.57983 5.56917 5.59395 6.05998 5.70195 5.62872 5.93536 5.55856 5.67143 5.65193 5.53191 5.51977 5.49544 5.3953 5.6954 5.53465 5.7633 5.68475 5.66887 5.66777 5.66715 5.33465 5.56434 5.50597 5.91785 5.83235
4.13226 3.94959 3.93928 4.07474 4.13146 4.15366 3.96516 4.37144 4.79563 4.56622 4.12541 4.88558 4.6064 4.60921 4.57061 4.49039 4.57139 4.58559 4.70733 4.39059 4.52163 4.4499 4.43907 4.68233 4.69292 4.57093 4.65546 4.48178 4.50601 4.636
4.25299 4.40605 4.42349 4.31265 4.28344 4.32655 4.38515 4.33984 4.41356 4.43291 4.31199 4.4488 4.38444 4.43652 4.36005 4.46011 4.35532 4.41268 4.398 4.38634 4.57874 4.41223 4.43379 4.40675 4.4142 4.41656 4.40023 4.39017 4.40015 4.43102
7.81403 7.82145 7.81599 7.86587 7.80416 7.83175 7.80712 7.82301 7.86604 7.79087 8.12248 8.00619 7.79429 7.88656 7.80991 7.77619 7.80733 7.78584 7.88793 7.79416 7.81433 7.76197 7.92497 7.85204 7.83598 7.76859 7.76907 7.8264 7.77555 7.8459
92.4354 92.4774 92.3893 92.3985 92.3877 92.3197 92.4811 92.139 91.9379 92.0876 92.6936 91.926 92.1478 92.1381 92.5147 92.4691 92.6579 92.3831 92.2734 92.8385 92.2111 91.8953 91.8331 92.3927 92.4692 92.4708 92.3756 92.4964 92.4916 91.6549
75.8334 75.8994 75.9235 75.9306 75.9414 75.8839 75.9161 75.7138 75.9968 75.6927 75.6453 75.8969 76.0866 75.7131 75.6602 76.0173 75.6982 75.9848 75.7151 75.6035 75.9931 75.069 75.8725 75.7851 75.8457 75.6732 75.478 75.7069 75.6911 75.929
72.4201 72.5441 72.621 72.7654 72.6404 72.4335 72.6528 72.9079 72.6726 72.4506 73.0011 72.5498 72.3217 72.8873 72.9799 72.4458 73.2956 73.2366 72.9386 72.6685 74.4155 74.9426 72.7886 72.5782 72.3513 73.1262 72.8278 72.7283 71.8627 73.472
82.9614 83.1541 83.1329 83.3073 83.0916 83.2252 83.1719 83.2055 83.0053 82.8366 83.1794 83.1326 82.9618 83.2466 83.0271 82.6749 83.0092 83.335 83.2232 82.5627 84.4368 80.2826 83.7746 82.8859 83.0861 83.1862 82.7832 82.7071 82.6787 83.8597
102.86 102.917 103.222 103.051 103.743 103.477 103.367 103.611 102.537 102.584 103.957 103.443 103.607 103.113 103.528 103.726 103.505 103.778 103.581 104.003 104.454 104.81 104.804 103.616 104.179 103.787 103.288 104.158 104.386 103.882
65.2571 65.3596 65.3452 65.1122 65.356 65.138 65.489 64.3907 64.0656 64.6376 65.1008 64.5088 64.5893 64.4041 65.1954 65.0299 65.4949 64.6709 64.8787 65.4525 66.0197 61.1964 63.8747 65.095 64.8486 64.9605 65.0701 65.5477 65.2661 65.031
142.647 142.315 142.275 142.631 142.203 142.397 142.451 143.012 142.43 141.792 142.281 142.566 142.406 142.768 141.793 142.472 141.846 141.824 142.636 142.218 142.777 142.099 142.418 142.387 141.97 141.802 141.967 141.9 142.292 143.045
5.53552 5.54853 5.53343 5.54575 5.53148 5.53965 5.54859 5.45065 5.48202 5.5324 5.48712 5.56659 5.47238 5.55182 5.52574 5.54634 5.50328 5.59571 5.54175 5.50067 5.49493 5.53831 5.59738 5.52153 5.50961 5.59111 5.5621 5.59099 5.5629 5.55434
4.50241 4.50139 4.52189 4.52062 4.52306 4.50961 4.49367 4.4573 4.3851 4.48263 4.26925 4.48909 4.41428 4.49763 4.48993 4.41581 4.48393 4.44166 4.51577 4.48627 4.44023 4.13634 4.44432 4.46127 4.4244 4.45134 4.51755 4.48904 4.50382 4.42258
12.2909 11.9595 11.8606 11.7465 12.2618 12.8035 11.9145 12.573 12.6404 12.3834 12.6002 12.3993 12.9546 12.404 12.4863 12.4064 12.5825 12.5522 12.4297 12.3443 12.7079 11.0001 12.6433 12.3013 11.0089 12.41 12.1233 12.2976 11.8857 11.985
4.57326 4.56466 4.55416 4.55532 4.56173 4.55006 4.56274 4.68796 4.67595 4.6431 4.5807 4.68686 4.65026 4.66795 4.68179 4.68203 4.67724 4.66604 4.67837 4.65804 4.64346 5.07309 4.64889 4.71604 4.65235 4.67405 4.64355 4.69229 4.64817 4.65699
4.39155 4.39797 4.39578 4.39142 4.40232 4.38112 4.39685 4.43818 4.47999 4.46712 4.38454 4.42815 4.44623 4.44144 4.44907 4.47244 4.43069 4.47065 4.43192 4.44773 4.50155 4.85721 4.45962 4.43958 4.4332 4.46094 4.45099 4.45699 4.42949 4.43033
5.56126 5.47746 5.48001 5.50143 5.62738 5.671 5.57387 5.73087 5.6545 5.67031 5.56534 5.73104 5.5577 5.75432 5.63716 5.67927 5.58922 5.63786 5.69364 5.59836 5.56492 5.916 5.55997 5.69953 5.59485 5.6012 5.59307 5.69245 5.65578 5.77574
4.15651 4.20886 4.21796 4.11782 4.23845 4.16876 4.18016 4.32777 4.47044 4.5109 4.1306 4.38079 4.54703 4.31834 4.55381 4.43327 4.59961 4.36292 4.45355 4.57133 4.30008 4.57669 4.02784 4.52403 4.48396 4.46794 4.55227 4.65414 4.56175 4.57854
4.25416 4.24409 4.23669 4.23601 4.23978 4.22848 4.24717 4.34916 4.35024 4.33274 4.26679 4.36352 4.3304 4.34415 4.35372 4.34509 4.35954 4.31701 4.37658 4.37362 4.36266 4.01612 4.32975 4.38292 4.37314 4.34408 4.37588 4.36536 4.34209 4.32703
7.95329 7.89824 7.90745 7.92299 7.92041 8.04746 7.93201 8.03909 7.92228 7.89885 7.85992 7.94221 7.8164 7.9579 7.86406 7.85725 7.83811 7.89717 7.84908 7.85756 7.84655 7.93785 7.89352 7.87407 7.80975 7.85306 7.79081 7.87769 7.83579 7.8671
92.1145 92.1404 92.0545 92.0858 91.9772 92.1765 92.059 92.1421 91.9977 92.3695 92.2787 92.119 91.4648 92.2999 92.1471 92.0871 92.135 91.9577 92.2927 92.4787 92.0797 92.4903 92.0579 92.1071 92.1154 91.9685 92.6014 92.0861 92.226 91.7228
153.575 153.557 153.596 153.575 153.538 153.549 153.714 153.427 153.547 153.424 153.141 153.385 153.666 153.38 153.391 153.308 153.457 153.615 153.301 153.168 153.442 154.254 153.778 153.426 153.252 153.758 153.055 153.571 153.185 153.692
75.6973 75.782 75.804 75.7619 75.713 75.4758 75.7781 75.1945 75.3017 75.2538 75.5156 75.3652 75.461 75.6325 75.4005 75.3934 75.6218 75.372 75.2178 76.0047 75.4289 75.0369 75.9195 74.7828 75.3464 75.8288 75.7272 75.1429 75.2386 75.8644
74.2153 73.9389 74.1046 73.981 74.0718 74.7567 74.1425 74.0231 74.1167 73.6978 74.0839 73.8175 74.2415 73.9307 73.8123 73.7819 73.7381 74.311 74.0085 74.278 73.7909 72.9983 73.6739 73.4906 73.8661 73.8115 73.8402 73.8709 73.9643 73.8075
83.1478 83.0703 83.0995 83.036 83.084 83.2993 83.1837 83.2158 83.2231 82.8254 83.0923 83.1596 83.5219 83.1889 83.0675 83.0181 82.9754 83.2339 83.1624 83.073 83.2843 82.1447 83.3875 83.1659 83.2906 83.1206 82.709 83.116 83.0115 83.5795
66.2804 66.3026 66.4659 66.4706 66.5757 66.3725 66.2823 65.8846 65.6564 66.1562 66.0041 65.7359 65.235 66.1162 66.1903 65.5841 65.9987 66.0746 66.1395 66.267 65.8542 63.9203 65.9621 65.7684 65.6643 66.0898 66.4486 66.1112 66.2659 65.7224
140.314 140.285 140.332 140.266 140.342 140.125 140.291 140.405 140.531 140.489 140.153 140.408 140.692 140.634 140.398 140.241 140.367 140.693 140.721 140.545 140.945 140.144 141.287 140.133 140.76 140.9 140.139 140.54 140.415 140.969
5.98804 6.00286 5.98991 5.99808 5.9583 5.97819 5.99726 6.38415 6.42512 6.3834 5.90551 6.42435 6.45437 6.47335 6.39375 6.42839 6.38393 6.44612 6.38089 6.40116 6.42411 6.33532 6.46478 6.37976 6.42888 6.47213 6.37122 6.39237 6.39301 6.48282
7.52124 7.52807 7.51577 7.5317 7.44594 7.33115 7.47702 6.92254 6.98704 6.92854 7.37839 6.74898 6.89052 6.88821 6.73672 6.61886 6.8174 6.71371 6.77216 6.87333 6.90541 6.7141 7.18346 6.79857 6.98122 7.10061 6.1495 6.87018 6.79071 7.14102
4.50312 4.48665 4.49334 4.48654 4.49333 4.52743 4.48482 4.61513 4.6052 4.62816 4.34902 4.63192 4.63817 4.64248 4.62727 4.60044 4.58823 4.59577 4.61433 4.64012 4.63475 4.62094 4.59434 4.58852 4.63867 4.58643 4.62143 4.62085 4.61141 4.59644
4.63883 4.63869 4.63712 4.64034 4.62665 4.6229 4.62325 4.77493 4.79536 4.84343 4.61666 4.76273 4.79854 4.77461 4.808 4.75666 4.78135 4.74817 4.78666 4.76981 4.7788 4.91829 4.84759 4.7323 4.79833 4.78266 4.75226 4.79343 4.79839 4.81877
4.54541 4.5515 4.55082 4.54903 4.54532 4.53682 4.54824 4.62667 4.63701 4.64292 4.5097 4.63058 4.63339 4.65089 4.62752 4.65205 4.6432 4.63699 4.63223 4.63123 4.63476 4.76867 4.6446 4.60447 4.63042 4.64818 4.64905 4.63393 4.6342 4.6386
4.48771 4.49561 4.55752 4.54207 4.71797 4.44652 4.47518 4.58375 4.57742 4.70221 4.43056 4.60525 4.36792 4.63957 4.70715 4.55313 4.72884 4.71453 4.69846 4.67674 4.56097 4.58901 4.59875 4.67637 4.55409 4.77238 4.8579 4.74948 4.72496 4.57498
4.34155 4.34843 4.34116 4.35099 4.33351 4.35756 4.36016 4.51772 4.53731 4.52173 4.29661 4.53481 4.51979 4.52845 4.52362 4.53153 4.53299 4.51305 4.53264 4.55848 4.52874 4.53662 4.53877 4.53175 4.54286 4.51331 4.57528 4.53934 4.54082 4.54242
8.23768 8.24358 8.22515 8.24379 8.146 8.21068 8.23593 8.10558 8.17872 8.09872 8.19209 8.10682 8.07278 8.17427 8.09306 8.03185 8.05929 8.18244 8.14718 8.08695 8.11132 8.27251 8.29384 8.12235 8.18739 8.23975 8.12107 8.08721 8.09157 8.21787
92.9049 92.8833 92.8896 92.8269 92.9456 92.9903 92.869 93.2674 93.2825 93.1351 93.3296 93.1785 93.0749 93.0584 93.2051 93.255 93.0381 93.3593 93.2186 92.9517 93.2073 93.2255 92.8568 93.3013 93.293 92.9738 93.1388 93.1723 93.3064 92.9346
75.6296 75.5725 75.6534 75.7332 75.6385 75.5538 75.639 75.3821 75.3157 75.3973 75.4819 75.3053 75.37 75.3413 75.194 75.1766 75.626 75.1733 75.4558 75.5715 75.6881 75.4723 75.4642 75.5367 75.4902 75.5779 75.82 75.5982 75.2529 75.4115
72.563 73.1374 73.2242 72.9572 72.9709 72.7517 73.1895 72.0582 71.8192 72.3563 72.4338 72.1285 72.7646 72.333 72.0735 72.4414 72.0903 71.9026 72.636 72.2488 71.792 72.106 72.6115 72.0778 71.7641 72.319 71.3401 71.8842 72.0038 71.8604
82.8347 83.0317 83.0996 82.9635 82.9757 82.6855 83.0992 82.5011 82.4982 82.5311 82.7114 82.4235 82.6064 82.309 82.5145 82.5358 82.5078 82.3035 82.5495 82.4257 82.6876 82.5322 82.8863 82.2584 82.5423 82.6976 82.0229 82.3953 82.4904 82.9214
103.203 103.245 103.333 103.308 103.333 102.849 103.223 102.906 102.826 102.855 103.086 103.316 103.137 102.912 103.049 103.392 102.633 102.984 103.012 102.974 103.331 102.387 103.281 103.329 102.998 103.049 103.025 103.137 102.845 102.896
64.7175 64.7675 64.7163 64.7625 64.7855 64.8933 64.7228 65.1324 64.86 65.1069 64.8532 64.9664 65.058 64.9069 64.9056 64.9495 65.0336 64.9773 65.0609 65.1503 64.9621 65.259 64.914 65.28 65.1111 64.9528 65.2787 65.0745 64.9775 64.7724
141.541 141.538 141.571 141.599 141.62 141.454 141.529 141.181 140.971 141.347 141.334 141.002 141.26 141.201 141.233 140.925 142.153 140.974 141.224 142.328 141.533 141.52 141.96 141.293 141.363 142.319 142.201 141.312 141.164 141.369
5.50793 5.5164 5.51156 5.50217 5.50585 5.50572 5.51341 5.45633 5.46514 5.45884 5.47938 5.46446 5.46805 5.47914 5.45445 5.45716 5.39573 5.45837 5.4351 4.96944 5.43039 5.39791 5.42914 5.42742 5.4468 5.4123 5.27188 5.45478 5.43452 5.44966
4.36593 4.35803 4.36038 4.34875 4.35518 4.36005 4.3456 4.43006 4.36868 4.41708 4.19103 4.41581 4.41295 4.40568 4.41723 4.38117 4.33706 4.40778 4.40337 4.2973 4.3328 4.40319 4.43227 4.41081 4.38314 4.35087 4.30558 4.4211 4.41339 4.33096
13.3116 13.5556 13.3789 13.7303 13.8951 14.1136 13.342 13.4922 13.4753 13.4081 13.498 13.4154 13.4791 13.5281 13.3633 13.3482 13.4505 13.4115 13.4817 13.3734 13.4753 13.4219 13.5481 13.381 13.3677 13.5163 13.1497 13.3891 13.3766 13.2874
4.47401 4.46496 4.46125 4.46341 4.45846 4.47219 4.46065 4.56515 4.57297 4.56805 4.47568 4.5658 4.57383 4.58224 4.57331 4.57336 4.55221 4.57225 4.55314 4.53754 4.56754 4.56448 4.55418 4.56235 4.56861 4.56095 4.56209 4.56422 4.55947 4.57777
4.40643 4.40542 4.40856 4.40698 4.40525 4.40087 4.40761 4.43855 4.43842 4.44482 4.37768 4.4712 4.44686 4.46898 4.44625 4.45729 4.45289 4.43981 4.44381 4.44441 4.43969 4.4458 4.44889 4.41986 4.42151 4.4592 4.45474 4.415 4.43554 4.45012
5.30948 5.30944 5.36417 5.35427 5.38208 5.18942 5.26624 5.1451 5.05334 5.05029 5.10436 5.14419 5.0846 4.8327 5.09739 5.0396 5.30336 4.99034 5.15683 5.43583 5.06445 5.11903 5.23695 5.19609 5.20115 5.2153 5.44461 5.11455 5.11729 5.07561
4.44855 4.52331 4.49964 4.4942 4.44401 4.11013 4.5137 4.37114 4.52403 4.47732 4.32234 4.52256 4.48227 4.54272 4.48481 4.55667 4.48752 4.34613 4.46982 4.39158 4.52382 4.34258 4.70154 4.34271 4.48126 4.46183 4.4891 4.40851 4.47466 4.75585
4.21686 4.20542 4.19891 4.20092 4.20043 4.25625 4.20348 4.33673 4.33682 4.32983 4.18253 4.33385 4.32978 4.34041 4.33104 4.32814 4.3216 4.35975 4.33076 4.36542 4.32959 4.2983 4.27343 4.35324 4.33158 4.32826 4.37803 4.34798 4.34088 4.28234
7.71239 7.6966 7.71689 7.72963 7.74895 7.60555 7.65503 7.60039 7.53038 7.57725 7.6849 7.54688 7.54109 7.47693 7.5569 7.51372 7.63024 7.44361 7.50032 7.58676 7.4825 7.59471 7.67381 7.57308 7.5514 7.56192 7.5046 7.53885 7.52785 7.5667
93.0731 93.1204 93.1684 93.0942 93.1395 93.1391 93.1862 93.2203 93.0988 93.3303 93.4995 93.2252 93.1152 93.3048 93.2556 93.2616 92.9813 93.3704 93.1426 92.9084 92.8161 93.0789 93.1169 93.1744 93.1411 93.1675 92.8132 93.1731 93.3374 92.857
76.0806 76.0997 76.1615 76.089 76.0783 76.0513 76.1149 75.8754 75.9758 75.9072 75.665 75.8573 75.9579 75.9285 75.8343 75.8058 76.0125 76.1077 75.8534 75.9093 76.1836 75.9644 75.9033 76.0552 75.9083 75.8539 75.8385 75.8672 75.8414 75.9242
73.1709 73.3649 73.272 73.4214 73.3042 73.3166 73.2526 72.6628 72.2578 72.6967 72.868 72.6825 72.6371 72.5882 72.6233 72.6825 72.262 72.5319 72.4057 72.6553 72.5164 72.4311 72.4049 72.1216 72.6375 72.4895 73.0644 72.1518 72.4411 72.5055
82.824 82.7885 82.7789 82.8056 82.8683 82.799 82.724 82.5638 82.6844 82.6918 82.5675 82.5761 82.6904 82.4781 82.6445 82.6406 82.5871 82.5313 82.4562 82.5108 82.6776 82.6499 82.5588 82.4784 82.658 82.5169 82.5977 82.5377 82.5 82.877
97.9427 98.2748 98.3164 98.6023 98.4622 98.3702 98.3572 97.6393 96.8355 97.1518 97.7921 97.3278 98.094 97.6527 97.1032 97.2103 97.3816 97.3508 98.2853 99.1044 97.6542 97.1 98.8491 99.5325 97.6003 97.4154 99.4586 99.479 97.2071 96.4332
65.0885 65.0263 65.0038 64.9658 64.8673 65.0161 64.9994 65.2516 64.9043 65.4329 65.7212 65.5014 65.2837 65.411 65.4856 65.3173 64.8293 65.4597 65.1253 64.9218 64.7056 65.178 65.2177 65.3483 64.9651 65.0525 64.7153 65.3317 65.6082 64.6625
141.546 141.454 141.495 141.598 141.508 141.605 141.52 141.779 141.847 141.776 141.004 141.834 142.007 141.647 141.817 141.874 141.844 142.006 141.927 142.186 141.931 141.743 142.382 142.35 141.856 141.954 141.835 142.408 141.764 142.017
5.60935 5.6313 5.63197 5.63122 5.62417 5.61545 5.62921 5.63125 5.62253 5.64861 5.57461 5.61251 5.62189 5.612 5.60902 5.6138 5.63687 5.61712 5.63157 5.66372 5.655 5.62921 5.62967 5.62434 5.62538 5.61791 5.62883 5.64021 5.61002 5.63778
4.42674 4.44102 4.44122 4.43854 4.46445 4.45021 4.4514 4.49017 4.47025 4.48437 4.37337 4.45914 4.45054 4.46734 4.47297 4.48141 4.48578 4.43592 4.50044 4.52339 4.43173 4.48843 4.51153 4.4497 4.47302 4.47519 4.40946 4.49925 4.47966 4.50106
4.46819 4.4693 4.47624 4.46801 4.46735 4.46918 4.47911 4.51209 4.51784 4.50761 4.48978 4.50952 4.48908 4.50334 4.50738 4.50702 4.49793 4.4897 4.47126 4.49392 4.48668 4.50755 4.48278 4.48589 4.5132 4.49672 4.46567 4.48893 4.50272 4.52373
4.38032 4.38795 4.38819 4.3901 4.38274 4.38501 4.38992 4.44791 4.44384 4.44058 4.37995 4.4394 4.43274 4.45861 4.44166 4.44037 4.45744 4.4395 4.45254 4.41999 4.43618 4.43789 4.41392 4.41496 4.45136 4.44797 4.45415 4.40994 4.44862 4.43582
5.68099 5.70531 5.6993 5.71256 5.67044 5.66647 5.68825 5.5924 5.57509 5.57649 5.60491 5.60459 5.68456 5.60356 5.59276 5.6039 5.61563 5.56778 5.61656 5.65574 5.55959 5.58255 5.64624 5.68791 5.58139 5.59097 5.74213 5.68214 5.5655 5.58918
4.35632 4.37048 4.31883 4.35244 4.31168 4.36094 4.32623 4.49197 4.4413 4.49391 4.39497 4.50709 4.59434 4.51008 4.49891 4.45061 4.47227 4.48618 4.57997 4.53495 4.40868 4.55072 4.5624 4.60956 4.35989 4.41929 4.5107 4.59146 4.53887 4.3019
4.18181 4.17933 4.19128 4.18398 4.17481 4.18451 4.19798 4.52742 4.54572 4.54671 4.17843 4.54175 4.53233 4.54074 4.53629 4.53654 4.53725 4.54932 4.52947 4.58721 4.54056 4.53035 4.57404 4.66972 4.54789 4.5533 4.54606 4.6711 4.55146 4.54333
7.78768 7.77801 7.78272 7.7741 7.77306 7.77153 7.7857 7.83119 7.88072 7.82086 7.76173 7.84809 7.82419 7.82802 7.84737 7.85653 7.8678 7.85902 7.80992 7.86195 7.87373 7.82113 7.85433 7.83917 7.85883 7.86765 7.82321 7.84601 7.83659 7.95174
92.6385 92.7435 92.6133 92.7754 92.6601 92.7429 92.7011 93.0034 92.6556 93.2671 93.2022 92.9246 92.8739 92.8933 92.8701 92.8905 92.7913 92.8924 93.111 93.0045 92.7979 93.0169 93.1196 92.925 92.7923 92.9568 92.8698 93.1168 93.0343 92.7495
75.4432 75.4226 75.4421 75.614 75.1948 75.4506 75.5447 75.5837 75.4299 75.5924 75.4953 75.5271 75.4899 75.5299 75.4102 75.4766 75.5654 75.9313 75.5929 75.5392 75.8181 75.6896 75.5703 75.699 75.4538 75.4905 75.801 75.4962 75.7059 75.5042
73.2975 73.468 73.4196 73.3 73.4555 73.3982 73.4386 72.6425 73.1695 72.9524 72.9916 72.6781 72.7699 72.3898 72.7619 72.7557 72.8162 73.7254 72.7126 72.6363 73.3444 72.448 72.6907 72.7414 72.8453 72.7309 73.1198 72.8426 72.1872 72.7831
82.6145 82.6137 82.657 82.5539 82.7159 82.6088 82.628 82.2131 82.4927 82.0266 82.3075 82.2747 82.2439 82.1544 82.2837 82.1818 82.3463 82.486 81.9206 82.0767 82.2706 81.9683 81.9968 82.1542 82.3376 82.1933 82.4637 82.0089 81.9823 82.351
65.6566 65.7008 65.641 65.6511 65.6783 65.7011 65.6402 65.6892 65.6302 65.7787 65.7769 65.7399 65.6877 65.6821 65.7539 65.7753 65.5916 65.8005 65.7818 65.6525 65.6684 65.5913 65.7152 65.6463 65.7192 65.7666 65.7715 65.7595 65.7072 65.6014
137.52 137.693 137.732 137.717 137.65 137.663 137.659 136.081 136.002 135.868 136.387 136.24 136.259 135.927 135.959 135.861 135.81 137.14 135.848 136.073 136.444 135.866 135.935 135.97 136.055 135.821 136.566 135.805 135.818 135.912
12.8054 12.3446 12.4572 12.3056 12.3676 12.4139 12.292 12.4366 12.463 12.4582 12.81 12.4872 12.4202 12.4791 12.4288 12.4138 12.4282 12.4972 12.5026 12.4508 12.4251 12.3962 12.5292 12.4502 12.4183 12.4328 12.441 12.4862 12.4046 12.3573
5.68726 5.69487 5.68329 5.70336 5.69124 5.69694 5.70143 5.85057 5.85031 5.83861 5.64338 5.83956 5.83914 5.83266 5.83846 5.83791 5.8544 5.87081 5.83803 5.85064 5.84896 5.84011 5.84367 5.83563 5.84619 5.83685 5.85927 5.84194 5.83518 5.84993
4.52888 4.51899 4.55996 4.51085 4.52099 4.50453 4.52367 4.56721 4.62063 4.55977 4.23899 4.58642 4.59568 4.59191 4.59083 4.57476 4.58401 4.65485 4.62363 4.60905 4.609 4.56726 4.61867 4.57455 4.58636 4.57243 4.56451 4.60889 4.58138 4.60418
4.57404 4.57784 4.5697 4.57224 4.57329 4.57874 4.5758 4.58078 4.60538 4.55403 4.50825 4.56323 4.57023 4.55261 4.57696 4.56668 4.59174 4.60924 4.56401 4.55878 4.57612 4.55114 4.56167 4.55708 4.58228 4.57898 4.59271 4.58632 4.54903 4.58397
4.51693 4.5156 4.5117 4.51594 4.50935 4.51487 4.5181 4.53443 4.53116 4.53568 4.5007 4.53203 4.53839 4.53451 4.53987 4.55204 4.52885 4.53617 4.54119 4.53107 4.54049 4.5493 4.53054 4.53749 4.53816 4.53521 4.54087 4.54208 4.53909 4.5333
4.50368 4.50085 4.53 4.49952 4.51975 4.49972 4.5324 4.71177 4.80946 4.68689 4.40225 4.68562 4.718 4.71188 4.68877 4.6864 4.79548 4.74094 4.68316 4.7416 4.80731 4.73131 4.6997 4.76465 4.72817 4.69351 4.77692 4.69996 4.67282 4.78058
4.27725 4.28037 4.27459 4.26702 4.27071 4.27173 4.27714 4.34177 4.33969 4.35162 4.2671 4.34112 4.34395 4.34581 4.34343 4.34268 4.33466 4.40078 4.35543 4.33871 4.38802 4.34536 4.34208 4.34443 4.34303 4.34708 4.407 4.35341 4.34919 4.33145
7.70774 7.6856 7.6921 7.67296 7.66968 7.68934 7.68565 7.71535 7.70041 7.5811 7.69224 7.71662 7.7027 7.72024 7.73524 7.69995 7.69355 7.72531 7.65357 7.66812 7.74012 7.67026 7.66445 7.70328 7.73073 7.68729 7.85778 7.68223 7.69204 7.67994
147.951 147.372 147.498 146.943 147.488 147.249 147.157 147.953 148.134 147.075 148.06 147.788 147.766 148.116 147.954 147.711 148.005 147.345 147.516 147.402 147.221 147.818 147.525 147.834 147.97 147.623 147.766 147.297 147.824 148.072
93.9385 93.9677 93.9594 93.9597 94.0038 93.9763 93.9686 94.1348 94.1525 94.0066 94.1634 94.0423 94.0713 94.101 94.0041 93.901 94.0783 94.1346 94.2738 94.1667 94.2491 94.1862 94.2667 94.202 94.0072 93.9702 93.7546 94.1618 94.0925 94.1191
75.4833 75.569 75.5462 75.7916 75.6536 75.6285 75.5783 75.686 75.5733 75.608 75.7949 75.7436 75.6894 75.5789 75.5843 75.6958 75.6254 75.757 75.6697 75.6229 75.7199 75.645 75.5766 75.6426 75.6708 75.6688 75.5056 75.6385 75.9263 75.5578
72.2919 72.0668 72.3574 72.3589 72.133 71.9734 72.0973 71.7397 71.7411 71.7738 72.055 71.8226 71.8702 71.8015 71.9209 71.6617 71.7496 71.4444 71.6512 71.769 71.6465 71.5418 71.7647 71.6544 71.9013 71.7599 71.9174 71.8695 71.4181 71.7744
82.2119 82.2227 82.1029 82.2166 82.2599 82.2615 82.1626 82.2516 82.232 82.3241 82.1585 82.2727 82.2862 82.2531 82.3599 82.4384 82.2829 82.0353 82.249 82.2925 82.1077 82.1664 82.2454 82.2367 82.3465 82.3973 82.3507 82.3599 82.2476 82.2578
97.7801 97.8084 98.2809 98.3335 97.2846 97.8319 97.9572 96.3426 96.0459 96.0021 96.6433 96.2461 96.2313 96.2664 96.0975 95.8328 96.0392 97.0421 96.0916 96.0813 96.5948 96.1414 96.1109 96.2564 96.0635 95.9455 97.0514 96.028 96.7599 96.0092
64.5631 64.5459 64.5342 64.417 64.6277 64.5045 64.4746 64.6582 64.8136 64.7769 64.6364 64.7481 64.7749 64.7322 64.797 64.8082 64.8037 64.6055 64.8703 64.8649 64.6808 64.7329 64.9084 64.8024 64.7947 64.7925 64.5678 64.9136 64.7987 64.8219
141.315 141.262 141.335 141.311 141.186 141.273 141.246 141.005 141.102 141.21 140.902 141.153 141.165 141.134 141.113 141.038 141.112 141.123 141.115 141.165 141.176 141.025 141.155 141.171 141.146 141.131 141.325 141.224 141.16 141.151
5.56589 5.56271 5.56018 5.60117 5.56869 5.57151 5.56507 5.62109 5.62316 5.60904 5.55607 5.62056 5.61417 5.60857 5.60626 5.60453 5.61985 5.66359 5.62543 5.62407 5.62838 5.61722 5.62931 5.61253 5.61301 5.60245 5.619 5.62425 5.62205 5.61034
4.37344 4.37602 4.36276 4.31083 4.36488 4.36951 4.37702 4.38167 4.41396 4.38492 4.14635 4.37497 4.38604 4.39993 4.38893 4.40479 4.38965 4.45736 4.39785 4.40073 4.41 4.38793 4.40555 4.38828 4.37559 4.3846 4.39559 4.37479 4.37581 4.40298
4.45585 4.46413 4.4473 4.46511 4.46861 4.46699 4.45975 4.47255 4.47793 4.47629 4.45817 4.47411 4.46656 4.46257 4.46657 4.46056 4.47285 4.44469 4.46844 4.47089 4.45499 4.46442 4.47143 4.46824 4.47245 4.46728 4.47908 4.48005 4.43858 4.47229
4.34423 4.34786 4.34331 4.35717 4.34575 4.35013 4.3557 4.40221 4.39853 4.39616 4.34514 4.39674 4.39588 4.39403 4.3929 4.40318 4.3937 4.42515 4.40887 4.39347 4.41479 4.40021 4.39168 4.39883 4.39629 4.3991 4.41533 4.3961 4.40439 4.39736
5.37729 5.35373 5.4412 5.40152 5.28294 5.335 5.38274 5.09058 5.0606 5.0147 5.09289 5.10951 5.09005 5.13711 5.0512 5.03073 5.09643 5.22586 5.15825 5.09712 5.17322 5.14125 5.12358 5.13752 5.05465 5.03381 5.17173 5.06818 5.22006 5.09357
4.35667 4.33648 4.35584 4.40519 4.33672 4.32506 4.35284 4.51297 4.50564 4.51411 4.32126 4.48433 4.51271 4.51111 4.49774 4.50169 4.50218 4.59009 4.49573 4.50054 4.54733 4.50545 4.50857 4.50587 4.50268 4.49507 4.60078 4.51505 4.64512 4.50448
4.17813 4.20511 4.16816 4.18124 4.18616 4.21233 4.19882 4.51585 4.50624 4.51653 4.14765 4.51028 4.49908 4.50006 4.49634 4.5 4.50682 4.48778 4.50971 4.50566 4.49795 4.52328 4.50654 4.51658 4.50382 4.50656 4.50994 4.508 4.46802 4.50756
7.65868 7.64869 7.66498 7.65755 7.64484 7.64701 7.65286 7.64947 7.66938 7.66919 7.63621 7.68033 7.67225 7.67974 7.66363 7.66406 7.66898 7.68913 7.70621 7.68238 7.71057 7.6847 7.68663 7.68087 7.66109 7.65849 7.64473 7.6705 7.67398 7.67049
93.3339 93.3768 93.3129 93.2991 93.3602 93.3574 93.3716 93.4604 93.4886 93.2887 93.4099 93.406 93.4267 93.4458 93.3739 93.3421 93.3443 93.6888 93.5698 93.4361 93.5217 93.4182 93.4014 93.5116 93.3437 93.3682 93.3884 93.308 93.2542 93.4056
76.9788 76.9747 76.9802 77.0104 76.969 76.9636 76.9802 77.0034 77.0188 77.0085 76.9911 77.0393 76.9221 76.9359 76.9509 77.114 77.0389 76.8994 77.0625 77.0228 77.0689 77.0237 77.0212 77.0292 77.0242 77.0657 77.0168 77.0138 77.0392 77.0044
70.2282 70.1134 70.2653 70.1213 70.1503 70.2589 70.0603 69.6672 69.5522 69.631 69.6116 69.5007 69.5557 69.6954 69.6978 69.7405 69.3533 69.0725 68.984 69.5235 69.4635 69.4465 69.5143 69.5054 69.6096 69.5999 69.417 69.6007 69.6587 69.5125
81.9855 81.9163 81.9327 82.1233 81.9823 81.8978 81.9101 81.9064 81.9511 82.1077 81.8227 82.0123 81.9393 82.018 82.1117 82.0026 82.0316 81.7328 81.9115 82.0313 81.8413 81.9487 82.0787 81.9363 82.0742 82.0106 82.0476 82.1444 81.9845 81.9858
100.273 100.057 100.512 100.419 99.9508 100.157 100.047 97.9999 97.7616 98.0344 98.383 97.9936 98.2415 97.9826 98.1086 97.7916 97.7026 98.9426 97.4158 97.8502 97.8792 97.5491 97.8013 97.7141 98.0905 97.9398 97.6868 98.0666 98.3026 97.7863
64.7121 64.7247 64.6168 64.5682 64.7233 64.7339 64.7466 64.6598 64.6926 64.6101 64.5325 64.6273 64.5363 64.6522 64.6469 64.757 64.692 64.5889 64.7738 64.6872 64.68 64.7053 64.7184 64.7347 64.6372 64.6677 64.7183 64.7067 64.2838 64.7182
141.64 141.577 141.652 141.559 141.612 141.693 141.573 141.735 141.738 141.736 141.476 141.682 141.635 141.752 141.718 141.791 141.638 142.044 141.517 141.722 141.68 141.698 141.731 141.731 141.669 141.695 141.702 141.775 141.53 141.711
5.64753 5.63657 5.65003 5.65293 5.63896 5.64764 5.64049 5.6828 5.68178 5.68198 5.63192 5.68184 5.68737 5.67249 5.67056 5.67797 5.67933 5.70282 5.67579 5.68062 5.69169 5.67497 5.67861 5.67293 5.6761 5.67622 5.66731 5.67985 5.69544 5.67518
4.11263 4.10495 4.10187 4.11162 4.11149 4.10877 4.10939 4.17769 4.19089 4.19534 4.1075 4.17702 4.17678 4.17785 4.17662 4.18137 4.18016 4.38283 4.18133 4.18905 4.18608 4.18943 4.19018 4.17845 4.17052 4.17219 4.16956 4.18713 4.19731 4.18603
4.33716 4.3312 4.32624 4.34155 4.33702 4.33211 4.33683 4.3333 4.33323 4.33341 4.30234 4.33371 4.33099 4.33165 4.33153 4.32957 4.33597 4.29987 4.32861 4.33111 4.33296 4.33548 4.33114 4.33074 4.33386 4.32999 4.33441 4.33719 4.34574 4.3363
4.33145 4.334 4.33781 4.33259 4.32987 4.32717 4.33706 4.38124 4.38254 4.38612 4.34977 4.38558 4.39196 4.37852 4.38083 4.37478 4.38461 4.34062 4.3956 4.38222 4.38907 4.37994 4.3813 4.38374 4.38476 4.38286 4.38176 4.37796 4.39289 4.38511
5.65684 5.65845 5.6684 5.65415 5.64789 5.65567 5.65619 5.44106 5.43501 5.42223 5.57277 5.45259 5.47592 5.45743 5.45783 5.43355 5.44294 5.46911 5.44383 5.44767 5.45464 5.42255 5.44213 5.45362 5.46175 5.45593 5.46079 5.45442 5.48198 5.44822
4.1919 4.13676 4.20556 4.24238 4.15974 4.15426 4.1108 4.33636 4.37774 4.39509 4.24263 4.35531 4.41043 4.38706 4.39476 4.33713 4.36811 4.45678 4.33411 4.38631 4.34531 4.37013 4.40388 4.33078 4.37379 4.34496 4.37576 4.37934 4.63988 4.36576
4.15422 4.15935 4.15051 4.17183 4.15497 4.14896 4.16902 4.49008 4.49112 4.48842 4.13759 4.50013 4.50133 4.48843 4.48765 4.48153 4.49731 4.52262 4.50712 4.49111 4.49557 4.50085 4.49047 4.494 4.49625 4.48944 4.49913 4.49578 4.51094 4.49479
7.68582 7.69003 7.68509 7.67969 7.69272 7.68768 7.6944 7.75636 7.75707 7.7467 7.76418 7.75977 7.75162 7.75754 7.74826 7.75777 7.75612 7.77411 7.75645 7.75628 7.76375 7.7568 7.75343 7.76402 7.75103 7.75579 7.75657 7.75256 7.79733 7.75601
