139.217 139.162 139.178 139.09 139.107 138.473 138.331 138.472 138.732 138.383 138.233 138.708 139.419 138.957 139.135 138.946 139.071 139.075 139.111 138.866 138.891 138.849 138.697 138.987 139.083 138.473 139.183 138.63 138.87 138.882
5.73151 5.71796 5.70906 5.73006 5.73927 5.69147 5.70736 5.71732 5.72812 5.70815 5.85331 5.70268 5.86583 5.89061 5.89472 5.87558 5.8804 5.88005 5.88353 5.88219 5.88066 5.8699 5.88042 5.8919 5.89208 5.89617 5.89355 5.88089 5.89282 5.87909
4.66262 4.57418 4.63107 4.61637 4.69402 4.53457 4.53014 4.55739 4.53795 4.52183 4.6613 4.61238 4.57731 4.63472 4.62218 4.61167 4.66536 4.67231 4.76189 4.62361 4.69523 4.64847 4.60781 4.72323 4.75265 4.68886 4.69772 4.60118 4.68727 4.70497
7.93287 7.87985 7.89783 7.81933 7.93662 7.84912 7.76438 7.76173 7.78301 7.77179 8.15771 7.81034 8.07052 7.99443 8.0562 8.04893 8.01712 8.25462 8.06424 8.01931 8.02062 8.03353 7.96294 8.00724 8.02856 7.91906 8.01289 7.97425 7.9947 8.07391
91.8969 91.7809 91.8905 92.41 91.9945 92.2616 92.3023 92.3148 92.1897 92.2709 91.9 92.0012 91.6455 92.1191 92.2702 92.0524 91.8808 92.1094 91.9868 91.9781 92.1261 91.8394 92.0377 92.1457 91.9718 92.2891 91.5206 91.7847 91.9525 91.9802
136.436 136.543 136.067 137.029 136.494 136.825 136.774 136.708 136.594 136.843 136.966 136.725 137.731 136.956 137.451 137.295 137.585 137.012 136.715 137.077 136.726 136.895 137.264 136.379 136.769 137.698 136.851 137.184 136.631 136.663
12.5979 12.7704 12.9738 12.0666 12.6615 12.1054 12.5285 12.2776 12.1803 12.445 12.1207 12.4202 12.12 12.1011 12.0599 12.1671 12.138 12.0786 12.1068 12.1312 12.1445 12.1182 12.0843 12.0745 12.0864 12.1232 12.1785 12.1336 11.6768 12.1171
5.67964 5.66649 5.65276 5.65991 5.70059 5.63259 5.63308 5.64269 5.65524 5.66877 5.85964 5.65496 5.83628 5.85726 5.86121 5.8534 5.87015 5.86367 5.8403 5.84089 5.84332 5.84385 5.84758 5.83392 5.86034 5.8685 5.88236 5.82463 5.87064 5.84522
4.6583 4.67497 4.68588 4.49135 4.66887 4.45954 4.425 4.45218 4.28871 4.29454 4.60993 4.3769 4.68935 4.64684 4.64806 4.65654 4.72674 4.68181 4.67897 4.67958 4.62652 4.66545 4.62068 4.67669 4.66227 4.69113 4.70698 4.67885 4.63695 4.65706
4.62021 4.6143 4.61251 4.54391 4.61997 4.55829 4.53098 4.51929 4.4911 4.53065 4.63701 4.54782 4.61138 4.59829 4.60724 4.59312 4.66118 4.61576 4.64139 4.61628 4.62054 4.62976 4.58105 4.58705 4.61129 4.64411 4.66984 4.62449 4.58368 4.63829
7.61048 7.69427 7.63195 7.44443 7.57448 7.34475 7.3595 7.39364 7.42862 7.41888 7.317 7.42949 7.7338 7.52205 7.61107 7.54671 7.46114 7.45505 7.35463 7.58092 7.44918 7.49053 7.56183 7.40507 7.36532 7.54866 7.42094 7.6133 7.54363 7.41167
146.199 146.166 146.572 147.241 146.22 147.456 147.783 147.027 147.692 148.102 147.297 147.982 148.048 147.513 147.276 147.642 147.53 147.341 147.907 147.556 147.601 147.627 147.276 147.526 147.037 146.483 147.631 147.06 145.901 147.604
92.1991 92.1883 92.3016 92.3228 92.2574 92.4718 92.3354 92.4573 92.3094 92.0896 91.5983 92.1082 92.1752 92.2445 92.3105 92.3132 91.9733 92.3963 92.135 92.2181 92.2055 91.8748 92.0317 92.2699 92.2556 92.1123 91.7277 91.7567 92.1141 91.8342
154.081 154.143 154.37 154.041 154.105 153.916 153.908 153.971 153.374 152.867 153.422 153.742 152.844 153.244 153.188 152.954 152.981 153.114 153.23 152.881 152.994 153.189 153.176 153.127 153.179 155.176 153.142 153.164 153.081 153.295
139.494 139.375 139.144 139.843 139.423 139.294 139.402 139.403 139.375 139.467 139.626 139.264 139.494 139.566 139.479 139.716 139.315 139.383 139.42 139.465 139.738 139.408 139.722 139.337 139.171 139.581 139.354 139.293 139.554 139.302
5.94536 5.95919 5.93067 5.90001 5.95051 5.92582 5.92844 5.90213 5.92542 5.90077 6.42361 5.91001 6.40487 6.44241 6.42618 6.40761 6.4188 6.40921 6.41001 6.40455 6.40141 6.41567 6.42939 6.38846 6.39799 6.49078 6.41277 6.40871 6.3917 6.41231
7.5439 7.54676 7.61338 7.68249 7.54632 7.56512 7.54326 7.44193 7.34777 7.38287 6.83584 7.45059 6.80567 6.83228 6.74888 6.75165 6.77026 6.70504 6.89226 6.67563 6.66398 6.85101 6.81813 6.79713 6.69631 7.21582 6.80145 6.81524 6.77518 6.83741
4.60916 4.621 4.62096 4.21645 4.61142 4.24309 4.23995 4.22945 4.23216 4.22491 4.62687 4.22705 4.71573 4.60049 4.66646 4.70573 4.71634 4.69798 4.66988 4.70195 4.69612 4.663 4.60888 4.71275 4.72692 4.60675 4.70691 4.69581 4.71362 4.67891
7.69546 7.64502 7.63871 7.82312 7.70711 7.74122 7.79123 7.78511 7.77345 7.75501 7.79142 7.77715 7.65266 7.72326 7.70784 7.83247 7.58215 7.66555 7.65524 7.64911 7.80194 7.65637 7.85057 7.69387 7.62564 7.66707 7.66695 7.59131 7.66486 7.65057
153.423 153.532 153.363 153.48 153.314 153.616 153.614 153.376 153.726 153.59 153.606 153.599 153.546 153.625 153.752 153.521 153.444 153.547 153.771 153.471 153.416 153.557 153.646 153.536 153.551 154.058 153.569 153.688 153.41 153.531
140.241 140.211 140.294 140.774 140.288 139.639 139.713 139.898 139.423 139.784 139.491 139.32 139.619 139.858 139.509 139.486 139.587 139.556 139.871 139.516 139.298 139.644 139.582 139.554 139.473 141.347 139.642 139.659 139.636 139.544
5.85898 5.85379 5.81807 5.7609 5.8394 5.78151 5.77353 5.81067 5.8054 5.78494 6.35131 5.77083 6.32732 6.33006 6.37829 6.31089 6.32442 6.31545 6.36262 6.34104 6.31392 6.35474 6.31609 6.31829 6.31011 5.96377 6.32191 6.36021 6.29985 6.33039
7.68169 7.69851 7.63838 7.4819 7.60851 7.35347 7.47048 7.35893 7.79214 7.85089 7.18294 7.67667 7.11048 7.03106 7.15805 7.17842 7.1558 7.16326 7.19261 7.12346 7.10887 7.18759 7.0539 7.16033 7.10503 7.12926 7.11558 7.21952 7.14271 7.15516
4.57784 4.58587 4.59313 4.3277 4.57524 4.34586 4.30985 4.30725 4.19723 4.18163 4.5916 4.18504 4.6325 4.608 4.5891 4.61087 4.6019 4.62666 4.56343 4.63769 4.62466 4.6546 4.59504 4.64583 4.62265 4.52095 4.63257 4.63704 4.59679 4.61338
7.77478 7.73607 7.77961 7.97715 7.77741 7.69593 7.67121 7.75639 7.73302 7.70157 7.5074 7.72017 7.66567 7.68472 7.73919 7.65966 7.68119 7.64167 7.75994 7.62917 7.6061 7.58252 7.56984 7.63598 7.67706 8.05937 7.67398 7.59458 7.68941 7.57566
93.2862 93.2745 93.357 93.3272 93.2376 93.4167 93.4457 93.3847 93.1089 93.3914 93.2701 92.9684 93.4226 93.6299 93.0861 93.5313 93.7148 93.5266 92.9421 93.3316 93.6128 93.3029 93.4584 93.4038 93.4699 94.7465 93.494 93.0688 93.4463 93.5274
103.634 103.643 103.526 104.019 103.768 104.586 104.606 104.305 104.598 103.67 103.394 104.745 103.597 103.624 103.877 103.516 103.496 103.408 103.414 103.765 103.556 103.65 104.24 103.55 103.532 104.381 103.535 103.978 103.698 103.728
141.635 141.526 141.351 141.617 141.624 141.858 141.796 141.781 141.848 141.785 142.051 141.904 140.989 140.635 141.649 140.966 141.179 141.015 142.201 141.674 140.911 140.905 141.524 140.952 141.012 141.21 141.099 141.698 141.231 141.254
5.45106 5.46785 5.46738 5.42974 5.48029 5.41304 5.40955 5.35541 5.40015 5.37256 5.4304 5.3261 5.45253 5.47796 5.45014 5.42223 5.40391 5.42881 5.42702 5.44453 5.43064 5.45227 5.46559 5.43169 5.43532 5.46908 5.46521 5.4579 5.41172 5.40443
4.40771 4.41558 4.41137 4.35841 4.429 4.41159 4.44471 4.35198 4.39613 4.34115 4.36261 4.39434 4.42504 4.38659 4.39814 4.40051 4.36803 4.37326 4.36628 4.384 4.41179 4.4177 4.47579 4.41792 4.41259 4.3932 4.40451 4.40012 4.37124 4.39149
14.168 14.1139 14.2892 12.8332 13.9389 11.8657 11.9142 11.9154 11.8853 13.0394 13.3484 11.9543 13.349 13.4482 13.3075 13.4245 13.4495 13.4371 13.2448 13.2488 13.4607 13.3742 13.3671 13.3971 13.3842 13.5054 13.6883 13.5004 13.3997 13.2742
5.29451 5.27996 5.22196 5.3437 5.27617 5.53614 5.58383 5.48535 5.59915 5.32662 5.29386 5.59631 5.06225 5.01678 5.05979 5.115 5.16675 5.08983 5.23357 5.15815 5.09718 5.03727 5.11977 5.05139 5.08339 5.26961 5.08483 5.21838 5.1387 5.08307
7.5031 7.49841 7.5068 7.64218 7.49831 7.6434 7.64946 7.6107 7.58855 7.57637 7.51425 7.57975 7.47889 7.39499 7.44098 7.4572 7.4577 7.45099 7.45412 7.4477 7.43088 7.46603 7.57203 7.46752 7.45158 7.49813 7.49512 7.55162 7.49282 7.44869
162.355 162.217 162.715 161.581 162.283 159.019 159.124 159.391 158.879 160.696 161.084 158.934 162.118 162.476 162.201 162.233 161.889 162.12 160.991 161.707 162.363 162.288 162.213 162.17 162.148 161.825 161.642 161.666 161.954 161.985
103.494 103.494 103.451 104.104 103.39 103.934 104.062 103.962 103.91 103.963 103.833 103.837 103.924 103.979 104.582 104.047 103.917 104.082 103.684 103.82 103.936 104.112 104.222 103.797 103.952 104.509 104.159 104.665 104.026 104.098
5.58893 5.58984 5.58028 5.52625 5.58307 5.56539 5.57301 5.51995 5.59462 5.52269 5.56849 5.56527 5.54355 5.58287 5.65681 5.50591 5.57549 5.53523 5.59588 5.58297 5.51971 5.53757 5.55282 5.50646 5.52048 5.54785 5.64077 5.55842 5.53324 5.53016
4.4923 4.48603 4.42964 4.33911 4.5098 4.32935 4.32119 4.32435 4.26544 4.26209 4.35151 4.25641 4.35608 4.36971 4.39668 4.38639 4.31229 4.34082 4.33625 4.33761 4.36211 4.33058 4.38616 4.34944 4.37259 4.34534 4.29705 4.38749 4.32253 4.37952
11.6365 11.5721 11.6257 11.276 11.6642 11.0395 11.0963 11.1079 10.9192 10.9373 11.0705 10.846 11.0706 11.0513 11.1036 11.108 11.0608 11.0509 11.0571 11.0113 11.1851 10.9859 10.9879 11.0751 11.0926 10.9099 11.0819 11.3107 11.0208 10.9707
4.41875 4.4184 4.40413 4.4101 4.41753 4.4086 4.37308 4.38252 4.42453 4.36984 4.53317 4.40656 4.54875 4.5431 4.47806 4.54291 4.54629 4.52237 4.54702 4.55422 4.54162 4.54402 4.53806 4.53678 4.54609 4.52724 4.53491 4.52709 4.54199 4.54753
5.62245 5.61058 5.62119 5.6565 5.64242 5.71673 5.69961 5.6562 5.72096 5.65497 5.62561 5.72635 5.57746 5.61084 5.64733 5.58141 5.59194 5.57445 5.63247 5.62912 5.59526 5.6112 5.68056 5.5893 5.58417 5.57119 5.56772 5.6967 5.53198 5.6156
7.82467 7.81477 7.84473 7.8893 7.84264 7.90465 7.90192 7.87496 7.90489 7.88725 7.92292 7.92148 7.87015 7.89741 7.87128 7.88899 7.8771 7.86603 7.91571 7.92144 7.90354 7.88388 7.91968 7.88906 7.88903 7.92147 7.72202 7.91842 7.86269 7.9025
159.206 158.942 159.444 158.726 159.136 158.81 159.055 159.081 159.031 159.647 158.987 159.47 159.152 159.163 158.971 159.344 158.971 158.812 159.258 159.303 159.301 159.31 158.879 159.121 159.371 159.276 157.306 158.613 159.401 159.383
102.339 102.251 102.338 103.147 102.106 103.109 103.317 103.3 103.113 103.383 103.372 103.164 103.172 102.788 103.039 103.622 103.139 103.191 102.916 103.236 103.283 103.276 103.515 102.914 103.404 103.094 102.854 104.029 103.326 103.226
142.766 142.767 142.654 142.534 142.703 141.865 141.872 142.017 142.234 142.072 142.328 142.262 142.186 142.801 142.537 142.465 142.291 142.225 142.398 142.389 141.996 142.008 142.762 142.044 142.549 143.082 142.24 142.104 142.345 142.127
5.57221 5.57353 5.57728 5.56713 5.56721 5.5733 5.56681 5.5681 5.53528 5.566 5.56625 5.55882 5.52078 5.54669 5.54738 5.50524 5.57926 5.54606 5.56478 5.55281 5.55942 5.54495 5.56296 5.52438 5.50324 5.5698 5.54326 5.54402 5.58365 5.5213
4.52264 4.5128 4.50539 4.39457 4.51082 4.46711 4.45764 4.41813 4.40592 4.42052 4.41312 4.30976 4.45318 4.50942 4.44879 4.46019 4.4711 4.49844 4.49668 4.5069 4.45015 4.40979 4.51075 4.45678 4.42023 4.50291 4.42592 4.52083 4.49921 4.49517
12.6781 13.0034 13.1085 13.1398 13.1015 12.9028 12.8642 12.7585 13.0314 12.5869 12.4441 12.8012 12.5906 12.6998 12.7495 12.6927 12.4833 12.5545 12.5769 12.5166 12.7932 12.4998 12.4713 12.9135 12.5764 12.6741 12.6543 13.1813 12.6452 12.5692
4.51546 4.51634 4.51972 4.45381 4.52228 4.48442 4.48525 4.48389 4.49563 4.5051 4.64214 4.51951 4.65213 4.65313 4.59615 4.62427 4.65423 4.63408 4.64514 4.63775 4.61916 4.63934 4.66399 4.6171 4.63454 4.5227 4.66039 4.58301 4.64591 4.62885
5.64842 5.61554 5.58882 5.61064 5.64199 5.6734 5.67285 5.60918 5.74128 5.63989 5.60234 5.69671 5.65255 5.79297 5.60784 5.64404 5.71252 5.6166 5.73974 5.68726 5.57194 5.62218 5.65422 5.56077 5.63614 5.64558 5.66668 5.59378 5.71835 5.61168
7.87692 7.85984 7.8588 7.87608 7.88099 7.848 7.84854 7.86173 7.85312 7.81834 7.84934 7.85524 7.86681 7.97793 7.79122 7.84398 7.95222 7.86957 7.93917 7.91264 7.83041 7.85147 7.91848 7.80885 7.82558 7.88311 7.89731 7.72208 7.95303 7.84688
162.745 162.458 162.977 162.117 163.254 161.02 161.159 161.047 161.701 160.672 161.082 161.14 161.125 161.782 160.622 160.732 161.33 160.948 161.228 161.182 160.945 161.152 161.27 160.187 160.835 161.573 160.956 159.966 161.176 160.823
92.3187 92.3448 92.321 92.3159 92.3556 92.2972 92.3263 92.376 92.2745 92.2036 91.9731 92.1758 91.9609 92.0969 91.9601 92.0608 92.0255 92.3136 92.0122 92.0788 92.1425 91.7971 92.2398 91.9488 91.7485 92.072 91.6215 92.0925 92.1606 92.1781
153.732 153.74 153.706 153.961 153.706 153.809 153.801 153.67 153.739 153.807 153.809 153.6 153.575 153.631 153.801 153.702 153.582 153.684 153.72 153.673 153.74 153.675 153.452 153.886 153.693 153.546 153.652 153.909 153.765 153.661
141.07 141.14 140.976 140.815 141.081 140.48 140.543 140.352 140.638 140.735 140.284 140.505 140.347 140.464 140.632 140.484 140.356 140.503 140.62 140.542 140.799 140.435 140.354 141.092 140.305 140.271 140.338 141.662 140.253 140.492
6.012 5.99322 5.98642 5.89313 5.9818 5.93125 5.91964 5.89895 5.84024 5.92145 6.39238 5.89011 6.37705 6.36098 6.44711 6.40458 6.40423 6.35693 6.37594 6.36029 6.4143 6.46884 6.34961 6.42747 6.40343 6.39741 6.40122 6.42776 6.38386 6.36969
7.48351 7.52904 7.46043 7.4847 7.51522 7.4824 7.50365 7.28933 7.34097 7.38397 6.79123 7.16521 6.84902 6.80163 6.94154 6.81189 6.6026 6.91717 6.85096 6.82845 6.86431 6.91789 6.70796 6.866 6.89521 6.58363 6.82281 7.11248 6.70112 6.83786
4.57354 4.56667 4.56978 4.31252 4.56737 4.19207 4.18296 4.18992 4.18862 4.22553 4.611 4.18428 4.64619 4.63227 4.5849 4.64605 4.64741 4.62009 4.63587 4.64051 4.58731 4.60549 4.6259 4.62645 4.60845 4.59585 4.62369 4.65379 4.64428 4.64628
8.20974 8.21732 8.18983 8.15587 8.24101 8.19917 8.23528 8.15618 8.28041 8.19664 8.10326 8.17167 8.04232 8.05701 8.03575 8.03186 8.08755 8.10565 8.06261 8.06356 8.15018 8.08303 8.0656 8.13986 8.00987 7.87937 8.03675 8.19178 8.03144 8.04955
92.5379 92.5435 92.6502 92.6152 92.6213 92.7395 92.8862 92.8274 92.7559 92.5976 92.8865 92.7109 92.7811 92.6951 92.2231 92.5496 92.4778 92.6077 92.6137 92.6096 92.307 92.3678 92.6868 92.3966 92.702 92.5622 92.6919 92.3091 92.7322 92.6753
103.598 103.604 103.585 104.023 103.64 104.254 104.147 103.866 104.219 104.55 103.647 104.113 103.704 103.6 103.72 103.879 103.936 103.759 103.762 103.686 103.689 103.902 103.755 103.778 103.835 103.463 103.874 103.717 103.766 103.618
141.243 141.383 141.314 141.911 141.321 141.697 141.672 141.416 141.796 141.423 141.112 141.455 140.88 140.846 141.699 141.068 141.18 140.974 140.918 141.015 141.446 141.384 141.134 141.045 141.144 141.191 141.013 141.357 140.951 141
5.51585 5.48666 5.51185 5.30481 5.50354 5.36037 5.30939 5.41274 5.33194 5.39964 5.46343 5.37218 5.43111 5.43905 5.47349 5.49183 5.50478 5.45905 5.45789 5.44566 5.42442 5.47416 5.45321 5.51357 5.41951 5.41463 5.44142 5.48816 5.46903 5.44307
4.45271 4.44986 4.47597 4.49608 4.47361 4.53558 4.51482 4.54367 4.52309 4.48105 4.42079 4.5661 4.48205 4.49489 4.44859 4.43353 4.46493 4.42968 4.50411 4.51766 4.38737 4.49618 4.43946 4.4354 4.41349 4.39098 4.51976 4.45773 4.47209 4.49614
13.6433 13.7681 13.7571 12.93 13.7558 12.9546 12.8452 12.9427 12.8688 12.3675 13.0163 13.1305 12.919 12.8195 13.0117 12.8681 12.9937 12.9416 12.8976 12.9089 12.9781 12.8527 12.8804 12.9972 12.8516 12.8334 12.9008 13.1187 12.9864 12.9104
4.47123 4.46607 4.47015 4.4427 4.47759 4.44461 4.45378 4.45504 4.43916 4.47501 4.58652 4.42725 4.58414 4.59926 4.59451 4.54115 4.59632 4.5268 4.58215 4.57847 4.56859 4.61451 4.56514 4.58807 4.59286 4.56522 4.60598 4.58446 4.59134 4.59548
5.3049 5.36217 5.33441 5.50928 5.3468 5.63194 5.61111 5.44534 5.66615 5.64325 5.14921 5.59863 5.27525 5.18904 5.20887 5.25117 5.1124 5.25797 5.20619 5.19427 5.1871 5.24534 5.08355 5.04951 5.28569 5.17832 5.27316 5.14878 5.17749 5.16403
7.52692 7.55236 7.54586 7.663 7.54825 7.65915 7.66344 7.57092 7.713 7.59266 7.45073 7.64797 7.47523 7.48572 7.51139 7.47644 7.47126 7.46956 7.46594 7.47531 7.44278 7.531 7.45823 7.43559 7.51087 7.45974 7.50798 7.39548 7.50057 7.43862
162.597 162.51 162.65 160.172 162.752 160.307 160.334 161.262 160.239 160.178 162.603 160.375 162.082 162.222 161.267 162.597 161.881 162.437 161.938 161.585 161.49 162.197 162.274 161.536 162.117 161.784 161.787 161.528 162.154 161.726
137.925 137.87 137.636 137.496 137.815 137.481 137.301 137.222 137.626 137.38 137.603 137.496 137.229 136.652 137.428 137.242 138.091 137.311 137.192 137.265 137.685 137.095 137.732 137.784 137.16 137.099 137.049 137.717 137.744 137.105
9.95093 10.0161 9.95954 10.0281 9.94846 9.77426 9.74973 9.78109 9.61674 9.39106 9.8942 9.35209 9.76451 9.65018 9.75357 9.85264 9.9203 9.77316 9.6313 9.70363 9.67064 9.55197 9.68784 9.96137 9.76109 9.69599 9.62926 9.87552 9.71855 9.60064
5.64472 5.65794 5.63868 5.59367 5.63668 5.59988 5.60426 5.60985 5.59877 5.59776 5.86096 5.61983 5.81554 5.81737 5.83265 5.82045 5.84668 5.82835 5.83341 5.82706 5.84341 5.8024 5.86879 5.83148 5.88711 5.80366 5.82049 5.82606 5.8292 5.81754
4.59315 4.58264 4.60126 4.30311 4.59441 4.29903 4.28144 4.25982 4.29926 4.44669 4.67016 4.45733 4.6827 4.60518 4.65114 4.66112 4.73323 4.66366 4.616 4.68891 4.69466 4.69437 4.63243 4.6998 4.6807 4.68063 4.69793 4.71172 4.66265 4.68784
4.60369 4.61199 4.6085 4.54059 4.6104 4.54588 4.5272 4.51798 4.53296 4.55001 4.63455 4.53059 4.59206 4.54594 4.59415 4.60448 4.68261 4.60474 4.58406 4.59217 4.61513 4.61607 4.59866 4.6484 4.61961 4.60079 4.58175 4.61194 4.70827 4.58715
7.59263 7.593 7.57472 7.67344 7.59405 7.61283 7.60039 7.64432 7.59549 7.65471 7.78494 7.67637 7.70578 7.70713 7.74745 7.72888 7.78315 7.75248 7.72672 7.67462 7.75297 7.71087 7.71221 7.73078 7.69907 7.67269 7.70256 7.68945 7.80125 7.66301
143.608 143.64 143.551 143.25 143.762 142.845 142.709 142.756 142.788 143.642 143.098 143.162 143.425 143.374 143.18 143.061 143.334 142.779 143.351 143.147 142.488 143.165 143.156 143.648 142.972 142.834 143.091 143.32 144.401 143.074
92.7618 92.6207 92.5618 92.3599 92.692 92.0329 91.8307 91.921 91.9095 92.0486 92.0612 92.2204 92.0174 92.0451 92.25 92.0416 91.7235 92.2919 92.0347 92.183 92.0284 92.1219 91.5087 91.7859 92.0252 91.8433 92.1715 92.1375 91.9304 92.1247
153.864 153.826 153.886 153.815 153.96 153.663 153.68 153.32 153.585 153.049 152.782 153.299 153.136 153.337 153.089 153.26 152.905 153.065 152.839 153.101 153.122 153.06 152.59 152.881 153.172 152.993 153.072 153.227 153.244 153.149
140.087 140.246 139.968 139.991 140.111 139.971 139.851 139.681 139.372 139.937 139.809 139.966 139.682 139.672 139.786 139.697 139.473 139.629 139.941 139.598 139.571 139.561 139.84 139.764 139.493 139.554 139.585 139.765 140.03 139.54
6.0251 6.03728 6.02204 5.92212 6.04402 5.9056 5.95337 5.96597 5.95178 5.96305 6.48224 5.95105 6.4605 6.46498 6.46542 6.48392 6.49021 6.48744 6.46443 6.4959 6.48456 6.45707 6.42045 6.47205 6.50541 6.47213 6.46038 6.48449 6.44469 6.47362
7.7367 7.77889 7.75625 7.64374 7.80811 7.64141 7.67414 7.61156 7.6755 7.63466 6.99101 7.74543 6.96655 6.98696 7.01915 7.00748 7.01323 7.03152 6.96052 6.98217 6.95569 6.97591 6.89663 6.9845 6.98122 6.94342 6.96397 7.06228 7.16657 6.97392
4.75162 4.75321 4.71067 4.51561 4.76741 4.27976 4.27604 4.42867 4.26278 4.30512 4.66469 4.26739 4.73306 4.67771 4.64545 4.67019 4.75437 4.62233 4.69785 4.7351 4.65921 4.73719 4.70836 4.72736 4.64687 4.74093 4.66692 4.70199 4.60952 4.77713
4.71059 4.70852 4.70996 4.70132 4.71006 4.69137 4.68552 4.63896 4.64637 4.66414 4.77603 4.65308 4.8538 4.81353 4.83949 4.79607 4.8606 4.81112 4.83881 4.86063 4.83287 4.8589 4.80873 4.84693 4.78784 4.8563 4.85039 4.90177 4.86373 4.85665
7.75133 7.81119 7.75618 7.8139 7.70657 7.79134 7.75148 7.7785 7.63219 7.79403 7.74887 7.80856 7.65391 7.8556 7.75036 7.77639 7.50549 7.70992 7.88367 7.6464 7.62571 7.63269 7.92796 7.66011 7.66009 7.6619 7.67445 7.70818 8.06659 7.66572
92.4508 92.539 92.393 92.6353 92.5783 92.5583 92.5516 92.6206 92.4613 92.7042 92.3775 92.622 92.37 92.3558 92.2942 92.3052 92.5719 92.2535 92.5661 92.5433 92.5207 92.5425 92.5964 92.4809 92.1679 92.5374 92.4516 92.5768 92.1216 92.5044
137.474 137.527 137.356 136.932 137.459 136.738 136.844 136.166 136.245 136.053 136.913 136.612 136.404 136.761 136.85 136.842 136.483 136.769 136.324 136.552 137.326 136.408 135.955 136.838 136.875 136.483 137.364 137.512 136.992 136.471
12.8497 12.9631 12.8402 13.2192 12.7427 13.2575 13.1576 13.3042 13.0827 13.2624 12.8399 13.181 12.6496 12.7167 12.8564 12.7808 12.82 12.7924 12.9775 12.7669 12.9593 12.7332 12.9833 13.0999 12.845 12.8529 12.7608 12.8645 12.7138 12.733
5.48274 5.47948 5.44879 5.50923 5.46191 5.57566 5.57418 5.56689 5.56005 5.56259 5.78118 5.56303 5.78584 5.75664 5.75462 5.76602 5.76144 5.75917 5.75506 5.7477 5.73957 5.74766 5.74369 5.78283 5.76504 5.75541 5.76193 5.73038 5.71647 5.75185
4.59379 4.5892 4.61255 4.23535 4.5809 4.27763 4.27849 4.27526 4.26142 4.27143 4.62091 4.25086 4.53773 4.56421 4.63328 4.58831 4.57929 4.70997 4.58732 4.55846 4.6415 4.56367 4.57512 4.58196 4.59767 4.5835 4.63881 4.59942 4.67557 4.56401
4.49023 4.48904 4.49154 4.43452 4.48875 4.38972 4.39089 4.40197 4.38726 4.38996 4.52922 4.40234 4.47661 4.48807 4.46865 4.47163 4.50552 4.56287 4.49913 4.48118 4.50436 4.48356 4.48483 4.49127 4.4932 4.47961 4.50982 4.50057 4.53195 4.49225
7.27534 7.29635 7.30715 7.41985 7.27029 7.31175 7.34135 7.33964 7.25722 7.27702 7.25813 7.36015 7.44704 7.22848 7.32904 7.26687 7.40059 7.3623 7.29688 7.30362 7.50482 7.37353 7.23544 7.35998 7.08716 7.35762 7.41436 7.83326 7.48274 7.37874
147.36 148.671 148.733 146.897 148.958 146.503 146.439 145.792 146.519 146.019 147.31 146.133 147.112 146.813 146 146.707 146.941 147.137 146.702 147.015 146.734 146.904 146.612 146.198 146.733 146.619 146.667 145.981 147.284 147.179
102.619 102.158 102.224 103.644 102.24 103.573 103.531 103.231 103.377 102.905 103.336 103.398 102.573 103.09 102.718 103.007 102.844 103.026 103.008 103.045 103.133 102.918 102.969 103.268 102.993 103.31 102.306 102.997 102.337 103.304
5.51902 5.51003 5.52256 5.48866 5.51035 5.52336 5.52904 5.53885 5.51067 5.51751 5.51009 5.50314 5.47374 5.50306 5.52158 5.53963 5.48335 5.545 5.5213 5.52611 5.53353 5.49565 5.53002 5.55912 5.51041 5.53212 5.55581 5.54902 5.53128 5.54378
4.45902 4.49209 4.46938 4.51322 4.49539 4.44089 4.45936 4.46063 4.4493 4.45503 4.48898 4.53128 4.39246 4.4368 4.45946 4.45401 4.32032 4.46614 4.46231 4.39393 4.41471 4.46118 4.4378 4.50109 4.46696 4.4328 4.27686 4.44282 4.45229 4.38238
13.913 13.9319 14.1492 12.8863 13.9764 13.4114 13.3025 13.1688 13.3524 13.231 12.8453 13.2268 13.7337 13.256 13.2632 12.9357 13.5439 13.4645 13.0863 13.0841 12.7166 13.101 13.151 13.1281 13.0544 13.0526 13.6708 12.825 12.8671 13.3039
4.55527 4.56487 4.56525 4.48836 4.56178 4.53779 4.53404 4.50624 4.53114 4.51196 4.65784 4.50297 4.64717 4.66337 4.70871 4.67594 4.66362 4.71445 4.67997 4.68827 4.65931 4.67611 4.70296 4.66016 4.68128 4.68464 4.62114 4.72257 4.75531 4.72704
4.74693 5.04356 5.01204 5.33612 5.0592 5.28598 5.20051 5.26016 5.36809 5.28888 5.07198 5.26441 4.91928 5.07744 5.06112 5.0805 5.0365 4.70512 5.07526 5.01936 4.8992 5.0393 5.08916 5.13835 5.06353 5.08521 4.88124 5.15026 4.39256 5.12319
7.62022 7.66041 7.65013 7.64352 7.66603 7.68814 7.64927 7.67736 7.73513 7.70033 7.58496 7.70447 7.55737 7.59527 7.6539 7.65604 7.55134 7.56642 7.67549 7.62576 7.58834 7.6616 7.65133 7.62331 7.66925 7.65404 7.58487 7.69348 7.566 7.64093
165.03 164.87 165.879 160.098 164.499 162.639 162.459 161.637 162.229 162.032 162.984 161.004 162.164 162.528 164.864 163.381 161.081 163.653 162.78 162.631 162.879 162.431 161.952 162.287 162.693 162.784 162.104 163.095 164.427 161.866
153.632 153.521 153.551 153.731 153.602 153.813 153.901 153.96 153.656 153.831 153.588 153.755 153.944 154.041 153.292 153.949 153.608 153.666 153.674 153.843 153.455 153.806 153.54 153.831 153.368 154.017 154.317 153.76 153.396 153.6
140.659 140.434 140.578 140.429 140.519 140.558 140.252 140.103 140.469 140.271 140.182 140.382 140.76 141.308 140.374 140.444 140.267 139.692 139.618 139.672 137.593 139.801 140.032 141.764 139.685 140.544 140.225 139.526 137.748 140.766
5.97709 5.95265 5.95414 5.86921 5.96945 5.88025 5.90964 5.89164 5.90959 5.93325 6.34278 5.90254 6.43779 6.44112 6.40789 6.40295 6.46059 6.40238 6.40968 6.46029 6.17277 6.38523 6.40575 6.66188 6.38209 6.39607 6.48042 6.38829 6.38893 6.39751
7.61517 7.54218 7.61719 7.3294 7.56062 7.40082 7.46919 7.54723 7.31847 7.47026 6.38875 7.43469 7.12382 7.1021 6.73713 7.07663 7.08583 6.84704 6.96678 6.89777 6.78282 7.03952 7.01128 6.81567 6.89013 7.44791 7.63194 7.12002 6.67573 7.16255
4.55961 4.59408 4.57703 4.16402 4.6047 4.17084 4.16362 4.16613 4.16002 4.15834 4.5868 4.15287 4.69788 4.62607 4.68374 4.67011 4.61597 4.59757 4.61252 4.60782 4.62759 4.61343 4.62133 4.57283 4.61571 4.61746 4.54413 4.6106 4.52518 4.74683
4.68765 4.68382 4.68652 4.62938 4.69343 4.62057 4.61232 4.61914 4.66967 4.62812 4.82099 4.65835 4.77261 4.82546 4.80539 4.77565 4.84215 4.84395 4.84148 4.80613 4.79682 4.84903 4.84503 4.80266 4.87829 4.82212 4.79469 4.84354 4.80904 4.96811
8.12098 8.14291 8.15556 8.17836 8.12412 8.20576 8.19569 8.15172 8.20584 8.19342 8.0493 8.15609 8.11031 8.14842 8.07018 8.21767 8.10015 8.08183 8.0635 8.12342 7.68315 8.07026 8.06502 8.25014 8.06304 8.07851 8.26677 8.05246 8.01336 7.85489
93.4851 93.4819 93.4999 93.7094 93.4973 93.6002 93.4937 93.5698 93.5236 93.5354 93.7132 93.4424 93.7785 93.2897 93.3917 93.2344 93.4357 93.4125 93.5009 93.5552 93.5674 93.0937 93.2907 94.0367 93.2483 92.5681 93.0626 93.1486 93.4276 93.1857
98.5802 98.3938 98.6468 97.5919 98.4111 97.4716 97.5581 97.458 97.5049 98.0737 100.056 97.6295 98.6914 100.889 101.114 99.2891 97.3299 96.927 96.4536 100 98.2796 95.7601 97.153 101.675 96.6701 98.8956 97.5046 96.6349 97.6154 99.811
141.441 141.463 141.468 141.252 141.448 141.285 141.296 141.331 141.439 141.63 141.909 141.533 141.458 142.322 142.205 142.408 140.951 141.08 141.106 140.926 141.18 141.503 141.306 143.048 141.359 141.725 141.268 141.535 141.652 141.982
5.37353 5.36276 5.36236 5.36113 5.33002 5.25444 5.27266 5.2674 5.318 5.25166 5.39826 5.29629 5.46768 5.35985 5.01749 5.45051 5.51446 5.41073 5.42309 5.5 5.41207 5.4035 5.46482 5.30111 5.47749 4.95763 5.50416 5.29467 5.51013 5.56151
4.26604 4.24821 4.25778 4.13353 4.25154 4.11154 4.15946 4.15343 4.1199 4.17452 4.48325 4.1538 4.5114 4.36259 4.29374 4.33312 4.40661 4.24392 4.29055 4.4142 4.44789 4.41629 4.42019 4.33789 4.40585 4.49861 4.42541 4.411 4.43573 4.45097
4.40155 4.40397 4.3973 4.40393 4.40262 4.38209 4.39124 4.39313 4.40301 4.41382 4.39677 4.41731 4.40534 4.40532 4.39878 4.39513 4.4334 4.41658 4.4225 4.42492 4.39812 4.41168 4.42474 4.39264 4.43953 4.40408 4.43841 4.39329 4.4572 4.42341
5.50187 5.50899 5.51754 5.39147 5.53371 5.51853 5.59789 5.58207 5.47165 5.55193 5.55364 5.51654 5.44335 5.67097 5.71032 5.56647 4.93579 5.28581 5.22176 4.95979 5.33501 5.12831 5.00375 5.66655 4.83702 6.36318 4.91395 5.50677 4.59579 4.6742
7.53112 7.55033 7.54584 7.42331 7.56296 7.43812 7.48317 7.46579 7.54946 7.56617 7.61033 7.56957 7.55176 7.68401 7.70038 7.63785 7.45388 7.52526 7.52224 7.3947 7.56596 7.46949 7.47164 7.73183 7.45685 7.59529 7.43081 7.51794 7.61521 7.3115
93.8355 93.9152 93.7963 93.7597 93.9005 93.7374 93.7369 93.7447 93.6838 93.6322 93.7502 93.6046 93.8893 93.6204 94.7969 93.4321 93.7502 92.935 93.2912 92.924 93.9025 93.8865 94.0234 94.5252 93.5695 93.3348 93.5515 93.4533 93.513 93.4468
100.783 100.625 101.043 99.3764 100.577 98.1668 98.3099 98.0699 98.7174 99.2905 98.6907 98.5669 98.411 99.232 101.231 99.9124 98.868 98.8171 98.239 101.083 99.9242 98.8538 97.8383 100.338 98.3708 99.2777 98.4479 98.2923 101.166 98.6996
5.52629 5.5194 5.52757 5.44944 5.52723 5.45989 5.46862 5.46078 5.43865 5.45465 5.58544 5.44343 5.53149 5.58114 5.60306 5.57245 5.57712 5.60963 5.58364 5.58512 5.56069 5.39949 5.5481 5.09174 5.5438 5.56838 5.53684 5.52186 5.61971 5.57201
4.31031 4.34251 4.28922 4.28345 4.33898 4.17517 4.16321 4.18208 4.15982 4.16943 4.41509 4.17491 4.34662 4.475 4.52043 4.38744 4.4075 4.35574 4.39034 4.24366 4.34508 4.40961 4.31927 4.42938 4.29951 4.4102 4.26458 4.49369 4.19762 4.36978
4.40451 4.40689 4.40791 4.41661 4.41671 4.40416 4.41076 4.41031 4.40805 4.40868 4.42138 4.40978 4.42019 4.39493 4.43183 4.40019 4.42917 4.40385 4.42119 4.39775 4.40426 4.33901 4.43212 4.35634 4.42101 4.45982 4.40299 4.43572 4.42124 4.42397
5.52126 5.51443 5.53503 5.50559 5.47725 5.4437 5.47896 5.44856 5.46187 5.51881 5.53951 5.51707 5.4856 5.58017 5.28032 5.4642 5.41287 5.46856 5.42111 5.99373 5.56913 5.56013 5.44173 5.79797 5.38568 5.54561 5.67731 5.53069 5.82343 5.40933
7.68654 7.68682 7.67251 7.69134 7.67239 7.68977 7.74497 7.72025 7.68118 7.69301 7.71793 7.71 7.65407 7.78668 7.62108 7.7339 7.70423 7.78791 7.7313 7.72466 7.74717 7.83139 7.73303 7.75506 7.71428 7.71822 7.75666 7.70856 7.68753 7.75843
104.938 104.35 105.266 105.142 104.174 104.022 104.217 103.905 104.453 104.511 104.707 104.175 103.87 105.62 104.432 104.912 104.84 106.236 104.813 106.848 104.885 106.352 104.628 106.378 104.076 104.063 104.655 107.138 106.723 103.595
141.856 142.006 141.817 142.127 141.833 141.97 142.073 142 142.15 142.162 142.192 142.168 142.058 142.979 142.313 142.434 142.8 142.577 142.11 144.385 142.448 144.69 141.924 143.045 142.765 141.551 142.464 142.982 142.166 142.449
5.64941 5.7355 5.65777 5.55241 5.72591 5.58227 5.55726 5.5329 5.53996 5.47288 5.45798 5.58083 5.53391 5.53995 5.57924 5.54483 5.56528 5.57869 5.57761 6.13311 5.59168 5.62288 5.54685 4.99334 5.60791 5.49575 5.581 5.64129 5.61107 5.27066
3.78592 3.94139 3.80709 4.15939 3.92397 4.24111 4.25645 4.16542 4.17489 4.22198 4.39454 4.28355 4.33388 4.43833 4.44686 4.27281 4.39288 4.35054 4.31706 4.42057 4.34125 4.33507 4.32267 4.39137 4.43491 4.41938 4.2804 4.48163 4.50719 3.83708
4.54865 4.55915 4.5406 4.50503 4.57353 4.4603 4.46306 4.46428 4.47953 4.46927 4.54112 4.43958 4.5177 4.5521 4.5738 4.5291 4.51321 4.53012 4.56608 4.55439 4.51755 4.55873 4.54518 4.51446 4.52175 4.59247 4.55037 4.58279 4.53252 4.57703
4.39746 4.38657 4.41933 4.37005 4.41274 4.32386 4.33566 4.31779 4.30867 4.35861 4.44891 4.26079 4.45019 4.54688 4.53669 4.45955 4.49127 4.46147 4.46886 4.55342 4.48847 4.53525 4.47685 5.0044 4.48939 4.45248 4.48066 4.48876 4.48415 4.49554
5.52623 5.54166 5.53783 5.557 5.55226 5.52247 5.55136 5.50735 5.55905 5.52945 5.64699 5.52489 5.5053 5.57553 5.474 5.49452 5.48996 5.61626 5.5588 5.7003 5.53908 5.72138 5.52901 5.58658 5.63934 5.35531 5.6245 5.68785 5.66533 5.45413
7.91972 7.91971 7.96012 7.86187 7.94629 7.86777 7.89105 7.86995 7.90004 7.85119 7.85598 7.85872 7.85663 7.65687 7.78017 7.79817 7.75681 7.77117 7.84164 7.84939 7.81814 7.82623 7.8263 7.77238 7.8807 7.78163 7.90524 7.81657 7.93079 7.80152
90.7451 90.9758 90.7377 91.5235 91.1292 91.4772 91.3493 91.5771 91.2162 91.1981 93.6133 91.3169 92.802 91.6094 92.937 92.7641 92.5382 92.6972 90.6187 92.7093 92.9712 92.6989 93.0465 90.2461 92.6114 93.7615 92.7034 92.9617 92.7326 92.3564
105.73 105.842 105.895 105.036 105.553 104.951 105.044 104.795 104.902 104.969 105.411 105.028 104.493 104.846 104.556 104.541 104.94 103.81 105.761 105.494 103.736 105.51 104.492 106.325 105.118 104.136 104.235 103.037 104.794 106.503
144.489 144.399 144.526 143.981 144.189 143.899 143.905 143.842 143.952 144.103 142.888 143.933 142.678 143.385 143.421 143.021 142.903 142.96 144.56 144.031 142.908 143.378 142.802 144.237 143.377 142.176 143.129 142.416 143.349 144.077
5.91397 5.87182 5.91819 5.85239 5.83029 5.88134 5.90514 5.83268 5.95195 5.90316 5.51897 5.88214 5.09148 5.76286 5.60016 5.5995 5.56816 5.60423 5.99015 5.48594 5.58278 5.51428 5.66097 6.01478 5.64293 5.66478 5.61041 5.59359 5.6102 5.60983
4.54215 4.41037 4.47422 4.38298 4.70789 4.35677 4.31163 4.33535 4.33189 4.35621 4.48182 4.33347 4.59697 4.39316 4.57359 4.44939 4.51262 4.47234 4.31601 4.46893 4.43517 4.44189 4.4067 4.36818 4.50193 4.4931 4.51788 4.50922 4.5442 4.39877
4.39864 4.40964 4.42407 4.38535 4.37779 4.37156 4.40151 4.39122 4.38735 4.35352 4.63273 4.38639 4.56592 4.56187 4.66408 4.52936 4.46203 4.59359 4.47243 4.54909 4.46735 4.56425 4.60187 4.57629 4.62105 4.606 4.59088 4.65801 4.55865 4.64576
5.86948 5.87732 5.91033 5.84238 5.86537 5.77756 5.77313 5.75925 5.77516 5.77637 5.72604 5.73854 5.62782 5.82273 5.81994 5.86944 5.62384 5.80759 5.84316 5.73053 5.99695 5.83188 5.65189 5.72354 5.75751 5.64451 5.97848 5.60304 5.95955 5.83328
4.59745 4.5856 4.58666 4.44288 4.59297 4.50188 4.48456 4.43091 4.44478 4.47465 4.58018 4.4696 4.57299 4.56986 4.67954 4.63133 4.6528 4.53007 4.72084 4.33661 4.65427 4.49116 4.55861 4.68764 4.65051 4.63014 4.59933 4.48499 4.47319 4.51884
4.22731 4.24498 4.22643 4.20346 4.20568 4.20604 4.20889 4.18717 4.23446 4.18008 4.28918 4.18009 4.29205 4.30649 4.39042 4.32718 4.57185 4.31911 4.31031 4.35847 4.30672 4.46805 4.30233 4.32969 4.27524 4.31819 4.31874 4.13696 4.41792 4.45902
8.08203 8.05937 8.07436 7.99282 8.05254 7.98282 7.96519 7.97359 7.99042 7.99568 7.85139 7.97758 7.78432 7.94592 7.85601 7.9641 7.60919 7.91609 7.97336 7.85982 7.96711 7.95097 7.8799 7.89796 7.94863 7.89183 7.9501 7.98856 7.91687 7.94629
91.3439 91.7175 91.4438 91.6071 91.499 91.3414 91.2764 91.4152 91.3557 91.3862 92.0129 91.2559 93.1016 92.2143 90.8085 92.7417 92.3193 93.1412 90.3472 93.1613 92.6837 92.3064 92.6083 92.3437 93.0362 92.133 92.8981 92.961 92.9401 92.682
99.1925 98.8376 98.8152 100.311 98.36 100.237 100.571 100.283 99.8402 100.576 100.148 99.9482 99.7642 99.7382 100.721 99.0295 100.471 98.74 100.554 100.659 99.2714 100.362 101.093 99.8453 97.5623 99.1184 98.4533 98.3992 100.981 98.8774
5.88303 5.85435 5.88815 5.8784 5.77081 5.87559 5.91201 5.86221 5.89676 5.88784 5.69562 5.88366 5.70306 5.70444 5.79808 5.69801 5.60852 5.72123 5.85783 5.49689 5.68669 5.688 5.71037 5.73915 5.70715 5.7042 5.72822 5.68092 5.86531 5.6555
4.23101 4.24527 4.24211 4.18655 4.25366 4.17732 4.19548 4.18088 4.28371 4.19866 4.30785 4.35279 4.60031 4.44542 4.31307 4.41077 4.2555 4.5502 4.34303 3.53118 4.384 4.38691 4.27708 4.49467 4.60112 4.41566 4.42263 4.6035 4.21898 4.46985
4.4701 4.50999 4.47913 4.5029 4.48996 4.49666 4.49804 4.52286 4.50443 4.51646 4.50133 4.50607 4.5308 4.54604 4.37424 4.44477 4.49397 4.53833 4.35371 4.47365 4.46211 4.46155 4.53935 4.5303 4.50826 4.53389 4.45877 4.53011 4.50494 4.5017
3.97767 4.18321 3.98875 3.95946 3.73542 4.06326 4.05544 4.0743 4.1629 4.07548 4.49493 4.11755 4.43993 4.43052 4.38029 4.37818 4.72404 4.46033 4.26062 4.50546 4.39198 4.37581 4.41905 4.39326 4.42439 4.4244 4.4286 4.46091 4.387 4.47261
6.1366 6.1583 6.13253 6.05001 6.13054 6.12875 6.15445 6.11578 6.16078 6.11739 5.7679 6.14749 5.83441 5.73253 5.68861 5.89214 5.71694 5.65205 5.64292 5.82109 5.96167 5.87121 6.30524 6.27845 5.85456 6.024 5.63427 5.73535 5.78188 5.90992
4.06489 4.12439 4.16075 3.94316 3.65548 3.97654 3.92465 3.96292 4.03756 3.94542 4.6404 4.05778 4.76582 4.34083 3.89126 4.57312 4.62098 4.5831 5.42288 4.4436 4.53196 4.42942 4.66519 4.54161 4.62909 4.55642 4.59251 4.46963 4.50756 4.6402
4.02309 4.07317 4.04033 4.03777 3.9644 4.08876 4.10547 4.11702 4.11119 4.0749 4.6608 4.12199 4.64579 4.58641 4.62608 4.39989 4.29069 4.5486 3.54438 4.55571 4.46615 4.16682 4.63879 4.6843 4.57125 4.65707 4.52864 4.482 4.52153 4.5775
7.82233 7.86176 7.83372 7.80757 7.84947 7.85887 7.84704 7.83937 7.81317 7.81012 7.80964 7.87232 7.78998 7.8862 7.80212 7.86287 7.86852 7.68562 7.86419 7.84861 7.7996 7.84385 7.86366 7.84902 7.76561 7.96 7.71777 7.71062 7.49154 7.748
92.2321 92.3582 92.3196 92.2687 92.0451 92.3107 92.2658 92.1814 92.5314 92.0251 92.4042 92.3649 92.7745 91.3726 90.8981 92.1329 91.5184 92.1642 91.685 91.9821 92.604 92.1024 91.68 92.4536 92.4595 91.4845 92.22 92.5665 91.4556 91.8455
141.003 140.857 140.931 141.209 141.706 140.969 140.952 140.857 141.127 140.989 139.907 140.608 135.638 137.715 139.471 135.955 140.721 136.396 136.522 139.662 136.312 137.568 136.561 139.307 136.583 139.086 136.494 135.39 136.778 139.34
9.91564 9.75924 10.0528 9.72101 9.81769 9.78129 9.86541 9.78797 9.8609 9.57846 11.1735 9.61708 11.0236 13.2235 10.6828 10.3069 10.3712 11.2485 8.35159 11.9056 10.0909 12.2389 11.2776 12.8483 10.738 12.5361 10.5567 11.4559 10.9297 11.3628
5.89784 5.87946 5.91386 5.89998 5.89028 5.89697 5.90162 5.88686 5.87798 5.90574 5.96384 5.88308 5.87782 5.93159 5.95513 5.92838 6.05814 5.82344 5.95994 5.91861 5.98174 5.91596 6.01395 5.7147 5.90191 6.00314 5.91757 5.83788 5.96775 5.97544
4.7998 4.79333 4.83422 4.26316 4.73051 4.24967 4.2856 4.24448 4.28044 4.27877 4.73313 4.27841 4.63604 4.5615 4.5188 4.62926 4.75431 4.62499 4.63039 4.85621 4.70819 4.69023 4.71043 4.84569 4.67039 4.74191 4.77637 4.65703 4.62841 4.78198
5.81613 4.98478 5.45506 5.02425 5.36963 5.31287 5.39204 4.99356 5.39424 5.2678 4.66739 5.20961 4.57635 4.6151 4.6533 4.65499 5.80024 4.65321 4.64182 4.80353 4.55792 4.64107 4.60588 4.70989 4.6106 4.62798 4.61286 4.64865 4.60102 4.67032
4.42319 4.42587 4.43039 4.47178 4.43503 4.4355 4.44037 4.4682 4.46566 4.4587 4.63513 4.45169 4.56744 4.5281 4.5771 4.5658 4.44725 4.53272 4.54998 5.4283 4.60382 4.60605 4.57851 4.53633 4.52334 4.61026 4.54865 4.55444 4.50355 4.55885
4.66245 4.6683 4.60617 4.51355 4.61563 4.57342 4.56737 4.55122 4.5793 4.51518 4.86895 4.60275 4.7733 4.69636 4.75576 4.76416 4.92059 4.6911 4.70245 4.38751 4.65601 4.57697 4.70569 4.70481 4.73403 4.63791 4.65579 4.77717 4.83109 4.75254
4.40765 4.60078 4.37905 4.3292 4.35589 4.32811 4.34342 4.30777 4.3014 4.3119 4.66846 4.35208 4.44522 4.44244 4.78836 4.523 4.46725 4.4836 4.50283 4.16804 4.49909 4.57901 4.73859 4.44966 4.40106 4.60081 4.51129 4.44149 4.40416 4.62366
7.94507 7.87435 7.93207 7.90208 8.01989 7.88833 7.87335 7.83622 7.90628 7.91927 8.09963 7.84766 7.97664 7.93292 7.97233 7.86959 8.03463 7.79241 7.88815 8.13603 7.87941 7.93521 7.33999 8.11131 7.63709 8.26608 7.71339 7.71713 7.12099 7.90933
143.561 143.77 144.047 142.799 143.627 142.678 142.741 142.275 142.23 142.052 145.355 142.15 146.481 147.8 145.223 146.107 145.902 146.177 144.849 145.96 144.905 147.708 146.044 146.755 145.423 146.342 145.414 145.338 145.43 145.054
136.412 136.023 136.092 136.799 136.408 137.606 137.763 137.006 137.352 137.17 135.71 137.767 135.507 138.871 139.762 137.422 136.728 136.984 137.409 138.566 136.879 137.821 137.184 139.946 136.21 137.898 138.742 136.099 136.579 136.507
13.0651 12.8024 12.8331 12.6501 13.173 12.92 12.9611 12.6597 13.0622 12.7977 12.8755 12.8625 13.743 11.9364 12.8836 12.7462 12.2411 12.2874 12.1771 12.4469 12.869 12.7129 12.6934 10.9695 12.4779 10.8298 12.7459 12.4926 12.716 12.5491
5.51759 5.42623 5.51582 5.2009 5.54285 5.39603 5.37222 5.39648 5.32064 5.43796 5.57697 5.39523 5.99614 5.82275 5.92593 5.60545 5.63507 5.83734 5.7108 5.42335 5.85193 5.75322 5.81738 5.93226 5.8369 5.91136 5.94644 5.65339 5.86426 5.42342
4.65352 4.66062 4.66231 4.54448 4.66235 4.50097 4.52061 4.56109 4.50206 4.53369 4.51485 4.60307 4.75612 4.54271 4.74524 4.59758 4.6791 4.64545 4.62087 4.57759 4.58788 4.59559 4.6237 4.52397 4.56975 4.52403 4.64326 4.79543 4.5005 4.5627
4.59984 4.59206 4.59661 4.49767 4.59648 4.53181 4.5071 4.50955 4.53357 4.5166 4.61027 4.56531 4.66646 4.76427 4.66551 4.58376 4.59206 4.61221 4.61344 4.67535 4.61624 4.62544 4.64961 4.84546 4.64135 4.68177 4.74881 4.72609 4.61939 4.51879
4.49741 4.50332 4.49741 4.41916 4.48414 4.45075 4.46554 4.44283 4.46544 4.50295 4.49958 4.48421 4.51706 4.38222 4.5555 4.53211 4.44492 4.55228 4.47574 4.23243 4.48906 4.50753 4.4999 4.56683 4.51475 4.60544 4.53915 4.47128 4.52226 4.23203
7.88487 7.68147 7.81012 7.64888 7.82989 7.75531 7.73234 7.65067 7.72966 7.6196 7.56237 7.68634 7.49335 7.56688 8.35797 7.59136 7.81897 7.95898 7.79021 7.60199 7.58558 7.79616 7.59219 7.83161 7.59375 7.70001 7.82207 7.4616 7.27305 7.59366
148.032 147.565 147.754 147.402 147.694 147.195 147.139 146.634 147.425 147.005 145.503 147.191 148.93 146.367 146.789 146.998 145.406 146.826 147.363 147.14 147.201 148.038 147.607 145.158 147.848 144.228 147.53 148.287 146.418 146.647
93.2216 93.2141 93.2572 92.9291 93.2208 92.8807 92.7824 92.7902 92.612 92.653 90.2291 92.6035 92.0732 91.2085 92.0254 92.8723 92.7374 92.5754 92.2374 91.5091 90.1831 92.3827 92.2639 92.4496 92.2462 91.9203 91.7806 92.0931 91.4578 91.5095
153.878 153.8 153.871 154.165 153.756 154.11 154.003 154.017 154.072 154.163 153.527 154.149 154.23 156.608 154.323 154.681 154.214 153.774 154 155.066 153.452 154.164 154.18 155.456 154.219 154.823 154.687 154.099 155.644 154.755
5.99313 5.9625 5.96057 5.87895 5.9674 5.91353 5.90331 5.88172 5.91521 5.92567 6.42344 5.91653 6.28319 6.32626 5.84702 5.45126 6.35083 6.37746 6.46693 6.39804 6.07629 6.39555 6.39405 6.4222 6.44355 6.42055 6.42197 6.40756 6.40732 6.11066
7.97618 7.93245 7.9798 8.05771 7.91136 8.04724 7.93826 7.95798 7.96473 8.0304 8.75014 7.96001 7.45273 7.74891 7.31434 7.51078 7.36436 7.32959 7.36474 7.52584 7.11589 7.46338 7.44122 7.79707 7.44655 7.57714 7.6423 7.65161 8.07831 7.62364
4.55915 4.56526 4.56642 4.22989 4.56038 4.22713 4.23445 4.22699 4.21824 4.22128 4.60835 4.21831 4.45924 4.71817 4.61977 4.6099 4.6125 4.62947 4.59352 4.67847 4.77802 4.58723 4.59578 4.62203 4.59259 4.51169 4.60153 4.59437 4.57337 4.95286
4.63255 4.63359 4.63264 4.5643 4.64013 4.54387 4.56032 4.53774 4.54652 4.53869 4.75608 4.54106 4.80059 4.85671 4.76367 4.76901 4.76051 4.79579 4.71075 4.74414 4.89305 4.80183 4.74797 4.72468 4.7151 4.76134 4.62108 4.78315 3.63483 4.87887
7.98459 7.95284 7.96089 7.87736 7.93811 7.87845 7.85977 7.8466 7.89452 7.83913 8.27432 7.87294 8.20389 7.89056 8.21883 7.93018 7.79194 7.77267 7.73009 8.00445 7.90204 8.00582 7.7596 7.99619 7.73334 7.81897 8.04877 8.22595 7.69588 7.82976
92.722 92.7016 92.7436 93.0023 92.6878 93.0428 92.9517 93.1209 93.1195 92.9124 93.2629 92.8907 93.3554 92.8564 94.2824 93.0575 92.818 92.9177 92.4665 93.352 92.2271 92.5292 92.8427 92.6114 92.4211 92.4296 92.1712 92.5096 92.1463 92.2932
103.597 103.45 103.366 102.907 103.462 103.386 103.354 103.384 103.183 103.54 104.949 103.225 102.63 103.914 103.844 104.462 103.02 103.379 103.314 104.29 104.678 103.437 103.466 105.631 103.647 102.742 102.296 105.23 103.914 104.76
5.36967 5.3837 5.35124 5.42137 5.3849 5.4086 5.41955 5.42851 5.42422 5.40691 5.39774 5.44599 5.40616 5.45309 5.53681 5.37708 5.39566 5.39163 5.42756 5.31965 5.43904 5.34233 5.43392 4.95549 5.40656 5.15634 5.3201 5.10677 5.48315 5.49502
4.41183 4.40735 4.39773 4.31444 4.39642 4.23156 4.24889 4.24216 4.2381 4.2214 4.3195 4.22555 4.50347 4.42692 4.40348 4.4455 4.42735 4.46452 4.43148 4.40973 4.28501 4.41425 4.33205 4.35425 4.43164 4.51526 4.40154 4.43918 4.29679 4.41745
13.2636 13.4454 13.3754 12.4872 13.273 12.7183 12.741 12.697 12.5334 12.3595 12.5875 12.8489 12.9511 13.0727 12.7096 13.3533 13.0516 12.9955 13.0325 12.8391 12.396 13.3032 13.0076 13.1307 13.0179 12.8801 13.8447 12.8449 12.9848 12.8946
4.47991 4.48518 4.47431 4.46014 4.47891 4.4946 4.48539 4.48557 4.48885 4.48557 4.79387 4.52899 4.61415 4.65136 4.65278 4.60316 4.62606 4.59868 4.60603 4.5839 4.71848 4.58269 4.59433 4.63325 4.63456 4.56517 4.57594 4.59887 4.67159 4.62848
5.36208 5.32632 5.34483 4.98453 5.3361 5.20978 4.94028 5.08302 5.10899 5.27414 5.57907 5.18953 4.64471 5.78285 4.97951 5.51131 5.01262 5.07492 5.07747 5.42364 5.55385 5.32597 5.08091 6.34406 5.15922 5.3213 5.36929 6.16193 5.54227 5.66513
7.51825 7.53426 7.51863 7.3948 7.54525 7.46283 7.41073 7.42018 7.42139 7.47281 7.76014 7.5322 7.64786 7.72222 7.45882 7.594 7.47277 7.46395 7.43241 7.80106 7.60571 7.57323 7.40533 7.93097 7.4267 7.59577 7.56206 7.62801 7.61013 7.80002
161.193 162.101 161.654 164.144 161.906 163.186 164.013 163.837 163.506 163.078 162.305 162.868 162.437 162.824 163.88 162.908 162.661 163.542 162.635 160.152 161.406 161.377 162.222 165.027 161.602 160.249 157.87 161.659 160.334 159.987
92.3205 92.3156 92.4399 92.5214 92.3736 92.4358 92.5531 92.6437 92.4466 92.2645 92.2754 92.2681 92.4276 91.9165 91.8772 91.6617 92.0006 92.3236 92.0471 91.9526 92.0828 92.0434 91.8362 90.662 91.917 92.2159 91.397 92.0526 91.2453 91.9845
153.732 153.851 153.778 153.624 153.858 153.517 153.548 153.538 153.82 153.704 154.124 153.533 154.045 154.019 154.225 154.033 153.935 153.821 153.971 154.178 154.299 154.031 153.939 154.096 153.719 153.359 154.189 153.715 153.77 154.208
140.979 140.819 141.095 139.919 140.648 140.071 139.818 139.956 139.657 139.756 139.735 140.059 139.972 140.018 140.583 140.106 139.907 139.726 140.267 139.91 139.37 140.291 140.227 140.488 140.056 140.117 140.91 140.358 139.488 140.465
5.93589 5.9502 5.92929 5.89336 5.96213 5.85371 5.8857 5.8671 5.85941 5.88319 6.38018 5.84813 6.40923 6.43374 6.43497 6.40043 6.41409 6.3775 6.43216 6.46401 6.38471 6.42144 6.45022 6.51004 6.3925 6.35377 6.45466 6.3806 6.40155 6.40618
7.51603 7.56201 7.5956 7.32768 7.59506 7.18984 7.10457 7.10802 7.40263 7.31079 6.79902 7.23876 7.22561 7.05336 7.02591 6.94715 7.1846 6.82167 6.90756 7.01811 6.68838 6.90732 6.91943 7.53957 6.74829 6.723 7.18355 6.80743 6.45217 7.21804
4.54365 4.54944 4.5393 4.21725 4.55849 4.22772 4.20945 4.21261 4.1789 4.17047 4.67839 4.24135 4.69757 4.67445 4.64254 4.74476 4.6529 4.70591 4.55996 4.56501 4.60123 4.56993 4.61161 4.64806 4.66199 4.66688 4.68893 4.66159 4.70102 4.70994
4.66251 4.65353 4.66409 4.56348 4.6586 4.63255 4.60531 4.59832 4.58722 4.59048 4.78548 4.58896 4.85839 4.77777 4.80232 4.85485 4.8187 4.8048 4.77308 4.75007 4.70612 4.76918 4.77239 4.73302 4.79356 4.83212 4.82085 4.7855 4.79424 4.89937
8.15712 8.1587 8.1798 8.18627 8.15208 8.20021 8.2184 8.23686 8.15321 8.15058 8.36735 8.19699 8.01263 8.1052 8.10164 8.00533 8.08618 8.01768 8.14896 8.0215 8.28854 8.18689 8.15163 8.18266 8.01978 8.10508 8.15142 8.04472 8.04272 8.03534
93.4579 93.5598 93.6068 93.7919 93.5595 93.8181 93.9063 93.7911 93.8857 93.7602 93.6341 93.6424 93.5494 93.5685 93.7301 93.6274 93.5523 93.6016 93.563 93.3231 93.4478 93.3422 93.5777 93.7575 93.5865 93.6618 93.3836 93.6593 93.4711 93.3243
98.2754 98.1948 98.4611 97.249 98.1266 97.6509 97.6688 97.5426 97.3115 97.0211 98.5255 97.4706 98.6372 97.2025 98.9737 98.142 96.7897 98.0946 97.5619 97.0816 97.5404 96.4803 97.2759 97.4572 97.3922 96.9192 97.5089 97.2409 97.3806 96.8446
141.224 141.2 141.225 140.005 141.182 140.318 140.32 140.103 140.229 140.487 141.297 140.226 141.703 140.911 141.838 141.038 140.766 141.362 140.685 140.988 140.945 140.886 140.873 141.329 141.049 140.81 141.165 140.668 141.31 141.304
5.42934 5.38681 5.34819 5.41139 5.37235 5.41872 5.4078 5.42979 5.42501 5.40969 5.46158 5.44332 5.44505 5.44955 5.39049 5.46299 5.45475 5.44214 5.45278 5.48138 5.45822 5.46638 5.47627 5.4831 5.4477 5.44807 5.47511 5.47497 5.43879 5.4594
4.38346 4.37727 4.39122 4.20683 4.3898 4.17819 4.18261 4.1801 4.15844 4.1794 4.45775 4.16884 4.43556 4.43624 4.42737 4.44049 4.38253 4.4752 4.4018 4.45994 4.49171 4.46422 4.46207 4.50013 4.43944 4.36059 4.44647 4.43675 4.45458 4.4427
4.34189 4.33662 4.32597 4.32544 4.32984 4.33976 4.33433 4.32838 4.31856 4.34444 4.34588 4.33814 4.35893 4.36241 4.34262 4.35246 4.3572 4.35207 4.35789 4.36288 4.35846 4.36856 4.36025 4.28269 4.36483 4.35803 4.35175 4.34483 4.34065 4.36355
5.41413 5.42124 5.45039 5.25805 5.41425 5.3698 5.28637 5.25263 5.23055 5.28991 5.23397 5.25467 5.30591 5.24872 5.51256 5.30253 5.1061 5.20446 5.1318 5.10851 5.38447 5.06233 5.07477 5.30455 5.18243 5.05143 5.31059 5.18314 5.15462 5.05521
7.44946 7.43886 7.42092 7.38752 7.43872 7.40391 7.35847 7.34767 7.32694 7.42356 7.41724 7.31034 7.50213 7.40497 7.49577 7.38441 7.40371 7.44904 7.35453 7.41443 7.33624 7.33403 7.36241 7.53269 7.39776 7.34403 7.43746 7.34032 7.41519 7.30277
93.4809 93.5076 93.6229 93.8362 93.5554 93.8125 93.7844 93.8579 93.6322 93.7371 93.7133 93.6809 93.4218 93.4863 93.5769 93.5968 93.787 93.5639 94.0337 93.4938 93.3705 93.4128 93.5869 93.8335 93.4584 93.7905 93.5006 93.6155 93.5793 93.456
105.304 105.17 105.25 103.871 105.243 103.841 103.926 103.842 103.798 103.585 104.087 103.767 104.167 104.012 104.346 104.324 103.647 104.234 103.424 103.677 103.618 103.474 103.842 103.283 104.008 103.739 103.929 103.801 103.529 103.969
5.57023 5.56504 5.5542 5.56599 5.56169 5.574 5.58652 5.59311 5.55701 5.56977 5.53911 5.54913 5.55093 5.5421 5.53115 5.5684 5.51489 5.54387 5.52413 5.54041 5.54365 5.54627 5.54587 5.51816 5.5442 5.52228 5.54514 5.53528 5.52255 5.54865
4.43976 4.43126 4.44602 4.40806 4.44493 4.22522 4.2283 4.42196 4.37073 4.22486 4.41397 4.35246 4.3881 4.3827 4.41674 4.41651 4.41497 4.39246 4.38694 4.3909 4.39317 4.39067 4.36903 4.41749 4.39668 4.36149 4.39151 4.41731 4.40018 4.41936
13.6749 13.7073 14.1333 13.3303 13.8946 13.4481 13.2743 13.2563 13.1392 13.6157 13.2854 13.4613 13.1778 13.0449 13.2285 13.1692 13.2518 13.3826 13.1431 13.2465 13.2608 13.0875 13.2183 13.0343 13.0821 13.1628 13.3402 13.3605 13.4562 13.1961
4.4333 4.42949 4.4289 4.45422 4.43294 4.45445 4.43376 4.46114 4.43913 4.47586 4.57026 4.46165 4.56804 4.58708 4.56658 4.5949 4.55609 4.59182 4.5614 4.56213 4.54902 4.57023 4.561 4.52415 4.55463 4.54643 4.57258 4.57416 4.56907 4.56624
5.51603 5.51356 5.45876 5.43514 5.48892 5.40247 5.41292 5.39036 5.45215 5.40216 5.44281 5.40917 5.45515 5.42916 5.46792 5.44275 5.39875 5.42079 5.37904 5.40275 5.44747 5.43403 5.44984 5.46185 5.46324 5.40143 5.42076 5.39434 5.38755 5.39319
7.77703 7.77081 7.74861 7.76559 7.7725 7.76916 7.76546 7.76445 7.78905 7.79142 7.77217 7.79718 7.75469 7.74378 7.77574 7.76727 7.76822 7.77278 7.7524 7.76348 7.73638 7.75373 7.77947 7.80125 7.75864 7.73892 7.76143 7.76845 7.74186 7.74638
162.524 162.404 163.116 161.265 162.812 160.081 160.078 160.3 160.28 160.895 161.322 160.787 161.578 161.838 161.946 161.956 161.164 162.645 161.061 161.787 161.744 161.656 161.449 159.204 161.319 161.095 162.1 162.046 162.196 161.496
92.7168 92.7641 92.8129 92.983 92.7838 92.7035 92.6706 92.6277 92.6054 92.4178 92.781 92.2835 92.3041 92.0278 92.7178 92.3873 92.8086 92.7995 92.5627 92.5491 92.2675 92.3002 92.6487 92.7197 92.4721 92.3786 92.4835 92.7128 92.6727 92.46
103.909 103.948 103.791 104.604 103.821 104.403 104.374 104.429 104.495 104.715 104.2 105.068 103.95 103.993 103.823 104.717 104.112 104.428 103.723 103.627 103.745 103.916 103.928 103.85 104.061 103.988 103.766 103.849 103.676 103.867
5.6078 5.59177 5.59828 5.47403 5.60001 5.52193 5.50678 5.52118 5.47444 5.57992 5.48429 5.5525 5.516 5.52249 5.49687 5.5567 5.50894 5.51976 5.46559 5.45971 5.52134 5.5301 5.49735 5.50578 5.52353 5.55368 5.47943 5.4979 5.4739 5.49847
4.3705 4.36851 4.38481 4.48474 4.38214 4.40159 4.45878 4.45236 4.29532 4.31198 4.42477 4.32501 4.38172 4.37049 4.43651 4.42515 4.40625 4.33612 4.3251 4.35716 4.45709 4.35848 4.34602 4.44455 4.44885 4.32779 4.34359 4.42187 4.39622 4.30978
11.2824 11.3459 11.1411 11.0798 11.2138 11.2506 11.0835 10.9453 11.2933 10.9956 10.9774 10.9591 10.8927 10.8127 10.9151 10.5916 10.85 10.6828 10.9427 11.0532 10.7432 10.5972 10.9677 10.7665 10.8246 10.8395 10.9512 10.8225 11.0588 10.9728
4.50903 4.51114 4.50244 4.49118 4.51694 4.48685 4.48917 4.50496 4.4611 4.48736 4.62403 4.47866 4.62528 4.62743 4.61096 4.64522 4.6253 4.62325 4.64107 4.60046 4.63475 4.62484 4.56781 4.64118 4.62565 4.58897 4.60339 4.62251 4.60322 4.5977
5.68412 5.69683 5.68541 5.7105 5.69599 5.68505 5.71488 5.73511 5.68554 5.73517 5.64601 5.72326 5.64547 5.71303 5.6321 5.73495 5.64313 5.66414 5.63343 5.60086 5.64376 5.65643 5.58733 5.67186 5.68478 5.65154 5.62362 5.6217 5.62583 5.63183
7.8575 7.87107 7.86259 7.87279 7.87559 7.86557 7.89117 7.90405 7.84717 7.84508 7.87576 7.82835 7.86098 7.95039 7.85761 7.9687 7.87812 7.89716 7.82033 7.79838 7.86645 7.86052 7.81213 7.87354 7.89747 7.88512 7.8226 7.86365 7.82471 7.80044
158.634 158.715 158.601 160.365 158.566 159.031 159.374 159.766 158.58 159.64 158.759 159.442 158.989 159.321 158.79 159.311 159.144 159.513 158.835 158.595 159.511 159.138 158.679 158.633 159.334 158.77 158.951 159.138 158.014 158.439
152.811 152.625 152.651 153.655 152.751 153.649 153.221 153.165 152.645 153.35 153.437 152.997 153.695 153.65 153.655 153.129 153.64 153.217 153.735 153.923 153.377 153.343 153.593 153.468 153.64 152.976 153.775 153.65 153.854 153.868
141.061 141.018 140.964 140.956 140.975 141.122 141.105 140.978 141.21 141.447 140.849 141.31 140.851 140.723 140.77 140.384 140.577 140.492 140.471 140.953 140.363 140.44 141.216 140.469 140.825 140.7 140.746 140.679 140.965 140.571
5.91553 5.92334 5.91842 5.86895 5.91367 5.88816 5.87806 5.88733 5.85994 5.94891 6.4104 5.9121 6.4677 6.43417 6.45105 6.44566 6.41783 6.47675 6.44691 6.43831 6.45237 6.46403 6.4555 6.36836 6.45 6.42641 6.45767 6.39131 6.39758 6.44573
7.06442 7.06781 7.03282 7.05064 7.05402 7.14853 7.13483 7.00693 6.80271 7.00424 6.87667 6.78487 6.78918 6.75519 6.87463 6.78819 6.9637 6.75855 6.80577 6.85485 6.73676 6.80257 6.94112 6.95178 6.76423 6.748 6.78269 6.935 6.91641 6.81126
4.65351 4.70828 4.68627 4.34914 4.66618 4.36549 4.36033 4.36104 4.33374 4.35975 4.63461 4.33638 4.63335 4.6402 4.59676 4.64475 4.55649 4.57662 4.64269 4.64413 4.66067 4.64015 4.57013 4.62002 4.60618 4.58799 4.65537 4.60787 4.62519 4.6245
8.03199 8.01525 8.0123 7.98644 8.02267 8.04361 8.03274 8.10035 8.07332 8.14685 7.98801 8.10397 8.07294 8.0535 8.05548 7.96505 8.07193 8.00199 8.14002 8.08814 7.93894 7.98824 8.35564 7.99756 8.05002 8.09613 8.00888 8.03844 8.17865 7.93375
92.4468 92.4071 92.4704 92.7357 92.4388 92.6202 92.6597 92.6324 92.6801 92.7732 92.5159 92.695 92.508 92.5912 92.3157 92.5585 92.2773 92.2799 92.3605 92.4253 92.4397 92.4047 92.4814 92.2965 92.2672 92.6788 92.4952 92.3509 92.5744 92.3567
103.305 103.093 102.946 103.261 103.139 103.371 103.353 103.439 103.234 103.201 103.218 103.226 103.725 103.658 103.603 103.746 103.353 103.503 103.613 103.671 103.617 103.868 103.702 102.454 103.53 103.637 103.635 103.272 103.532 103.927
5.45 5.45611 5.46515 5.43565 5.46784 5.43626 5.44531 5.43875 5.45895 5.47669 5.39285 5.47244 5.43585 5.41599 5.45533 5.45405 5.32034 5.41747 5.42244 5.42533 5.43734 5.42203 5.40097 5.35439 5.42318 5.42483 5.42452 5.45214 5.45408 5.40639
4.43994 4.43216 4.44873 4.48881 4.4396 4.25307 4.27754 4.26061 4.26162 4.24032 4.41597 4.25365 4.51069 4.50316 4.45597 4.47751 4.45548 4.40531 4.45682 4.50525 4.45518 4.51455 4.414 4.36018 4.47343 4.42033 4.52569 4.43161 4.40302 4.41409
13.0868 13.4788 13.1098 12.8949 13.0991 13.0041 12.9564 13.1341 12.9482 13.1737 12.9687 12.9256 12.8482 12.7306 12.9718 12.8586 12.734 13.0277 12.8024 12.7332 12.8978 12.8207 12.866 13.0628 12.9029 12.9886 12.8021 13.1415 12.4669 12.7264
5.15647 5.04915 5.03144 5.25311 5.07323 5.18244 5.20526 5.19122 4.99301 5.13678 5.34331 5.0939 5.15996 5.17491 5.14871 5.24336 5.385 5.03101 5.20802 5.18586 5.28589 5.25101 5.38969 5.35993 5.13404 5.15205 5.19436 5.27163 5.13801 5.2564
7.40328 7.37042 7.37283 7.57503 7.37726 7.51227 7.53727 7.47629 7.446 7.56784 7.43897 7.5185 7.44767 7.46048 7.44869 7.4423 7.53468 7.36418 7.39258 7.45966 7.44077 7.49964 7.53611 7.45195 7.39732 7.41059 7.45437 7.54264 7.38985 7.48912
161.849 161.758 162.45 161.898 162.429 162.494 162.678 162.836 162.056 161.645 161.078 161.852 162.392 162.459 161.778 162.284 160.952 161.947 162.261 162.089 161.842 162.414 161.488 160.287 162.043 161.818 162.256 161.542 162.757 161.798
91.6018 91.5731 91.5965 91.8348 91.5742 91.8284 91.8384 91.8643 91.8718 91.744 91.2528 91.9724 91.7529 91.8239 91.6334 91.7923 91.6071 91.0246 91.3473 91.6488 91.5056 91.6028 91.6114 90.8372 91.3283 91.8824 91.7244 90.7429 91.4904 91.1554
153.344 153.446 152.866 152.866 153.558 153.044 153.017 152.806 152.923 152.91 152.559 152.629 152.631 152.96 152.195 152.661 152.436 152.281 153.062 152.787 152.604 152.529 152.494 152.773 152.704 153.088 152.61 153.727 152.444 152.496
141.094 141.08 140.931 140.964 141.014 140.346 140.293 140.507 140.458 140.403 140.409 140.315 140.481 140.465 140.699 140.591 140.47 140.421 140.341 140.463 140.734 140.449 140.585 140.453 140.386 140.694 140.491 141.679 139.885 140.291
6.033 6.02275 6.02603 5.92572 6.01723 5.92714 5.91049 5.93489 5.92888 5.88484 6.4664 5.93814 6.41855 6.41185 6.46486 6.44074 6.43827 6.49001 6.4321 6.41621 6.47106 6.42676 6.44299 6.50724 6.43796 6.43377 6.43023 6.15834 6.43493 6.47997
7.32522 7.39495 7.19814 7.17583 7.38477 7.00001 7.01826 6.92026 7.09915 6.88101 6.58042 6.88271 6.61467 6.65373 6.58816 6.59736 6.42103 6.5237 6.70974 6.63221 6.67366 6.61788 6.54567 6.81991 6.6174 6.51508 6.58939 7.00452 6.39942 6.59718
4.66099 4.67339 4.6604 4.30555 4.6541 4.45977 4.45538 4.48984 4.47741 4.49947 4.7234 4.45787 4.72943 4.68363 4.70874 4.66186 4.70414 4.71103 4.73974 4.73142 4.61772 4.72831 4.63625 4.6528 4.73148 4.66117 4.73073 4.76436 4.60592 4.71815
4.67626 4.6732 4.67524 4.63667 4.67433 4.62618 4.59219 4.60309 4.61357 4.67528 4.81456 4.61239 4.84396 4.83681 4.80722 4.79634 4.81127 4.80377 4.84167 4.84363 4.82611 4.84281 4.80221 4.75517 4.82522 4.82922 4.83805 4.89744 4.79329 4.82479
8.07095 8.08411 8.07748 8.07295 8.0803 8.08454 8.12437 8.07331 8.07812 8.02751 7.91267 8.09072 8.0171 8.02156 8.06387 8.06854 8.03709 7.91576 7.91381 7.97926 8.09547 8.00649 8.10288 8.08164 7.97683 8.11336 8.0249 8.15916 7.95898 8.03302
136.863 136.988 136.694 136.08 136.917 136.156 136.143 136.133 135.968 136.229 136.315 135.822 136.407 137.437 136.074 136.461 136.075 136.079 136.436 136.385 137.195 136.258 136.337 136.557 136.491 137.694 136.214 137.801 136.558 136.254
10.9209 10.9831 10.8962 10.7133 10.9363 11.0339 10.9189 10.9523 10.6941 11.013 10.7137 10.9211 10.5396 10.3414 10.8872 10.7374 10.3698 10.6452 10.3089 10.3821 10.8151 10.523 10.6119 10.8281 10.5984 10.6316 10.312 10.6513 10.4085 10.6837
5.57353 5.56677 5.56746 5.5373 5.57537 5.54246 5.53234 5.53576 5.5242 5.57272 5.75854 5.51661 5.7345 5.71662 5.74718 5.74243 5.77112 5.74654 5.74319 5.73612 5.7542 5.74235 5.72317 5.75611 5.74625 5.7906 5.73835 5.73707 5.74247 5.73929
4.66013 4.66305 4.66183 4.26594 4.66139 4.26258 4.25978 4.27384 4.24284 4.28268 4.69997 4.25021 4.67803 4.69467 4.65752 4.70048 4.63143 4.67569 4.70253 4.69159 4.66335 4.68552 4.69051 4.67532 4.68702 4.63639 4.68377 4.65954 4.67864 4.65746
4.55531 4.55499 4.55324 4.43404 4.54623 4.49836 4.46579 4.49225 4.44082 4.44983 4.55135 4.47003 4.54212 4.59424 4.55182 4.60256 4.53641 4.53066 4.53921 4.54674 4.61508 4.5307 4.55231 4.56292 4.58438 4.58339 4.53185 4.59365 4.62057 4.51353
7.26327 7.26257 7.2324 7.27986 7.29256 7.29004 7.28345 7.26624 7.32643 7.36817 7.21992 7.35258 7.29803 7.42172 7.24709 7.20265 7.25117 7.25167 7.33631 7.31632 7.4143 7.29651 7.2341 7.18696 7.30671 7.47484 7.31386 7.48709 7.29157 7.29489
144.535 144.753 144.603 144.055 144.636 144.274 144.339 144.247 144.537 144.439 144.302 144.416 144.649 144.895 144.749 144.824 144.661 144.479 144.173 144.423 144.051 144.573 144.791 144.634 144.481 144.312 144.96 144.85 144.122 144.176
92.6937 92.7771 92.7903 92.3777 92.8621 92.5215 92.3963 92.4959 92.2444 92.3637 92.6226 92.2767 92.5051 92.182 92.5956 92.215 92.2816 92.5905 92.5539 92.5685 91.8078 92.5158 92.2078 92.5223 92.4282 92.1651 92.5842 92.062 91.6444 92.4328
154.275 154.264 154.174 153.995 154.355 153.876 153.9 154.033 154.349 153.595 154.115 153.982 154.079 154.323 154.447 154.041 154.221 154.061 154.198 154.127 154.249 154.034 154.199 154.068 154.031 154.006 154.115 154.485 154.003 154.091
140.437 140.47 140.322 140.314 140.423 140.045 139.787 139.821 139.824 140.164 139.866 140.155 140.019 139.636 140.099 139.703 140.106 140.037 139.916 139.924 140.002 139.945 139.467 139.992 140.043 141.305 140.121 139.694 139.85 139.98
5.96888 5.95601 5.94499 5.86183 5.9199 5.75262 5.77719 5.82396 5.71674 5.81407 6.44406 5.71888 6.40111 6.43127 6.46775 6.43755 6.47924 6.4287 6.44359 6.4269 6.50518 6.45433 6.41686 6.44957 6.4367 6.27044 6.44509 6.46825 6.45717 6.44544
7.68662 7.72087 7.7189 7.50202 7.65814 7.3796 7.5285 7.4418 7.36634 7.21483 7.0628 7.23836 7.25412 7.28086 7.31962 7.24012 7.17591 7.20245 7.05246 7.13945 7.23006 7.2617 7.25354 7.27416 7.22319 7.52562 7.27694 7.32298 7.13531 7.18056
4.57005 4.56903 4.58799 4.31174 4.56909 4.34559 4.30914 4.31348 4.36284 4.31364 4.63667 4.36268 4.63266 4.63776 4.59941 4.62635 4.59289 4.632 4.62906 4.63207 4.56931 4.66829 4.63591 4.62222 4.59464 4.53922 4.62619 4.64551 4.59503 4.63087
7.83233 7.83479 7.80962 7.98668 7.8763 7.91728 7.90595 7.90158 7.92348 7.9165 7.67245 7.97024 7.74467 7.63689 7.76322 7.59215 7.77646 7.73044 7.70382 7.70818 7.80088 7.66817 7.67782 7.70843 7.69834 8.0761 7.75958 7.59113 7.88091 7.7169
103.128 103.182 103.162 103.927 103.175 104.038 104.277 103.911 103.995 103.366 103.506 103.79 103.171 103.322 103.402 103.453 103.421 103.462 103.409 103.427 103.515 103.322 103.39 103.435 103.392 104.162 103.488 103.477 103.395 103.401
5.50127 5.4905 5.48757 5.46585 5.49552 5.49118 5.48486 5.48436 5.50875 5.49886 5.47796 5.51589 5.44661 5.44737 5.45203 5.46104 5.47896 5.45946 5.48028 5.45624 5.47732 5.46187 5.46228 5.44664 5.41867 5.48782 5.45933 5.47506 5.46955 5.45455
4.40113 4.39615 4.40109 4.38652 4.40187 4.39584 4.38259 4.39297 4.23478 4.2216 4.39724 4.23052 4.39792 4.38971 4.36153 4.4043 4.37763 4.35707 4.40368 4.39517 4.40357 4.40615 4.40092 4.36926 4.344 4.41988 4.39972 4.40833 4.38319 4.39774
14.6975 14.6916 14.6165 13.0537 14.5855 12.8173 13.1249 13.4525 13.8898 13.4187 13.5055 13.4173 13.4138 13.3982 13.41 13.4879 13.5181 13.4982 13.4342 13.4663 13.5179 13.4432 13.3893 13.4107 13.4058 13.5882 13.4369 13.5524 13.4822 13.4352
4.39621 4.39033 4.39419 4.42176 4.39171 4.38307 4.3868 4.38707 4.42207 4.39174 4.53925 4.43829 4.51522 4.53401 4.56347 4.52801 4.55196 4.52968 4.53484 4.52892 4.54815 4.55831 4.53401 4.5427 4.54411 4.53203 4.54726 4.56404 4.55808 4.54362
4.33597 4.2856 4.31038 4.41941 4.29415 4.37652 4.35216 4.3251 4.47578 4.44797 4.54512 4.41546 4.46719 4.41245 4.78771 4.5234 4.78386 4.51918 4.5275 4.51749 4.81594 4.64037 4.53615 4.62789 4.6579 4.63636 4.71619 4.84926 4.63668 4.64077
4.30527 4.30356 4.29912 4.27444 4.30654 4.27596 4.27009 4.26457 4.27753 4.28745 4.38804 4.32155 4.39023 4.39888 4.38548 4.38781 4.38716 4.39258 4.39031 4.38917 4.37095 4.37538 4.39908 4.38658 4.39613 4.43197 4.38361 4.35887 4.38441 4.38287
7.56882 7.55258 7.56264 7.7421 7.54096 7.64165 7.6704 7.66842 7.5526 7.56768 7.42948 7.54008 7.4829 7.51375 7.43902 7.45543 7.42341 7.47548 7.45745 7.50531 7.4632 7.49732 7.39231 7.5163 7.45424 7.401 7.48049 7.53031 7.43574 7.51773
163.219 162.842 163.051 162.17 162.897 162.141 162.47 163.097 161.134 162.104 162.196 160.767 161.986 162.099 162.138 162.263 162.036 162.201 161.881 162.145 162.03 162.32 162.241 162.028 161.882 161.452 161.935 161.787 162.153 162.006
103.244 103.234 103.169 103.4 103.198 103.484 103.397 103.233 103.113 102.912 103.192 103.175 102.91 103.244 103.217 103.594 103.281 103.386 103.046 103.142 103.238 103.2 103.001 103.327 103.52 103.948 103.186 103.245 103.199 103.271
142.535 142.611 142.579 142.772 142.56 142.696 142.654 142.626 142.53 142.438 142.524 142.658 142.287 142.492 142.626 143.019 142.54 142.632 142.461 142.367 142.595 142.398 142.591 142.431 142.593 142.661 142.617 142.452 142.486 142.467
5.60352 5.6104 5.60159 5.57339 5.60095 5.50904 5.52595 5.52757 5.52334 5.52302 5.54286 5.53887 5.53336 5.53109 5.5779 5.53727 5.54838 5.52675 5.53503 5.53233 5.53378 5.52777 5.54405 5.53056 5.54974 5.57681 5.55641 5.53147 5.52611 5.53052
4.34614 4.37149 4.35176 4.25933 4.34619 4.21348 4.21406 4.21197 4.18873 4.19391 4.37669 4.18514 4.4382 4.41535 4.39688 4.36422 4.41599 4.38307 4.43278 4.42821 4.38347 4.40658 4.42216 4.37582 4.37395 4.34871 4.42521 4.39888 4.38112 4.41093
13.835 13.8042 13.594 13.2766 13.9074 13.4741 13.4835 13.2277 13.568 13.4158 13.4126 13.7431 13.4652 13.3703 13.37 13.3685 13.4208 13.352 13.4057 13.4008 13.2508 13.4001 13.3814 13.3021 13.2575 13.3762 13.3889 13.4101 13.3106 13.3645
4.47373 4.47338 4.46553 4.50815 4.47121 4.52052 4.53546 4.518 4.5406 4.55656 4.61765 4.53626 4.64342 4.62207 4.61877 4.59688 4.61927 4.5991 4.62396 4.61895 4.61569 4.62347 4.63374 4.61873 4.61498 4.61112 4.63348 4.62128 4.67879 4.61864
5.56315 5.57284 5.57133 5.57908 5.55528 5.64295 5.61977 5.58498 5.55005 5.51529 5.54732 5.53877 5.50251 5.51239 5.58166 5.53091 5.53204 5.50947 5.53087 5.49403 5.52667 5.53659 5.55783 5.52317 5.52708 5.48525 5.54267 5.54793 5.50452 5.51436
7.92002 7.91262 7.9165 7.98944 7.91838 7.99222 7.98874 7.97133 7.98389 7.9737 7.99935 8.00394 7.96901 7.9877 8.02114 7.93791 7.97921 7.93905 7.97642 7.95879 7.99017 7.98615 7.99934 7.96358 7.96946 7.96424 7.99191 7.98481 7.99621 7.97773
161.396 161.287 161.243 162.208 161.852 162.633 163.035 162.964 162.493 162.495 162.575 162.36 162.738 162.918 162.753 162.455 162.805 162.351 162.511 162.691 163.034 162.644 162.958 162.377 162.571 162.616 162.76 162.591 162.993 162.666
93.3629 93.4903 93.4992 93.5084 93.3437 93.8059 93.7293 93.7281 93.5171 93.5023 93.3528 93.6737 93.591 93.431 93.3948 93.4884 93.4648 93.4816 93.445 93.5315 93.3177 93.4037 93.4297 93.3478 93.4048 93.1955 93.4332 93.3151 93.4077 93.3801
97.6033 97.9765 97.7674 98.0531 97.7152 98.2732 98.7822 98.081 97.752 97.8214 96.6902 97.427 96.9603 96.9547 97.0361 97.8809 96.8761 97.0078 96.6589 97.1269 96.7275 96.7378 96.9218 96.6702 97.0268 97.7797 96.9534 96.5702 97.2376 96.9413
5.5681 5.57477 5.57178 5.54892 5.56316 5.52989 5.55192 5.54373 5.51431 5.50338 5.57398 5.53801 5.53526 5.55676 5.54882 5.55817 5.53918 5.54067 5.54912 5.55484 5.56565 5.55497 5.57018 5.55524 5.55352 5.61476 5.56225 5.57274 5.55309 5.55633
4.32357 4.32107 4.31848 4.15233 4.33201 4.15605 4.15359 4.16802 4.18557 4.15122 4.3661 4.14758 4.42402 4.39182 4.39272 4.30669 4.39173 4.41439 4.41874 4.40721 4.3941 4.38426 4.31418 4.40542 4.38738 4.38821 4.41389 4.33632 4.3507 4.39159
5.78599 5.76004 5.75363 5.68 5.77574 5.62878 5.61678 5.64758 5.59785 5.61235 5.62204 5.60571 5.55259 5.57728 5.58868 5.60038 5.57895 5.57215 5.57696 5.56807 5.60924 5.59163 5.58443 5.56652 5.57316 5.62117 5.58648 5.60176 5.4512 5.58094
7.87895 7.86829 7.87579 7.83262 7.87487 7.81825 7.77672 7.81975 7.85036 7.82791 7.90119 7.8786 7.86765 7.88727 7.89515 7.8883 7.894 7.89591 7.8811 7.88008 7.89718 7.88954 7.89615 7.91578 7.90627 7.90146 7.88837 7.9038 7.89366 7.88274
93.0902 93.1443 93.212 93.0074 93.0639 93.2843 93.2262 93.0182 93.238 92.9276 92.9969 93.1846 93.2503 93.1264 93.0642 93.2765 93.0972 93.1615 93.2726 93.222 93.0283 93.1015 92.9467 93.2349 93.1211 92.5214 93.1361 92.8723 92.9773 93.1055
100.19 100.267 100.283 98.9341 100.23 98.6572 99.5544 99.1941 98.9304 98.4744 98.4539 99.1453 98.2147 98.0816 98.0021 100.982 98.028 98.1051 97.7331 99.3577 98.3733 98.2541 98.9791 97.9372 98.2547 98.8305 99.3178 98.7384 96.3419 98.1469
5.64054 5.64403 5.64363 5.58893 5.64498 5.57846 5.60376 5.60086 5.58162 5.58095 5.63974 5.61056 5.61735 5.63026 5.63728 5.63427 5.62345 5.61622 5.61854 5.61568 5.6385 5.62583 5.64454 5.6235 5.63862 5.67824 5.62322 5.64727 5.63915 5.62839
4.14062 4.14082 4.13603 4.02551 4.13871 4.111 4.09829 4.03697 4.12651 4.08156 4.16841 4.09147 4.20752 4.18318 4.19533 4.22567 4.18093 4.23736 4.17007 4.2886 4.17707 4.17224 4.16738 4.18252 4.18481 4.17688 4.27719 4.17483 4.18701 4.17611
5.69956 5.69896 5.69078 5.62385 5.6938 5.57909 5.62324 5.59894 5.57898 5.57956 5.51279 5.59889 5.50757 5.49321 5.47951 5.70015 5.49786 5.49539 5.50338 5.53758 5.50776 5.51202 5.51718 5.49781 5.49792 5.54547 5.53333 5.50725 5.49171 5.50257
7.71082 7.70226 7.69906 7.7239 7.70955 7.72882 7.70274 7.70695 7.71373 7.71586 7.72894 7.68033 7.74287 7.73428 7.72959 7.90851 7.73325 7.73118 7.74741 7.75346 7.73293 7.73243 7.73457 7.73863 7.72801 7.80112 7.7472 7.73005 7.76408 7.73415
