91.9403 92.3616 92.3571 92.2017 92.1666 92.1545 92.3829 92.2149 92.1685 92.3232 92.1987 92.22 91.9176 91.9119 91.9756 92.0137 91.8138 92.039 91.9888 92.2423 92.031 92.1392 92.0034 92.0083 92.2734
75.2868 75.5213 75.5435 75.5134 75.7125 75.7388 75.5317 75.6076 75.6434 75.4465 75.5065 75.5412 75.5935 75.4913 75.5724 75.7998 75.4398 75.5436 75.5662 75.8042 75.6612 75.4365 75.7894 75.614 75.7935
74.0447 72.7961 72.9511 73.1334 73.2562 72.9457 73.436 73.7974 73.2929 73.3801 73.782 73.0363 74.217 73.5318 74.263 74.0364 73.9045 74.0648 73.9184 73.8464 73.9866 73.4795 74.4888 73.8957 73.5271
83.2689 82.8557 82.7094 82.9676 82.8112 82.7163 82.8629 82.8693 82.7512 82.9291 82.8128 82.661 83.1485 82.9459 83.2483 83.2231 82.8347 83.1149 83.0387 83.0416 83.1124 82.9102 83.3476 83.1445 83.0581
139.268 138.478 138.318 138.486 138.623 138.116 138.48 139.119 139.03 138.246 138.37 137.811 138.952 138.229 139.264 139.043 138.655 138.854 138.673 138.863 138.875 138.3 139.184 138.85 138.498
5.75088 5.7347 5.708 5.72484 5.73345 5.73699 5.70597 5.71926 5.75514 5.73617 5.7464 5.70744 5.89359 5.9079 5.91054 5.90032 5.87118 5.89896 5.89648 5.89526 5.89002 5.89338 5.92329 5.90015 5.92503
4.55252 4.34814 4.40095 4.51832 4.34092 4.32254 4.31805 4.32993 4.43795 4.55828 4.43355 4.37513 4.73651 4.70657 4.68413 4.64152 4.63243 4.75335 4.73096 4.73807 4.65988 4.73232 4.63638 4.65293 4.64423
4.57379 4.50701 4.50228 4.48462 4.49154 4.48651 4.54558 4.5173 4.47548 4.51708 4.54184 4.49606 4.66176 4.62048 4.68306 4.64715 4.69562 4.67362 4.65281 4.65045 4.63918 4.57245 4.64439 4.61641 4.60694
4.48671 4.46291 4.47963 4.46216 4.4933 4.48105 4.48694 4.50275 4.49481 4.50997 4.49084 4.48816 4.52402 4.53182 4.51335 4.53728 4.53221 4.52992 4.53088 4.51842 4.54041 4.53962 4.50854 4.52433 4.52363
7.85049 7.87143 7.83108 7.85066 7.87547 7.86773 7.86527 7.8893 7.84086 7.80106 7.81103 7.85452 8.11569 8.27764 8.00028 8.04245 7.88247 8.13038 8.18129 8.04138 8.05 7.94569 7.96815 8.0038 7.93876
92.4351 92.4241 92.5784 92.2753 92.6398 92.6427 92.6044 92.4858 92.3344 92.6401 92.7738 92.579 92.3256 92.4861 92.4067 92.319 91.7878 92.4628 92.3352 92.2073 92.3807 92.3927 92.4885 92.3406 92.8488
75.5416 75.6118 75.5603 75.5179 75.5659 75.5187 75.2994 75.3924 75.6743 75.4875 75.2401 75.4226 75.5661 75.5101 75.7381 75.7653 75.9997 75.8012 75.5986 75.991 75.6645 75.4584 75.4863 75.804 75.7271
73.062 73.7008 73.4795 73.6899 73.3674 73.8926 74.3308 73.7993 73.1232 73.4753 73.4451 72.7652 73.2934 73.2875 73.768 73.8923 74.1941 73.4162 73.4374 73.6585 73.7829 72.7289 74.453 73.7481 73.7405
82.4524 82.5308 82.5045 82.6819 82.3362 82.2997 82.382 82.5691 82.4761 82.3386 82.3326 82.3295 82.454 82.4702 82.7134 82.7308 82.7134 82.4496 82.4981 82.7623 82.6102 82.2693 82.7028 82.5845 82.5901
137.258 137.109 136.634 137.194 136.716 136.648 136.687 136.7 136.536 136.768 136.648 136.255 136.59 136.506 137.074 137.113 137.375 136.666 136.595 137.153 136.862 136.007 137.547 136.864 137.501
5.76403 5.73613 5.75377 5.74244 5.76369 5.74948 5.7328 5.73145 5.73811 5.74856 5.77425 5.7782 5.93347 5.93302 5.93618 5.93211 5.89162 5.92945 5.93877 5.94464 5.92665 5.92536 5.93639 5.92131 5.92571
4.72245 4.33766 4.33311 4.37748 4.3492 4.34969 4.55172 4.65294 4.48094 4.5937 4.72337 4.5475 4.72052 4.69532 4.67503 4.73664 4.51647 4.63352 4.70104 4.61535 4.71867 4.69856 4.88682 4.64782 4.74605
4.62584 4.55588 4.56604 4.56787 4.5573 4.59416 4.6536 4.60289 4.53917 4.56865 4.58068 4.51549 4.65294 4.64196 4.66913 4.67282 4.66373 4.65992 4.65592 4.63751 4.66238 4.58695 4.69568 4.62296 4.64461
4.52509 4.49061 4.48582 4.50934 4.5041 4.50717 4.50136 4.52225 4.5511 4.52585 4.50995 4.48077 4.56655 4.53667 4.539 4.56157 4.54126 4.55473 4.56415 4.54438 4.55692 4.55747 4.5525 4.53617 4.54403
7.35814 7.40271 7.35055 7.4081 7.34827 7.41342 7.34735 7.32232 7.35712 7.37198 7.42132 7.35936 7.46851 7.45125 7.516 7.5331 7.61873 7.42259 7.40661 7.46992 7.48494 7.512 7.61754 7.49356 7.64435
93.0551 92.9282 92.9944 92.9977 93.0909 93.0544 93.0755 93.1321 92.986 93.1061 93.279 93.1056 93.0811 93.0562 93.0194 92.8333 91.8141 93.0947 92.9445 92.6633 92.9784 93.1597 93.3265 92.9434 93.0624
74.9889 74.7451 74.9379 74.7507 75.0456 75.1904 75.1567 75.2251 75.3385 75.1747 74.7516 75.3049 75.0022 74.9763 75.3491 75.0438 76.0092 75.3307 75.2048 75.1569 74.9796 75.2703 74.8796 75.3933 74.9668
73.1225 74.1352 73.3203 73.8154 72.8336 73.4508 73.2323 72.932 73.0705 74.1152 73.357 73.1624 73.2961 73.2181 73.728 73.5961 74.1326 73.8114 73.3495 73.0275 73.4643 72.8902 72.1582 73.6382 72.9849
82.5232 82.9408 82.73 82.8044 82.3401 82.7203 82.5913 82.366 82.6827 82.9229 82.4204 82.4142 82.5461 82.5437 82.7582 82.7583 83.5406 82.7962 82.636 82.855 82.6365 82.3461 81.753 82.8561 82.5308
136.738 136.979 136.189 136.9 135.84 136.355 136.561 136.98 136.602 136.377 136.894 136.198 136.311 136.377 136.711 136.675 138.266 137.151 136.493 137.384 136.511 135.821 136.954 137.244 136.605
5.72621 5.66616 5.64765 5.66519 5.67731 5.67838 5.7018 5.68968 5.71724 5.68422 5.67319 5.69698 5.87074 5.86455 5.90646 5.88187 5.88207 5.88749 5.88467 5.8905 5.87537 5.85673 5.85147 5.88859 5.87612
4.62554 4.38934 4.272 4.38273 4.27187 4.26962 4.27057 4.2765 4.26821 4.29479 4.26326 4.26271 4.59042 4.58463 4.67321 4.60443 4.51979 4.65727 4.6021 4.59688 4.59693 4.52321 4.58176 4.6315 4.58211
4.54499 4.57196 4.45657 4.59197 4.48531 4.49101 4.51872 4.47128 4.5266 4.50588 4.51318 4.48409 4.56498 4.54991 4.59147 4.59283 4.54892 4.58673 4.56975 4.51796 4.58929 4.54197 4.56787 4.58123 4.55667
4.50946 4.50202 4.45318 4.50273 4.51522 4.45926 4.46246 4.52015 4.4697 4.49394 4.47784 4.48714 4.54941 4.54277 4.54707 4.55767 4.55741 4.54645 4.55094 4.5555 4.54977 4.53784 4.59542 4.53528 4.55091
7.45516 7.31809 7.37735 7.32427 7.3842 7.38247 7.39632 7.46054 7.42585 7.37493 7.5445 7.5305 7.42751 7.46505 7.52369 7.38449 8.1736 7.61232 7.42295 7.69607 7.42266 7.5361 8.2701 7.55164 7.41734
93.4525 93.7694 93.6797 93.817 93.5755 93.6226 93.553 93.4606 93.3156 93.703 93.8022 93.5967 93.5625 93.5354 93.5501 93.4664 92.5077 93.7447 93.3773 93.4488 93.4199 93.3399 93.6426 93.6661 93.8857
75.5609 75.297 75.1339 75.1938 75.2555 75.1836 75.2737 75.6536 75.2245 75.3865 75.3624 75.0905 75.5759 75.6162 75.5637 75.6168 75.8724 75.8524 75.4369 75.8362 75.5753 76.1046 75.4441 75.881 75.7535
71.6692 72.7863 72.1962 72.3356 73.2413 73.0199 72.2339 72.3415 73.1711 72.8338 72.9084 72.615 72.3839 72.298 72.5092 72.335 75.3443 72.1295 72.2608 71.7589 71.8849 72.7849 72.2535 71.3361 71.8291
82.4706 82.6558 82.6775 82.5097 82.7883 82.7601 82.8285 82.4393 82.5073 82.5262 82.2681 82.508 82.3331 82.3161 82.3751 82.4837 83.1905 82.1376 82.4202 82.3687 82.2728 82.375 82.2868 82.1475 82.328
102.638 103.33 103.225 103.194 103.439 103.567 103.375 103.727 103.678 103.379 103.553 103.927 103.138 103.13 103.036 103.092 104.796 103.132 103.045 103.488 103.069 103.26 103.147 103.151 103.239
141.023 141.289 141.01 141.005 141.01 141.202 141.216 141.431 141.409 141.062 141.205 141.236 141.288 141.311 141.62 141.224 143.248 141.587 141.278 142.116 141.222 141.497 141.086 141.528 141.216
5.63313 5.61616 5.59292 5.60828 5.5986 5.54206 5.59083 5.61839 5.58039 5.57392 5.53759 5.53114 5.60297 5.60597 5.62994 5.61113 5.03104 5.61756 5.6135 5.59237 5.61703 5.6035 5.59626 5.60141 5.65855
4.54065 4.49859 4.57645 4.53021 4.4856 4.48756 4.57142 4.68976 4.62808 4.55428 4.42119 4.42085 4.50363 4.48278 4.50158 4.45217 4.34453 4.45866 4.51106 4.44945 4.52027 4.38195 4.53367 4.44942 4.54847
4.59265 4.56174 4.51923 4.53116 4.51999 4.51362 4.51835 4.5959 4.57229 4.52245 4.52942 4.54336 4.69953 4.69661 4.70824 4.69493 4.6512 4.70971 4.70406 4.69509 4.69959 4.68018 4.70505 4.70158 4.709
4.42789 4.41636 4.45635 4.43797 4.40731 4.42538 4.37726 4.37974 4.3943 4.47342 4.49818 4.4075 4.46295 4.48265 4.48977 4.45496 4.6062 4.49036 4.47397 4.49443 4.46828 4.48405 4.47768 4.49777 4.43226
4.91605 5.3142 5.20873 5.32558 5.325 5.38916 5.36981 5.22772 5.23255 5.1877 5.22184 5.31214 5.09316 5.0378 5.07097 5.06086 6.08956 5.08369 4.99754 5.07118 5.09231 5.20631 5.03493 5.13796 5.16998
7.69754 7.78382 7.747 7.7654 7.69439 7.69976 7.7543 7.72452 7.67736 7.74099 7.75144 7.75761 7.7288 7.72349 7.7337 7.71707 7.8073 7.74972 7.7001 7.70722 7.73269 7.7752 7.67396 7.74405 7.7261
92.7869 92.956 92.9432 92.9195 92.8514 92.9958 92.8831 92.793 92.5971 92.5875 92.7639 93.0912 92.5382 92.5037 92.7554 92.5686 92.195 92.4525 92.6693 92.276 92.7336 92.7094 92.7146 92.2317 92.8593
75.6807 75.6891 75.576 75.719 75.5532 75.5665 75.5352 75.6386 75.5467 75.8853 75.8793 75.459 75.4362 75.4166 75.3907 75.6803 75.8741 75.6579 75.354 75.4405 75.3818 75.4016 75.4373 75.4557 75.8578
72.7047 72.4411 72.7075 72.5791 73.1124 72.661 72.6704 72.7294 72.3035 71.6924 72.1905 72.8724 73.3163 73.2655 72.8916 73.055 73.0743 73.3957 73.0958 73.6749 72.6202 73.9501 72.9536 73.3305 73.044
82.2543 82.4179 82.3333 82.4467 82.3633 82.345 82.6447 82.2176 82.3886 82.4936 82.5887 82.3831 82.6721 82.6383 82.3683 82.576 83.2733 82.6197 82.4861 82.8298 82.2553 82.3141 82.5704 82.7915 82.4698
136.452 136.792 136.662 136.386 136.917 136.884 136.873 137.096 136.648 136.183 136.526 137.337 137.003 137.038 136.537 136.912 138.477 137.201 136.649 136.921 136.43 135.085 136.715 137.007 136.682
5.69995 5.71481 5.6859 5.70182 5.69772 5.68925 5.68576 5.67633 5.65744 5.71409 5.70067 5.65894 5.86199 5.86528 5.85818 5.88819 5.89111 5.91893 5.85087 5.87795 5.85459 5.87704 5.8576 5.8952 5.87678
4.58465 4.23058 4.25002 4.24505 4.25765 4.24037 4.25521 4.2361 4.25705 4.27323 4.23907 4.25914 4.57666 4.6163 4.62368 4.57169 4.59418 4.62149 4.61274 4.64144 4.5995 4.533 4.59506 4.62433 4.59873
4.53974 4.51626 4.5371 4.53308 4.55755 4.50053 4.48856 4.59862 4.5357 4.5597 4.51468 4.52558 4.60786 4.60549 4.58972 4.5916 4.6417 4.5735 4.60145 4.58955 4.59351 4.62209 4.59202 4.6151 4.56327
4.52678 4.52427 4.50774 4.53339 4.51766 4.50815 4.47334 4.48665 4.53088 4.49459 4.49327 4.46201 4.56195 4.5518 4.54771 4.5372 4.50732 4.58435 4.54881 4.55718 4.55232 4.59228 4.55257 4.55491 4.5474
7.71246 7.75106 7.68264 7.66466 7.71478 7.65955 7.70235 7.8252 7.68726 7.46977 7.68171 7.80127 7.84396 7.82371 7.79233 7.8753 7.80125 7.93532 7.81132 7.74719 7.81452 7.73239 7.81115 7.69832 7.75001
94.2743 94.1081 94.5001 94.0932 94.4343 94.3715 93.8119 94.4911 94.1056 94.172 94.0113 94.2617 94.1019 94.1911 94.2442 93.5399 94.4353 93.7371 94.015 93.8052 94.2884 93.6245 94.461 94.056 92.3211
75.1001 74.9092 74.9741 74.9501 74.9175 75.0732 74.946 75.2359 75.1974 75.723 75.6292 75.7393 75.4168 74.7962 75.7148 75.693 75.0887 75.2971 75.333 75.8516 75.4765 75.8394 75.27 75.8536 75.9268
71.7265 72.2979 72.035 72.1539 72.3662 71.9816 72.4934 72.4526 71.4859 72.5905 72.0064 71.7488 72.7932 71.7367 70.9751 71.7815 73.005 71.625 72.4173 72.8983 71.8382 74.3184 72.0915 71.5088 73.1374
82.2668 82.4992 82.5367 82.4642 82.4819 82.5001 82.6442 82.2073 82.3397 82.3823 82.5722 82.2873 82.9198 82.4428 82.4462 82.6268 82.7735 82.4243 82.6021 82.6415 82.547 82.9356 82.474 82.5288 82.0641
97.0054 96.5096 97.1971 96.6176 97.3255 97.0252 96.6564 98.0943 96.3825 96.9286 96.7827 96.6776 96.9864 96.9753 96.6837 97.0343 99.2321 95.9399 97.2523 96.2643 96.4728 96.3469 96.5068 96.9605 98.5231
140.992 140.707 140.995 140.613 140.674 140.683 140.664 140.842 140.33 140.954 140.683 141.003 141.505 141.162 141.169 141.709 142.383 141.497 141.212 141.443 140.716 141.972 140.865 141.286 141.657
5.49902 5.52516 5.53303 5.53058 5.51217 5.52464 5.51597 5.51306 5.51862 5.54283 5.53756 5.47244 5.56795 5.5352 5.58417 5.61533 5.25107 5.57721 5.55745 5.62281 5.55526 5.58911 5.5653 5.59211 5.75026
4.31034 4.22919 4.28198 4.21249 4.31259 4.27178 4.19225 4.30308 4.20997 4.16925 4.17032 4.17509 4.41633 4.33347 4.41909 4.48215 4.37391 4.40622 4.36625 4.50946 4.35829 4.46629 4.39874 4.35497 4.23939
4.38643 4.4109 4.41403 4.41729 4.42038 4.40542 4.42801 4.42521 4.41457 4.41421 4.38987 4.35836 4.42401 4.43304 4.44103 4.3968 4.38864 4.47059 4.41537 4.46283 4.43828 4.34808 4.43246 4.44073 4.40145
4.37197 4.38367 4.37083 4.37923 4.37582 4.39434 4.39039 4.38219 4.36899 4.39837 4.40453 4.35187 4.41952 4.42993 4.42323 4.42283 4.4963 4.43301 4.4381 4.4227 4.41883 4.43626 4.42067 4.44874 4.4048
5.38466 5.27164 5.3847 5.28393 5.33623 5.31401 5.19097 5.42538 5.23256 5.38867 5.37915 5.39368 5.11761 5.17077 5.13979 5.16301 5.7502 4.80708 5.21823 5.13789 5.11068 4.79941 5.13004 5.21879 5.29439
7.63701 7.57489 7.65444 7.60561 7.60473 7.59482 7.59989 7.61778 7.59065 7.63916 7.58242 7.61434 7.63603 7.62818 7.62561 7.61249 7.71405 7.63147 7.64835 7.65969 7.63158 7.69586 7.60678 7.6549 7.61514
94.1728 94.5345 94.3105 94.3833 94.1236 94.4508 94.3024 94.6052 94.3651 94.4783 94.3707 93.9303 94.5469 91.6957 93.9273 93.1555 93.6319 94.2817 93.4183 93.0126 94.3956 91.4341 94.1513 93.7236 93.9018
75.6232 76.1982 76.3677 76.1732 76.4911 76.2198 76.1807 76.3548 75.7027 75.3556 75.3649 75.5055 75.8157 75.8528 75.2942 75.8 76.0332 75.8042 76.2401 75.4483 75.1942 76.1139 75.6114 76.0477 76.1632
71.1697 71.0205 71.6412 71.3918 71.0368 71.4775 70.4556 70.7177 72.1352 71.3658 71.1194 70.7759 71.9632 74.5771 71.8275 72.1489 72.8784 70.1975 72.6983 72.2485 71.8856 73.0704 72.1171 71.654 71.5778
80.6337 81.6156 81.89 81.6868 81.8929 81.8557 81.5195 80.3161 80.096 80.9792 80.7425 79.3576 81.9315 81.6699 81.8388 82.4027 82.2351 81.0335 82.0134 82.6567 81.4265 81.8418 81.9269 82.7396 81.796
103.549 104.337 104.62 104.182 104.813 104.602 104.652 103.977 102.567 103.742 103.884 104.484 104.372 104.634 103.969 105.449 105.1 103.673 104.337 106.779 102.596 106.414 103.936 104.27 105.317
5.40626 5.58843 5.56745 5.57553 5.59322 5.58245 5.57591 5.40602 5.24066 5.3443 5.29878 5.21067 5.46196 5.87358 5.52868 5.57382 5.39987 5.52136 5.56451 5.51492 5.2386 5.88886 5.54363 5.58245 5.58843
4.41511 4.24629 4.26528 4.47529 4.41315 4.26349 4.24252 3.88394 4.0175 4.03251 4.3086 4.09365 4.48344 4.35984 4.45756 4.47129 4.37009 4.46789 4.30241 4.51461 4.44357 4.38575 4.45234 4.33342 4.41991
4.49523 4.49014 4.51896 4.49642 4.51056 4.47781 4.51757 4.55063 4.48802 4.49464 4.49268 4.46382 4.59571 4.55481 4.5907 4.60686 4.56848 4.6328 4.62986 4.63876 4.56643 4.5526 4.59413 4.6603 4.67516
4.51651 4.44914 4.43529 4.42133 4.4298 4.41571 4.41451 4.54094 4.44787 4.48604 4.46146 4.63996 4.45177 4.5583 4.48809 4.45393 4.5659 4.45927 4.49261 4.44894 4.46962 4.53292 4.46871 4.49623 4.49204
5.46228 5.43628 5.46307 5.45783 5.45056 5.44293 5.44283 5.58141 5.41461 5.61653 5.64486 5.58951 5.58488 5.53916 5.47869 5.80607 5.65844 5.36155 5.44996 5.72682 5.37736 5.70454 5.43983 5.35221 5.70066
7.83417 7.79006 7.79496 7.8189 7.78826 7.77127 7.79828 7.88161 7.82644 7.88477 7.90047 7.86196 7.83988 7.8487 7.8004 7.82798 7.80991 7.84689 7.83114 7.84632 7.8054 7.76473 7.7769 7.84058 7.8782
94.3632 94.193 93.9788 93.3804 93.8537 93.9305 93.8073 93.9708 93.9628 93.7138 94.4559 93.6483 93.4685 92.5394 93.2266 93.0106 92.3386 90.7292 92.4485 93.1889 92.8897 94.0379 92.8274 93.2233 92.3959
76.0427 75.7518 75.8071 76.0903 75.6435 75.8119 75.6263 75.3534 76.0059 76.1421 75.826 76.0594 76.5176 76.5071 75.9663 76.2692 75.6572 75.4228 75.8873 75.1104 75.6764 74.7677 75.8118 75.4387 76.237
72.3484 73.0643 73.1301 73.6386 73.3261 73.2219 73.2361 74.056 73.0666 73.9814 73.2043 73.4898 73.5359 73.121 73.7098 72.3881 74.5751 73.4952 74.0542 74.0169 73.0788 74.3724 73.0477 72.4284 73.3238
82.2761 82.2045 82.2043 82.9425 82.38 82.5662 82.4027 81.3205 82.6606 82.6296 82.8913 82.5606 83.0391 78.9684 83.0868 81.8411 83.3336 81.9452 83.5903 82.6861 83.5348 81.7292 83.3159 81.574 82.145
97.1433 98.6992 98.6485 98.0431 98.5505 98.4958 98.5251 98.0268 97.6508 97.077 96.7218 97.9671 97.6682 99.6935 98.6831 100.553 100.99 99.3157 100.598 99.9437 98.1877 99.7152 98.277 99.1421 100.796
141.846 140.817 140.967 140.796 140.719 140.965 140.945 140.93 141.234 140.975 141.019 140.845 142.024 142.171 142.536 142.008 140.691 141.794 142.321 141.847 141.743 141.102 142.37 140.981 140.97
5.48892 5.5883 5.56517 5.59681 5.55803 5.60756 5.57807 5.52698 5.52753 5.51678 5.62773 5.5209 5.62983 5.63757 5.61737 5.67997 5.39509 5.6691 5.63868 4.52469 5.60448 5.48996 5.58727 5.73625 5.62387
4.37676 4.11766 4.12995 4.09915 4.1266 4.17787 4.23748 4.12679 4.09755 4.07496 4.14533 4.0717 4.19095 4.23607 4.50729 4.32766 4.20976 4.70332 4.27171 4.5368 4.50169 4.33586 4.53935 4.43061 4.1856
4.56662 4.48718 4.47814 4.52846 4.45182 4.44845 4.46954 4.5344 4.44762 4.45425 4.46672 4.45364 4.58601 4.5536 4.53489 4.55041 4.53391 4.46193 4.55002 4.48557 4.48356 4.5117 4.51296 4.5503 4.55935
4.29355 4.34359 4.32328 4.3571 4.30472 4.34061 4.32492 4.25556 4.28362 4.29534 4.31095 4.29113 4.49109 5.97831 4.38357 4.41258 4.16174 4.29112 4.36166 4.3509 4.39594 4.68166 4.36991 4.51629 4.48995
5.48966 5.34843 5.33786 4.97635 5.36093 5.3659 5.19425 5.70718 5.52751 5.49486 5.50919 5.44026 5.71048 5.81303 5.70283 5.95953 5.87737 5.3241 5.78167 5.64623 5.55344 5.3528 5.67176 5.81442 5.42644
7.7366 7.76198 7.70548 7.55353 7.68461 7.74559 7.70903 7.79166 7.787 7.77053 7.88964 7.66872 7.76864 7.87838 7.79762 7.7237 7.55705 7.31132 7.7576 7.82829 7.7812 7.92725 7.72527 7.76256 7.46833
91.0218 90.7768 90.9816 90.5994 91.3651 91.2736 91.4115 91.9638 91.6441 91.6378 91.3779 91.5513 92.5934 92.0335 92.8651 90.4684 91.8325 91.8576 90.8541 90.0238 92.5402 92.6585 92.5321 91.9831 90.3509
154.045 153.408 152.949 153.818 153.354 153.13 153.057 153.414 153.371 153.065 153.314 153.22 150.163 154.224 154.083 154.146 153.188 153.411 153.713 154.215 153.962 153.291 152.573 151.573 153.322
76.0558 75.7471 75.6234 75.531 75.5388 75.6415 75.4941 75.8785 75.4279 75.3568 75.3155 75.6557 76.0091 75.9696 75.8659 76.8103 75.9373 75.7473 76.2355 76.3296 75.7891 76.6099 75.7746 76.1137 75.7775
76.7807 76.3024 76.52 76.9417 76.3266 76.3734 76.3346 76.8061 76.6777 76.2701 76.7528 76.3881 73.0003 72.7897 73.0054 76.0058 74.0331 73.9516 75.2742 76.3331 73.95 75.4188 73.3259 73.6986 74.1284
84.4502 83.3322 83.4678 84.0111 83.6002 83.356 83.0279 83.6194 83.4829 83.4902 82.996 82.7875 81.3906 82.126 82.3311 82.5056 83.1074 83.4728 83.6963 83.7453 82.7692 83.456 82.3905 83.0446 83.7391
140.634 140.968 140.71 140.698 140.784 140.182 140.019 140.462 140.2 140.282 139.437 140.234 139.418 139.169 139.484 138.764 141.453 140.196 141.305 141.077 139.38 141.362 139.395 140.845 139.244
5.85746 5.83041 5.83631 5.89026 5.83252 5.84989 5.83465 6.09237 5.98492 5.94846 5.91847 5.94787 6.42539 6.38871 6.38422 6.38377 6.44543 6.47957 6.44845 6.34462 6.47127 6.39692 6.39943 6.48256 6.57998
8.22328 8.15034 8.06824 8.11694 8.06722 8.04685 8.02431 7.98521 7.8422 7.8085 7.96248 7.89809 6.55806 7.8329 7.49976 7.53388 7.26808 7.36751 8.45696 7.50775 7.57885 7.41062 7.16604 8.76206 7.30138
4.5875 4.26531 4.21869 4.24337 4.24173 4.25907 4.25488 4.04001 4.4657 4.59772 4.45691 4.49743 4.7069 4.57743 4.67832 4.64383 4.57138 4.79124 4.56952 4.79058 4.87583 4.76125 4.75659 4.88002 4.70662
4.82004 4.78985 4.81724 4.82931 4.82068 4.82019 4.81703 4.81153 4.80744 4.77946 4.79393 4.79622 5.02709 4.7232 4.85301 4.99471 4.8643 4.92913 4.86086 4.96804 4.92584 4.95561 4.87623 4.9439 4.87786
4.60125 4.50205 4.44123 4.46496 4.44259 4.41239 4.51391 4.61394 4.57838 4.57515 4.59775 4.58062 4.86754 4.78404 4.59935 4.69136 4.62409 4.60287 4.54919 4.71041 4.61005 4.81769 4.59381 4.60739 4.62131
8.39752 8.43941 8.34422 8.44201 8.41838 8.38302 8.24466 8.72352 8.55111 8.42256 8.35156 8.32474 7.52912 8.02459 8.02618 7.95457 8.61149 8.12296 8.16477 8.34025 8.04412 8.04466 7.95845 7.964 7.98229
91.2488 91.2187 91.2732 91.1682 90.9274 90.8171 90.7341 91.5086 91.7284 90.9199 91.2412 90.8863 91.9364 91.9934 92.0895 90.4547 92.5332 92.4774 91.3433 91.6599 92.2723 92.4074 92.459 92.207 92.4085
74.8564 74.8743 75.0562 74.8076 75.0311 75.0727 75.1132 75.0831 74.7109 75.0315 74.8668 75.0918 76.4153 75.5093 74.7279 75.6451 75.3135 74.7781 75.2277 75.6372 74.9491 75.8764 74.9925 75.1489 75.4667
75.9361 75.7044 75.4458 75.9263 75.821 75.7365 75.5126 75.0182 75.6317 75.0453 75.0558 75.2235 74.1526 73.5843 73.7879 75.3268 74.1481 76.3629 78.9379 74.9033 72.4645 72.4852 74.0688 73.249 72.942
85.5353 85.0461 84.8499 85.1646 85.0249 85.1225 84.7801 84.1093 84.7967 84.3506 84.5373 84.6384 82.2148 83.2092 83.1697 83.8368 83.2841 84.0483 84.5006 83.9258 82.5164 82.8719 83.1204 83.2038 83.1608
139.109 139.365 139.29 139.154 139.309 139.07 139.285 138.7 139.042 139.286 139.157 138.846 137.658 136.337 136.662 140.447 136.834 136.964 139.14 139.636 136.512 138.176 136.525 136.272 136.742
5.47987 5.42948 5.46104 5.38606 5.4897 5.49192 5.59198 5.66594 5.47627 5.61075 5.59212 5.61016 5.31596 5.29357 5.64362 5.83446 5.77485 5.64395 5.8507 5.80239 5.61435 5.64988 5.74941 5.6445 5.74304
4.64715 4.43118 4.23741 4.26684 5.43481 5.28374 4.91606 4.44055 5.39284 4.3035 4.43207 4.29496 4.46693 4.51973 4.51293 4.61293 4.69605 4.49815 4.74563 4.66174 4.47533 4.38115 4.59217 4.56168 4.55606
4.48256 4.46271 4.45488 4.44748 4.4607 4.47081 4.48926 4.46034 4.48801 4.47546 4.47136 4.46007 4.536 4.50901 4.45867 4.56243 4.55435 4.47694 6.17644 4.52896 4.47728 4.47985 4.46929 4.44771 4.50767
4.53149 4.44499 4.4793 4.45289 4.44068 4.43342 4.45185 4.5028 4.33939 4.36444 4.39419 4.43457 4.86064 4.51209 4.51047 4.58942 4.51282 4.48305 4.44649 4.55986 4.52545 4.6676 4.50865 4.49016 4.49688
7.52399 7.537 7.5079 7.48865 7.49781 7.50832 7.53769 7.43277 7.51923 7.46071 7.47831 7.48193 7.75197 7.59002 7.3656 7.83662 7.39678 7.59425 8.06855 8.18103 7.8446 8.16852 7.39729 7.69988 7.45535
92.5661 92.6022 92.4942 92.9344 92.4303 92.3522 92.5549 92.8204 93.0551 92.7438 92.6359 92.9313 91.9965 92.4908 92.699 92.8949 93.1298 92.9478 91.8822 92.4509 92.4885 93.6601 93.1742 92.6607 92.3754
76.0927 75.9375 75.971 75.9684 75.9317 75.9625 75.8908 75.2598 75.138 75.2248 75.5024 75.4556 75.7467 75.4724 75.6266 75.6765 75.3753 75.739 75.4459 75.6281 75.8705 75.5936 75.541 75.7019 75.7968
72.2977 74.396 73.9414 74.2404 73.0389 73.8522 73.8387 73.4755 73.0895 73.8843 73.6282 74.2982 71.4996 74.3205 73.0361 70.7568 72.0092 73.0156 72.7794 72.7363 73.6028 71.9081 72.3256 72.8146 72.2319
83.6108 83.6922 84.0092 83.902 84.25 84.0945 84.0875 83.7183 83.5794 83.635 84.0828 83.8601 82.6183 83.8419 83.3553 82.3211 82.631 83.3401 83.358 83.3921 83.6151 81.7166 82.8823 83.3336 83.1055
102.298 103.939 104.698 104.687 104.838 104.805 103.901 104.236 104.773 104.546 104.509 104.737 100.02 104.401 102.672 103.694 103.236 101.132 102.725 103.3 103.051 103.341 102.494 102.724 103.889
142.446 144.065 143.712 143.197 143.878 144.205 144.371 144.459 143.482 143.671 144.363 144.015 142.476 140.596 140.957 141.753 141.815 140.735 142.389 141.878 141.978 141.784 141.221 141.116 140.611
5.42665 5.35991 5.43506 5.46984 5.41881 5.41607 5.40309 5.36153 5.40404 5.29396 5.2752 5.36567 5.46477 5.04059 5.48071 5.0912 5.52689 5.45789 5.35693 5.32627 5.50449 5.44755 5.50542 5.41916 5.4065
4.32739 4.32221 4.14468 4.37099 4.18359 4.16997 4.17488 4.26353 4.31918 4.266 4.26721 4.25552 4.36431 3.66083 4.43088 4.12466 4.51136 4.47906 4.45161 4.39906 4.36679 4.46381 4.52814 4.36153 4.23935
4.48249 4.58337 4.58115 4.58305 4.54746 4.5674 4.58588 4.63936 4.59201 4.56961 4.57621 4.58937 4.72002 4.69119 4.63557 4.74625 4.70047 4.64313 4.66366 4.50495 4.6456 4.5783 4.684 4.64434 4.66556
4.35041 4.37409 4.38634 4.39195 4.36083 4.34771 4.40949 4.33685 4.32882 4.40051 4.3666 4.39141 4.42218 4.39003 4.37668 4.48163 4.42536 4.3712 4.37165 4.25079 4.46837 4.54686 4.40055 4.32543 4.39141
5.6307 6.16125 6.19129 6.25885 6.13372 6.16368 6.32122 6.32954 6.18612 6.25844 6.23447 6.28222 4.21168 5.76116 5.23022 5.39424 4.9541 4.59973 6.02358 4.70275 5.48719 5.31529 4.99036 4.95695 5.32531
7.79579 7.74697 7.80276 8.32302 7.7299 7.74353 7.76966 7.74411 7.79584 7.61734 7.55598 7.63796 7.8415 7.44461 7.70192 7.25032 7.58463 7.48368 8.1197 8.04763 7.78088 7.72922 7.65827 7.48365 7.42815
91.6445 91.8167 91.9311 91.7351 91.4488 91.6049 91.7107 91.8369 92.2117 91.9901 91.9741 92.0071 91.2573 90.941 91.9441 91.5584 92.7457 91.8821 91.0914 92.1246 90.9003 92.4277 92.3303 91.7138 91.4498
154.241 154.136 154.441 154.096 154.407 154.311 154.491 154.295 153.771 153.928 154.028 154.084 154.68 155.26 155.347 154.522 153.903 154.602 155.01 155.465 152.923 155.332 154.018 155.616 153.256
75.7469 75.9102 75.5659 75.8778 75.4903 75.5065 75.4612 75.6197 75.8522 75.6593 75.6707 75.6392 76.1534 75.4423 75.6275 75.9822 75.5994 75.6805 75.8859 75.8887 75.5651 75.0249 75.7081 75.5349 75.5118
74.0089 73.8798 74.4138 74.2323 74.6157 74.6388 74.567 74.6397 74.834 74.9782 74.5433 74.6166 75.2267 76.1567 73.7412 73.8149 73.5481 73.5365 76.03 74.0943 74.4066 74.052 73.3114 74.2158 74.9788
83.8779 83.698 83.8179 83.8192 84.2112 84.2463 83.9792 84.402 83.7676 84.0424 84.0642 84.0808 83.5505 84.1409 83.3417 83.2362 82.871 82.7344 83.805 83.3143 84.1648 82.3808 82.439 82.9083 83.5034
141.164 139.478 140.631 139.598 140.465 140.469 140.607 141.01 139.841 140.306 140.05 139.74 142.264 140.598 141.13 140.831 139.43 139.772 143.302 140.562 141.926 139.97 139.855 140.35 142.249
5.62514 5.69757 5.88433 5.59086 5.83597 5.87167 5.81154 5.85974 5.88215 5.69938 5.64372 5.61686 6.41308 6.36309 6.42678 6.38462 6.37731 6.34765 6.44224 6.44356 6.42872 6.44015 6.34448 6.42497 6.25556
7.87928 7.65811 7.95614 7.63457 7.83971 7.80456 7.89403 8.20645 7.75489 7.91295 7.82455 7.83463 7.46515 7.55388 7.37139 7.54579 6.96288 8.22744 7.43535 7.50659 7.9439 7.69351 7.23321 7.72104 8.14756
4.40927 4.2048 4.11652 4.3161 4.23882 4.26324 4.30006 4.16107 4.24347 4.10286 4.09473 4.25991 4.70985 4.58182 4.66693 4.61049 4.57116 4.67342 4.7037 4.67283 4.71559 4.44408 4.62498 4.36033 4.84898
4.57514 4.54322 4.47376 4.57583 4.45176 4.44271 4.52971 4.54237 4.58172 4.57152 4.57222 4.58058 4.84949 4.73509 4.72259 4.78889 4.7897 4.79679 4.80402 4.83073 4.71544 4.77624 4.78133 4.74014 5.00188
4.47649 4.45448 4.46353 4.45053 4.43687 4.42059 4.43739 4.45627 4.44417 4.45594 4.47328 4.4731 4.58322 4.61098 4.56483 4.60693 4.60047 4.59254 4.59045 4.58349 4.6091 4.5955 4.60499 4.60126 4.56292
8.28971 8.03744 8.16722 8.04972 8.16285 8.16645 8.28153 8.12352 8.22379 8.23536 8.23878 8.22252 8.07991 7.7255 8.08914 8.00315 8.13789 8.03822 8.27992 8.26185 8.23431 8.15767 8.18819 8.36467 8.55096
92.9737 92.5802 93.1887 92.905 93.2881 93.152 92.9692 92.7008 93.2604 93.3018 93.0889 93.4452 92.4917 92.7316 93.2493 92.9857 92.4936 92.8479 91.7859 92.8563 92.2688 92.5403 93.0571 92.4938 92.178
76.0175 75.9373 76.0669 75.9526 75.7797 75.872 75.5115 75.6843 75.4755 75.6295 75.5374 75.5625 75.9611 76.0166 75.8378 75.8395 76.1506 75.6403 75.6877 75.7499 76.0178 75.7129 75.7835 75.249 75.6274
73.1299 74.0009 73.8397 73.5548 72.5466 72.6059 72.9218 73.1303 73.3126 73.4432 73.4323 73.3631 71.793 72.5624 71.639 71.8471 73.9405 73.0086 73.9789 73.0703 73.3134 72.9725 73.1516 74.2534 67.9588
82.8921 83.2685 83.2637 83.2379 83.1238 83.1818 83.2002 83.1704 83.1171 82.9739 83.0536 82.9732 81.7723 83.0257 82.7897 82.2789 83.3953 83.3427 83.7428 83.1464 82.3667 83.4312 82.8001 83.6553 81.2554
98.2707 99.9428 98.6168 99.895 98.6996 98.86 98.57 99.0283 99.5609 99.7248 99.5493 99.9699 100.681 99.5643 98.4237 96.8347 97.2027 99.6648 98.1968 98.7857 100.949 95.5822 98.6518 95.5505 100.819
140.421 140.719 140.731 140.759 139.934 139.674 139.989 140.949 140.076 140.266 140.473 140.224 141.664 144.687 140.261 141.788 140.496 140.584 142.415 141.207 142.409 139.697 140.102 141.114 142.318
5.16131 5.35753 5.43561 5.34075 5.42599 5.41546 5.42576 5.0083 5.27002 5.31173 5.34162 5.3325 5.68737 5.56738 5.51624 5.04347 5.53094 5.42573 5.49916 5.45051 5.2412 5.4907 5.51505 5.47735 5.6159
4.394 4.13121 4.11024 4.12682 4.17091 4.15515 4.23879 4.16147 4.24239 4.21146 4.27874 4.23695 4.35332 4.57178 4.55227 4.44555 4.29089 4.3171 4.89242 4.50442 4.32788 4.38144 4.50165 4.85045 4.55083
4.41489 4.40521 4.4639 4.40323 4.41722 4.38074 4.38203 4.35714 4.37966 4.39069 4.41393 4.39979 4.38434 4.38579 4.44284 4.37475 4.42596 4.46749 4.30379 4.4053 4.40053 4.3611 4.40792 4.3823 4.41416
4.28701 4.30655 4.293 4.30161 4.29565 4.32305 4.29744 4.28846 4.28619 4.33819 4.2926 4.31458 4.3139 4.32375 4.34539 4.26721 4.35331 4.33964 4.36799 4.34819 4.24822 4.35298 4.3847 4.32216 4.27305
6.61529 6.47675 5.97452 6.7421 6.27498 6.05399 6.31061 6.88724 6.7893 7.01842 6.84471 6.8899 5.56097 6.83701 5.17573 5.46012 5.42643 5.92749 5.55113 5.41731 5.86459 4.88325 5.16556 5.1034 5.7989
7.59464 7.69506 7.62595 7.69106 7.49989 7.5456 7.53902 7.48961 7.54966 7.55835 7.5263 7.52975 7.63512 7.76787 7.3889 7.68076 7.52321 7.52164 7.69403 7.56056 7.75012 7.46518 7.43988 7.62429 7.68929
92.1473 92.0991 92.031 92.0876 91.9979 91.6856 91.8668 92.1187 91.8654 91.9006 92.0524 92.1066 91.4143 91.2029 92.3308 91.828 91.2043 91.3934 90.7725 92.1051 91.1463 92.4491 92.0836 90.8091 90.0662
75.4391 75.1266 75.1407 75.5427 75.1194 75.1026 75.2259 74.6225 75.0157 75.0049 74.7953 75.0897 75.6189 75.9751 75.6524 75.7892 75.5727 75.4294 75.7205 75.0561 75.3693 74.7505 75.2897 75.1642 74.9769
75.1465 74.6762 75.2809 75.5291 75.7276 75.7338 75.611 75.9248 76.4999 75.7551 75.885 75.4923 73.9915 74.0343 74.4777 75.641 74.7889 75.9978 76.217 73.7379 73.8849 73.3094 74.2872 76.9101 74.4354
83.9811 84.0217 84.7104 84.1536 83.7651 84.2285 83.6287 83.9093 83.939 83.8987 84.1097 83.7943 83.957 83.7272 82.698 83.7081 84.3467 84.5688 86.0024 82.8865 83.5884 82.9085 83.0862 84.8779 83.4548
136.819 137.556 137.172 137.518 136.618 137.002 137.452 137.155 137.435 137.252 137.446 137.45 137.645 137.28 136.332 136.484 138.687 138.198 138.799 136.778 139.082 136.207 136.684 139.529 138.231
5.78198 5.52623 5.43632 5.65495 5.56218 5.52923 5.52355 5.47637 5.50641 5.49613 5.47756 5.48816 5.77009 5.84213 5.82286 5.94798 5.84442 5.84793 5.81713 5.59571 5.86238 5.58682 5.6696 5.92781 6.00718
4.57075 4.3908 4.41067 4.20886 4.30941 4.34408 4.48174 4.84714 4.58754 4.78669 4.6553 4.44397 4.42733 4.6739 4.52182 4.48221 4.15848 4.57461 4.63474 4.4648 4.459 4.46814 4.50023 4.68622 4.80731
4.47836 4.45528 4.39305 4.46042 4.54244 4.51538 4.57974 4.58197 4.6021 4.5284 4.58186 4.57696 4.58865 4.58093 4.62977 4.56236 4.40173 4.70468 4.57543 4.5259 4.56704 4.5432 4.55697 4.55362 4.55516
4.37049 4.32129 4.30559 4.33706 4.33755 4.35313 4.38352 4.27395 4.38599 4.36456 4.31842 4.36131 4.45104 4.42259 4.48289 4.38909 4.40267 4.47215 4.48968 4.41426 4.1199 4.19524 4.39285 4.36078 4.56785
7.66972 7.64358 7.78483 7.71614 7.71636 7.75559 7.55077 7.51168 7.53916 7.56982 7.57437 7.56748 7.61665 7.71244 7.71325 7.75816 7.71587 7.94432 8.04245 7.64095 7.80325 7.62732 7.56259 7.62897 7.90065
91.1584 91.5755 91.0722 91.3032 91.5299 91.6648 91.8981 91.6502 91.6938 91.6612 91.9072 91.6408 90.9552 91.7282 90.95 91.7569 91.6192 90.9088 91.3313 91.4958 88.7514 91.0964 91.634 89.9899 91.0843
154.807 154.782 154.746 154.708 155.139 154.842 154.662 154.747 154.899 154.774 154.734 154.939 154.606 156.094 155.178 154.625 154.606 154.325 154.676 154.524 155.015 154.533 154.34 154.895 155.281
75.5721 75.6068 75.7772 75.8574 75.8836 75.8674 75.4828 75.8957 76.0795 76.0312 75.9575 75.882 76.2232 76.1134 76.2703 75.8771 76.3371 76.0147 75.6589 76.0094 76.1482 75.767 75.611 75.4839 76.7197
75.5443 74.5423 75.2244 74.5187 74.4419 74.3166 74.1361 74.3215 73.3636 73.8547 74.084 73.566 74.0629 73.3098 74.5302 73.5265 73.2513 75.6107 73.6907 73.0499 75.8504 74.222 73.5011 76.0718 75.5214
84.1598 83.861 84.0072 83.9293 83.6691 83.7464 83.5979 83.8075 83.5119 83.6838 83.5863 83.5873 83.5187 83.1934 83.8465 83.6198 82.9308 82.6639 83.5322 83.2803 84.2771 83.5694 83.6184 84.0925 83.0762
142.145 141.539 141.988 141.741 141.725 141.697 141.789 141.299 141.373 141.482 141.133 141.636 140.782 139.361 142.373 142.018 140.537 141.475 140.658 140.034 142.901 142.203 141.966 142.895 142.543
5.98912 5.88679 5.93987 5.93352 5.951 5.95118 5.92558 5.86123 5.91978 5.91918 5.88026 5.97123 6.46356 6.51955 6.46943 6.45041 6.4171 6.61353 6.45463 6.34236 6.39795 6.4998 6.42083 6.36674 6.57385
8.01005 7.97298 7.94201 7.96485 8.07196 7.96932 8.01838 7.89715 7.99584 7.93504 7.92451 8.04502 7.58255 7.85135 7.5983 7.51647 7.56106 7.45029 7.53951 7.5528 7.63159 7.76975 7.35866 7.55797 7.63678
4.70987 4.37353 4.43861 4.3683 4.2695 4.2922 4.29969 4.32536 4.1869 4.32409 4.3491 4.19097 4.70496 4.64783 4.50747 4.63701 4.64845 4.66864 4.69822 4.72213 4.78299 4.5746 4.72994 4.70348 4.61722
4.64423 4.62719 4.64324 4.65383 4.61692 4.63954 4.54911 4.62075 4.54647 4.60031 4.6399 4.56767 5.07981 4.82165 4.77571 4.76065 5.12607 4.8466 4.85401 5.05665 4.90418 4.75432 4.79777 5.03983 4.97151
4.43063 4.42113 4.39039 4.40734 4.44124 4.44254 4.43633 4.40596 4.47627 4.41128 4.40788 4.42756 4.60237 4.57213 4.72564 4.55082 4.56929 4.98982 4.59347 4.58168 4.63838 4.59235 4.55621 4.57802 4.50491
8.36098 7.95721 7.7413 7.8856 8.16994 8.09555 8.3824 8.01865 8.14816 8.04234 7.86814 8.19803 7.95381 7.81939 8.39659 8.38743 8.04521 8.29352 7.83775 7.55729 8.15925 8.2891 8.39588 8.46445 8.14378
91.4949 91.7347 91.6426 91.4967 91.3656 91.6051 91.8051 91.7031 91.5252 91.4013 91.6062 91.6055 91.0355 91.4804 92.0544 91.5174 89.5646 90.9211 91.3897 91.6181 91.2074 92.5076 91.522 90.6584 91.0405
76.0358 75.6416 75.811 75.7634 75.8445 75.8278 75.7361 75.7035 75.648 75.7108 75.6212 75.4434 75.3334 75.6644 75.5352 75.902 75.7891 75.6587 75.5108 75.4367 75.8723 75.2856 75.379 75.1665 75.8068
74.3205 73.4198 73.2312 74.1103 73.3814 73.6387 74.4087 73.6802 73.8 73.9733 73.6315 73.9083 74.7271 75.2867 75.6318 73.7061 76.0476 78.8608 74.4627 74.4748 75.109 74.4749 74.2253 77.2412 73.3688
83.4754 83.2818 83.1264 83.5358 82.919 82.8732 83.4314 83.4271 83.4167 83.7191 83.3644 83.5086 83.3083 83.4772 84.0415 83.3122 84.0171 84.7181 83.4865 83.6175 83.9342 83.5708 83.6276 84.7149 83.8939
138.407 136.917 136.855 137.2 137.429 136.988 137.134 136.425 136.583 136.701 136.735 136.671 139.224 137.692 139.865 136.984 139.987 140.479 137.113 138.196 139.425 139.492 136.84 138.175 138.161
5.49255 5.42003 5.48601 5.48924 4.32734 4.35373 5.30475 5.43125 5.13614 5.34697 5.43007 4.96638 5.79465 4.93615 5.86169 5.53984 5.87296 5.94362 5.48778 5.79257 5.85676 5.53546 5.67627 5.36867 5.87358
4.70138 4.25198 4.23814 4.26388 4.15794 4.18842 4.23806 4.29566 4.23918 4.29447 4.40505 4.29054 4.57698 4.62494 4.8046 4.60657 4.55585 4.57438 4.65269 4.67241 4.61046 4.674 4.7213 5.0863 4.45913
4.6184 4.44779 4.51309 4.50065 4.56904 4.51896 4.25867 4.3018 4.24068 4.26848 4.1414 4.25137 4.5704 4.53828 4.68434 4.60048 4.65093 6.02082 4.60354 4.50498 4.64696 4.61029 4.52323 4.75891 4.63709
4.39046 4.41227 4.39895 4.39396 4.35079 4.36131 4.34251 4.33256 4.36054 4.36076 4.35498 4.31168 4.21627 4.41415 4.49086 4.4327 4.16341 4.39189 4.43207 4.4352 4.46264 4.26296 4.4245 4.39143 4.46123
7.2611 7.37461 7.52409 7.45922 7.51181 7.61223 7.1401 7.27994 7.29755 7.2902 7.22224 7.31487 8.00208 7.72107 7.86658 7.26955 8.07481 7.96624 7.45152 7.5059 8.07541 7.87396 7.12265 7.72528 7.29649
92.2514 92.2521 92.4519 92.3776 92.3481 92.0931 91.8497 92.0091 92.0654 92.1913 92.0513 92.2682 90.9334 89.8111 91.7522 91.8848 91.0869 90.5296 91.1184 91.6159 91.4621 90.7902 92.172 91.4889 90.7627
155.117 155.416 154.999 155.165 155.363 155.378 155.824 155.791 155.544 155.681 155.617 155.868 154.913 155.018 154.58 155.951 155.021 155.073 155.291 155.826 155.677 155.912 155.352 154.447 155.238
76.0747 76.038 76.0292 75.961 75.4242 75.3464 75.9272 75.8649 75.8965 75.8846 75.823 75.8342 75.9733 76.2873 75.6238 75.989 76.1536 76.5187 76.3154 76.2995 75.9312 75.6827 75.8248 76.312 76.2687
74.3519 74.588 74.0832 74.128 74.0815 73.4402 73.703 73.4633 73.5013 72.9123 73.4873 73.6708 75.2698 75.9817 74.8759 73.3371 74.8379 74.4573 76.1441 75.0814 73.7821 74.2002 73.7388 74.0418 75.0346
83.4428 83.3633 83.2617 83.3842 83.5387 83.4888 83.1806 83.2457 83.2053 83.2504 83.154 83.1913 83.7898 83.6977 83.4681 83.2288 83.7516 83.6401 83.5582 83.4575 83.4719 83.526 83.1432 83.3199 83.63
141.785 140.716 140.187 140.535 139.777 140.07 141.901 141.266 142.02 141.421 141.358 141.232 142.252 143.075 142.472 139.708 142.136 142.269 141.996 141.459 140.73 142.6 139.575 142.419 142.991
5.97403 5.81107 5.742 5.79385 5.86887 5.74178 5.92793 5.94427 5.88298 5.96691 5.91921 5.89899 6.37449 6.34682 6.44323 6.47053 6.45004 6.47744 6.38922 6.54708 6.32677 6.54884 6.4493 6.50537 6.515
7.97085 8.14457 7.93943 8.08087 7.98992 7.9819 8.16977 8.22743 8.1049 8.19252 8.10893 8.12675 7.51128 7.57452 7.60738 7.72443 7.5718 7.56783 7.60253 8.14474 7.66208 8.31196 7.49712 8.5012 7.64952
4.7913 4.31156 4.35786 4.35154 4.50819 4.47626 4.34285 4.38205 4.35014 4.37425 4.33588 4.37039 4.63885 4.71844 4.92936 4.66714 4.6573 4.55905 4.3456 4.76504 4.61117 4.8165 4.7305 4.76263 4.51877
4.74433 4.61038 4.59537 4.61183 4.46577 4.41838 4.54112 4.5561 4.57698 4.56865 4.63762 4.56345 4.90813 5.06084 4.84527 4.833 4.86934 4.94885 4.78711 4.90347 4.75257 4.91074 4.85795 4.80311 4.79952
4.45687 4.4016 4.40202 4.41534 4.41161 4.3762 4.43472 4.44026 4.43525 4.45233 4.42134 4.44034 4.55946 4.55856 4.34954 4.55891 4.56145 4.60979 4.73298 4.58202 4.54395 4.61272 4.56797 4.58844 4.67561
8.079 7.99884 8.09831 7.97498 8.08706 8.00485 8.30568 8.24805 8.21698 8.14546 8.06704 8.24552 8.02477 8.40816 8.46261 7.85366 8.24604 8.32916 7.79028 7.88553 8.00777 8.48075 7.59896 7.99877 8.4346
91.9651 92.4 92.1675 92.2841 92.2389 92.2029 91.7069 92.0509 92.0346 92.0114 92.1838 92.0249 91.3147 91.269 91.6212 91.8946 91.6329 91.5082 90.7797 90.9604 91.6803 91.3906 92.0613 92.0299 91.4445
75.4892 75.7065 75.3942 75.7216 75.3618 75.2621 75.6155 75.8009 75.2979 75.5301 75.3191 75.4349 75.361 75.4139 75.7807 75.6477 75.7991 75.9972 76.2925 75.817 75.8031 75.7228 75.8668 75.4149 75.8137
74.4242 74.1641 74.5797 74.7235 73.6732 73.5012 73.4786 74.0458 73.7933 73.6294 73.3615 74.1788 76.7977 74.4139 73.951 73.6149 73.6664 75.5948 74.873 75.9014 74.2315 74.1426 74.015 73.6145 76.6322
83.3227 83.2216 83.6176 83.5298 83.1085 83.0855 83.1781 83.1401 83.2336 83.2953 83.1477 83.1818 84.052 83.4109 83.1039 82.9849 83.4406 83.8776 83.486 83.8305 83.1459 82.4212 83.1047 82.8207 84.0207
137.365 138.524 137.723 138.418 136.068 136.213 136.946 137.43 137.174 137.046 136.422 137.508 139.848 139.619 138.216 137.281 138.45 139.987 139.047 138.944 137.949 138.218 137.121 138.031 140.119
5.43598 4.14445 5.07829 4.39947 5.3498 5.35902 4.50696 4.61409 4.72265 4.58541 5.1493 4.56574 5.88492 5.8739 5.84598 4.77841 5.71308 5.89471 5.85433 5.47031 5.16646 5.45038 5.73459 5.40522 5.87782
4.82189 4.2394 4.32371 4.23313 4.3614 4.40534 4.28804 4.25777 4.29718 4.33352 4.4054 4.32191 5.11314 4.71462 4.62799 4.60484 4.59779 4.64846 4.48282 4.43056 4.59041 4.5825 4.62691 4.74779 5.13721
4.46244 4.39294 4.39322 4.39032 4.2989 4.31294 4.35505 4.416 4.4032 4.38081 4.34766 4.35136 4.92681 4.59305 4.60042 4.54827 4.60311 4.62221 4.69431 4.52044 4.56193 4.5748 4.55755 4.56211 4.88772
4.52181 4.37486 4.41336 4.41044 4.3891 4.38356 4.37345 4.39513 4.36518 4.3745 4.37728 4.35979 4.47257 4.5475 4.51738 4.46383 4.50105 4.53455 4.55057 4.30706 4.47399 4.3506 4.48751 4.488 4.4396
7.69909 7.73024 7.69372 7.73388 7.06962 7.07779 7.51913 7.42177 7.41339 7.31529 7.46401 7.39168 7.85835 8.15859 7.60008 7.8185 7.81907 7.95568 7.64558 7.84378 7.42742 7.77513 7.48702 7.86315 7.96453
91.6346 91.6613 91.9564 91.8006 91.9162 91.6455 91.6576 91.7525 92.1951 92.1125 92.4261 92.1249 89.6649 91.9397 91.8229 91.9166 92.0473 91.9302 91.399 91.1471 91.4015 91.6412 92.0335 92.1206 91.4302
75.1221 75.5743 75.4761 75.5674 75.6878 75.5462 75.5288 75.3793 76.0983 75.6068 76.2276 75.9296 75.4136 75.5714 75.3246 75.4765 75.0045 75.3541 75.7357 75.3772 75.5275 75.7313 75.7026 75.4612 75.6521
73.276 73.2702 73.3266 73.6372 72.6184 73.7985 73.4601 73.6876 73.0421 73.501 73.2692 73.4785 75.4473 73.479 73.986 74.932 74.2139 73.6592 77.1899 72.624 76.0405 73.9951 74.5771 73.8541 74.8434
82.7504 83.0892 82.4816 83.028 82.3895 82.9394 82.9199 83.4607 82.6924 83.0249 82.5713 82.5228 83.7042 83.3801 83.2503 83.2226 83.2541 82.9197 84.704 83.3303 84.1033 83.5289 83.6147 83.1865 81.9996
135.004 135.995 136.259 135.758 135.309 135.732 135.687 136.228 134.781 135.508 135.623 135.493 140.012 136.345 137.462 136.667 136.97 138.199 139.963 136.438 138.606 137.363 138.128 136.303 139.629
5.75825 5.74179 5.61872 5.65833 5.4937 5.47198 5.50908 5.43388 5.63034 5.65283 5.68273 5.76474 5.84708 5.7539 5.78911 5.71706 5.5024 5.77922 5.96719 5.68162 4.98639 5.82815 5.67362 5.67186 5.79985
4.43127 4.36038 4.36284 4.38424 4.33826 4.36941 4.3059 4.27676 4.22142 4.28692 4.23972 4.29529 4.62031 4.57215 4.55789 4.63075 4.53175 4.61259 4.53781 4.61561 4.67493 4.6022 4.71272 4.54466 4.61123
4.14815 4.32221 4.36097 4.29551 4.35925 4.36912 4.45019 4.23653 4.24513 4.30815 4.22257 4.27759 4.65488 4.62843 4.58503 4.57581 4.55899 4.92575 5.71961 4.64053 4.67452 4.60847 4.60561 4.55309 4.67717
4.37727 4.39164 4.33796 4.40267 4.39321 4.39007 4.34512 4.38419 4.36326 4.41982 4.44878 4.40813 4.42872 4.37603 4.47882 4.415 4.44599 4.46556 4.39069 4.46553 4.35628 4.45376 4.4168 4.38995 4.86787
7.00991 7.23007 7.1745 7.14336 7.12713 7.17398 7.33057 7.43309 7.00469 7.12988 7.04183 7.24044 8.3267 7.39728 7.42536 7.35712 7.78448 8.33226 7.85172 7.44151 7.74274 7.4941 7.76827 7.47493 7.972
91.5814 91.5019 91.5155 91.5541 91.5974 91.5746 91.4499 91.4975 91.0013 91.3051 91.1486 91.5005 91.4788 91.537 91.7871 91.7483 91.8991 92.0223 91.1031 91.3496 91.0597 91.6506 92.0797 91.6998 89.6294
154.111 155.241 154.772 154.947 155.017 154.967 154.589 153.769 154.987 154.5 154.64 154.432 152.841 153.142 154.663 152.388 155.258 153.369 154.383 154.918 153.784 155.321 154.327 154.584 153.708
75.4968 75.7517 75.7975 75.443 75.7489 75.8351 75.753 75.8681 75.7383 75.8336 75.7643 75.7573 75.8225 75.3877 75.9141 75.4966 75.5279 75.4079 75.2675 75.4365 75.8582 75.8087 75.5059 75.7176 75.8881
73.5513 72.9776 73.2444 73.1029 73.5166 72.9409 73.1305 75.0698 73.5599 73.3174 73.4604 74.0993 73.4898 73.4987 73.5502 74.5875 71.9392 73.6924 73.882 74.2634 74.0137 73.6642 73.3144 73.5276 75.0439
83.2037 82.745 82.8252 82.7752 82.8717 82.7875 82.8617 83.4006 82.8284 82.6973 82.7769 82.8184 82.9667 82.9817 83.1015 84.2035 81.6325 83.0555 83.3847 83.3081 83.6338 83.3167 82.5438 83.4101 83.9695
139.731 139.486 139.487 139.457 139.711 139.53 139.742 140.126 139.903 139.723 140.005 139.875 141.839 139.141 140.198 140.653 139.24 139.802 140.128 140.981 141.449 139.93 138.912 139.814 140.85
5.8324 5.87868 5.85556 5.84814 5.83727 5.86538 5.82509 5.79062 5.93496 5.8593 5.86423 5.86419 6.36742 6.3944 6.24697 5.8458 6.36907 6.376 6.04187 6.39153 6.32119 6.34483 6.35629 6.38068 6.24643
7.56462 7.9523 7.86762 7.87712 7.9007 7.85677 7.62872 7.75134 8.02397 7.87234 7.76846 7.85607 7.01776 7.23913 7.34934 6.02657 7.39008 6.74433 7.54065 7.61209 7.0725 7.27897 7.66087 7.21841 7.32619
4.50213 4.14386 4.16796 4.26775 4.25651 4.16347 4.24534 4.15121 4.12759 4.17293 4.15243 4.16207 4.6319 4.63943 4.59302 4.72234 4.71953 4.67764 4.27882 4.68605 4.54067 4.45343 4.61609 4.56897 4.74393
4.61382 4.55155 4.64179 4.62582 4.63038 4.61381 4.6056 4.61224 4.58147 4.58865 4.60277 4.69465 4.7796 4.89957 4.9187 4.81496 4.89562 4.83422 4.92051 4.73237 4.85589 4.72339 4.84884 4.7955 4.9092
4.46778 4.46162 4.44341 4.4767 4.44509 4.45958 4.47471 4.46082 4.54051 4.47094 4.53406 4.4744 4.54497 4.55017 4.54292 4.50288 4.56189 4.56746 4.49341 4.56795 4.54166 4.51038 4.56002 4.53087 4.65504
7.62575 7.64659 7.67023 7.70138 7.73755 7.73279 7.75645 7.75405 7.53224 7.68026 7.74119 7.71401 8.57649 7.88292 7.77974 7.86425 7.87341 7.78345 7.96305 7.82054 8.11789 7.82964 7.46668 7.77184 8.12679
92.7373 92.2456 92.0715 91.9995 92.0125 92.1652 92.1985 91.9582 91.9415 92.4198 92.2216 92.1001 91.7362 92.1904 92.4532 91.9978 92.4159 92.6087 92.0156 91.6185 92.0615 92.1139 92.3721 92.0308 91.5925
154.024 153.371 152.919 152.846 152.925 152.83 153.346 153.702 153.124 152.913 153.19 153.306 154.65 154.134 154.833 152.64 153.67 153.752 156.351 153.937 154.16 155.145 154.234 153.941 152.477
75.7917 75.9451 76.0672 76.1491 75.9728 75.9134 75.9913 75.4691 75.7809 75.516 75.3902 75.7668 75.5312 75.8285 75.8757 75.3228 75.2543 75.4199 75.8383 75.1765 76.3679 75.6863 75.5894 75.1348 75.0029
72.9798 73.2545 73.294 73.247 73.2819 73.1883 72.7423 73.2323 73.3351 73.2322 72.502 73.757 73.4841 73.4422 72.8545 74.2207 72.6608 73.3432 73.0106 74.6541 74.139 73.3062 72.9476 73.6346 74.1871
82.7824 82.631 82.9323 82.5436 82.9259 82.9082 82.8535 82.8005 82.984 82.8773 82.7687 83.1545 82.6035 83.0906 82.5607 82.9016 82.4247 82.6174 82.7027 82.1621 82.9571 82.9548 82.6323 82.6583 83.3691
140.393 140.454 140.544 140.398 140.475 140.245 140.684 140.536 141.304 140.984 140.64 141.232 140.736 140.221 138.727 139.658 138.414 138.936 140.889 140.907 141.131 141.228 139.681 139.599 140.776
5.76383 5.16864 5.07036 5.25524 4.76915 4.90655 5.43707 5.6222 5.53699 5.57298 5.66367 5.6578 6.35643 6.39742 6.29942 6.39816 5.92681 6.28541 6.34108 6.12876 6.34961 6.33879 6.34687 6.01189 5.91755
8.1691 8.09396 8.10715 8.04807 8.05927 8.20543 8.08567 8.01194 8.1339 8.19031 8.24402 8.02967 7.45615 7.57044 7.65167 6.77063 6.70682 6.85212 8.30565 6.45036 7.39 7.70105 7.11061 7.48772 6.97522
4.47191 4.27933 4.3134 4.26788 4.31961 4.27338 4.31444 4.60693 4.33157 4.43227 4.49444 4.61202 4.69096 4.58758 4.7228 4.55192 4.57588 4.54211 4.88631 4.66189 4.57584 4.68006 4.61506 4.68842 4.44871
4.61279 4.57849 4.57953 4.57129 4.56087 4.55683 4.56812 4.46513 4.57949 4.56618 4.5416 4.61852 4.81512 4.74877 4.87904 4.74744 4.69371 4.75973 4.86521 4.81101 4.85423 4.78959 4.71188 4.72939 4.76102
4.46154 4.43116 4.42368 4.43199 4.43431 4.42347 4.43804 4.43635 4.4157 4.40678 4.39879 4.45271 4.60821 4.58843 4.61356 4.55565 4.52898 4.58176 4.56847 4.57799 4.59553 4.58993 4.59196 4.53917 4.55388
7.85927 7.94566 8.14492 7.93868 8.05983 8.0732 8.07601 7.67691 8.13955 8.0363 8.08805 8.13826 7.85509 7.94685 7.76198 7.67008 7.63171 7.69032 7.83377 8.07577 8.09634 8.00377 7.76435 7.8676 8.1243
93.5542 93.2273 93.1335 93.0826 93.0767 93.0815 93.1066 93.1584 93.4779 93.5209 93.1645 93.189 93.4992 93.5458 93.3768 93.1066 93.7412 93.4582 93.2041 92.6025 93.5753 93.7311 93.7219 93.5337 92.8817
74.8199 75.3879 75.3161 75.4597 75.3072 75.2697 75.2081 75.858 74.9413 75.1274 74.9156 75.0293 75.5023 75.5918 75.732 75.5073 75.9787 76.1178 76.1268 76.0851 74.845 76.0796 75.8062 75.7571 76.059
71.8877 72.9247 72.6288 73.2563 72.8513 72.8372 72.7419 71.5045 72.0785 72.1274 72.1203 73.0808 70.2099 71.9768 72.1747 72.694 71.7063 72.1797 72.3324 73.7396 71.7269 72.9746 71.6555 71.3816 71.9156
82.1863 82.3182 82.3792 82.2371 82.4655 82.2352 82.4802 80.9779 82.2069 82.1156 82.2465 82.3371 81.1281 82.6227 82.7168 83.1005 82.1839 82.4714 82.4652 82.9696 82.418 82.5555 82.0554 82.4006 82.2913
97.7986 100.532 100.537 100.674 100.953 100.831 100.002 102.602 100.837 99.9931 99.9236 101.412 99.8325 98.4022 95.53 98.0942 96.0201 98.7836 99.8926 102.274 98.5018 97.4473 97.4066 99.6525 96.2195
141.509 141.538 141.127 141.515 141.286 141.298 141.662 140.172 141.22 141.411 141.382 141.455 141.202 140.795 140.827 140.94 140.651 141.031 141.873 143.648 141.668 141.561 140.901 140.549 141.147
4.41568 3.49913 3.42602 3.81841 3.37235 3.39557 3.89471 4.74779 4.86383 4.71027 4.52263 4.85795 5.5074 5.41565 5.39528 5.58564 5.44228 5.48899 5.51925 5.71756 4.768 5.3981 5.46983 5.1668 5.50235
4.43689 4.25204 4.20135 4.27866 4.25807 4.25781 4.24123 4.18412 4.44919 4.35232 4.47914 4.32623 4.47245 4.44438 4.3163 4.4254 4.40817 4.32342 4.28879 4.47785 4.59671 4.40506 4.3759 4.34759 4.39246
4.37152 4.36812 4.36613 4.37628 4.36409 4.37453 4.38913 4.37027 4.37783 4.38676 4.37951 4.42455 5.09051 4.41593 4.44707 4.46584 4.42348 4.46705 4.45831 4.50308 4.39422 4.55386 4.42669 4.32819 4.45391
4.28992 4.30009 4.27437 4.28279 4.27872 4.27251 4.26128 4.21448 4.25556 4.23064 4.20032 4.18334 4.44316 4.37776 4.41333 4.41246 4.37427 4.40686 4.37073 4.50794 4.38597 4.39928 4.40116 4.07103 4.42767
5.77884 6.10821 6.21792 6.11169 6.30456 6.26674 6.09939 5.05347 6.577 6.23456 6.36819 6.12394 5.36921 5.42726 5.22002 5.20472 5.058 4.93612 5.68293 5.83986 5.42876 5.5838 5.22467 5.50864 4.56221
7.59424 7.79913 7.98995 7.70257 7.9466 7.99464 7.8368 7.18664 8.1453 7.8575 7.8499 7.8776 7.81582 7.45888 7.66936 7.55018 7.36528 7.3842 7.66524 7.69697 7.40068 7.53966 7.51015 7.57603 7.47294
93.9405 93.9759 93.6792 93.8146 93.7253 94.1346 93.7141 93.6351 94.4727 93.9008 94.4502 93.4952 94.1623 93.6364 93.894 93.1463 94.2011 94.0261 93.6026 93.2863 91.7166 93.6421 93.8664 93.0965 92.1383
75.6984 75.6232 75.8007 75.674 75.5188 75.5903 75.7458 75.9362 75.7727 75.5751 75.7669 75.6909 75.6123 76.1607 76.5466 75.8994 75.8999 75.5534 76.055 75.9222 76.8371 75.8127 75.8126 75.7428 76.3981
71.6719 72.4531 72.3981 72.5776 72.4318 72.4579 72.5788 73.1438 72.1758 73.1157 72.6339 73.6 70.314 72.6513 71.5156 72.5718 71.0081 71.2134 72.9062 71.9327 73.7865 72.8798 71.829 71.1231 73.192
82.2973 82.3731 82.5274 82.3164 82.5075 82.4022 82.4575 82.734 82.6817 82.6347 82.8962 82.6568 79.5575 82.2797 81.766 83.4 82.1908 80.4462 83.168 81.3779 79.3574 81.6701 81.4012 81.6603 81.2189
99.0873 99.7404 99.6186 100.157 99.5965 99.9234 100.181 100.713 100.178 99.9339 99.7647 101.119 101.934 99.4351 97.4087 99.5621 98.1527 99.3572 100.158 100.157 100.935 99.2286 98.7515 101.726 100.174
141.981 142.006 141.912 142.099 141.934 141.841 141.933 141.617 142.036 141.844 142.271 141.743 142.324 142.044 140.745 141.159 141.941 141.509 142.167 142.64 141.695 141.721 141.499 142.122 143.268
5.55637 5.60945 5.61134 5.60461 5.60466 5.61004 5.60628 5.65972 5.58598 5.59506 5.63977 5.60623 5.51846 5.4815 5.11407 5.68336 5.56338 5.32115 5.70451 5.61075 5.88057 5.49876 5.35201 5.60342 5.72784
4.57476 4.505 4.51022 4.53127 4.58331 4.54515 4.48748 4.31169 4.52022 4.4727 4.56299 4.54132 4.61094 4.46809 3.89668 4.2896 4.49601 4.47645 4.50396 4.60878 4.18267 4.36898 4.28717 4.43971 4.34071
4.50302 4.49094 4.5018 4.48959 4.50032 4.48609 4.51462 4.49063 4.45813 4.5257 4.45942 4.48543 4.53345 4.51968 4.56358 4.45993 4.50297 4.51204 4.53306 4.56624 4.53209 4.57201 4.53569 4.48485 4.56742
4.35065 4.36571 4.36133 4.36756 4.3578 4.37033 4.37585 4.37278 4.34682 4.33449 4.32836 4.37077 4.31871 4.3978 4.48174 4.63159 4.42065 4.44622 4.42443 4.41019 4.86417 4.45228 4.45413 4.53062 4.48789
5.51726 5.65308 5.63675 5.67986 5.65498 5.66769 5.64869 5.66119 5.61454 5.59892 5.57755 5.58039 5.90794 5.71521 5.4393 5.57258 5.6158 5.6498 5.78236 5.743 5.85125 5.47872 5.61443 5.73923 6.09545
7.62294 7.70789 7.67022 7.69596 7.65503 7.68218 7.67013 7.68532 7.69209 7.6992 7.64213 7.6998 7.58212 7.7321 7.69886 7.66196 7.75827 7.71235 7.74869 7.71331 7.63154 7.84698 7.73837 7.66263 7.65211
92.9893 93.1205 93.0498 92.9169 92.9372 92.9963 92.9559 92.8993 92.991 92.8235 93.1186 92.6918 93.1449 92.6023 93.2827 93.0547 93.2584 92.3808 93.5447 92.7603 93.3837 92.106 92.8512 93.2893 92.3195
75.4984 75.3855 75.495 75.3763 75.4891 75.6779 75.6206 75.5968 75.4569 75.4162 75.1268 75.571 75.3583 75.5295 75.4586 76.2681 75.3918 75.2224 75.4592 75.6463 75.6015 75.6098 75.8022 75.3581 75.209
72.5309 73.2012 73.1246 72.9829 73.0002 72.6926 72.2744 72.3442 72.872 72.7364 72.7548 73.2838 72.3913 73.0182 72.2435 71.9081 73.3251 72.7801 72.957 73.7992 72.1315 73.6254 72.7131 72.4736 73.5717
82.3869 82.3388 82.1932 82.4491 82.3265 82.2698 82.1991 82.4118 82.8079 82.6534 82.5181 82.6864 81.1545 82.2242 80.7601 81.9495 81.6414 82.465 81.9766 82.3787 80.6553 82.8346 81.2501 81.334 83.2328
136.402 136.535 136.657 136.482 136.378 136.565 136.324 136.556 136.535 136.234 135.843 136.921 136.625 137.603 133.936 136.364 136.592 134.702 137.453 138.877 134.728 136.303 135.202 136.404 138.938
5.69332 5.7085 5.72105 5.68778 5.69582 5.68976 5.69717 5.67021 5.66712 5.68326 5.66326 5.68402 5.86092 5.82134 5.63697 5.98155 5.73764 5.71809 5.63313 5.68291 5.43717 5.89143 5.90488 5.76303 5.8746
4.60684 4.25757 4.26488 4.26024 4.25356 4.25768 4.23818 4.30279 4.33034 4.22847 4.27054 4.25457 4.56212 4.62534 4.59241 4.33108 4.57841 4.64187 4.57326 4.67607 4.54519 4.54044 4.46834 4.53567 4.5913
4.55923 4.54862 4.53981 4.54569 4.5525 4.5268 4.49085 4.52838 4.5233 4.51709 4.5274 4.52346 4.58469 4.57082 4.57964 4.58332 4.66473 4.54422 4.59559 4.66403 4.55687 4.61852 4.60725 4.58771 4.63991
4.51058 4.49502 4.50384 4.45815 4.47559 4.47616 4.51772 4.451 4.46515 4.4947 4.49572 4.45473 4.59528 4.57506 4.61178 4.66221 4.5186 4.48735 4.62441 4.58997 4.67728 4.5353 4.69128 4.56689 4.66416
7.72931 7.68394 7.71105 7.6853 7.66611 7.71649 7.67242 7.65714 7.71719 7.66232 7.70241 7.75036 8.29594 7.98819 7.63771 8.03358 7.80148 7.33963 7.97709 8.14541 7.76866 7.83173 7.62038 8.09024 7.99109
93.9773 93.8198 93.8162 93.7897 93.8307 93.7365 93.7777 93.5242 93.683 93.4483 93.6634 93.594 93.5191 93.4726 93.6499 93.4908 92.4619 93.653 93.4576 93.4866 93.7596 92.8592 93.7736 93.7431 94.3481
75.6649 75.3797 75.4183 75.4081 75.514 75.5223 75.426 75.8285 75.7772 75.7476 75.6404 75.5832 75.7888 75.8512 75.9051 75.8161 75.4094 75.9319 75.6103 75.6695 75.6187 75.7444 75.6671 75.637 75.6616
72.1248 72.5617 72.7481 72.4618 72.5266 72.3297 72.1297 72.7881 72.4989 72.033 72.734 72.2445 72.3161 71.9989 71.9317 71.9322 67.1963 71.4876 71.9605 71.8507 72.1751 72.7063 71.8977 71.8722 70.9756
82.2703 82.3939 82.25 82.3891 82.2144 82.2466 82.3519 82.4321 82.5484 82.6091 82.6076 82.6017 82.553 82.2182 82.326 81.0711 81.3199 82.4709 82.2671 81.8149 82.2366 82.7851 82.1212 82.1461 81.0911
97.7022 97.8575 97.8428 97.8355 97.8827 98.2365 97.3422 97.9604 96.7182 96.5358 96.7783 96.4263 96.6715 96.5094 97.8411 96.8957 99.8314 97.7449 96.9237 99.5331 96.881 98.0711 96.081 96.6291 97.5654
140.757 140.709 140.832 140.663 140.888 140.94 140.713 140.66 140.949 140.532 140.429 140.757 140.966 140.918 141.288 140.734 141.561 141.425 140.838 141.564 140.852 141.787 140.756 140.831 141.229
5.56681 5.53837 5.52995 5.51926 5.5286 5.53998 5.52789 5.57057 5.55101 5.52713 5.53109 5.55618 5.58689 5.56242 5.58927 5.56274 5.63303 5.56731 5.58098 5.59605 5.55261 5.55181 5.5587 5.60201 5.69567
4.41875 4.43736 4.42704 4.42096 4.3714 4.47269 4.44265 4.19191 4.20447 4.21247 4.20171 4.21697 4.34761 4.45799 4.48182 4.41744 4.46015 4.44362 4.4472 4.46213 4.43375 4.54276 4.44559 4.41258 4.46032
4.49406 4.48178 4.4827 4.46398 4.4815 4.47249 4.4815 4.48199 4.49284 4.51177 4.54297 4.49212 4.53046 4.51668 4.53295 4.55083 4.42423 4.51834 4.54442 4.48226 4.50805 4.52213 4.53558 4.51671 4.51905
4.32839 4.3271 4.32081 4.31171 4.33244 4.33575 4.31548 4.3535 4.352 4.32443 4.32471 4.32087 4.38787 4.38074 4.36426 4.55547 4.16716 4.34013 4.39517 4.40429 4.38284 4.36854 4.40791 4.4074 4.7537
5.33545 5.35802 5.39223 5.27899 5.38509 5.32978 5.19522 5.33039 5.20821 5.10216 5.1992 5.23583 5.13699 5.08346 5.15337 5.12923 5.56998 5.22034 4.98977 5.4759 5.1324 5.07325 5.03223 5.11972 5.24803
7.55125 7.57369 7.56632 7.55413 7.56287 7.59984 7.56036 7.57371 7.59213 7.4936 7.53994 7.54028 7.57011 7.57172 7.61199 7.58906 7.6652 7.63233 7.55704 7.65208 7.62074 7.60331 7.59467 7.60437 7.64783
93.2214 93.2171 93.0211 93.252 93.163 93.2511 93.2787 93.3826 93.3522 92.8359 93.3461 93.3897 92.5937 92.7939 92.873 92.8096 90.7649 92.6565 92.8803 93.1428 92.9919 92.5552 92.9807 92.9753 93.1798
153.54 154.144 153.971 154.247 154.051 154.092 153.929 154.038 153.758 153.968 154.312 153.831 153.858 153.651 153.579 153.647 150.976 153.56 153.569 153.627 153.529 153.383 153.58 153.725 153.376
75.6193 75.7197 75.7423 75.7887 75.6793 75.5619 75.8239 75.4576 75.5082 75.2988 75.5138 75.5186 75.7088 75.5864 76.0026 75.5357 76.2483 75.7307 75.6158 75.4753 75.5835 75.5911 75.5224 75.5864 75.6587
72.5968 72.7385 72.6543 72.7169 72.9463 72.5955 72.6139 73.4147 72.8548 73.5288 73.3328 72.8633 72.7406 72.5834 72.6779 72.6273 75.0601 72.9061 72.7961 72.6293 72.6313 72.08 72.6924 73.0062 72.8269
82.3141 82.2456 82.4 82.2273 82.2888 82.1995 82.3248 82.3109 82.1413 82.4418 82.3302 82.0763 82.4013 82.2826 82.0964 82.1446 84.8163 82.4449 82.3287 81.9187 82.2002 81.7128 82.2784 82.4059 82.0789
139.337 139.38 139.631 138.904 139.421 139.408 139.055 139.153 138.931 138.81 139.18 138.844 139.091 139.073 139.252 139.026 139.944 138.693 139.068 139.007 139.118 138.849 138.925 139.334 139.417
5.99486 5.9311 5.9253 5.91885 5.92786 5.86972 5.93322 5.95043 5.89511 5.92815 5.92477 5.93409 6.43796 6.41394 6.45437 6.42932 6.39017 6.45853 6.43355 6.44703 6.41284 6.40281 6.43116 6.44342 6.45799
7.3634 7.66104 7.52144 7.67328 7.60788 7.49805 7.53729 7.48394 7.46057 7.55217 7.56681 7.49495 7.07251 7.05409 6.93797 6.98991 7.44516 7.05642 7.01618 6.90097 6.98745 7.01557 7.05075 7.00721 6.9824
4.53666 4.22637 4.22056 4.22853 4.25262 4.21598 4.214 4.22684 4.28988 4.2183 4.2496 4.21942 4.55506 4.65462 4.64335 4.64238 4.73842 4.58684 4.60822 4.66788 4.65476 4.67506 4.60794 4.58599 4.65888
4.66313 4.66459 4.65524 4.66149 4.68325 4.67344 4.63604 4.63082 4.60352 4.61076 4.67547 4.60778 4.77141 4.81069 4.80605 4.82602 4.91573 4.79194 4.83427 4.81049 4.83229 4.85267 4.82379 4.80198 4.80422
4.51432 4.49163 4.50496 4.49078 4.49499 4.4778 4.50505 4.51706 4.51262 4.46239 4.45922 4.49309 4.60836 4.60952 4.61084 4.62169 4.3848 4.61448 4.61373 4.61743 4.61146 4.60832 4.61582 4.61367 4.62238
8.14233 8.03567 8.02627 7.9672 7.99498 8.00215 8.04531 8.10795 8.05729 8.02904 8.19164 8.05579 8.07916 7.94922 7.96709 7.94424 8.00072 7.96999 7.99188 7.95219 7.94847 8.08924 7.98107 8.05559 8.04586
93.859 94.0294 94.062 93.8988 93.9053 94.0017 93.7392 93.9302 93.8452 93.7964 93.8341 93.8791 93.8002 93.9498 94.1158 93.9467 93.4932 94.0708 93.7235 93.7363 94.0137 93.9525 93.8972 93.9728 94.1352
75.4973 75.5835 75.8159 75.5379 75.852 75.7394 75.8494 75.688 75.7169 75.5904 75.5974 75.9372 75.462 75.4815 75.4575 75.4142 75.5908 75.4977 75.5385 75.7642 75.4265 75.4642 75.577 75.406 75.4237
71.9425 71.898 71.7479 72.0391 72.1206 72.0727 72.2589 72.3491 72.3885 72.1793 72.5277 71.9432 71.8531 71.8444 71.6733 71.9008 72.2295 71.76 71.8339 71.9423 71.8111 72.0748 71.8463 71.8584 71.609
82.3501 82.2756 82.3265 82.3085 82.3639 82.468 82.3428 82.2815 82.3817 82.5403 82.4796 82.4436 82.4478 82.3389 82.0233 82.362 83.0586 82.2342 82.5022 82.2806 82.3475 82.3777 82.5551 82.3497 82.3361
96.6016 97.1544 96.8636 97.0558 97.0784 97.038 97.5664 97.1293 96.6907 96.5172 96.2662 96.352 95.7617 96.3932 98.777 96.2977 97.7049 96.8268 96.2068 97.7298 96.1813 96.4279 95.9489 96.3696 97.3323
140.597 140.533 140.584 140.668 140.687 140.793 140.863 140.696 140.6 140.313 140.712 140.42 140.88 140.651 141.463 140.588 144.003 140.523 140.712 141.128 140.62 140.656 140.539 140.483 141.061
5.46492 5.46547 5.48976 5.46582 5.4988 5.50929 5.47852 5.49031 5.47509 5.48111 5.47747 5.47336 5.52063 5.51183 5.42068 5.51934 5.57598 5.53219 5.52269 5.49611 5.5108 5.52109 5.52548 5.53616 5.53294
4.37187 4.1996 4.14287 4.23632 4.14279 4.16844 4.16943 4.18082 4.15739 4.1318 4.13222 4.14632 4.38661 4.39751 4.38766 4.39057 4.3236 4.37733 4.40955 4.40072 4.39514 4.37702 4.37815 4.39099 4.40082
4.38722 4.39493 4.40948 4.39369 4.41843 4.40596 4.41654 4.43154 4.43016 4.40444 4.43522 4.41079 4.42375 4.40398 4.39807 4.40944 4.44413 4.40841 4.41613 4.41267 4.40827 4.41205 4.41853 4.41498 4.40518
4.34614 4.33723 4.37874 4.33524 4.32166 4.34248 4.33875 4.32497 4.3246 4.35439 4.34775 4.34638 4.392 4.39403 4.36442 4.39218 4.39436 4.40072 4.39662 4.3849 4.39216 4.39641 4.39662 4.39129 4.39039
5.14614 5.29912 5.21884 5.32432 5.24031 5.17813 5.29806 5.04804 5.15282 5.03007 5.09819 5.18117 4.91877 5.12298 5.48475 5.06384 5.64631 5.17434 5.0699 5.16364 5.06154 5.08893 4.96734 5.01603 5.21986
7.45381 7.59639 7.52871 7.61506 7.61148 7.56702 7.60683 7.48615 7.50373 7.52061 7.52038 7.50694 7.44846 7.4662 7.59431 7.45461 7.72243 7.468 7.4934 7.52499 7.45262 7.42423 7.46539 7.44209 7.49549
94.1223 94.2516 93.8327 94.2105 93.7934 93.8517 93.861 94.5596 94.457 94.1824 94.2437 94.2243 94.1364 94.1702 94.1144 94.22 93.6615 94.2157 94.1292 94.2284 94.2323 94.1331 94.3022 94.2086 94.0768
76.1487 76.387 76.2212 76.4045 75.9369 75.8402 75.7613 75.9563 75.6391 75.7435 75.6777 75.9995 75.8032 75.8309 75.8461 75.9214 75.8368 75.8105 75.7952 75.8398 75.7497 75.8259 75.8524 75.7698 75.8178
71.8363 71.7676 72.0045 71.8452 72.2073 71.9652 72.0392 72.1362 72.2226 72.1067 71.9803 71.42 71.617 71.6116 71.6265 71.6968 72.2163 71.6214 71.55 71.5942 71.6424 71.8742 71.7387 71.802 71.4755
82.2199 82.2943 82.6266 82.3741 82.6425 82.4262 82.4445 81.695 81.9534 82.1214 82.3451 82.0767 82.2002 82.0458 82.0585 82.0715 82.8123 82.1102 82.0622 81.5785 82.056 82.1458 81.9375 82.1128 82.3154
97.4328 97.5783 96.8232 98.1003 96.6199 96.9706 97.7542 97.7744 97.9606 97.4049 97.219 96.8619 96.5795 96.9877 97.6736 97.144 96.6356 96.9266 96.8507 96.7591 96.8611 97.4192 96.844 96.9454 96.927
141.536 141.073 140.955 141.197 140.982 141.11 141.048 141.683 141.45 141.558 141.507 141.238 141.648 141.554 141.546 141.511 141.607 141.573 141.518 141.708 141.523 141.574 141.538 141.609 141.84
5.59595 5.55649 5.5898 5.55111 5.57222 5.58869 5.58062 5.56965 5.55651 5.58284 5.57102 5.58417 5.62204 5.61955 5.65534 5.63584 5.59956 5.62228 5.62246 5.64529 5.61979 5.63846 5.62143 5.6222 5.64329
4.33919 4.14072 4.16487 4.17446 4.1465 4.17271 4.15885 4.15726 4.1341 4.12975 4.1372 4.12848 4.39648 4.40349 4.40078 4.39347 4.34722 4.39721 4.41127 4.44114 4.39423 4.39275 4.35898 4.38961 4.39283
4.44252 4.42881 4.44425 4.44638 4.43826 4.44837 4.43807 4.43816 4.41725 4.47953 4.40503 4.43832 4.45924 4.44444 4.45704 4.44971 4.45199 4.45103 4.44848 4.46674 4.45007 4.45478 4.45711 4.45868 4.46621
4.3681 4.35085 4.35838 4.35243 4.34895 4.36048 4.35829 4.36163 4.36731 4.35716 4.3785 4.36616 4.41032 4.41606 4.42017 4.40571 4.39994 4.41723 4.41679 4.43706 4.41425 4.40634 4.40841 4.41028 4.39884
5.51208 5.47391 5.38683 5.48745 5.47433 5.47171 5.52175 5.52471 5.4821 5.42419 5.44392 5.46042 5.38515 5.40251 5.4692 5.38344 5.53811 5.3959 5.39321 5.51727 5.38689 5.38169 5.39457 5.37772 5.4422
7.77217 7.75229 7.80323 7.74413 7.794 7.77449 7.77745 7.73121 7.75469 7.73535 7.74635 7.78017 7.7797 7.76323 7.80297 7.75811 7.7584 7.77068 7.76229 7.86485 7.764 7.75797 7.75748 7.76451 7.82971
93.5735 93.3681 93.3742 93.9033 93.7186 93.3657 93.5949 93.4704 93.6012 93.3843 93.2595 93.6316 93.4657 93.4777 93.466 93.4243 93.0896 93.4623 93.4133 93.5425 93.3838 93.4317 93.3702 93.3428 93.2598
76.9775 77.2068 77.1264 77.3693 76.9512 76.9972 77.0141 76.9254 76.9142 76.9539 76.987 76.934 77.0232 76.9483 77.0421 76.9449 76.9887 77.0249 77.0054 76.9145 77.0189 76.88 76.9933 77.0538 77.0254
70.1696 69.7644 69.7898 69.4914 69.842 69.7725 69.529 69.7462 69.8097 69.7098 69.8706 69.4905 69.519 69.6699 69.4419 69.4455 70.031 69.8757 69.7509 69.7018 69.6597 69.4738 69.798 69.7328 69.6732
81.6091 82.1173 82.1502 81.2193 82.0816 82.1432 82.0325 82.1393 82.0113 82.0949 82.1846 81.9237 82.061 82.0161 82.0547 82.0667 82.2858 82.0092 82.04 81.9148 82.0979 82.0912 82.0638 82.0839 82.2192
99.2006 98.0442 96.9779 98.4393 97.6996 97.7866 98.467 99.3515 98.8558 98.2803 98.7449 98.4857 97.6552 98.1318 97.9242 99.4399 98.5856 98.1369 97.952 98.1077 98.0071 99.542 98.4334 98.223 97.9094
141.55 141.239 141.283 141.489 141.624 141.555 141.377 141.681 141.567 141.514 141.621 141.382 141.707 141.716 141.63 142.014 141.711 141.795 141.792 141.778 141.734 142.082 141.718 141.722 141.847
5.64657 5.64133 5.64538 5.53415 5.64554 5.64137 5.65619 5.64446 5.60832 5.61928 5.63384 5.62038 5.66751 5.67129 5.68304 5.67253 5.66044 5.67574 5.6724 5.66912 5.66914 5.67166 5.67521 5.67548 5.68504
4.12994 4.05113 4.12219 4.07271 4.14254 4.11792 4.12264 4.10899 4.10818 4.08631 4.0845 4.10307 4.17482 4.18587 4.18876 4.29761 4.13986 4.18876 4.18832 4.2078 4.18951 4.31577 4.1766 4.18337 4.20692
4.32872 4.33167 4.32026 4.32915 4.32377 4.32132 4.3262 4.29698 4.30735 4.32528 4.32193 4.3148 4.33393 4.32684 4.3351 4.29924 4.33206 4.32656 4.3305 4.34082 4.32981 4.30259 4.33347 4.33126 4.33597
4.34025 4.36544 4.32342 4.43332 4.32259 4.3236 4.35346 4.33633 4.35078 4.30459 4.32763 4.32685 4.37829 4.37978 4.38775 4.34508 4.37702 4.37501 4.3727 4.37166 4.37644 4.34056 4.37806 4.38088 4.37739
5.58122 5.63235 5.52944 5.67633 5.51771 5.50438 5.53994 5.63101 5.59004 5.57715 5.54445 5.57541 5.48378 5.49 5.49184 5.53389 5.55294 5.48461 5.47366 5.48629 5.46933 5.52477 5.47658 5.48379 5.46307
7.73688 7.78354 7.78178 7.79371 7.75751 7.78107 7.73892 7.75005 7.72932 7.74398 7.71399 7.75181 7.77273 7.76393 7.76767 7.77331 7.74345 7.76309 7.76616 7.77561 7.7592 7.76238 7.75309 7.75856 7.76524
