90.6549 91.1195 91.0102 90.8935 91.4111 91.1111 90.696 90.7044 90.8647 90.8563 90.8598 90.7786 92.2934 92.0272 90.2865 92.5123 92.3143 92.2027 92.2772 92.138 92.3741 92.3264 92.2049 92.3397 92.3586 92.1997 91.6783
75.1426 74.7798 75.0199 74.9729 75.151 75.1519 74.8742 74.7355 74.9902 74.5976 75.3611 75.52 75.6595 75.7727 75.1703 75.1088 75.5416 75.5648 75.4162 75.0089 75.9278 75.4796 75.5335 75.3503 75.5202 75.5377 75.2643
74.4147 73.3823 73.6763 73.7046 73.3105 73.6068 74.6003 74.791 73.932 74.0329 74.5823 73.3058 73.3084 76.4297 74.0243 73.4018 73.7871 74.1789 73.9137 71.6002 73.3893 73.7275 74.4503 73.678 73.7708 72.5658 74.99
84.5538 83.9435 83.9071 83.9398 83.4594 83.4913 83.703 83.5417 83.674 83.2755 83.9019 83.5107 83.5934 83.8296 83.5084 82.6701 83.2869 83.2971 83.2457 80.982 83.1468 83.2448 83.4926 83.2676 83.2829 83.1166 83.4961
68.2593 68.327 68.6417 68.6771 68.0386 67.9818 67.6238 67.811 67.9279 68.3578 67.9276 68.1441 67.6257 68.8508 66.277 65.9892 65.8292 66.0356 66.0346 62.8854 65.8777 65.7454 65.8689 65.882 65.9799 65.8962 65.5833
140.859 139.599 139.662 139.642 139.498 139.842 139.836 139.701 139.693 138.642 139.694 140.16 139.79 140.156 141.287 138.672 138.257 139.535 139.121 138.321 139.498 139.135 139.749 139.045 139.611 137.877 139.456
5.77459 5.71837 5.76566 5.75631 5.75581 5.76518 5.74733 5.76686 5.76194 5.74288 5.78671 5.73271 5.66921 5.74425 5.80607 5.8307 5.69901 5.87447 5.87118 5.86672 5.88755 5.84501 5.87883 5.86367 5.90516 5.91677 5.71956
4.61715 4.40208 4.34064 4.34704 4.32793 4.32888 4.45836 4.34675 4.32679 4.32834 4.36739 4.3054 4.31475 4.37882 4.58147 4.47643 4.56631 4.71803 4.65342 4.62703 4.5837 4.62687 4.62461 4.62225 4.66293 4.53696 4.76642
4.68316 4.62057 4.64795 4.64092 4.64551 4.62991 4.59829 4.63029 4.59491 4.62888 4.59819 4.5954 4.44031 5.53939 4.68721 4.65524 4.61705 4.65922 4.57106 4.61772 4.59277 4.52481 4.61703 4.59792 4.59357 4.5651 4.60002
4.50448 4.41085 4.41188 4.40913 4.42098 4.40078 4.43601 4.47062 4.43001 4.47266 4.53613 4.37907 4.56225 4.41185 4.48561 4.54181 4.53595 4.4962 4.50507 4.55472 4.50461 4.50678 4.49257 4.50004 4.49697 4.51097 4.44793
6.38679 4.30216 4.39029 4.39078 4.30712 4.30477 4.3506 4.39556 4.42811 4.39716 4.50094 4.10275 4.18288 5.21845 4.51014 4.52449 4.56842 4.79591 4.78649 5.66758 4.74552 4.73908 4.76485 4.77539 4.80159 4.78343 4.88035
4.38881 4.29978 4.39923 4.44924 4.39243 4.38258 4.27649 4.35298 4.33197 4.50628 4.34036 4.73114 4.33316 4.3601 4.21913 4.3222 4.30915 4.28759 4.29793 5.19685 4.29939 4.25216 4.25763 4.28956 4.29581 4.30231 4.25509
7.96185 7.56513 7.51012 7.50484 7.64418 7.78783 7.7749 7.85012 7.74152 7.74514 7.802 7.62487 7.99361 7.91804 8.18372 8.11072 7.92166 8.34147 8.05913 7.54486 8.11886 8.03927 8.11775 8.11424 8.097 7.90907 8.00539
92.8279 92.9714 92.9765 93.0402 93.1097 92.995 92.9174 92.9478 93.2081 93.19 92.9948 93.1435 91.6574 92.1392 92.5026 92.684 92.849 93.0926 93.1108 93.0896 93.4391 92.9757 93.2109 93.0149 93.244 92.4177 92.7453
76.44 76.1622 76.074 76.098 76.1267 76.3783 75.7628 75.7269 75.6122 74.6308 74.9448 74.6163 75.2923 75.5066 75.861 76.0168 76.0949 75.8792 76.2516 75.4967 75.6942 76.1673 75.7335 75.8911 75.5388 75.9392 75.6076
72.4284 72.8173 73.8823 73.56 73.7125 73.3693 72.8928 72.6632 73.724 73.5598 73.2024 74.215 74.4518 74.5176 73.7227 72.8929 73.2146 72.1544 71.7114 71.8358 73.1853 72.6119 72.6562 73.0212 72.5779 72.4328 72.2728
83.1326 83.0019 83.042 82.9702 83.0364 82.9819 83.1315 83.1805 83.2122 82.4397 83.0301 82.8082 83.1633 83.2309 82.8849 83.2648 83.6201 82.8839 83.0535 82.7972 82.717 83.2433 83.1041 82.8431 82.5586 83.2153 83.1407
101.164 98.9613 100.347 100.325 100.364 99.9794 98.0688 98.0212 98.4881 98.6505 98.1953 102.053 101.26 103.228 100.197 96.3433 97.2301 96.8033 97.0052 96.9568 100.763 96.9347 97.5022 97.6645 99.1489 97.2777 98.5291
141.664 138.796 139.236 139.166 139.276 139.373 140.108 139.908 140.228 138.758 139.493 139.416 140.608 143.245 140.539 141.433 141.986 141.411 140.565 140.942 141.936 141.071 141.124 140.907 141.249 141.079 142.418
5.58809 5.58759 5.62806 5.62306 5.60811 5.60366 5.59406 5.57424 5.61791 5.65332 5.59232 5.64068 5.73542 5.64693 5.61867 5.54584 5.42675 5.62508 5.59581 5.49015 5.32064 5.63458 5.61003 5.61796 5.68903 5.58431 5.59035
4.46527 4.13334 4.1547 4.15656 4.14526 4.19783 4.28239 4.27867 4.34631 4.26522 4.28068 4.29831 4.35699 4.44897 4.49952 4.47409 4.37497 4.50819 4.31111 3.93517 4.43533 4.36498 4.47834 4.30141 4.52092 4.48802 4.5489
4.4596 4.51785 4.53395 4.52211 4.54402 4.53216 4.5553 4.49714 4.50209 4.41569 4.42396 4.38201 4.50962 4.58978 4.42729 4.57772 4.50719 4.55263 4.39701 4.29881 4.50616 4.49944 4.4996 4.55539 4.47121 4.46825 4.57367
4.32491 4.37844 4.39167 4.39336 4.39452 4.3854 4.33033 4.26937 4.30276 4.38843 4.36904 4.40737 4.31519 4.08064 4.39401 4.3644 4.30826 4.37315 4.34911 4.36496 4.30236 4.36359 4.37404 4.29902 4.35342 4.37606 4.35052
6.91751 5.15104 5.24505 5.30212 5.49286 5.54617 4.67372 4.34253 4.54787 4.59257 4.43895 4.96837 4.664 5.76961 5.68525 5.12876 5.36851 5.3504 4.98279 4.90731 5.83226 5.01581 5.17734 5.35355 5.27486 4.97552 5.49271
4.59603 4.37593 4.40617 4.41289 4.38701 4.40539 4.32697 4.33553 4.45444 4.26265 4.39757 4.25823 4.30065 4.36845 4.51504 4.48941 4.51334 4.62213 4.58344 4.56389 4.59796 4.48383 4.49539 4.54819 4.59909 4.6817 4.49654
4.31354 4.19995 4.21529 4.20088 4.20438 4.2212 4.15454 4.20682 4.18282 4.33866 4.34381 4.3024 4.17604 4.44186 4.22416 4.23727 4.19057 4.55618 4.57567 4.58823 4.59032 4.48747 4.52777 4.55717 4.5564 4.48851 4.48283
7.24984 7.29046 7.23673 7.23957 7.26595 7.28918 7.2358 7.29971 7.36448 7.11622 7.32208 7.29167 7.0649 7.6187 7.4236 7.56774 7.59398 7.58146 7.56193 7.56526 7.67529 7.49319 7.60835 7.574 7.52912 7.46065 7.64127
91.5289 91.6152 91.6394 91.589 92.0075 91.8935 91.4578 91.1538 90.7166 90.8287 89.9923 91.4036 90.6489 91.9741 92.5996 92.0934 91.4167 92.8531 92.8854 92.0679 92.0241 92.2739 92.7573 91.5366 92.0778 91.9187 93.0913
154.104 155.724 155.803 155.903 155.783 155.989 155.645 155.372 155.452 154.455 153.868 154.986 155.285 155.01 153.986 154.688 154.357 154.552 155.843 149.306 154.789 154.451 153.334 154.594 155.257 154.752 154.662
76.2658 75.8431 75.9263 75.9444 76.0567 76.1135 75.3404 75.5407 75.353 75.0191 75.2394 74.9041 75.9585 75.6283 76.0856 76.1928 76.3238 75.2084 74.5093 75.6257 75.4382 75.8883 76.1402 75.4723 75.6458 75.3278 75.8495
74.3693 74.8194 74.6501 74.6743 75.2419 75.4601 75.7439 75.7233 76.1149 76.0719 76.0293 76.1376 77.2622 75.9055 74.5169 75.8047 74.3583 73.5852 76.0777 76.2543 74.1652 73.4784 74.1764 73.952 73.5591 73.766 72.5497
83.4203 83.6996 84.071 84.0976 84.0717 84.1808 84.259 84.1879 84.1712 84.8537 84.2343 85.1059 84.8116 84.2822 84.0326 83.9159 84.1207 83.046 84.5832 83.3742 83.7071 82.8876 83.189 83.6094 83.5737 83.4976 82.3551
139.503 141.971 142.098 142.01 141.829 141.476 140.877 140.775 141.74 143.015 142.578 142.475 142.741 141.128 141.869 141.553 142.098 140.096 139.765 139.816 141.692 139.725 140.229 141.337 142.456 139.471 140.137
6.06736 5.86892 5.93762 5.924 5.69073 5.67872 5.71312 5.67147 5.84535 6.04013 5.98439 5.93704 5.75533 5.84367 5.97683 5.84712 5.92065 6.43222 5.99267 6.28893 6.4309 6.37367 6.46756 6.45253 6.52498 6.44231 6.37358
7.78821 8.49738 8.2795 8.27363 8.26553 8.19768 8.10257 8.09732 8.2111 7.77151 7.98992 7.74364 8.07005 8.16305 7.61766 7.80985 7.77428 7.39605 7.54395 6.45755 7.66405 7.51204 6.44521 7.62887 7.86951 7.3836 7.4153
4.753 4.06685 4.15667 4.15978 4.14724 4.07507 4.25555 4.16532 4.36023 4.33175 4.31684 4.13826 4.39887 4.44559 4.77926 4.61683 4.59863 4.69962 4.73934 4.61295 4.61756 4.55392 4.64129 4.6666 4.62734 4.66057 4.62349
4.68811 4.73164 4.72164 4.70758 4.67435 4.69539 4.74088 4.71016 4.68954 4.67115 4.6652 4.51905 4.70479 4.57966 4.66471 4.63458 4.64261 4.79117 4.85065 4.87347 4.80004 4.78591 4.77541 4.80557 4.6193 4.79909 5.01532
4.607 4.52112 4.5411 4.5404 4.62513 4.54841 4.49915 4.56853 4.64357 4.55713 4.5576 4.54237 4.37673 4.36795 4.60061 4.57047 4.59112 4.60732 4.65431 4.62124 4.60057 4.64642 4.61303 4.59871 4.62293 4.60393 4.62375
4.99526 4.40535 4.30626 4.2723 4.25425 4.36873 4.48259 4.32495 4.33043 4.22021 4.09751 4.25888 5.63602 5.30217 4.5484 4.49295 4.46191 4.81733 4.73282 4.63339 4.78613 4.78129 4.68332 4.79965 4.70871 4.92279 4.6534
4.38405 4.33054 4.3767 4.36824 4.44951 4.37452 4.2314 4.33949 4.66335 4.56096 4.69904 4.64656 4.24138 4.2241 4.30539 4.24677 4.20939 4.50701 4.4491 4.47592 4.48794 4.56314 4.53673 4.54133 4.55927 4.48096 4.5536
7.92219 8.07727 8.05762 8.04482 8.45789 8.21101 7.81385 7.89567 7.85 8.32041 8.25444 8.29499 8.32152 8.11405 8.4145 8.21858 8.22997 8.05443 8.28235 7.53503 8.4543 8.17877 7.98133 8.10444 8.28392 7.94405 8.093
91.1371 89.9572 90.2591 90.2963 89.3852 89.8706 90.7191 90.5058 91.9329 92.1614 92.1313 92.2467 92.0989 90.2598 90.8172 91.6112 92.1569 92.8122 92.6463 90.0043 92.4122 92.0871 91.8161 92.3314 93.0266 93.1631 93.3476
76.4443 76.243 76.109 76.1694 76.0194 76.0169 75.4238 75.2082 76.0345 76.0989 76.137 76.3514 76.0059 75.3568 76.1786 76.0213 76.3856 75.9216 75.886 75.2481 75.704 75.8154 75.5914 76.0359 75.8375 76.1276 76.1283
83.7093 84.0142 83.7891 83.7419 83.5074 83.509 83.2962 83.4881 83.3301 83.4271 82.9376 83.8256 84.5325 83.486 83.9016 84.3534 83.2308 83.1874 83.3747 83.5222 83.0316 84.4919 83.4392 82.9027 82.9518 83.0094 82.5487
105.333 105.648 105.347 105.304 105.793 105.842 105.618 105.729 106.488 106.435 106.716 106.403 106.783 106.06 105.449 106.353 105.01 105.204 105.371 104.5 105.852 105.306 105.154 105.849 104.944 104.157 103.705
144.854 144.519 144.874 144.837 144.052 144.141 144.047 144.091 143.108 143.421 143.243 143.707 143.744 144.213 144.599 143.408 145.269 141.548 143.626 143.504 141.828 143.13 142.834 142.248 141.792 141.131 141.525
5.80109 6.17143 6.03773 6.01509 6.3464 6.24567 5.99772 6.01556 5.62513 5.61686 5.62271 5.65122 5.55572 6.02256 5.81833 5.57611 5.54741 5.40321 5.57595 5.91252 5.31337 5.71095 5.62518 5.31665 5.60197 5.47192 5.3706
4.34802 4.33061 4.35758 4.34504 4.30651 4.34455 4.1786 4.16764 4.2528 4.26618 4.2153 4.21734 4.41075 4.18171 4.32499 4.48641 4.33582 4.32099 4.62659 4.66983 4.59419 4.38036 4.4555 4.44495 4.53643 4.38967 4.37103
4.50782 4.48324 4.46058 4.45949 4.55094 4.51187 4.56675 4.54231 4.64477 4.58336 4.58003 4.5811 4.4695 4.47824 4.51513 4.49885 4.50632 4.51176 4.62999 4.54209 4.61043 4.47995 4.56362 4.70633 4.6416 4.57336 4.52758
4.53817 4.47494 4.51241 4.51699 4.52238 4.50339 4.52992 4.5041 4.42801 4.43635 4.38932 4.4224 4.20627 4.44414 4.47351 4.68971 4.45079 4.62898 4.4669 4.55238 4.41804 4.65907 4.44758 4.44274 4.45794 4.42271 4.44351
5.91212 5.84197 5.89151 5.86142 5.7549 5.75896 5.8249 5.76867 5.83432 5.81006 5.79029 5.76742 5.82716 5.73959 5.9021 5.64499 6.15381 5.77409 5.65635 5.47178 5.91223 5.72412 5.73132 5.4844 5.75894 5.42939 5.50416
4.24936 4.18227 4.1322 4.11365 4.22362 4.18229 4.4611 4.43649 4.32661 4.41874 4.38898 4.37237 4.07167 4.42269 4.18124 4.24511 4.23773 4.41448 4.32358 4.68409 4.34435 4.26744 4.36188 4.39906 4.35169 4.30246 4.26195
7.53308 7.71229 7.60538 7.57914 7.76985 7.77471 7.61671 7.66399 7.68586 7.76655 7.71188 7.79943 7.83793 7.79411 7.57125 7.33546 7.53839 7.57684 7.67952 7.68957 7.53397 7.78081 7.70925 7.40448 7.63446 7.5498 7.87769
91.6259 92.2625 92.529 92.4611 92.7566 92.6555 92.2486 92.8502 92.1605 91.8864 92.1783 91.935 91.0588 92.0883 91.4775 92.1729 91.3207 92.9315 92.6896 91.9164 92.1982 93.2514 92.7183 92.4869 93.2173 92.4323 92.5184
75.3774 74.7303 74.6181 74.6713 74.6482 74.6253 74.6917 74.6484 74.3314 75.0174 74.3572 74.9294 75.4234 75.2332 75.1873 74.9435 75.3686 75.2295 75.6317 74.8688 75.5306 75.4614 75.2448 75.0534 75.9967 76.0862 75.7975
74.5267 74.424 74.2848 74.5235 74.7022 74.8193 75.0062 74.2274 75.5195 75.522 74.5924 75.693 73.0937 75.0005 74.5608 73.6509 73.9663 73.5307 74.7281 74.9971 74.4284 74.0461 74.1202 74.8184 74.9853 74.0126 74.7856
84.5456 84.1788 83.9974 84.1421 84.1059 84.3954 84.5113 84.0058 84.4002 84.206 83.6509 84.4288 83.9512 83.9694 84.2913 83.2651 83.9396 83.8846 84.087 83.9305 82.7867 83.5519 82.8052 82.9286 83.0488 83.3096 83.2827
67.2629 67.2653 67.6248 67.6312 68.0052 67.7713 67.9683 68.57 68.6053 67.781 67.7345 67.2246 66.3122 66.6972 66.5932 66.6557 65.704 67.5252 68.1972 66.9916 67.1554 67.9107 66.7559 67.0034 67.5435 66.1515 66.3039
139.539 138.763 138.67 138.794 138.722 138.55 138.913 138.39 138.781 138.526 138.932 139.497 137.208 138.504 139.483 138.173 139.463 138.64 139.356 137.243 138.856 139.516 138.414 138.613 138.781 137.512 137.645
12.5727 12.7967 12.8369 12.6843 12.7316 13.0304 12.604 13.0043 12.4883 12.9026 12.7281 12.7596 7.87135 6.18636 12.6437 12.6963 12.4528 12.9882 12.7467 13.0552 13.0244 12.7939 12.8835 13.0155 12.6765 12.7528 12.5661
5.64466 5.6159 5.56415 5.5469 5.41035 5.36487 5.53411 5.47722 5.4081 5.6523 5.41167 5.49217 5.46483 5.35751 5.69355 5.72687 5.76577 5.78484 5.81921 5.7593 5.91718 5.91109 5.78879 5.84021 5.97179 5.96002 5.96614
4.60393 4.43288 4.4236 4.42531 4.41617 4.44446 4.43086 4.48546 4.42199 4.53911 4.53299 4.42106 4.21505 4.14317 4.60233 4.57335 4.59016 4.6058 4.49415 4.66283 4.70352 4.63895 4.72432 4.68342 4.76523 4.65438 4.71887
4.55834 4.43794 4.4488 4.44977 4.45505 4.45705 4.45049 4.42274 4.47762 4.46251 4.49083 4.50934 4.43027 4.39344 4.54815 4.54501 4.54692 4.43985 4.5785 4.53012 4.56469 4.52848 4.5612 4.56465 4.57966 4.50201 4.54046
4.57687 4.52177 4.50609 4.51013 4.55499 4.5639 4.4955 4.51303 4.60851 4.54348 4.64606 4.57856 4.54001 4.49455 4.55439 4.55639 4.54651 4.56538 4.6956 4.55033 4.58305 4.61238 4.61267 4.57466 4.59859 4.56992 4.54712
4.41472 4.16234 4.31394 4.32932 4.3444 4.31941 4.23852 4.32434 4.32715 4.26475 4.23087 4.42734 4.56357 4.52952 4.36851 4.46074 4.20618 4.57106 4.95283 4.72467 4.88651 4.67089 4.7053 4.5343 4.76408 4.82456 4.76052
4.42793 4.35111 4.37715 4.37334 4.35211 4.38823 4.2862 4.31808 4.45977 4.36814 4.58081 4.36172 4.37206 4.47276 4.38667 4.3631 4.35038 4.52248 4.50244 4.47052 4.4612 4.52631 4.53848 4.43797 4.51457 4.45565 4.43527
8.10806 7.79514 7.83145 7.8284 7.83129 7.85863 7.97448 7.83325 7.87578 7.89888 7.99223 7.91585 7.53986 7.61752 8.12449 7.86197 8.0456 8.06088 7.80172 7.63834 7.99784 8.13192 7.93042 8.16982 7.91076 7.54042 7.70682
146.558 146.864 146.502 146.29 146.567 146.816 145.793 146.761 146.404 147.092 146.783 147.648 145.559 146.499 146.839 146.847 146.428 146.237 146.474 146.932 146.419 146.77 143.777 146.433 145.111 144.771 143.947
93.3155 93.6916 93.7067 93.7335 93.7186 93.8067 93.6354 93.9527 93.5493 94.0118 93.6031 93.4053 93.0815 93.3304 93.4882 93.6484 93.476 93.7333 94.095 93.637 93.7347 93.8331 93.6662 93.9935 93.5117 93.2479 93.5807
75.4354 75.068 74.8096 74.9312 74.7869 74.9314 74.6835 74.698 74.8122 74.5705 74.8151 74.9578 74.585 74.9002 75.3198 75.3451 75.3345 75.5917 75.0927 74.8569 74.8772 74.906 75.7509 75.0065 75.5356 75.5477 75.1231
72.8737 72.672 72.7804 72.4186 72.7576 72.2069 72.5967 73.0293 73.3898 72.0312 72.0394 72.4861 73.1761 72.7929 72.2114 72.14 72.3918 71.1726 70.5241 72.6794 72.1647 72.5632 71.8238 72.2642 71.9176 72.1626 72.4779
83.2245 83.0904 83.2856 83.2929 83.1929 83.2467 83.3112 83.0009 83.3991 82.3133 82.393 83.2659 83.7775 83.101 83.0333 82.7796 82.9647 82.3241 80.2548 82.9406 82.6909 82.4799 82.9133 82.6167 83.4862 83.04 82.9538
103.889 103.172 103.175 103.175 103.237 103.313 102.912 102.775 103.127 103.546 103.138 103.5 103.877 103.293 103.942 103.825 103.817 103.453 104.147 103.259 103.205 103.346 103.106 103.287 103.94 103.115 103.387
65.2273 65.0905 65.126 65.1282 65.5359 65.4107 65.2375 65.7068 65.3883 65.4678 65.5992 65.7227 64.9379 64.2605 65.1158 65.2204 65.0198 65.4577 66.4191 65.2511 65.011 65.4125 64.8489 65.2128 65.8771 65.0102 64.9946
142.1 141.644 141.483 141.486 141.616 141.49 141.564 141.493 141.528 141.421 141.466 141.45 142.1 141.712 141.977 141.952 141.887 142.644 142.859 141.849 141.946 141.863 142.194 141.665 141.931 141.996 142.27
5.57684 5.5753 5.56043 5.56609 5.56754 5.56307 5.52966 5.50378 5.48478 5.5113 5.51696 5.5458 5.61327 5.71435 5.57226 5.58248 5.58976 5.60812 5.64428 5.51925 5.57798 5.56315 5.59041 5.59192 5.512 5.5955 5.60426
4.4156 4.34706 4.43556 4.26632 4.28745 4.27313 4.27645 4.41102 4.36629 4.11831 4.56325 4.22566 4.35802 4.41896 4.43109 4.4619 4.44094 4.4258 4.40868 4.42129 4.42473 4.42573 4.40743 4.44748 4.35196 4.41594 4.38933
13.8584 13.881 13.4201 13.5852 13.4845 13.5338 13.7251 13.4909 13.1308 13.6248 13.8867 13.0358 11.5654 12.2603 14.0132 13.9719 13.7089 13.8195 13.8174 13.7606 14.1034 13.9046 14.1214 13.8816 13.5853 13.9703 14.1336
4.49417 4.47573 4.46308 4.48123 4.46563 4.4789 4.5374 4.47913 4.44428 4.49079 4.4114 4.56867 4.41975 4.40543 4.51546 4.50094 4.50263 4.59027 4.62708 4.5952 4.62724 4.60197 4.59202 4.61693 4.55781 4.61067 4.62961
4.44016 4.43643 4.39548 4.38326 4.36864 4.39388 4.39962 4.37566 4.36379 4.40626 4.42107 4.41347 4.46292 4.54039 4.43718 4.44902 4.44679 4.46736 4.63503 4.44024 4.48101 4.51341 4.47055 4.46392 4.58312 4.47031 4.48037
5.36024 5.30731 5.29939 5.29009 5.25907 5.3009 5.23268 5.26278 5.21846 5.26246 5.02686 5.14506 5.5788 5.14106 5.34942 5.37015 5.34779 5.22625 5.5198 5.10155 5.06977 5.14571 5.07332 5.10606 5.49146 4.97003 5.30167
4.53229 4.44245 4.4476 4.46692 4.48191 4.46072 4.43521 4.40417 4.55522 4.37675 4.55035 4.45461 4.52091 4.45525 4.46568 4.44384 4.47843 4.52631 4.81723 4.6299 4.68877 4.61846 4.60754 4.68045 4.46673 4.75581 4.72365
4.32113 4.31905 4.31117 4.30592 4.28371 4.28721 4.34284 4.2528 4.42074 4.37788 4.45664 4.29292 4.17619 4.30438 4.31908 4.31215 4.31124 4.32804 4.56096 4.42131 4.42837 4.44124 4.47028 4.43924 4.27211 4.39582 4.42616
7.73324 7.75468 7.72124 7.72517 7.68246 7.72597 7.70398 7.69653 7.74551 7.72731 7.68298 7.67679 7.71584 7.63346 7.78319 7.82314 7.79194 7.72343 7.77219 7.69307 7.70504 7.7452 7.74107 7.72131 7.66202 7.6497 7.75039
161.514 161.902 163.887 163.945 165.272 162.79 163.778 164.1 163.038 161.789 162.031 162.641 159.258 161.453 162.352 162.743 161.683 161.489 162.931 162.461 163.351 162.572 164.273 162.568 159.723 163.103 165.087
92.8249 93.2239 93.4574 93.3945 93.5025 93.3514 93.2598 93.3065 93.2854 93.2011 92.7109 92.9316 92.9836 93.4008 92.9938 93.139 93.0523 93.2553 92.6211 93.2891 93.6739 93.2364 92.9157 93.5303 93.1777 93.0005 93.1206
75.3367 74.903 75.0586 75.0433 74.9635 75.4106 74.7289 75.0171 74.8206 75.3046 74.5962 74.4569 75.2664 74.2963 75.3326 75.0833 75.2437 75.6214 75.7942 75.1235 75.6018 74.9982 75.8227 74.9765 75.2335 75.2313 75.217
73.6184 72.9925 72.8366 72.8885 72.6925 72.6596 73.4123 72.5495 74.1713 72.7796 72.3482 72.57 74.6541 73.8934 73.7022 73.7875 73.9251 71.8695 73.4754 72.978 72.9426 72.8811 71.4782 72.3978 72.4917 72.7817 72.5075
103.878 103.997 103.662 103.725 103.836 103.928 103.595 103.585 103.445 104.07 104.98 104.593 105.411 105.208 104.204 104.264 104.063 103.673 103.594 103.758 104.075 103.581 103.888 103.779 104.017 103.798 104.055
64.5048 65.204 65.3131 65.1723 65.4838 65.0051 65.4146 65.3612 65.2683 65.1443 65.7751 65.5552 65.9924 65.6645 64.9702 65.2296 65.0456 65.1274 64.6684 65.4405 65.5339 65.4602 65.0576 65.6506 64.7167 64.5959 65.1765
142.953 142.357 142.394 142.461 142.506 142.356 142.44 142.084 142.584 142.381 142.27 142.256 142.385 142.422 142.976 143.025 142.969 142.517 142.846 142.594 142.64 142.516 143.313 142.475 142.653 142.712 142.684
5.56571 5.56872 5.54383 5.55847 5.51536 5.5636 5.52995 5.57898 5.55508 5.44117 5.56095 5.52465 5.64411 5.58557 5.54902 5.55809 5.55318 5.56257 5.61855 5.51563 5.52012 5.52898 5.61268 5.52908 5.54378 5.56156 5.53587
4.37983 4.33674 4.33483 4.31994 4.26372 4.2134 4.36562 4.19244 4.40461 4.37284 4.27898 4.24779 4.46099 4.32592 4.38455 4.40298 4.40601 4.38205 4.41036 4.37447 4.38885 4.40896 4.35347 4.41311 4.37282 4.39182 4.38684
13.7713 13.3897 13.5938 13.5713 13.4792 13.699 13.7388 13.6525 13.2593 11.864 11.6546 11.8764 11.7017 11.5444 13.7879 13.6764 13.6534 13.3524 13.5182 13.2817 13.8276 13.3668 13.3126 13.2846 13.4162 13.2695 13.4479
4.49006 4.46077 4.46068 4.48186 4.4904 4.45869 4.45957 4.48203 4.4059 4.40272 4.44962 4.41817 4.46068 4.41009 4.47514 4.48558 4.47877 4.60216 4.56612 4.57954 4.58239 4.59891 4.58618 4.59714 4.57295 4.59844 4.57025
4.43453 4.44735 4.42341 4.42495 4.4016 4.48248 4.40278 4.43517 4.48976 4.39781 4.45965 4.49179 4.55671 4.41944 4.44593 4.45628 4.44511 4.48584 4.48776 4.47149 4.49368 4.46526 4.5103 4.46795 4.48583 4.46187 4.48631
5.68567 5.54331 5.52056 5.55566 5.59934 5.47237 5.56933 5.52531 5.51208 5.64061 5.67165 5.62642 5.75061 5.56286 5.68356 5.68145 5.67913 5.55893 5.70071 5.53209 5.56629 5.53552 5.49292 5.53402 5.60419 5.53958 5.52819
4.05855 4.45155 4.44687 4.38628 4.51109 4.40138 4.55061 4.52679 4.41509 4.35284 4.67228 4.53033 4.57452 4.51087 4.16004 4.26676 4.21783 4.54713 4.47008 4.62996 4.67095 4.63299 4.52338 4.69532 4.52619 4.35892 4.60325
4.30984 4.31079 4.32164 4.3051 4.31497 4.32525 4.3084 4.38922 4.25083 4.34727 4.31577 4.33233 4.27966 4.28408 4.30688 4.31843 4.31184 4.42967 4.43696 4.41949 4.4365 4.42119 4.47332 4.43238 4.40891 4.40108 4.39801
8.01555 7.90786 7.94524 7.97349 7.99892 7.9313 7.96479 7.91135 7.86537 7.90826 7.91762 7.87232 7.8224 7.84402 8.0416 8.01988 8.02335 7.98987 8.00306 7.93999 7.9747 7.94506 7.89367 7.95595 7.99269 7.95977 7.89815
162.108 162.272 162.762 162.775 163.02 163.387 162.185 162.482 161.664 159.639 159.84 160.466 159.558 161.553 162.103 161.979 161.758 163.22 161.776 163.158 162.621 163.17 162.393 163.516 162.615 163.537 162.852
93.0616 93.4009 93.3124 93.2785 93.3847 93.1386 93.3938 93.3407 93.5159 92.7724 92.5191 92.8813 93.1639 92.9471 93.075 93.1623 93.1606 92.9589 92.8002 93.0778 92.7539 92.9246 92.76 93.3122 93.1828 93.0321 93.1583
75.2065 75.1527 75.333 75.3187 75.2327 75.3928 75.2765 74.8024 75.0287 74.91 75.291 75.5363 75.0404 75.3572 75.1609 75.2576 75.2027 75.485 75.4283 75.1795 76.0344 75.8501 75.6341 75.05 75.6728 75.8338 75.4994
74.0754 72.9111 72.9255 73.1734 73.2023 72.6796 72.7043 73.1794 72.7046 72.5409 72.6465 73.8991 73.2294 73.958 74.4926 74.1023 74.301 72.5936 72.7876 72.8547 73.0382 72.2193 72.4471 72.0718 72.0026 71.8903 72.3273
83.4426 83.2932 83.3604 83.3633 83.2817 83.3027 83.0641 83.1095 83.0752 83.6429 83.2723 83.8975 83.4784 83.9108 83.3853 83.1632 83.2809 82.9303 82.883 83.1582 82.973 82.9072 83.273 82.7313 83.0589 83.1086 82.885
104.354 103.937 104.106 104.083 104.179 104.187 103.788 103.97 103.876 104.584 102.865 104.687 105.076 104.691 104.335 104.17 104.254 103.9 103.847 103.874 103.901 103.61 103.775 103.793 104.021 104.091 103.934
142.799 142.706 142.883 142.922 142.804 142.611 142.604 142.835 142.651 143.247 142.852 142.746 143.063 142.979 142.785 142.645 142.724 142.571 143.033 142.656 142.989 142.538 142.646 142.436 142.465 142.683 142.538
5.51949 5.53801 5.52905 5.53428 5.50734 5.54671 5.54759 5.49173 5.52137 5.56497 5.22449 5.54559 5.55257 5.57276 5.52244 5.51278 5.52463 5.51921 5.57253 5.49269 5.52827 5.54152 5.53052 5.47532 5.51174 5.51875 5.48912
4.41247 4.36624 4.40097 4.39698 4.3921 4.31499 4.37699 4.33373 4.3476 4.23572 4.33181 4.3603 4.45642 4.38115 4.39551 4.34873 4.3951 4.35047 4.39623 4.40285 4.25884 4.36056 4.36747 4.38814 4.36798 4.39538 4.36719
13.5199 13.3395 13.2613 13.3427 13.2841 13.5556 13.2584 13.0452 13.1878 12.7375 11.4354 13.6989 11.7352 12.1448 13.4377 13.7085 13.5405 13.4296 13.3887 13.1523 12.728 13.2468 13.0659 13.1155 12.8836 12.8544 13.0426
4.44881 4.44561 4.46117 4.46204 4.48208 4.50118 4.48236 4.49215 4.45501 4.44521 4.46663 4.41535 4.4246 4.37765 4.45362 4.47178 4.45933 4.59311 4.55987 4.56291 4.53538 4.60175 4.58377 4.59311 4.59951 4.5814 4.59138
4.45512 4.4224 4.43227 4.43923 4.40913 4.39589 4.43742 4.3987 4.44301 4.39507 4.39974 4.42569 4.43326 4.44488 4.45864 4.45832 4.45759 4.4829 4.51371 4.47149 4.55103 4.52128 4.47486 4.48137 4.4875 4.46856 4.47517
5.62533 5.6218 5.61174 5.60981 5.61558 5.58155 5.59078 5.66742 5.58324 5.66849 5.59024 5.61068 5.69147 5.72483 5.60287 5.60405 5.61329 5.52524 5.55075 5.56394 5.47724 5.54053 5.56676 5.54903 5.45828 5.58037 5.52275
4.32525 4.27163 4.29353 4.2968 4.31009 4.2945 4.30178 4.29653 4.36538 4.32125 4.32594 4.39069 4.27063 4.4874 4.33952 4.35808 4.34438 4.44219 4.43739 4.41072 4.41461 4.43609 4.42628 4.43524 4.45448 4.42472 4.45011
7.89497 7.95924 7.97516 7.96504 7.9694 7.97902 7.96599 7.98236 7.92997 7.98827 8.01641 7.88087 7.90063 7.90954 7.88181 7.89629 7.88917 7.95196 7.81729 7.9169 7.82208 7.94301 7.9673 7.95175 7.92009 7.93951 7.94465
161.586 163.27 163.383 163.342 163.108 163.907 163.313 162.922 162.212 160.789 159.419 161.787 159.32 160.725 161.818 162.138 161.584 163.525 160.671 162.747 162.219 163.079 163.076 163.269 163.659 163.331 163.53
93.0436 93.4571 93.3196 93.2112 93.3409 93.2627 93.1678 93.4073 93.1601 93.0245 92.2885 93.3234 92.9331 92.8918 93.0284 93.1019 93.0588 93.2455 92.8689 92.8989 92.6271 92.6866 92.6535 93.2909 92.7389 92.054 92.8176
75.7222 75.2965 75.5985 75.6331 75.4453 75.1961 75.3499 75.974 75.2235 75.6969 75.3194 75.0511 75.0133 75.3459 75.6988 75.7133 75.6947 75.6185 75.6939 75.1614 75.9189 75.6738 75.6877 75.476 75.666 76.466 75.3986
72.2387 73.3883 73.1807 73.2109 73.1843 73.0982 72.9444 72.3682 74.4012 73.5023 73.6514 72.7169 74.4656 73.0722 72.6539 72.34 72.6386 72.0302 73.1373 72.4523 72.1785 72.7421 72.4399 71.7721 71.8833 73.8941 72.7606
82.858 83.2022 83.365 83.3955 83.2497 83.0598 83.1273 82.6658 83.4336 83.0768 83.9647 83.244 83.8705 83.0937 82.9517 82.9274 83.008 82.9745 82.959 82.5579 82.9088 83.1104 82.9043 82.6484 83.0006 83.3592 83.0582
103.319 103.757 103.824 103.891 103.964 103.888 103.468 103.523 103.067 103.985 103.816 103.208 103.853 104.045 103.167 103.268 103.158 103.267 103.716 103.725 104.02 103.365 103.563 103.347 103.374 105.263 103.85
142.7 142.669 142.87 142.974 142.917 142.637 142.734 142.625 142.565 143.049 143.171 142.623 143.108 143.507 142.639 142.356 142.541 142.37 143.272 142.705 142.742 142.507 142.705 142.33 142.552 143.158 142.638
5.55543 5.56362 5.56044 5.57411 5.55676 5.5375 5.58177 5.55324 5.55581 5.56365 5.56632 5.57157 5.53738 5.59644 5.55731 5.55283 5.55885 5.57149 5.52597 5.52455 5.56867 5.57911 5.53104 5.52153 5.58407 5.55956 5.56186
4.4022 4.35362 4.30289 4.30592 4.27308 4.40106 4.31421 4.33128 4.34391 4.27127 4.23799 4.53298 4.64179 4.41472 4.39783 4.37842 4.39799 4.44804 4.35815 4.33884 4.41808 4.37929 4.33021 4.36722 4.36936 4.39617 4.34298
13.9756 13.3129 13.225 13.3068 13.4953 13.1657 13.6593 13.3562 13.272 13.0166 13.2207 13.4964 13.2671 12.3399 14.0523 13.9957 13.9694 13.4622 13.3767 13.0611 13.2435 13.3299 13.068 13.2833 13.4304 11.8213 13.3378
4.53143 4.43086 4.44622 4.43912 4.46459 4.49645 4.46849 4.48872 4.48089 4.45465 4.43687 4.44414 4.48293 4.4829 4.52297 4.50784 4.52005 4.62434 4.60338 4.61866 4.57326 4.62052 4.60745 4.61503 4.62833 4.6746 4.61416
4.42953 4.45112 4.41932 4.41936 4.40827 4.39653 4.41592 4.37066 4.38166 4.46796 4.43322 4.4302 4.37088 4.4204 4.42548 4.44324 4.43056 4.46441 4.4723 4.45978 4.4607 4.46617 4.45985 4.45934 4.46468 4.47641 4.46169
5.66818 5.6537 5.60978 5.5947 5.63208 5.60055 5.61832 5.51988 5.5762 5.64742 5.66899 5.67811 5.70368 5.81528 5.65691 5.59269 5.63275 5.54282 5.64741 5.59008 5.58821 5.62952 5.5788 5.51132 5.6336 5.66084 5.59746
4.28318 4.22468 4.21351 4.21871 4.22273 4.24759 4.25035 4.22261 4.28032 4.18082 4.24053 4.19832 4.25003 4.28301 4.27314 4.2583 4.27562 4.38531 4.37089 4.38119 4.31853 4.33508 4.34709 4.38916 4.35748 4.28766 4.36876
8.04503 8.05911 8.02515 8.03082 8.04177 8.03389 8.02021 7.96869 7.97889 7.96273 8.09148 8.00242 7.90046 7.98643 7.99719 7.95471 7.99322 7.98149 7.95748 7.97421 7.92459 8.01555 7.97095 7.98529 8.04116 7.97049 7.99475
162.779 163.314 164.513 164.446 163.812 163.759 163.07 163.13 162.94 161.735 162.813 162.397 162.026 160.911 162.568 162.751 162.294 163.194 162.041 162.673 160.286 161.972 162.425 163.317 162.839 163.975 162.245
92.7586 92.4957 93.0255 92.974 93.3487 92.7309 92.2617 92.4521 92.9766 92.6823 92.9886 93.1636 92.4774 92.2837 92.7419 92.4379 92.722 92.7271 92.6681 92.7512 92.6021 92.6638 92.5295 93.1411 92.9565 92.708 92.2588
76.5381 76.4132 75.9741 76.1088 75.4136 75.3595 76.0635 76.3004 76.8853 76.2324 75.4158 76.1076 75.4621 75.5526 76.2583 75.9846 76.4774 75.8949 75.4147 75.4613 76.0542 75.0507 76.0749 75.6984 75.5499 75.389 76.3075
73.9989 74.7222 74.5561 74.4726 74.7546 75.0058 76.0362 75.9357 75.6714 75.2362 75.4206 75.4448 74.7058 74.0176 74.3535 74.4476 74.4907 72.6585 73.9071 73.928 73.0509 74.3342 72.6413 72.5399 72.2361 73.9869 74.0718
83.6067 83.8551 83.7268 83.7082 83.6515 83.7327 84.0395 83.7657 83.439 83.6321 83.524 82.9581 83.2662 83.6706 83.8607 83.9427 83.8387 83.0509 83.2345 83.7456 83.4231 83.9881 83.2741 83.3046 83.1727 82.4454 83.7983
97.0603 97.3964 97.6244 97.5834 97.7073 98.4449 97.328 98.2884 97.5775 100.069 99.3396 99.4668 99.5219 99.676 97.3313 96.5756 96.7973 97.1611 98.7436 98.2941 97.8402 97.7407 98.1642 96.4581 97.0688 101.575 97.1294
65.3816 64.5432 64.9696 64.9615 65.2976 64.6474 64.9858 64.8557 65.663 65.2141 65.8653 65.385 65.3647 64.9633 65.5658 65.0148 65.4291 64.7167 65.3707 64.9803 64.9549 64.7552 64.8435 64.9211 64.8702 65.519 64.6923
142.364 141.922 141.689 141.82 141.894 141.532 141.972 141.821 141.605 142.704 142.589 142.064 142.926 142.824 142.677 142.404 142.491 142.17 142.716 142.684 142.478 142.26 142.714 141.981 142.266 143.1 142.747
5.60243 5.59585 5.5352 5.54356 5.50165 5.5621 5.59996 5.58749 5.55945 5.67847 5.59711 5.60401 5.55334 5.61184 5.58516 5.61246 5.58696 5.67616 5.60463 5.66068 5.69179 5.55861 5.6481 5.61078 5.58826 5.62484 5.67076
4.44554 4.16471 4.18187 4.17639 4.20841 4.23641 4.32719 4.30326 4.24808 4.31576 4.31192 4.32048 4.32218 4.22755 4.4727 4.47737 4.45746 4.47015 4.34193 4.57642 4.40322 4.45345 4.59425 4.37903 4.40073 4.38249 4.39963
4.33861 4.38377 4.33694 4.33503 4.341 4.36852 4.33898 4.35673 4.33438 4.42682 4.36021 4.38967 4.34721 4.4104 4.30398 4.31972 4.31023 4.41156 4.41664 4.37 4.39446 4.36554 4.38178 4.4038 4.39561 4.34395 4.42645
4.38584 4.36892 4.35856 4.36092 4.36379 4.37065 4.40044 4.42213 4.40217 4.35765 4.35054 4.39843 4.37853 4.38028 4.36287 4.37554 4.37372 4.44707 4.42355 4.39701 4.42351 4.38083 4.41407 4.41739 4.42604 4.64969 4.42814
5.7735 5.77002 5.84006 5.80938 5.80548 5.80785 5.80594 5.7858 5.73729 5.91048 5.63505 5.74547 6.00792 6.13562 5.8779 5.78408 5.86126 5.6898 5.82547 5.83414 5.74119 5.7 5.65141 5.6491 5.64701 5.82596 5.80697
4.50658 4.18458 4.22655 4.22572 4.27728 4.08353 4.25965 4.23752 4.39508 4.41745 4.29729 4.39902 4.3693 4.10676 4.67377 4.4175 4.57852 4.55316 4.53567 4.59146 4.64261 4.4972 4.62685 4.41733 4.50993 4.66545 4.4997
4.25514 4.1808 4.2036 4.19744 4.1941 4.22245 4.15658 4.22059 4.25745 4.27773 4.20733 4.18527 4.19322 4.19385 4.23848 4.23517 4.23639 4.621 4.59787 4.57025 4.57957 4.5565 4.59886 4.57279 4.59598 4.64565 4.62977
7.87882 7.86181 7.80231 7.82459 7.79196 7.75692 7.88303 7.83611 7.78307 7.68353 7.74296 7.78296 7.83077 7.90331 7.88752 7.91005 7.8793 7.93256 7.89227 7.81561 7.84717 7.83905 7.8605 7.93078 7.91197 7.75184 7.94105
90.0356 89.9964 89.8298 89.8543 89.8887 90.0775 89.8868 90.0946 89.6301 91.7826 91.9675 91.6133 92.4468 92.1516 90.5874 90.5823 90.0185 92.5329 91.9167 92.6913 92.1325 92.512 92.3039 93.6129 92.957 92.2357 92.4255
76.7826 75.5847 75.4892 75.6155 75.7639 75.8273 75.6454 75.725 76.8111 76.3131 76.5018 76.3657 75.485 76.6348 76.7857 76.6926 76.7826 75.6797 76.7056 75.7848 75.976 76.0657 75.8564 76.1115 76.1944 76.3935 75.8513
74.6993 76.0837 75.5637 75.5353 75.8213 76.1568 76.3626 76.3942 76.0904 74.7057 75.1115 76.4739 72.0515 74.1118 74.3766 74.581 74.5744 71.8876 72.6596 72.7362 73.3195 72.4083 73.4878 71.492 72.9172 73.8442 73.304
82.5351 83.8512 83.7987 83.7628 83.9005 83.7734 83.6579 83.6932 83.8215 83.4364 83.8064 83.602 83.2586 83.5435 82.1008 82.116 82.3029 82.8333 82.5188 83.3471 83.0823 83.0047 83.1587 82.267 82.3144 83.3478 83.2337
106.912 106.316 106.425 106.485 106.586 106.476 106.191 106.124 106.232 106.987 106.31 106.525 106.869 107.942 106.916 106.836 106.997 106.841 106.497 107.523 107.019 105.757 107.18 104.039 104.185 105.335 106.846
66.3974 66.566 66.6004 66.4125 66.7612 66.9769 66.473 66.1996 65.6549 65.2253 64.9856 65.8277 65.0356 65.0703 65.908 66.1528 66.2143 64.6776 65.4146 65.0405 64.7054 65.3122 64.9401 65.1181 65.1258 65.3745 64.9075
143.737 143.912 144.086 144.045 143.918 144.082 143.719 143.693 143.508 143.102 143.225 143.437 142.816 143.109 143.662 143.691 143.801 141.687 143.701 142.065 142.596 142.539 142.546 142.115 142.519 143.166 142.226
5.98236 6.12832 6.17853 6.1293 6.11497 6.06936 6.15779 6.16716 6.09433 5.66549 5.66259 5.71245 5.63387 5.6724 5.87914 5.88662 5.97144 5.58584 5.59579 5.6342 5.59695 5.61479 5.55437 5.59299 5.56803 5.60953 5.61396
4.38367 4.35184 4.40371 4.38654 4.35527 4.38803 4.19017 4.27388 4.37915 4.22613 4.22421 4.4697 4.41793 4.31842 4.37917 4.3771 4.39088 4.5698 4.35693 4.49604 4.50992 4.47779 4.47412 4.58971 4.45971 4.36777 4.55566
4.48636 4.50959 4.49058 4.49467 4.46918 4.52531 4.51172 4.4345 4.49403 4.52291 4.54155 4.45937 4.5391 4.44274 4.52016 4.53275 4.51791 4.67214 4.56329 4.68015 4.61626 4.68573 4.61248 4.61661 4.65018 4.60887 4.66657
4.51629 4.40472 4.4004 4.39683 4.47374 4.37526 4.62757 4.42604 4.4121 4.40449 4.42185 4.41022 4.46348 4.34792 4.6189 4.62566 4.62866 4.45749 4.4085 4.43423 4.45287 4.47599 4.44689 4.45396 4.46269 4.46474 4.46217
5.85886 5.80443 5.79305 5.79404 5.77699 5.80482 5.76999 5.77732 5.75312 5.88456 5.84769 5.8338 5.84735 5.81143 5.88426 5.89049 5.85482 5.63709 5.81238 5.39927 5.78876 5.47119 5.773 5.5189 5.53926 5.89617 5.75694
4.3906 4.50259 4.50865 4.51931 4.48648 4.43092 4.41276 4.3426 4.38518 4.25937 4.39163 4.42113 4.45248 4.47593 4.74752 4.76991 4.61165 4.77455 4.18395 4.6979 4.72318 4.64426 4.6291 4.61916 4.57571 4.37813 4.61663
4.32526 4.30212 4.29187 4.30494 4.46466 4.29807 4.39085 4.28642 4.3841 4.21351 4.31547 4.27757 4.28624 4.34072 4.41105 4.41855 4.33574 4.4222 4.34854 4.37266 4.36081 4.72255 4.33102 4.33357 4.35827 4.39351 4.3761
7.9182 7.87617 7.85622 7.86965 7.86725 7.85332 7.85469 7.87368 7.83884 7.89709 7.87182 7.89425 7.86452 7.82866 7.9188 7.90898 7.94983 7.73512 7.8481 7.60322 7.77815 7.66327 7.83198 7.77466 7.8132 7.67246 7.84936
91.53 91.0156 91.5127 91.7294 91.7921 91.4549 90.5608 91.2605 90.9369 91.8814 91.8977 91.0556 90.4136 91.2109 91.2805 91.5466 91.1037 91.8753 91.4534 91.9644 91.8935 92.07 91.399 92.8089 92.1973 92.3395 92.2524
75.8351 75.8967 75.8009 75.7201 75.8208 75.7549 75.8347 75.5509 75.8511 75.0434 75.7544 75.6424 76.3063 75.6059 76.0418 76.0223 75.932 75.7428 75.9386 75.6775 75.3684 75.0942 76.0353 74.8699 75.3785 75.1963 75.4782
75.3162 75.8509 76.1298 75.9136 76.0335 76.2997 76.0769 75.84 75.6079 75.3172 75.7884 76.4138 76.0309 76.2309 75.3927 75.6279 75.2822 73.9309 77.8396 74.6871 74.6904 75.4132 74.5582 74.0306 74.1278 75.6248 73.3911
84.9699 84.2356 83.9092 83.8498 83.8261 83.7828 84.2166 83.7676 84.5451 82.4738 83.319 83.2702 84.8058 84.223 84.7312 84.9656 84.2992 83.5937 84.4978 83.1987 83.7042 82.717 83.7152 82.1082 83.7167 83.5897 82.7775
66.8939 66.2906 66.5539 66.529 66.7958 66.6999 66.9149 66.6072 68.2921 64.9629 64.9118 65.8317 65.5902 63.5002 67.0092 67.3417 66.5326 66.0926 66.7205 66.4969 66.1599 66.8182 66.0318 67.2538 66.0328 66.9775 66.0869
138.343 139.462 139.239 139.257 139.364 139.275 138.555 139.157 137.751 138.573 139.35 140.07 140.932 139.558 137.905 138.054 138.198 138.616 141.005 138.009 140.004 137.544 138.592 137.114 139.717 139.277 138.615
5.44049 5.70573 5.67837 5.64549 5.67357 5.68801 5.7113 5.61769 5.53588 5.62244 5.67534 5.74429 5.73441 5.71961 5.57824 5.59778 5.51973 5.94384 6.01155 5.96047 5.91786 6.03974 5.93266 5.65174 5.9078 5.97342 5.91596
4.53468 4.28476 4.35876 4.35813 4.35776 4.83695 4.3346 4.50283 4.2317 4.30009 4.18544 4.27448 4.25958 4.25749 4.53918 4.54068 4.57617 4.57733 4.73806 4.65627 4.60841 4.52534 4.48698 4.59816 4.54339 5.04389 4.58877
4.5503 4.56064 4.57491 4.56161 4.56068 4.58159 4.55586 4.55432 4.51614 4.38816 4.46288 4.57912 4.50831 4.37559 4.56865 4.56888 4.57257 4.51923 5.98551 4.50949 4.58129 4.64566 4.47715 4.47833 4.56921 4.56198 4.47536
4.38375 4.50299 4.49646 4.50737 4.49494 4.47836 4.41864 4.489 4.25809 3.73643 3.62505 3.96601 4.05566 4.55976 4.4086 4.40064 4.38881 4.52753 4.42677 4.55252 4.52195 4.55374 4.53895 4.50835 4.51844 4.52207 4.57921
4.29949 4.31868 4.21269 4.27452 4.16326 4.17853 4.35455 4.36048 4.91012 3.80654 3.8722 3.87796 5.13642 5.873 4.34583 4.3463 4.31671 4.67478 4.66209 4.7204 4.67613 4.51357 4.73279 4.79808 4.44936 4.68261 4.78795
4.4232 4.38548 4.5022 4.57988 4.54073 4.43936 4.26802 4.35722 4.23806 4.13894 3.76881 4.35228 3.84977 2.87254 4.50143 4.52663 4.52816 4.41669 4.04257 4.51476 4.43042 4.40914 4.45305 4.44911 4.31753 4.33803 4.89027
7.46263 7.77001 7.85245 7.95931 7.68307 7.76809 7.51285 7.84027 7.40505 7.35301 7.64202 7.54753 7.73108 7.75651 7.2589 7.09204 7.67999 7.94687 8.015 8.02134 7.91418 7.25127 7.70684 7.6721 7.84989 7.60834 8.17608
89.9067 90.4802 90.3239 90.2243 90.7981 90.2224 89.8984 90.9349 90.5391 91.1215 90.2523 91.3734 90.0107 89.406 89.7231 90.229 88.8656 92.3811 92.283 92.9788 92.6182 92.4425 90.9765 89.7539 92.4016 92.2974 92.7952
75.8286 76.0031 75.8053 75.8887 76.0342 75.7429 75.6064 75.4686 75.0124 74.9615 74.7806 75.2328 75.5531 75.4874 75.7226 75.7599 75.5662 75.6828 75.8216 75.73 76.1435 75.7872 74.9604 75.4152 76.3066 76.9153 76.1333
75.991 76.483 76.2734 76.2838 76.1951 76.0149 76.4589 75.6588 75.5023 74.4796 75.2029 74.7325 74.7485 74.7381 76.0125 76.2381 75.7414 73.1456 74.183 72.4275 73.3561 73.8027 75.7917 75.2506 73.0973 73.3655 73.3455
83.5151 83.578 83.4804 83.6346 83.4835 83.3724 83.817 83.2738 83.1247 83.0353 83.3963 83.3502 83.3171 83.2842 83.7216 83.7833 83.9331 83.0189 82.8345 82.445 83.0051 83.376 83.6944 83.4705 83.0313 83.2626 82.8382
104.949 105.634 105.905 105.939 105.906 105.753 106.248 106.115 106.027 106.384 106.136 106.166 105.946 105.854 105.132 104.885 105.041 104.59 105.408 105.319 104.592 106 105.217 106.289 103.967 105.39 104.446
67.5416 66.8999 67.3874 67.2558 67.3136 67.5825 67.4949 67.7537 68.509 66.917 66.8917 66.3355 66.8844 66.2881 67.7453 68.2594 67.7945 65.5199 66.1991 65.5178 65.3974 65.4284 66.7075 66.5965 65.8393 67.1269 65.3281
144.838 143.764 143.719 143.702 143.652 143.78 144.216 144.04 144.549 144.297 144.036 143.945 144.028 143.97 145.196 145.118 144.281 141.27 143.673 142.441 142.066 143.851 142.563 144.191 141.919 143.224 141.947
6.17607 6.11259 6.20756 6.18284 6.03006 6.21104 6.23873 6.07356 6.09875 6.00524 6.28642 5.84276 6.13536 6.06143 6.18025 6.07885 6.46002 5.29132 5.541 5.47912 5.6059 5.71869 6.02868 6.1386 5.65476 5.65039 5.63053
4.35135 4.37342 4.37837 4.32789 4.37122 4.33763 4.36295 4.17914 4.39082 4.46905 4.21977 4.49942 4.19893 4.3868 4.35713 4.40622 4.35824 4.5888 4.29567 4.70994 4.44915 4.5937 4.44027 4.39761 4.38333 4.33423 4.39996
4.56143 4.536 4.54865 4.52942 4.54525 4.5277 4.54035 4.53628 4.5185 4.4905 4.47762 4.47805 4.4028 4.4743 4.54919 4.59135 4.5471 4.65498 4.53298 4.62878 4.65805 4.69029 4.52475 4.64492 4.6834 4.81886 4.57035
4.48926 4.48762 4.48479 4.48789 4.47875 4.49373 4.54192 4.43945 4.52749 4.3827 4.50687 4.38817 4.47456 4.46315 4.38853 4.43094 4.54467 4.36738 4.76298 4.41663 4.40976 4.46148 5.31447 4.48365 4.44126 4.52351 4.41169
5.58332 5.7259 5.76413 5.72986 5.73813 5.7378 5.74573 5.74256 5.73331 5.85576 5.72204 5.74243 5.72382 5.65471 5.60593 5.5876 5.57195 5.69984 5.57898 5.43054 5.79049 6.13866 5.48598 5.7319 5.14214 5.67629 5.2827
4.27482 4.27529 4.17717 4.19557 4.14044 4.26247 4.18597 4.28169 4.11992 4.24448 4.29657 4.28774 4.39775 4.35127 4.30223 4.17853 4.27865 4.54497 4.44247 4.68396 4.58668 4.62349 4.37364 4.72815 4.55582 4.12016 4.56093
4.28287 4.26075 4.48915 4.43657 4.44239 4.4899 4.28317 4.40549 4.4913 4.29459 4.56083 4.38089 4.69959 4.49988 4.28869 4.36803 4.34063 4.36027 4.38916 4.35829 4.35635 4.37736 4.43836 4.42435 4.51879 4.39137 4.32316
7.90154 7.82616 7.82056 7.79684 7.80159 7.81838 7.84371 7.85515 7.86195 7.81819 7.84066 7.79858 7.83666 7.83115 7.9536 7.93155 7.80495 7.58171 7.78705 7.75077 7.7345 7.79034 7.41375 7.80521 7.68628 7.75795 7.71931
91.1285 91.816 92.058 92.0963 92.011 92.2028 92.4127 92.1522 91.9414 91.3924 91.525 91.4681 91.4878 91.2288 90.6261 91.1388 91.5355 89.1786 91.373 91.3084 91.5822 92.0451 91.6485 91.8174 91.5606 91.6706 91.203
75.4348 75.6602 75.3333 75.3627 75.319 75.2118 75.237 75.5187 75.3572 75.5938 75.4006 75.476 75.5242 75.552 75.5304 75.4454 75.3204 75.7037 75.6161 75.5223 75.7618 75.4466 75.7106 75.7821 75.5391 74.2618 75.8131
75.8838 74.9634 75.7965 75.6805 76.0411 75.9973 75.6983 74.7294 74.5215 74.694 75.0539 75.0066 74.6401 75.116 75.9687 76.0966 75.6787 75.3361 74.411 75.1201 73.3156 72.4984 73.913 74.4253 74.17 76.7189 72.6812
85.1807 84.7664 85.0635 85.0622 85.3237 85.2534 85.1256 84.5129 84.2085 83.4906 83.7149 83.413 83.773 84.1142 85.3394 85.4368 84.9502 83.5557 83.9187 83.348 82.6197 81.7665 83.6865 83.3929 82.5084 85.0128 82.7207
65.7519 66.1412 66.6559 66.6616 66.5852 66.5908 66.3551 66.1079 66.1209 65.9831 66.5481 66.7324 66.3039 66.2609 65.5861 66.0472 66.8105 66.9573 66.2748 69.7005 66.3564 67.0073 66.9518 66.0541 66.3847 66.2069 66.0025
140.283 139.154 139.383 139.541 139.484 139.34 139.53 138.72 138.05 136.896 137.794 137.551 137.54 137.485 140.22 139.92 139.946 139.365 138.888 139.307 138.249 137.066 137.413 138.202 138.82 139.327 137.73
12.185 12.2478 11.7453 11.7674 11.7562 11.4727 11.5437 11.799 11.9424 12.575 12.3334 11.9399 10.845 9.99699 11.9526 11.9863 11.9415 12.2277 11.5206 10.956 12.0946 12.1075 12.1738 12.3159 12.1702 12.5896 12.085
5.73463 5.64593 5.57997 5.62038 5.59632 5.57675 5.6799 5.67239 5.65467 5.51795 5.66368 5.6219 5.64445 5.62147 5.78037 5.72364 5.67849 5.89171 5.80298 5.97388 5.97176 5.94992 5.77438 5.84262 5.74615 5.63217 5.85209
4.63771 4.41947 4.55223 4.55375 4.52536 4.58821 4.53016 4.42002 4.38258 4.33146 4.39378 4.46184 4.3286 4.38909 4.60036 4.59291 4.62082 4.55376 4.7112 4.54171 4.59616 4.68301 4.60702 4.73322 4.67967 4.89868 4.65168
4.66583 4.55278 4.54661 4.5505 4.56702 4.53311 4.57002 4.47203 4.41013 4.51142 4.51077 4.5544 4.51855 4.48468 4.67926 4.6799 4.67505 4.71426 4.6127 4.96698 4.62652 4.60938 4.63566 4.6274 4.67058 4.5713 4.58827
4.52408 4.50596 4.54031 4.52938 4.53318 4.48383 4.49552 4.49502 4.47848 4.48239 4.40085 4.48251 4.41954 4.43968 4.53781 4.56123 4.50573 4.45172 4.50628 4.44861 4.56772 4.57151 4.4781 4.56379 4.73016 4.09525 4.51356
4.07497 4.13055 4.12825 4.10924 4.0987 4.09963 4.11841 4.12519 4.20943 4.2304 4.12776 4.43399 4.20698 4.25861 4.10826 4.10985 4.18261 4.64922 4.65101 4.98025 4.59014 4.86162 4.62091 4.57205 4.66084 4.81403 4.63142
4.39092 4.3062 4.3265 4.31363 4.33886 4.3342 4.25995 4.32563 4.38964 4.30683 4.15506 4.20488 4.26512 4.19103 4.35844 4.33708 4.44367 4.41287 4.44287 4.42038 4.51615 4.51646 4.4171 4.50616 4.49225 4.28099 4.6569
8.03249 7.82616 7.79325 7.79388 7.80228 7.81864 7.81568 7.71089 7.81322 7.63377 7.42421 7.71501 7.55374 7.56116 7.91401 7.85391 7.93962 7.57802 8.41132 8.00424 7.80767 7.81148 8.07208 8.01501 7.8474 7.84677 7.987
146.869 145.433 145.479 145.524 145.153 143.724 144.251 144.891 144.829 144.236 143.611 145.278 143.906 144.428 146.533 146.523 146.418 146.898 146.586 144.363 146.115 146.153 145.522 147.533 145.579 147.249 145.148
91.754 91.9774 92.258 92.2445 92.1206 92.2445 92.318 91.9705 91.9595 91.9688 92.094 91.8241 91.9977 91.4732 91.6695 91.6491 91.7298 91.3704 91.7463 92.1552 91.6383 91.8597 91.5296 91.9129 91.3503 91.709 91.7239
153.716 153.953 153.163 153.339 153.637 153.746 153.736 153.268 153.115 154.132 153.969 154.367 153.846 154.552 153.651 153.543 153.735 153.282 153.882 152.613 154.609 154.31 153.181 153.381 154.009 152.117 153.784
75.4333 75.4695 75.4702 75.4416 75.4663 75.4968 75.4448 75.4831 75.6871 75.4844 75.5399 75.4606 75.8253 75.4069 75.3689 75.3718 75.4936 75.5075 75.7567 76.1944 75.706 75.7524 75.423 75.5951 75.7405 74.9959 75.6112
73.3457 74.0872 73.9669 73.9115 73.832 74.3622 73.8603 73.695 73.9643 73.5608 73.9502 73.7375 73.9432 73.6339 73.5706 73.5632 73.461 72.9606 73.4319 73.2775 73.6325 73.0839 73.7032 73.2997 72.9727 73.9657 73.0689
82.9365 83.1982 83.1299 83.1256 83.1457 83.1347 83.1367 83.1234 82.9121 83.0211 83.0846 83.0075 83.2127 83.075 83.0869 83.1229 83.0535 82.8202 82.8264 82.5648 82.7897 82.4746 82.8694 82.8271 82.7508 83.5302 82.6431
66.0187 65.9064 66.3423 66.3244 66.3366 66.5624 65.9988 66.2536 65.8023 65.8578 65.8827 65.8756 65.9029 66.1311 66.111 66.1108 66.077 65.8352 65.8688 67.4474 65.5765 65.3531 66.2139 65.8959 65.595 65.4934 65.4068
140.371 139.909 140.039 140.047 140.16 140.07 140.081 140.106 140.045 139.911 139.925 139.717 140.053 139.756 140.542 140.476 140.36 141.194 139.836 141.12 140.391 139.759 139.969 139.404 139.79 141.415 139.135
5.94254 5.89214 5.88585 5.87154 5.87364 5.86764 5.86916 5.87439 5.9587 5.96188 6.02603 5.90107 5.95983 5.66464 5.91131 5.91856 5.92044 6.39481 6.42337 6.51499 6.43818 6.34917 6.28113 6.39968 6.42341 6.5111 6.36745
7.34266 7.21531 7.16086 7.17903 7.37802 7.33854 7.35866 7.18102 7.2096 7.55328 7.52513 7.62635 7.46023 7.76886 7.34942 7.30493 7.37357 6.96361 7.01953 6.65281 7.15928 7.17467 6.61118 6.77465 7.03572 6.11896 6.93919
4.61807 4.39978 4.42654 4.41792 4.43409 4.40003 4.37755 4.26715 4.24012 4.25226 4.28647 4.34121 4.18452 4.37233 4.63373 4.62959 4.63448 4.76696 4.68345 4.58669 4.75123 4.66179 4.64838 4.73985 4.61767 4.66982 4.76123
4.68414 4.67337 4.67514 4.68216 4.664 4.74431 4.67385 4.61267 4.64158 4.63994 4.67985 4.64296 4.51196 4.53845 4.68609 4.69012 4.69362 4.90448 4.84808 4.84145 4.88031 4.85471 4.82024 4.8709 4.78582 4.77828 4.87842
4.46384 4.42148 4.42847 4.42595 4.42433 4.43542 4.41621 4.42903 4.45243 4.442 4.42043 4.42995 4.40747 4.35604 4.4631 4.46478 4.45952 4.53789 4.55596 4.64254 4.58687 4.57286 4.56793 4.56247 4.54528 4.47463 4.56763
4.30976 4.26645 4.27114 4.26649 4.27288 4.28903 4.27574 4.29002 4.25152 4.29906 4.29851 4.27647 4.22838 4.22807 4.29639 4.3007 4.29445 4.49998 4.50401 4.56469 4.54498 4.54833 4.62364 4.50192 4.49746 4.53102 4.51494
7.74145 7.85373 7.82914 7.83039 7.86373 7.91281 7.84382 7.79381 7.73076 7.85471 7.84777 7.80288 7.92077 7.85999 7.66341 7.61333 7.61153 7.90218 7.71308 8.25403 7.70888 7.74167 8.01402 7.58252 7.69781 8.17808 7.76287
91.765 91.9504 91.9875 92.1329 92.0738 91.8521 91.8472 91.8905 91.8981 91.8303 91.7341 91.7636 92.0293 91.5466 91.7812 91.6966 91.6168 91.5897 91.4133 91.6593 91.559 91.2192 91.7536 91.9785 91.4847 91.7834 91.6625
153.43 152.872 152.271 152.374 152.707 152.404 153.29 152.928 152.968 153.124 153.468 153.551 153.083 154.137 153.468 153.254 153.487 152.86 152.824 152.667 153.797 153.284 152.327 152.342 154.027 152.382 152.573
75.7295 75.4796 75.499 75.5386 75.5996 75.6245 75.7035 75.4739 75.6792 75.3581 75.4544 75.7327 75.2297 75.6273 75.6984 75.6891 75.7979 75.8129 75.6247 75.9289 76.0385 75.7652 75.5326 75.5357 75.6861 75.644 75.6233
73.8071 74.0524 73.6456 73.5982 73.6839 73.3831 73.6005 73.4776 73.1293 73.5751 74.3714 73.3533 74.0209 74.0832 73.7673 73.9225 73.7105 73.1864 74.1616 72.9419 73.5179 73.6302 73.658 73.4266 74.0418 73.297 73.5536
82.9072 82.8963 82.7277 82.7341 82.7826 82.9007 82.7323 82.6714 82.7273 82.6555 82.7919 82.9681 82.7333 82.8444 82.9836 82.9936 82.9509 82.7747 82.9238 82.5018 82.7468 83.0563 82.84 82.8227 83.0833 82.6095 82.9392
66.2985 66.1259 66.1593 66.1297 66.4308 66.2192 66.2115 66.0767 66.0072 66.651 66.3555 66.426 66.5085 66.4154 66.2411 66.2992 66.2526 65.9073 65.6795 65.5258 66.167 65.4999 65.8929 66.21 65.8549 65.7841 65.9049
140.476 140.072 139.785 139.563 139.828 139.758 139.869 139.28 139.581 140.183 140.5 140.355 140.24 140.523 140.494 140.352 140.41 139.919 139.897 139.196 141.029 139.9 139.573 139.603 139.656 139.498 139.567
5.86389 5.74508 5.7609 5.77781 5.74756 5.73309 5.77037 5.79036 5.79026 5.73024 5.86313 5.75235 5.84133 5.58018 5.85902 5.85491 5.85789 6.27517 6.31367 6.36256 6.19328 6.28571 6.29858 6.30655 6.37267 6.30963 6.28453
7.38009 7.15286 6.98857 7.04191 7.15627 7.03176 7.24685 7.13282 7.32412 7.03964 7.44764 7.44856 6.98497 7.87336 7.39306 7.33049 7.39237 6.74058 6.8982 6.67723 6.80156 6.92657 6.39921 6.50816 6.98117 6.62648 6.61596
4.604 4.31437 4.23371 4.22737 4.22326 4.37629 4.28707 4.26186 4.2062 4.48005 4.36811 4.192 4.20804 4.32983 4.60192 4.59808 4.58487 4.64012 4.67729 4.55959 4.66872 4.7045 4.66319 4.62424 4.68005 4.69652 4.67754
4.64681 4.61876 4.57324 4.57587 4.56801 4.54743 4.54032 4.55781 4.61644 4.57989 4.61261 4.57457 4.52374 4.56851 4.62813 4.63776 4.62018 4.7677 4.84064 4.75979 4.81346 4.81481 4.7771 4.7632 4.76328 4.80437 4.77315
4.4555 4.41216 4.40947 4.41462 4.4186 4.41908 4.43743 4.38046 4.41451 4.42679 4.46928 4.41455 4.4242 4.43339 4.45284 4.45014 4.44461 4.53561 4.55659 4.59674 4.56234 4.53952 4.54252 4.52647 4.56774 4.5314 4.5391
4.44129 4.38168 4.3779 4.3613 4.39659 4.37619 4.38982 4.24658 4.31579 4.28555 4.23322 4.42817 4.24645 4.34025 4.47555 4.4545 4.48148 4.66923 4.78482 4.68155 4.75184 4.85311 4.62199 4.41489 4.92578 4.80101 4.65064
4.28728 4.24736 4.25742 4.25927 4.23984 4.27103 4.23529 4.26546 4.26159 4.26996 4.27024 4.22756 4.22689 4.24518 4.28343 4.28534 4.28035 4.48581 4.49198 4.4927 4.4803 4.46889 4.46897 4.47147 4.49447 4.52191 4.4739
7.92846 7.81885 7.80238 7.77069 7.79045 7.75211 7.74221 7.65957 7.7089 7.82147 7.73436 7.89064 7.76492 7.74127 7.90494 7.87158 7.87096 7.69994 7.64045 7.56707 7.95908 7.59824 7.65853 7.61688 7.42762 7.90674 7.55295
91.6518 91.886 91.9623 91.8717 92.0946 91.8858 91.7558 91.6491 92.0136 91.7421 91.7113 91.4028 91.9119 91.6981 91.7149 91.6422 91.6415 91.6498 91.0406 91.5685 91.5467 91.667 91.9722 91.887 91.3205 91.8151 92.0658
153.592 153.101 152.525 152.701 152.519 152.784 152.919 152.912 152.989 154.095 154.402 154.278 153.785 154.326 153.541 153.643 153.592 152.781 153.992 152.922 152.52 153.05 152.359 152.314 152.804 152.587 152.572
75.7091 75.5016 75.5265 75.5521 75.4532 75.4643 75.5273 75.5301 75.4805 75.8561 75.8349 76.0708 75.5922 75.4788 75.77 75.8804 75.7396 75.4527 75.9349 75.8365 75.3829 75.4452 75.4685 75.6403 75.4966 75.4619 75.5005
73.7335 73.5162 73.2905 73.1626 73.113 73.3849 73.5579 73.4638 72.9686 72.8417 73.2945 73.9305 73.2659 73.9938 73.6774 73.3947 73.5477 73.0582 73.6684 73.1513 74.0652 73.4637 73.3827 73.3611 73.8052 73.2605 73.5156
82.7591 82.6059 82.5737 82.5514 82.6314 82.8269 82.479 82.5786 82.4578 82.741 82.6627 82.8561 82.4692 83.0311 82.771 82.7543 82.8272 82.7141 83.1377 82.8837 82.8774 82.83 82.6969 82.7651 83.0578 82.6353 82.7421
66.1399 66.0341 66.2092 66.2237 66.4257 66.1125 66.1797 66.262 65.7817 65.9783 65.9466 66.4322 66.2605 66.0408 66.1684 66.0362 65.8497 65.5528 66.1371 65.8582 66.4169 65.9454 66.0539 66.0245 66.6738 65.8509 66.1208
140.747 139.904 139.295 139.27 139.56 139.235 140.099 139.69 139.702 139.922 140.707 140.775 140.062 140.903 140.751 140.46 140.465 139.411 140.385 139.485 141.079 139.687 139.096 139.551 140.958 139.197 139.586
5.866 5.74686 5.80416 5.79329 5.76052 5.7725 5.72298 5.81023 5.77392 5.79191 5.89511 5.84425 5.79797 5.80237 5.8483 5.86057 5.8514 6.31464 6.29071 6.3213 6.10359 6.30378 6.31935 6.33994 5.91229 6.30001 6.31906
7.51314 7.36222 7.18052 7.22965 7.18164 7.25703 7.27374 7.33687 7.39953 7.95131 7.90772 7.68573 7.60527 7.67448 7.52964 7.58256 7.53387 6.78212 7.24623 6.78004 6.69765 6.84743 6.49427 6.46361 6.49991 6.68155 6.66443
4.57379 4.44141 4.41409 4.41767 4.27766 4.30079 4.39145 4.34417 4.38659 4.2667 4.28646 4.34171 4.42755 4.48568 4.56324 4.55022 4.58816 4.64737 4.59467 4.56122 4.5836 4.63653 4.67534 4.60616 4.58588 4.6921 4.63024
4.63443 4.58559 4.58348 4.56203 4.57879 4.55975 4.62352 4.59448 4.56033 4.59361 4.63475 4.60208 4.54789 4.65573 4.63455 4.61684 4.60305 4.74565 4.79718 4.72449 4.78794 4.77817 4.76979 4.76703 4.79593 4.76607 4.7796
4.45663 4.42262 4.42219 4.41938 4.41422 4.42353 4.40316 4.40176 4.4177 4.44301 4.4295 4.40588 4.40834 4.48791 4.45123 4.4489 4.44261 4.54486 4.53817 4.56243 4.55392 4.54127 4.54774 4.54669 4.55162 4.55717 4.55202
4.06637 4.36027 4.3117 4.30102 4.31589 4.40486 4.30341 4.2201 4.43358 4.41792 4.57721 4.30709 4.16441 4.49949 4.02942 4.11726 4.13565 4.71698 4.61041 4.6911 4.61884 4.46646 4.56882 4.61157 4.65286 4.5728 4.4523
4.30674 4.27587 4.27524 4.27165 4.26766 4.25872 4.27104 4.25781 4.30024 4.27059 4.2627 4.23001 4.2443 4.25967 4.29525 4.29123 4.27884 4.48718 4.45118 4.49283 4.4236 4.46658 4.48689 4.48633 4.43871 4.49449 4.49627
7.95379 7.74663 7.649 7.6162 7.6777 7.64495 7.85579 7.78053 7.79118 7.8911 7.9296 7.82254 7.68931 7.70953 7.9898 7.89074 7.99339 7.53539 7.73132 7.58422 7.95874 7.62166 7.52743 7.67228 7.97616 7.5552 7.60334
92.2901 92.2893 92.432 92.4665 92.3888 92.4916 92.1729 92.1759 92.747 92.0675 92.4758 91.319 91.8703 92.139 92.1961 92.2698 92.3372 92.38 91.5888 91.8166 92.3847 92.0563 92.4369 92.0493 92.2334 92.4549 92.4462
154.401 154.268 154.182 154.074 154.169 153.774 154.05 154.477 154.169 154.535 154.657 154.659 155.198 153.994 154.433 154.588 154.665 154.372 154.279 154.06 154.121 154.253 154.227 154 153.841 153.808 154.711
75.6049 75.4589 75.4094 75.396 75.4093 75.3619 75.7278 75.5896 75.4211 75.2862 75.6599 75.6844 75.5843 75.1672 75.7237 75.5719 75.5039 75.5552 76.4025 75.3984 75.4255 75.5838 75.5862 75.4302 75.6125 75.3956 76.1718
73.3801 73.2709 72.9375 72.7968 72.3829 72.9482 72.8019 72.4674 72.7548 73.535 72.9577 73.5642 73.553 73.9461 73.6192 73.8065 73.6772 72.8674 73.3097 73.4771 73.3086 73.5101 73.0159 73.4868 73.3431 73.1568 73.0917
82.5324 82.485 82.3055 82.3755 82.2405 82.3218 82.4653 82.3046 82.5684 82.6679 82.7306 83.0976 82.3106 82.5247 82.7261 82.8948 82.9735 82.6194 82.5493 82.7403 82.5271 82.8078 82.3796 82.5623 82.6091 82.4856 82.5631
65.8664 65.6289 65.6952 65.7961 65.9758 65.837 65.8634 65.5539 66.1653 66.0452 66.3486 65.5283 66.1026 66.6794 65.8581 65.7676 65.7459 65.9889 65.2382 65.3118 66.0366 65.8564 65.9349 66.4423 65.9501 66.0649 65.9059
140.388 139.955 139.686 139.591 139.813 139.677 140.362 139.751 139.348 140.905 140.018 140.94 140.712 140.991 140.476 140.564 140.086 139.701 140.317 139.461 139.566 140.084 139.486 139.186 139.808 139.404 140.415
5.85819 5.83758 5.81943 5.83506 5.82027 5.81319 5.89741 5.87855 5.84981 5.73053 5.75391 5.86555 5.85056 5.86118 5.86007 5.85344 5.84852 6.37985 6.38807 6.34515 6.38548 6.35283 6.35482 6.35052 6.37359 6.34411 6.37314
7.85864 7.87751 7.85811 7.83852 7.84951 7.74998 7.94233 7.94093 7.79569 7.91717 8.09609 8.03552 7.97968 7.74701 7.89844 7.92792 7.92925 7.29875 7.38304 7.33586 7.48538 7.25382 7.26318 7.37258 7.18743 7.24433 7.29749
4.53379 4.18009 4.1768 4.17765 4.1797 4.18262 4.1772 4.19008 4.25888 4.43603 4.34724 4.2637 4.60102 4.77212 4.53064 4.51071 4.53537 4.56755 4.70367 4.64459 4.64855 4.59567 4.65228 4.54229 4.58277 4.62156 4.56807
4.60965 4.60602 4.54399 4.53703 4.52444 4.56353 4.57893 4.5326 4.56718 4.51423 4.58253 4.64795 4.49444 4.66798 4.59171 4.56971 4.47811 4.68965 4.80379 4.75303 4.76086 4.78884 4.75403 4.73681 4.70258 4.76058 4.78677
4.49365 4.47036 4.47404 4.4833 4.484 4.46698 4.4377 4.4439 4.44015 4.43453 4.43342 4.44621 4.46317 4.46458 4.49344 4.48354 4.45165 4.59097 4.59484 4.60284 4.60222 4.58511 4.58927 4.59697 4.59827 4.5899 4.596
4.57561 4.60297 4.55424 4.54824 4.52125 4.466 4.5235 4.54742 4.49455 4.17108 4.26787 4.704 4.48209 4.47736 4.54638 4.61926 4.60521 4.81098 4.97173 4.85932 4.72397 4.65279 4.59516 4.79327 4.75037 4.57431 4.72152
4.31002 4.3009 4.31138 4.30095 4.31039 4.29792 4.28445 4.2924 4.32531 4.24381 4.23549 4.23582 4.2496 4.28549 4.28064 4.26101 4.20585 4.50503 4.46319 4.48614 4.52263 4.46595 4.49425 4.47814 4.49992 4.48995 4.43658
7.92866 7.89046 7.77008 7.79434 7.7382 7.82999 7.84138 7.77694 7.81634 7.96829 7.91062 8.00983 7.87103 8.16326 7.89924 7.93899 7.80429 7.78609 7.52629 7.4831 7.65308 7.78936 7.63496 7.59545 7.56327 7.66641 7.80207
92.6072 92.5608 93.0287 92.9984 93.0283 92.9767 92.6001 92.7531 92.9643 93.1618 93.1224 92.9715 92.973 93.023 92.7389 92.6381 92.6706 92.9094 92.8961 93.0239 93.2577 92.6926 93.2661 93.1665 93.3486 93.3167 92.6918
75.5256 75.3362 75.2402 75.3216 74.9511 75.0198 74.7162 74.7266 75.2913 74.7522 74.816 75.1723 75.6515 76.2998 76.3139 76.2306 76.0075 75.8171 76.2586 76.1806 76.3052 76.3111 75.4628 75.7212 75.6637 76.1878 75.275
71.2688 71.1796 71.1039 71.081 70.3314 70.1677 70.9596 71.155 71.0963 72.9593 71.5192 72.7694 73.1087 73.8483 73.064 72.344 73.1575 72.6383 73.0728 72.8251 72.3469 72.6984 72.2543 73.5847 72.2209 72.4652 71.8196
81.798 81.5795 81.3989 81.2616 80.8062 80.9146 80.8885 81.2058 81.6864 82.3629 82.4792 82.6681 82.8075 81.7854 82.9359 82.8311 83.5648 82.3429 82.3366 82.3681 82.3754 82.5468 81.8717 82.2247 82.3191 82.5912 81.6144
98.1856 97.9291 97.6412 97.6373 97.2281 97.5135 98.1096 97.7068 97.9047 98.3168 97.0596 98.4352 99.5974 99.3635 98.1114 97.9322 97.3529 97.4353 101.264 98.0698 97.8018 97.9168 98.0672 99.0788 98.2656 97.4728 99.5082
64.8246 64.9422 64.9683 64.9495 64.8916 64.7738 64.4851 64.4401 64.7955 65.4203 65.0281 65.0452 65.3298 65.3283 65.4435 65.0676 65.0456 64.9817 65.237 65.5387 65.7652 65.5256 64.9858 65.3977 65.0554 65.6204 65.7377
141.407 141.123 140.841 140.853 140.779 140.98 141.539 141.053 140.895 140.986 141.548 141.424 141.83 141.51 141.566 141.042 140.038 140.748 141.784 141.085 140.793 141.538 140.975 141.056 140.534 140.757 141.965
5.45468 5.4272 5.44624 5.44093 5.4403 5.44851 5.42666 5.47474 5.42492 5.61728 5.43487 5.3046 5.57949 5.62884 5.4989 5.53746 5.46062 5.58252 5.50428 5.54758 5.607 5.54989 5.5176 5.65812 5.60119 5.60101 4.76268
4.30721 4.28973 4.31372 4.31072 4.28154 4.30329 4.238 4.62127 4.64484 5.36471 4.59843 4.43715 4.38705 4.67301 4.3078 4.32797 4.3443 4.55524 4.32298 4.30702 4.31353 4.41789 4.49526 4.31767 4.57803 4.41998 4.56939
4.46004 4.47121 4.43957 4.46016 4.4575 4.48781 4.49478 4.44898 4.43538 4.42323 4.4235 4.43397 4.44074 4.50919 4.43471 4.38169 4.36281 4.46057 4.44049 4.43871 4.47828 4.45462 4.40511 4.38432 4.45203 4.45803 4.40832
4.39284 4.3623 4.34095 4.35313 4.37148 4.36707 4.332 4.31982 4.36684 4.3393 4.30407 4.29889 4.39151 4.34994 4.37331 4.36483 4.21863 4.42469 4.44818 4.40814 4.41791 4.3874 4.40763 4.38113 4.41876 4.39839 4.42425
5.58911 5.40139 5.34384 5.33321 5.33568 5.12908 5.41976 5.3867 5.51716 5.51859 5.4218 5.65859 5.70244 5.2721 5.61855 5.5105 5.28431 5.20617 5.83359 5.31462 5.25111 5.2423 5.38269 5.1563 5.15266 5.17932 5.65745
4.79145 4.48699 4.4316 4.46814 4.53771 4.52835 4.49602 4.58188 4.63033 4.47322 4.48443 4.50494 4.70931 4.43276 4.5442 4.55499 4.87638 4.79888 4.63491 4.39087 4.41402 4.72699 4.79035 4.37853 4.5585 4.32905 4.82411
4.46093 4.3748 4.38486 4.41402 4.4387 4.43639 4.42913 4.43538 4.35688 4.30092 4.25504 4.24543 4.29252 4.2335 4.21502 4.23049 4.72876 4.59994 4.61422 4.55185 4.62955 4.54823 4.6511 4.54852 4.57667 4.563 4.63269
7.54743 7.38947 7.35346 7.31535 7.33141 7.3083 7.38413 7.3325 7.44051 7.55935 7.5255 7.57457 7.52423 7.53093 7.63067 7.53288 7.42957 7.35129 7.67803 7.46023 7.36995 7.4048 7.43749 7.41277 7.39039 7.38298 7.42593
89.573 89.467 89.6413 89.6309 89.819 89.0378 89.3152 89.4773 89.6874 89.733 90.1873 90.46 92.0271 91.8969 90.975 91.0163 90.4778 92.6948 91.4475 91.0554 92.5498 91.8919 92.8295 92.5804 92.7915 92.8836 89.9833
75.3419 75.2042 75.1825 75.2601 74.9014 75.2351 75.7707 75.6688 75.2724 75.4569 75.3709 75.5969 75.8381 76.1665 76.2062 76.1395 75.9588 75.4985 75.9464 76.1285 75.6347 76.1295 75.7929 76.0091 75.5895 76.2015 75.293
73.8788 73.757 73.8953 73.7955 73.7656 74.2758 73.987 74.2452 74.1624 73.3635 72.8614 73.8065 72.9215 74.5484 74.3053 75.0435 75.5734 72.2969 73.8317 74.7094 73.81 72.3794 73.6226 71.4571 72.6844 74.0823 74.5991
82.3592 82.0148 82.2419 82.1252 82.2887 82.4653 82.1217 82.0206 82.2787 82.234 81.0374 82.5804 83.263 82.7286 83.5871 83.4311 83.5608 82.0649 83.1165 83.3469 82.6474 82.5726 81.7932 81.8099 81.9985 82.357 81.7518
64.7392 64.5347 64.5687 64.0574 64.6958 64.6621 64.0461 64.4988 63.4094 63.9592 62.8052 64.6038 66.9472 67.3529 66.6358 66.4882 66.5835 66.074 66.0074 66.1412 65.7886 66.298 65.949 66.0231 65.9972 66.1136 66.0499
136.3 137.452 136.98 136.962 136.925 137.039 137.224 137.863 137.572 137.965 138.637 138.91 137.375 140.207 138.11 136.623 138.042 137.648 138.095 137.589 137.891 137.784 136.624 137.115 136.203 136.627 137.849
5.82725 5.84712 5.85309 5.83478 5.83514 5.86415 5.86447 5.91016 5.83189 5.85556 5.85112 5.82481 5.76512 5.82032 5.76204 5.70997 5.76892 5.89265 5.90727 5.91865 5.85024 5.95246 5.92463 5.90034 5.93815 5.86732 6.12555
4.74834 4.54444 4.53439 4.50131 4.55966 4.61551 4.50614 4.43395 4.5118 4.44329 4.47956 4.57304 4.26858 4.32145 4.50346 4.51094 4.56618 4.82773 4.59309 4.67332 4.86541 4.65449 4.92297 4.52421 4.7381 4.60188 4.65503
4.88887 4.8109 4.79369 4.82378 4.80351 4.82111 4.74233 4.7236 4.76411 4.64504 4.71729 4.74541 4.55234 4.99319 4.59803 4.66146 4.76511 4.69291 4.62352 4.62833 4.73128 4.59801 4.76076 4.56738 4.60549 4.64206 4.72369
4.52504 4.47629 4.4595 4.46754 4.47479 4.49155 4.4352 4.4746 4.43773 4.44961 4.54783 4.43994 4.52023 4.47127 4.58932 4.55902 4.5662 4.57187 4.52296 4.50646 4.59645 4.57224 4.56049 4.56904 4.55108 4.61552 4.56853
4.98956 4.96443 4.95741 5.05819 4.9564 4.91906 5.16541 4.93546 5.23761 5.30837 5.75165 5.26035 4.3845 5.70402 4.60972 4.51786 4.56423 4.66422 4.90624 4.86577 5.33479 4.84385 4.91115 5.00482 4.75871 4.79258 4.7914
5.21357 5.09876 5.0297 5.22236 4.72027 4.90399 5.819 5.30794 6.37847 6.06936 7.0963 5.50559 4.30752 5.07553 4.41652 4.41692 4.36454 4.52688 4.36985 4.39098 4.63184 4.46659 4.58836 4.77456 4.41358 4.43964 4.5833
6.87047 6.97841 7.00078 7.02007 6.90697 6.93345 6.72633 6.90585 7.11052 7.21419 7.58234 7.55443 7.72602 7.84485 7.93145 7.70441 7.90555 7.84497 7.69876 7.81093 7.79287 7.23328 7.22129 7.83591 7.57785 7.46321 7.64998
91.7 92.2196 92.1143 92.2163 92.0901 92.0624 91.8806 91.7562 91.2121 91.7135 92.3485 92.3934 92.1372 91.8016 89.5479 89.2988 90.4429 92.8097 92.4982 93.0302 92.8282 92.6411 92.7596 92.8203 92.8808 92.1914 93.2138
75.0073 75.3112 75.2881 75.2938 74.8287 75.0837 75.3426 75.7444 75.4119 75.7203 75.5646 75.92 75.459 75.6101 75.7244 75.606 75.3851 74.9316 75.7971 75.1241 75.2125 74.9483 75.7279 74.4502 74.7555 75.5908 74.5368
72.4052 74.2947 74.0943 74.1213 73.3892 73.8656 74.1084 74.1026 72.4818 73.7984 73.3544 73.8399 73.7946 72.8484 76.3593 75.3091 75.2015 73.1653 72.7664 72.4623 72.5295 72.3159 73.3848 73.6123 73.3756 75.2743 73.1127
82.6811 83.2439 83.3704 83.3922 82.464 83.0263 83.6224 83.8064 83.401 83.245 82.9672 83.5956 83.4845 83.1876 84.2515 83.8219 84.0015 82.4968 82.8522 82.635 82.0419 82.7431 82.3414 83.2128 82.413 83.5581 82.5621
65.9695 66.5064 66.4847 66.4175 65.0725 65.7866 67.0148 67.1032 66.9034 67.021 66.6757 66.7465 67.5589 66.6741 67.3573 67.712 67.5283 66.2031 65.9265 66.1678 65.7189 66.3619 66.26 66.0215 65.9558 66.5266 67.0973
137.688 137.19 137.274 137.424 135.915 136.719 138.006 138.21 137.656 137.95 138.239 138.482 137.582 137.399 142.48 141.471 140.936 135.247 137.558 137.683 135.963 137.622 136.229 136.946 136.338 138.341 137.711
5.77641 5.6771 5.72383 5.69703 5.58118 5.60307 5.86757 5.82141 5.94982 5.78044 5.79096 5.79744 5.65239 5.66178 5.82594 5.84725 5.78563 5.64788 5.8999 5.92208 5.91817 5.8516 5.79528 5.54556 5.8638 5.85511 5.85157
4.39015 3.94771 4.11195 4.0622 4.20937 4.29388 4.38574 4.52452 4.54452 4.30978 4.40518 4.36132 4.34315 4.30774 4.68868 4.62669 4.69916 4.55069 4.59349 4.54664 4.50175 4.55473 4.61945 4.65596 4.45907 4.74894 4.56261
4.70585 4.59786 4.61692 4.60041 4.5592 4.5403 4.50864 4.48945 4.52301 4.55324 4.59254 4.56155 4.39736 4.42767 4.67888 4.64483 4.63525 4.54172 4.48581 4.50724 4.53362 4.55698 4.54037 4.55098 4.52825 4.52074 4.63787
4.56292 4.48564 4.4667 4.46393 4.4781 4.48904 4.42203 4.40769 4.44087 4.5091 4.54297 4.5065 4.49663 4.42979 4.60228 4.5797 4.56783 4.52109 4.55232 4.5497 4.55325 4.63464 4.54633 4.43407 4.52975 4.52905 4.5502
4.83423 4.65298 4.60273 4.60836 4.76186 4.76307 4.47911 4.45929 4.48463 4.52568 4.539 4.46711 4.52141 4.40298 4.32585 4.35552 4.43619 4.77916 4.88338 4.88474 5.04325 4.73261 4.89334 4.85653 4.84823 4.79043 4.91587
4.70519 4.63361 4.47392 4.46508 5.11798 5.18104 4.29763 4.18765 4.25017 4.41776 4.44168 4.36517 4.53719 4.36912 4.47228 4.25118 4.53528 4.42144 4.54506 4.52306 4.54007 4.63157 4.54243 4.58851 4.45767 4.48901 4.49243
6.75482 6.45942 6.42062 6.6407 6.28573 6.67448 7.97695 7.83334 7.68326 7.97951 7.34517 7.42746 8.06848 7.78618 8.28163 7.99985 8.16374 7.08633 7.70053 7.74263 7.33499 7.68996 7.28248 7.81241 7.51059 7.54312 7.65951
92.8058 93.3921 93.3943 93.4754 93.2723 93.6866 94.0832 93.6809 93.7759 94.0326 94.0866 93.4228 92.8406 92.599 92.6739 92.6302 92.5092 93.3551 93.326 93.6602 93.2403 93.269 93.2718 93.4556 93.7671 93.2019 93.512
75.3548 74.9636 75.121 75.1301 74.8599 74.6844 75.0346 75.2213 74.9032 75.4345 75.425 76.0363 75.1552 75.2615 75.0229 76.0349 76.052 74.9185 76.2237 75.5849 74.6322 74.9882 75.4598 75.3977 75.1974 75.8202 75.1747
72.6307 73.3271 73.3915 73.4983 73.8977 73.7593 72.6492 72.9134 74.1374 74.0458 72.3614 74.4302 73.3427 73.6145 72.5131 71.8675 72.3622 72.8279 71.6824 72.2991 73.0429 71.5705 72.7475 73.0545 72.4523 72.2449 72.8238
83.178 82.5983 82.9831 82.9855 83.6165 83.1358 82.7193 82.7111 83.0997 82.626 82.2024 82.5991 82.3608 82.4249 83.0864 82.4868 83.1095 83.3248 82.9185 82.9199 84.2638 82.4224 82.8505 83.296 83.9815 82.5375 82.9316
104.174 103.423 102.477 102.825 103.858 103.544 102.912 102.056 103.916 104.949 103.55 104.91 105.83 106.659 104.575 105.905 104.425 103.85 103.963 103.331 104.042 103.126 104.004 104.231 103.212 105.83 103.483
64.9012 64.3724 64.1097 64.1222 65.6922 65.7864 66.6728 66.2559 68.3835 67.0316 67.7226 66.8367 67.2148 65.6436 65.9587 64.6796 65.5888 64.7806 65.7943 64.9709 64.6882 65.4659 65.026 65.265 64.7824 65.3328 65.276
141.422 141.79 141.562 141.669 142.356 142.146 140.579 141.251 142.065 141.81 141.169 142.037 142.909 143.436 142.635 142.687 142.644 141.352 141.857 140.869 140.73 141.904 141.568 141.178 140.89 143.106 140.892
5.51257 5.49678 5.47372 5.44352 5.27407 5.27608 5.45696 5.35384 5.55912 5.49067 5.49537 5.45338 5.56358 5.64562 5.62902 5.63517 5.66027 5.61663 5.61587 5.52315 5.42098 5.50085 5.62941 5.61599 5.34243 5.34202 5.50545
4.44199 4.34855 4.22302 4.2281 4.3596 4.51118 4.36085 4.30849 4.51314 4.17461 4.4134 4.1706 4.0376 3.99352 4.47123 4.45576 4.42427 4.44558 4.21424 4.35544 4.40692 4.19884 4.39698 4.41006 4.33963 4.3794 4.38935
4.49849 4.4659 4.49067 4.48281 4.44573 4.43371 4.47491 4.47936 4.40492 4.42766 4.54887 4.44548 4.40054 4.31551 4.53277 4.48102 4.47051 4.55589 4.50755 4.53684 4.53798 4.61303 4.58289 4.56618 4.5351 4.56532 4.57613
4.45563 4.41354 4.43217 4.42318 4.30875 4.3158 4.3289 4.3186 4.12162 4.05568 4.06981 3.81445 4.83217 5.04859 4.45634 4.45978 4.45876 4.29339 4.46212 4.43018 4.19286 4.48581 4.46799 4.42704 4.3085 4.12242 4.42298
5.66293 5.72582 5.59266 5.64243 5.73373 5.72077 4.95048 4.86509 5.92554 6.09519 5.90601 6.01816 5.7564 5.89758 4.98548 5.74161 5.80343 5.1635 5.21061 5.07253 5.36068 5.72845 5.34063 5.24084 4.9674 5.64811 5.16743
4.55308 4.83871 4.77489 4.66909 3.23664 2.70401 2.13113 1.83482 4.45887 4.33563 4.34927 4.38577 4.06317 4.28425 4.43915 4.48447 4.41228 4.61037 4.52084 4.63213 5.22118 4.58403 4.69965 4.72643 4.22706 4.64325 4.62925
4.32257 4.60168 4.41397 4.40391 4.10046 4.06751 4.01554 3.67485 4.27541 4.37751 4.35854 4.38178 4.27715 4.34876 4.41927 4.38429 4.38957 4.32294 4.09848 4.38024 4.23164 4.49448 4.39203 4.36839 4.15412 4.39003 4.40903
7.69475 7.6799 7.70648 7.72652 7.77807 7.77561 7.57021 7.54902 7.68574 7.65983 7.58739 7.57584 7.66736 7.66829 7.68785 7.54279 7.72892 7.62367 7.57947 7.64292 7.54925 7.70883 7.65353 7.61939 7.61373 7.77748 7.63872
90.6734 90.0528 90.3042 90.2881 90.2557 91.1629 90.4567 90.0774 90.0437 90.7417 90.7731 90.7681 88.9688 91.1441 89.8842 92.0499 90.5535 92.1802 92.0777 92.2337 92.2493 89.9636 92.1149 92.1597 92.4155 92.6489 92.2019
76.3231 76.1517 76.1652 76.2028 76.248 76.038 75.1085 75.0961 75.9643 74.936 75.2336 74.9329 76.0012 76.5406 76.7202 76.817 76.9912 76.8062 76.529 76.6092 76.5053 76.1759 76.6994 76.6045 76.6943 76.8222 76.683
74.0243 73.9023 74.0046 73.8768 73.9525 73.7314 73.9293 74.6547 73.6554 74.2713 73.8912 74.348 73.6857 73.7688 73.211 72.6216 73.4873 70.4839 69.7858 70.1747 70.7378 73.5273 70.4039 70.2328 69.8487 71.102 70.3693
83.741 83.5431 83.5926 83.4886 83.6504 83.3862 83.6549 84.0292 83.5406 83.7091 83.5365 83.5495 83.2657 84.3808 84.1229 82.6754 83.7557 82.9547 81.8686 82.1013 82.3613 83.2398 82.349 82.2269 81.6936 82.033 82.0866
104.171 104.611 104.468 104.469 103.156 104.044 104.346 104.69 104.135 104.78 105.084 105.121 105.137 105.487 105.407 104.916 104.695 104.954 104.498 104.705 104.926 105.587 104.998 104.858 104.423 104.995 104.532
65.7192 66.1232 66.0688 66.0824 66.3343 66.1065 66.3614 66.2603 67 66.6709 66.7417 66.7925 66.804 64.4095 66.1617 65.4228 65.6395 65.2768 64.7145 65.2124 65.8139 66.3643 65.5435 65.5395 65.0678 65.6856 65.7823
143.097 142.712 142.753 142.74 142.683 142.569 142.352 143.142 143.547 143.373 143.075 143.29 143.677 142.858 143.868 144.145 143.716 142.843 142.352 141.916 142.094 142.912 142.154 142.073 142.134 142.879 142.042
5.91835 6.24292 6.20624 6.22391 6.09442 6.00329 6.18064 6.11164 6.11649 6.05629 6.11611 5.90312 6.59106 5.90386 6.09234 5.85807 5.95319 5.6791 5.65079 5.67374 5.6929 6.08043 5.70033 5.71904 5.75615 5.69902 5.70163
4.41446 4.31487 4.35291 4.34162 4.32485 4.33339 4.49119 4.51685 4.26996 4.47933 4.54384 4.51448 4.20217 4.17402 4.31404 4.35224 4.34469 4.26546 4.26284 4.2652 4.28065 4.53033 4.27693 4.27479 4.2351 4.28089 4.27624
4.3844 4.38831 4.38959 4.39587 4.3833 4.34325 4.38371 4.39737 4.36548 4.46327 4.39728 4.36848 4.24798 4.32763 4.32588 4.37779 4.35583 4.49432 4.46692 4.47737 4.4806 4.46956 4.49657 4.50046 4.45271 4.52463 4.50162
4.40862 4.39908 4.3907 4.40313 4.388 4.38419 4.37324 4.38064 4.36348 4.3251 4.34298 4.36243 4.37408 4.31489 4.41421 4.42889 4.39313 4.42187 4.37172 4.42354 4.43937 4.47983 4.44644 4.44859 4.43538 4.38756 4.45866
5.74946 5.60667 5.63288 5.62594 5.7195 5.59053 5.69348 5.74268 5.8058 5.85639 5.81227 5.80378 5.88948 5.70126 5.79881 6.02501 5.9042 5.68382 5.80496 5.58865 5.66916 5.59645 5.68333 5.63371 5.60677 5.70854 5.6541
4.30381 4.35158 4.34409 4.34311 4.36328 4.41314 4.32402 4.32034 4.38091 4.42989 4.40788 4.39192 4.55995 6.68663 4.36616 4.36558 4.27644 4.64721 4.41718 4.66954 4.78344 4.56907 4.73269 4.73107 4.60759 4.5169 4.76794
4.26345 4.25252 4.26598 4.25503 4.201 4.20127 4.18691 4.2385 4.19527 4.28409 4.24955 4.30296 4.23794 3.83241 4.13484 4.40041 4.23987 4.31534 4.32283 4.32048 4.3285 4.38997 4.34052 4.3504 4.30423 4.44133 4.35279
7.81509 7.75446 7.76505 7.76385 7.81686 7.77063 7.81128 7.82022 7.79848 7.8361 7.82632 7.82042 7.83052 7.7189 7.83619 8.05341 7.85661 7.90023 7.91453 7.86706 7.84721 7.63797 7.85816 7.86152 7.88402 7.97347 7.852
