13.1228 13.2597 13.0477 13.2056 12.4725 13.027 12.4525 12.4883 12.4952 12.7092 12.288 12.7169 13.1021 13.1728 11.0202 12.3301 12.4084 12.9723 11.3573 12.3333 12.4268 12.3619 12.2755 10.649 12.4557 12.4905 12.4002 12.4344 12.3642 11.5314
5.75673 5.74071 5.75377 5.7557 5.71357 5.75345 5.73513 5.7312 5.7251 5.72425 5.69202 5.71699 5.73954 5.75359 5.71703 5.72091 5.86554 5.74308 5.83311 5.8983 5.88808 5.89276 5.90155 5.91105 5.8564 5.85581 5.894 5.87625 5.88429 5.87918
4.61543 4.6114 4.63787 4.61134 4.49377 4.5912 4.55991 4.56826 4.58044 4.58371 4.53472 4.60397 4.67104 4.6296 4.52331 4.32684 4.6004 4.66237 4.63261 4.64442 4.73103 4.71081 4.75392 4.67957 4.58269 4.71468 4.7453 4.66394 4.65448 4.69838
4.61045 4.60538 4.61692 4.6044 4.51033 4.60878 4.51005 4.53378 4.53692 4.5385 4.48514 4.51059 4.64384 4.57271 4.45254 4.43745 4.61724 4.61434 4.58042 4.65223 4.65083 4.56925 4.65423 4.63724 4.60531 4.6227 4.63324 4.61777 4.63255 4.67601
4.53622 4.54036 4.50248 4.52953 4.45596 4.52106 4.46071 4.45974 4.46852 4.41698 4.44225 4.42799 4.54905 4.51069 4.48497 4.44623 4.51589 4.53244 4.53738 4.52445 4.51688 4.52693 4.53201 4.52239 4.53461 4.52876 4.53343 4.52343 4.52353 4.53022
7.96535 8.17436 8.01186 7.97604 7.82492 7.90129 7.82994 7.85082 7.83311 7.82578 7.82915 7.81719 8.19554 7.98023 7.96096 7.73069 7.96611 7.97141 7.90071 8.05891 8.02995 7.89464 8.08968 7.98421 7.87329 8.11363 8.0167 8.04763 8.06771 8.09059
13.0505 13.1003 13.1953 13.1493 12.4212 12.9835 12.6771 12.6246 12.5528 12.7625 12.5631 12.9115 13.1233 13.1648 12.3082 12.678 10.9881 13.2399 12.704 12.5182 11.1068 10.9351 12.573 12.6648 10.9219 11.0515 12.5502 10.9605 12.5466 12.698
5.74717 5.75277 5.80234 5.74568 5.76449 5.75323 5.75016 5.76264 5.76137 5.75931 5.73416 5.73438 5.79263 5.78192 5.7225 5.73242 5.92937 5.78381 5.9455 5.92828 5.89797 5.9045 5.92605 5.92398 5.93111 5.90759 5.92002 5.90137 5.91348 5.91994
4.65843 4.65973 4.69138 4.67464 4.34077 4.67821 4.38691 4.3682 4.35183 4.36614 4.34467 4.55939 4.67769 4.68309 4.34623 4.34517 4.61176 4.69006 4.73327 4.73564 4.64522 4.59442 4.66121 4.63628 4.7559 4.68545 4.7086 4.60215 4.72984 4.79177
4.64582 4.62957 4.63583 4.65336 4.57327 4.64475 4.57519 4.58611 4.55174 4.57664 4.57123 4.57669 4.64103 4.66253 4.57212 4.55798 4.60789 4.64497 4.64816 4.67799 4.66548 4.578 4.67831 4.65137 4.60322 4.61245 4.65135 4.59904 4.65299 4.71273
4.31451 4.31295 4.32439 4.32236 4.27944 4.32199 4.28399 4.27957 4.2822 4.24205 4.27422 4.28102 4.31666 4.3267 4.27491 4.34887 4.59326 4.31879 4.34809 4.50042 4.36632 4.38033 4.38216 4.39102 4.43323 4.36289 4.36375 4.37037 4.42207 4.46415
7.70255 7.66232 7.64905 7.6581 7.39517 7.62468 7.39517 7.41104 7.4111 7.40298 7.44363 7.41808 7.56624 7.63257 7.43411 7.46448 7.78624 7.52284 7.56058 7.6181 7.53965 7.53235 7.42447 7.54775 7.55745 7.56986 7.40339 7.54817 7.57575 7.45843
13.2609 13.3164 13.2324 13.3363 13.1234 13.3141 12.8655 12.8663 13.0375 12.7278 12.9242 13.1379 13.4004 13.3783 12.9913 13.1008 12.6937 13.3254 13.0774 12.7085 12.4729 12.4725 12.9667 12.8903 12.662 12.4307 12.9097 12.5593 12.9077 12.9702
5.72807 5.72755 5.73086 5.71571 5.68974 5.70726 5.70861 5.69821 5.69546 5.68268 5.66728 5.72267 5.70875 5.7197 5.66221 5.68281 5.66394 5.71379 5.80075 5.90293 5.85706 5.83841 5.88456 5.79687 5.84885 5.86164 5.85884 5.816 5.85683 5.87256
4.61785 4.60521 4.62213 4.59066 4.42697 4.60457 4.41939 4.42611 4.42164 4.42032 4.36311 4.32274 4.59144 4.60949 4.27723 4.26938 4.65857 4.59491 4.58759 4.59201 4.57707 4.57043 4.69258 4.57793 4.56252 4.58604 4.60335 4.55877 4.60439 4.6027
4.54073 4.55542 4.53026 4.53872 4.47976 4.53088 4.46519 4.47148 4.49325 4.49172 4.45811 4.49833 4.5459 4.55533 4.44518 4.47774 4.56389 4.51989 4.54262 4.57557 4.5006 4.48351 4.58742 4.53789 4.51756 4.54248 4.56724 4.45713 4.56939 4.5747
7.59294 7.55446 7.45389 7.47795 7.46199 7.50249 7.43955 7.45311 7.4779 7.47221 7.51793 7.3084 7.52795 7.52681 7.50554 7.33163 7.78704 7.41138 7.4948 7.43512 7.67743 7.7673 7.53245 7.55309 7.44687 7.625 7.4233 7.70111 7.40631 7.30357
5.6427 5.63633 5.649 5.62479 5.64644 5.62711 5.6342 5.6402 5.61885 5.61657 5.63095 5.63496 5.64437 5.65382 5.59259 5.53319 5.58619 5.62857 5.58967 5.58574 5.57424 5.56836 5.59569 5.56791 5.57294 5.5805 5.58647 5.58359 5.59437 5.58797
4.44656 4.44814 4.4784 4.47278 4.57836 4.46867 4.57843 4.3646 4.38233 4.33581 4.32919 4.33701 4.45472 4.4642 4.46583 4.57459 4.31809 4.4688 4.52518 4.45691 4.4711 4.52074 4.5101 4.39738 4.45523 4.51884 4.5143 4.49212 4.51848 4.49466
14.289 14.2158 14.1657 14.1795 13.9854 14.2275 13.8329 13.7026 13.7787 13.7686 13.7444 13.7576 14.0802 14.3211 13.4417 12.9501 13.5153 14.1673 13.5899 13.4958 13.5563 13.5327 13.6185 13.5562 13.4864 13.5405 13.4747 13.5133 13.4075 13.6021
4.56338 4.55845 4.56031 4.56604 4.52294 4.56702 4.53553 4.54638 4.57036 4.56901 4.5224 4.55395 4.54886 4.55505 4.51272 4.48667 4.67873 4.55193 4.68934 4.6465 4.65101 4.66896 4.69619 4.63907 4.657 4.67098 4.66937 4.66186 4.67162 4.67745
5.23485 5.21575 5.22312 5.21644 5.24072 5.22336 5.19808 5.19406 5.14161 5.19668 5.29867 5.13199 5.21615 5.21474 5.32253 5.38514 5.09096 5.21432 5.02272 5.06939 5.14701 5.09252 5.04135 5.0671 5.05996 5.01051 5.03914 5.0555 5.0767 5.11029
7.74683 7.73039 7.71381 7.73015 7.67475 7.73729 7.66721 7.66657 7.68266 7.69129 7.70584 7.68369 7.72406 7.71712 7.77408 7.6764 7.68775 7.71974 7.68116 7.56423 7.72662 7.69105 7.66915 7.64328 7.67547 7.6603 7.68439 7.6889 7.68217 7.69922
11.3095 11.1339 11.199 11.2493 11.4743 11.2128 11.4533 11.598 11.399 11.3747 11.5865 11.3597 11.1636 11.1645 11.3298 11.0515 11.3152 11.2676 11.2944 11.1728 11.3141 11.3698 11.2783 11.1596 11.3093 11.356 11.135 11.1972 11.3042 11.3179
5.70949 5.6886 5.68558 5.70025 5.62227 5.692 5.63981 5.62639 5.61123 5.62821 5.62838 5.6186 5.67961 5.692 5.63043 5.66176 5.79685 5.68383 5.79143 5.82597 5.8215 5.79003 5.78628 5.83122 5.80153 5.82021 5.79014 5.80401 5.78402 5.79669
4.60005 4.61986 4.58896 4.66202 4.3106 4.67125 4.48345 4.46275 4.48282 4.43235 4.4679 4.42792 4.6136 4.60709 4.29143 4.25546 4.58387 4.65839 4.63556 4.62267 4.66342 4.6384 4.63875 4.70035 4.63133 4.56069 4.66208 4.65566 4.62857 4.63077
4.55962 4.5572 4.57012 4.55148 4.50235 4.555 4.55079 4.5328 4.55957 4.50959 4.50087 4.55277 4.54797 4.55929 4.54409 4.46272 4.5662 4.55063 4.58409 4.58681 4.67636 4.59441 4.6175 4.655 4.59545 4.59921 4.59041 4.60082 4.59705 4.59952
7.86204 7.80907 7.80311 7.73826 7.67133 7.74403 7.6523 7.67794 7.70289 7.68111 7.62312 7.76311 7.80705 7.82866 7.74137 7.66036 7.8858 7.73961 7.74781 7.58418 7.81676 7.73878 7.76914 7.88117 7.80192 7.74777 7.72314 7.71066 7.72546 7.71414
5.94848 5.96107 5.95417 5.96541 5.81108 5.9568 5.88424 5.85372 5.85683 5.86072 5.87648 5.90873 5.96486 5.97271 5.84283 5.80335 6.33796 5.96433 6.34506 6.36745 6.35769 6.33439 6.32078 6.39632 6.36206 6.35878 6.35215 6.35533 6.35256 6.33191
7.09461 7.13007 7.13883 7.10466 7.10797 6.93728 7.16003 7.09352 7.13074 7.21665 7.33121 7.40683 7.14469 7.06674 6.98341 6.99403 6.99357 7.02056 6.64293 6.69015 6.67096 6.80961 6.78007 6.74063 6.81521 6.65903 6.62812 6.81727 6.80966 6.74042
4.5351 4.5194 4.51807 4.54519 4.473 4.55824 4.2473 4.24907 4.27717 4.23573 4.21432 4.22422 4.51757 4.55032 4.26097 4.31444 4.60773 4.54668 4.71389 4.63838 4.68871 4.70879 4.70294 4.63848 4.65125 4.64798 4.67887 4.6664 4.64063 4.70683
4.66032 4.64598 4.6429 4.6735 4.60823 4.64537 4.61111 4.6155 4.6025 4.58293 4.59153 4.5789 4.65534 4.66822 4.63206 4.61979 4.80633 4.66912 4.84252 4.80806 4.82915 4.85532 4.84583 4.86152 4.81697 4.80798 4.81417 4.83882 4.86628 4.84009
4.45031 4.44618 4.44938 4.45034 4.4183 4.44707 4.4261 4.43108 4.43719 4.4258 4.43051 4.4199 4.44701 4.4499 4.40587 4.38146 4.55357 4.44892 4.55395 4.54468 4.55565 4.56404 4.55338 4.54479 4.55379 4.54722 4.5284 4.55813 4.55538 4.55113
7.97676 7.88738 7.93555 7.91317 7.84369 7.86155 7.86624 7.84988 7.82826 7.76742 7.88299 7.86974 7.90267 7.91896 7.83538 7.9235 7.7939 7.88127 7.66521 7.65145 7.66473 7.67587 7.67258 7.57104 7.62943 7.87357 7.64385 7.67235 7.71306 7.70874
5.83795 5.83084 5.82641 5.81493 5.77435 5.81211 5.74227 5.73985 5.7253 5.73957 5.71666 5.68208 5.82457 5.83747 5.79434 5.74755 6.27623 5.84828 6.28773 6.29018 6.28811 6.27225 6.2682 6.33517 6.28588 6.29783 6.258 6.27614 6.27397 6.27797
7.41696 7.39445 7.43374 7.33987 7.35854 7.33217 7.14007 7.15014 7.24335 6.79586 6.96515 6.9427 7.40515 7.43483 7.07694 7.21166 6.8061 7.42053 6.62391 6.62872 6.69273 6.65412 6.76614 7.23061 6.7211 6.5004 6.44949 6.57151 6.52787 6.69493
4.51007 4.52303 4.52576 4.54222 4.26855 4.54235 4.23646 4.24851 4.25021 4.43322 4.52198 4.439 4.52826 4.51745 4.33917 4.30629 4.73243 4.52143 4.7458 4.67847 4.69802 4.72358 4.70145 4.66277 4.67558 4.63615 4.66932 4.62311 4.62167 4.70714
4.62263 4.62261 4.62871 4.63886 4.56375 4.6219 4.53284 4.54149 4.55086 4.53333 4.56076 4.5372 4.62331 4.62285 4.5671 4.5751 4.81148 4.64217 4.76024 4.75556 4.77237 4.787 4.79099 4.74492 4.78433 4.74558 4.78119 4.78949 4.77586 4.76463
4.48351 4.51641 4.51979 4.46601 4.30151 4.46801 4.26652 4.25453 4.27189 4.21345 4.25833 4.16394 4.49454 4.47986 4.28893 4.35002 4.86012 4.45527 4.55963 4.70259 4.56071 4.41601 4.50607 4.60578 4.72046 4.70646 4.72822 4.6653 4.73351 4.48821
4.29026 4.28781 4.3034 4.29533 4.2472 4.28819 4.25197 4.25041 4.2417 4.25226 4.26247 4.23843 4.28951 4.29165 4.27852 4.26403 4.51961 4.2893 4.48848 4.46714 4.47631 4.49308 4.45376 4.4905 4.46806 4.46331 4.48772 4.4769 4.45684 4.45777
7.74167 7.66973 7.71652 7.71743 7.71475 7.72111 7.61456 7.61838 7.6703 7.62642 7.73752 7.76342 7.66509 7.71406 7.7011 7.66143 7.62037 7.72204 7.55522 7.51371 7.57265 7.65158 7.61012 7.65649 7.55678 7.47802 7.86885 7.75039 7.81814 7.61377
5.82542 5.8395 5.84024 5.83847 5.75909 5.84263 5.79172 5.79557 5.80276 5.82255 5.83305 5.79515 5.84606 5.84427 5.79543 5.89097 6.28701 5.83038 6.28584 6.30697 6.30825 6.27269 6.28246 6.22829 6.2658 6.33364 6.305 6.34633 6.31845 6.29126
7.60297 7.62523 7.64976 7.40487 7.6197 7.59322 7.55094 7.51122 7.54939 7.6191 8.00363 7.91776 7.5763 7.59482 7.74794 7.71094 7.12166 7.48005 7.13719 7.10366 7.00983 7.17101 7.18753 7.38085 7.11872 7.31077 7.18494 7.26822 7.26613 6.98379
4.51463 4.50749 4.50928 4.55291 4.32278 4.5458 4.32841 4.34025 4.32094 4.34827 4.32538 4.31965 4.5387 4.54182 4.35252 4.34235 4.61871 4.55236 4.62811 4.63211 4.60747 4.60966 4.62249 4.59905 4.6198 4.62051 4.58835 4.6231 4.58976 4.63661
4.51908 4.4988 4.55078 4.56211 4.50325 4.55513 4.49861 4.49091 4.51689 4.49501 4.5664 4.50521 4.55222 4.56193 4.53322 4.53893 4.71391 4.54468 4.67099 4.67116 4.6968 4.66847 4.70485 4.68031 4.66667 4.64473 4.69464 4.71077 4.67001 4.6713
4.51002 4.50648 4.52693 4.51238 4.48216 4.50946 4.48293 4.47578 4.46993 4.45575 4.4735 4.49398 4.51146 4.51731 4.51271 4.48124 4.60233 4.51436 4.5868 4.58398 4.60293 4.57024 4.5976 4.59702 4.62166 4.5844 4.6052 4.61921 4.60628 4.56482
7.79014 7.74926 7.77022 7.73531 7.77551 7.67998 7.73751 7.70857 7.76316 7.72103 7.80037 7.67872 7.72623 7.75827 7.74209 7.7756 7.69244 7.91105 7.62169 7.58459 7.64175 7.6737 7.65101 8.20712 7.65452 7.65883 7.44279 7.6844 7.55644 7.65218
5.48114 5.46273 5.48608 5.4706 5.50221 5.44971 5.51317 5.51917 5.51514 5.50686 5.51011 5.52148 5.46383 5.48796 5.54511 5.52247 5.50564 5.48176 5.499 5.50371 5.52606 5.4998 5.49631 5.5608 5.51777 5.51415 5.48356 5.49992 5.43274 5.46662
4.40917 4.518 4.46812 4.38118 4.37937 4.38538 4.36529 4.36944 4.3731 4.37546 4.38259 4.36791 4.3898 4.39177 4.4276 4.42602 4.31363 4.4551 4.51405 4.55015 4.37861 4.53479 4.46864 4.5867 4.53036 4.55217 4.32967 4.28955 4.39174 4.31266
4.4457 4.45533 4.52738 4.51629 4.44462 4.53133 4.43025 4.43715 4.45385 4.4183 4.47629 4.45294 4.48149 4.54637 4.45512 4.46047 4.63006 4.48486 4.71992 4.61271 4.59544 4.58996 4.60995 4.62441 4.61429 4.58521 4.59181 4.57119 4.58699 4.59903
4.42932 4.43034 4.43722 4.4162 4.41687 4.41918 4.41055 4.42586 4.43769 4.43372 4.42048 4.4486 4.41286 4.4255 4.39986 4.43264 4.43959 4.39671 4.44084 4.4456 4.42997 4.44955 4.45045 4.47221 4.46828 4.44189 4.43687 4.45533 4.47377 4.43255
5.15616 5.10395 5.25254 5.2256 5.13932 5.1965 5.07028 5.09341 5.06404 5.30041 5.41545 5.34867 5.21371 5.13691 5.49047 5.56052 5.26531 5.20657 4.98938 5.11065 5.1619 5.09718 5.13505 5.15829 5.12493 4.98531 5.1279 5.18269 5.34682 4.91456
7.47717 7.41882 7.51631 7.53997 7.47553 7.50642 7.48789 7.48997 7.48135 7.54503 7.66355 7.6306 7.52426 7.49722 7.67526 7.6873 7.56564 7.5742 7.28268 7.46899 7.59501 7.42728 7.54557 7.53132 7.54376 7.46676 7.47958 7.6195 7.58164 7.45946
5.68086 5.65442 5.89969 6.01885 5.74119 6.00727 5.79843 5.80851 5.81191 5.76408 5.67623 5.7503 5.99443 5.95297 5.50777 5.68202 5.81422 5.95653 6.12016 5.76368 5.76265 5.79737 5.89411 5.80267 5.82832 5.72086 5.85969 5.89125 5.90127 5.78176
4.55639 4.45784 4.59987 4.56156 4.34547 4.52581 4.2946 4.28284 4.29786 4.33134 4.32939 4.22452 4.54979 4.58229 4.35397 4.3594 4.58822 4.49489 4.65615 4.45803 4.52802 4.27431 4.58638 4.54279 4.6619 4.48684 4.59723 4.56736 4.66676 4.49074
4.7177 4.69584 4.71434 4.68125 4.72182 4.66567 4.69639 4.69651 4.70916 4.75169 4.6461 4.64509 4.69348 4.64891 4.60733 4.61936 4.58116 4.68261 4.61871 4.60649 4.57838 4.70095 4.65624 4.62768 4.63329 4.6325 4.54443 4.60181 4.63154 4.65333
4.47962 4.38419 4.30302 4.35728 4.55804 4.3312 4.46872 4.50203 4.52718 4.52192 4.56043 4.53608 4.32614 4.38518 4.47039 4.42156 4.44541 4.32006 4.37316 4.39051 4.405 4.40017 4.35742 4.51535 4.38734 4.41664 4.35158 4.48956 4.36366 4.34183
7.97331 7.81806 7.81135 7.39511 8.08358 7.35869 8.21908 8.19623 8.13396 8.17646 7.91182 8.08923 7.24838 7.43931 7.51898 7.50805 7.85846 7.52884 7.61112 7.75985 7.77386 7.7745 7.82306 7.92504 7.81459 7.75615 7.85895 7.96256 7.5916 7.85754
11.8951 12.1104 11.6628 11.973 11.3488 12.2477 11.6472 11.559 11.6825 11.6075 11.2904 11.456 12.0553 12.1296 11.8018 11.286 12.0421 12.121 11.8687 12.2041 11.8171 12.2645 11.37 11.9546 11.3515 11.4171 11.8031 11.8804 11.4197 12.6312
5.60128 5.57755 5.60948 5.56562 5.58226 5.58548 5.54396 5.54475 5.55543 5.53691 5.55625 5.55588 5.58984 5.68606 5.50436 5.56663 5.85723 5.58631 5.66656 5.82756 5.77816 5.29298 4.91679 5.73685 5.76453 5.69401 5.8135 4.60435 5.7939 5.85024
4.57589 4.56613 4.61678 4.63529 4.51856 4.58198 4.47468 4.47385 4.47221 4.52157 4.48504 4.54587 4.60139 4.69866 4.35197 4.5497 4.45363 4.63674 4.67032 4.48224 4.63349 4.62165 4.72119 4.68703 4.65716 4.65583 4.61595 4.73493 4.63523 5.03445
7.82579 7.99325 7.914 7.95033 7.36703 8.07424 7.3127 7.34445 7.37483 7.41528 7.12421 7.14541 7.97785 7.85405 7.45539 7.21068 7.73597 7.78159 7.82881 7.71326 7.52281 7.13568 7.876 7.47838 7.43492 7.69221 7.78329 7.91091 7.36078 7.92725
5.96474 5.97367 5.97401 5.95727 5.88935 5.97781 5.92863 5.91359 5.90695 5.92746 5.92646 5.90118 5.98116 5.9761 5.84052 5.94773 6.39668 5.97978 6.42952 6.40481 6.40834 6.4337 6.46089 6.42038 6.42399 6.40831 6.42235 6.36985 6.43577 6.37436
7.58377 7.53074 7.59354 7.63594 7.54151 7.61595 7.51778 7.49405 7.51219 7.4919 7.52727 7.60339 7.61027 7.40412 7.57772 7.49333 7.06635 7.33357 7.17806 7.23971 7.06878 7.16223 7.16397 6.99037 7.05748 7.00887 7.18144 7.03339 7.04103 7.216
4.53634 4.58564 4.58366 4.53262 4.57115 4.57337 4.48942 4.48398 4.5092 4.50445 4.49869 4.50986 4.59349 4.62749 4.29667 4.24338 4.72776 4.59619 4.7696 4.70184 4.72737 4.81416 4.60786 4.74143 4.73827 4.73796 4.72094 4.80397 4.73701 4.63964
4.4789 4.46057 4.49285 4.49604 4.41693 4.47906 4.437 4.44218 4.43817 4.41805 4.39603 4.41904 4.45759 4.46666 4.52435 4.39544 4.63313 4.47145 4.66494 4.7222 4.59164 4.25979 4.61628 4.59732 4.65576 4.70674 4.63747 7.56147 4.66848 4.42187
4.30625 4.29083 4.29576 4.30232 4.29394 4.30459 4.29194 4.28115 4.28735 4.28398 4.28715 4.29735 4.29798 4.28308 4.27488 4.26983 4.46135 4.29189 4.49317 4.53464 4.47836 4.50484 4.47613 4.4983 4.50608 4.49136 4.49432 4.5024 4.49349 4.46401
7.89676 7.86961 7.7843 7.79182 7.82076 7.88719 7.76316 7.79439 7.81641 7.77212 7.67722 7.6767 7.85488 7.81743 7.77949 7.71885 7.8982 7.93725 7.73516 7.90293 7.69299 7.5885 7.62706 7.69612 7.64575 7.60889 7.63419 7.82286 7.66478 8.2272
12.5717 12.5932 12.5118 12.6738 12.5562 12.7662 12.4694 12.5997 12.6279 12.4291 12.6216 12.5756 12.774 12.4298 12.4434 12.3215 12.4106 12.6383 12.5673 12.8783 12.3891 12.3255 12.2879 12.4666 12.3891 12.4218 12.3981 12.34 12.3882 12.3428
5.53661 5.56239 5.55497 5.52467 5.61595 5.54083 5.5701 5.57787 5.55314 5.59099 5.61683 5.57984 5.55444 5.58936 5.56392 5.59679 5.81928 5.56519 5.60031 5.59603 5.8102 5.63869 5.81342 5.79672 5.80802 5.80247 5.81043 5.77286 5.80523 5.84601
4.64266 4.64 4.63397 4.63811 4.30121 4.64026 4.33039 4.34122 4.3487 4.35007 4.34202 4.34467 4.64993 4.66288 4.43169 4.46061 4.66565 4.65169 4.58145 4.41393 4.67123 4.62588 4.60698 4.59728 4.68452 4.688 4.67244 4.5002 4.68277 4.64486
4.53413 4.53685 4.53986 4.51252 4.51611 4.51818 4.44104 4.45026 4.44871 4.42909 4.44406 4.4806 4.4854 4.5234 4.41337 4.39745 4.55034 4.5249 4.60734 4.19721 4.55042 4.56578 4.57952 4.5451 4.54401 4.56443 4.53295 4.60077 4.54238 4.57126
4.32036 4.31537 4.32279 4.32312 4.26486 4.3285 4.26246 4.2919 4.2705 4.29525 4.26422 4.25882 4.31626 4.33366 4.23854 4.23674 4.33618 4.34061 4.34577 4.46855 4.34771 4.38973 4.54326 4.34721 4.35343 4.34733 4.33714 4.35923 4.34592 4.44482
7.42129 7.39347 7.40966 7.39614 7.26227 7.49632 7.33881 7.35277 7.31323 7.35755 7.30345 7.30532 7.43222 7.4137 7.25808 7.3034 7.36429 7.53447 7.69192 7.6486 7.32396 7.5834 7.70341 7.30714 7.30175 7.29028 7.22869 7.2507 7.27513 7.38425
12.742 12.7817 12.7785 12.709 12.2806 12.7597 12.1227 12.221 12.2665 12.2181 12.1213 12.4267 12.8821 12.7464 12.5513 12.2929 12.2946 12.8057 12.471 12.8731 12.3206 12.1859 12.32 12.2943 12.3214 12.2721 12.3978 12.216 12.3238 12.7643
5.71034 5.70646 5.70076 5.70655 5.61178 5.7116 5.63789 5.64157 5.62906 5.62449 5.64557 5.62928 5.70315 5.70116 5.6175 5.6375 5.82805 5.70893 5.78872 5.97631 5.81336 5.82367 5.80104 5.82388 5.81795 5.81969 5.81962 5.86221 5.83872 5.87525
4.65981 4.66018 4.66292 4.67781 4.57745 4.66556 4.30834 4.30086 4.30414 4.29379 4.29762 4.28565 4.69123 4.66256 4.34168 4.32978 4.63549 4.67229 4.52524 4.5883 4.62239 4.6742 4.64901 4.67122 4.63773 4.65402 4.5686 4.59101 4.58876 4.65025
4.6056 4.60429 4.60555 4.62468 4.58951 4.60905 4.56977 4.55985 4.56299 4.58413 4.51846 4.55068 4.64056 4.62188 4.52452 4.50301 4.59329 4.63517 4.60489 4.92876 4.58798 4.64378 4.57973 4.66343 4.65439 4.635 4.66286 4.81538 4.6293 4.64508
4.28053 4.28225 4.28359 4.29547 4.25538 4.28359 4.27946 4.2735 4.26658 4.27825 4.24909 4.26994 4.28814 4.28551 4.241 4.28051 4.36957 4.31177 4.34557 5.30413 4.37069 4.36653 4.54956 4.44701 4.38932 4.36869 4.38791 4.11807 4.38652 4.36475
7.25733 7.25046 7.22776 7.3178 7.33522 7.34579 7.32017 7.27359 7.30275 7.3049 7.39373 7.30574 7.37974 7.18077 7.37216 7.38448 7.41083 7.42032 7.43589 7.89246 7.38366 7.48216 7.68574 7.57523 7.42566 7.38291 7.43978 7.32703 7.40455 7.39153
6.12302 6.14656 6.12697 6.14237 5.90288 6.13061 5.90141 5.90427 5.91685 5.89198 5.93629 5.87484 6.15047 6.12262 5.87411 5.85882 6.45917 6.10869 6.38697 6.41946 6.42437 6.43055 6.42043 6.44267 6.42869 6.43371 6.46174 6.47024 6.43519 6.4503
7.85394 7.84895 7.85991 7.84307 7.9383 7.81359 7.82717 7.84861 7.85985 7.83499 7.8281 7.85469 7.84661 7.78286 8.06791 8.08476 7.35359 7.80624 7.33519 7.51274 7.37834 7.18984 7.35156 7.3782 7.33437 7.29892 7.37375 7.30622 7.35675 7.49454
4.47537 4.48169 4.48002 4.48131 4.47486 4.47089 4.46363 4.45002 4.40404 4.54932 4.60322 4.58384 4.4849 4.47032 4.39215 4.45173 4.62519 4.47576 4.68136 4.71358 4.61648 4.66403 4.67746 4.65218 4.62478 4.6752 4.56304 4.61628 4.5952 4.4947
4.61438 4.65041 4.6442 4.65863 4.6326 4.63834 4.60624 4.61249 4.61504 4.62384 4.65781 4.63764 4.65482 4.57968 4.63234 4.61995 4.80821 4.54814 4.87354 5.02967 4.82937 4.8077 4.84931 4.80154 4.85322 4.8433 4.79509 4.92255 4.80527 4.6868
7.78831 7.84889 7.68318 7.78672 7.72936 7.83229 7.80253 7.82215 7.81767 7.80846 7.83494 7.93173 7.74963 7.62814 7.97921 7.85353 7.76865 7.68707 7.86164 7.97247 7.77326 7.67714 7.68239 7.73118 7.76071 7.76061 7.70082 7.87523 7.85901 7.91552
5.41378 5.43129 5.41884 5.42287 5.36734 5.41745 5.41307 5.40567 5.41608 5.03052 4.89156 5.14572 5.43084 5.47252 5.05446 5.2705 5.53737 5.4671 5.53184 5.53159 5.50523 5.54358 5.50899 5.53634 5.51881 5.48436 5.50392 5.52023 5.55815 5.65995
4.42489 4.42407 4.42076 4.43414 4.15166 4.41405 4.16931 4.16444 4.16032 4.15566 4.13763 4.17306 4.41507 4.42788 4.14114 4.18033 4.36579 4.41609 4.31045 4.37704 4.35122 4.4189 4.36442 4.43685 4.39741 4.3857 4.39043 4.49602 4.45105 4.64455
4.38467 4.38497 4.37744 4.38584 4.34177 4.37883 4.35762 4.34874 4.34323 4.33885 4.31934 4.33833 4.39609 4.39326 4.33089 4.37007 4.36383 4.39331 4.34633 4.41286 4.38006 4.34387 4.37038 4.36281 4.38404 4.32496 4.39262 4.37932 4.37501 4.29798
4.4126 4.42242 4.42763 4.43241 4.32414 4.41037 4.33788 4.33405 4.34008 4.36391 4.36737 4.38448 4.419 4.39277 4.34799 4.33327 4.41551 4.38708 4.40141 4.41275 4.42097 4.38168 4.40378 4.39891 4.42138 4.41595 4.40388 4.40238 4.40209 4.41242
5.13361 5.16896 5.20658 5.08617 5.56601 5.14541 5.43663 5.46267 5.43179 5.55796 5.57226 5.55771 5.12918 4.871 5.65428 5.54077 5.12915 4.89729 4.97039 5.9623 5.05857 5.14514 5.01913 5.18766 5.07725 5.228 4.69446 5.29739 5.09509 5.68685
4.66059 4.63954 4.661 4.63571 4.67608 4.65243 4.62815 4.63918 4.67007 4.63596 4.61792 4.65149 4.6484 4.66351 4.74342 4.54334 4.49621 4.66034 4.32799 4.48639 4.50546 4.64476 4.59705 4.34238 4.78587 4.68176 4.73745 4.74648 4.48613 4.65859
4.21358 4.22165 4.23842 4.22237 4.26028 4.21585 4.22636 4.26088 4.24273 4.15237 4.1349 4.17988 4.22512 4.21723 4.19413 4.14679 4.56659 4.22085 4.51572 4.53423 4.54822 4.55044 4.52252 4.54843 4.6955 4.58951 4.55897 4.47034 4.5697 4.64791
7.3971 7.41196 7.44756 7.35292 7.55949 7.34024 7.54263 7.56157 7.54272 7.48266 7.49716 7.49441 7.37516 7.33331 7.5731 7.54834 7.43855 7.37981 7.55406 7.61279 7.45143 7.47362 7.41904 7.44126 7.40219 7.35533 7.38453 7.42803 7.45333 7.70016
5.69857 5.66669 5.58546 5.67443 5.52823 5.57824 5.52778 5.52288 5.51742 5.49248 5.53952 5.42607 5.66002 5.69535 5.52946 5.58261 5.54737 5.61509 5.53805 5.64632 5.59286 5.70915 6.02259 5.60233 5.53605 5.56139 5.46818 5.53108 5.55885 5.63871
4.01841 4.09404 4.09024 4.06789 4.10924 3.97841 4.08426 4.09837 4.13144 4.02596 4.0109 3.90439 4.07605 4.04303 4.27838 4.19818 4.29538 4.06172 4.36479 4.26146 4.29508 4.30373 4.42133 4.40586 4.23349 4.10237 4.41312 4.29621 4.36951 4.01357
11.7763 11.826 11.7876 11.8387 11.6168 11.7945 11.6463 11.6363 11.6495 11.8115 11.7343 11.7465 11.8068 11.7862 11.6205 11.8727 11.7299 11.8196 10.5185 11.9565 12.1681 12.7532 11.1788 11.0812 11.0043 11.0678 11.534 11.0734 11.8176 9.54036
4.47678 4.47443 4.50342 4.48343 4.40295 4.4592 4.47608 4.47596 4.45648 4.45547 4.41525 4.46388 4.49145 4.4835 4.48045 4.46301 4.53626 4.47249 4.50721 4.57232 4.58275 4.44999 4.43071 4.54933 4.58726 4.59741 4.55445 4.52746 4.50374 4.6754
4.3965 4.37681 4.39979 4.36635 4.32371 4.34577 4.27202 4.30201 4.31771 4.35242 4.36467 4.35156 4.41101 4.33516 4.33334 4.37831 4.4556 4.37248 4.505 4.50089 4.49552 4.43339 4.40364 4.46055 4.49047 4.46241 4.43719 4.43359 4.45143 4.62012
5.72253 5.73445 5.74563 5.67781 5.70273 5.7271 5.71021 5.7172 5.71411 5.64191 5.64636 5.65849 5.72174 5.56515 5.65406 5.86637 5.46483 5.61241 5.641 5.62343 5.45191 5.7046 5.48321 5.43941 5.41605 5.69424 5.36772 5.70745 5.47161 5.69478
7.87862 7.87526 7.8643 7.84869 7.86218 7.87954 7.87034 7.89717 7.8914 7.8833 7.8929 7.87915 7.87282 7.86845 7.91562 7.888 7.78821 7.87987 7.79378 7.8075 7.83618 7.78989 7.83486 7.77077 7.72702 7.78195 7.7621 7.85151 7.86578 7.76831
5.74716 5.83435 5.76739 5.74224 5.83308 5.87528 5.9162 5.87833 5.89953 5.87226 5.8556 5.83036 5.72982 5.71244 5.84485 5.81953 5.08464 5.8011 5.88499 5.62587 5.91337 5.56154 5.6395 5.64933 6.09113 5.57268 5.96069 5.45897 5.57866 6.0746
4.48223 4.49117 4.51837 4.47439 4.36281 4.51796 4.35432 4.35447 4.3666 4.3134 4.27072 4.26044 4.50394 4.45941 4.33396 4.32219 4.51838 4.54656 4.50497 4.517 4.72752 4.54585 4.44579 4.43621 4.35842 4.46951 4.5872 4.08205 4.51852 4.18106
4.37481 4.38432 4.35677 4.40947 4.4008 4.37681 4.40312 4.3899 4.40672 4.39554 4.44914 4.44177 4.34951 4.39917 4.43936 4.31981 4.53256 4.36828 4.64869 4.62636 4.32951 4.47111 4.57315 4.57331 4.48826 4.66654 4.58849 4.65423 4.57085 4.68923
4.40735 4.39687 4.40267 4.40207 4.39442 4.4008 4.35802 4.37444 4.35853 4.36276 4.39544 4.40845 4.41064 4.40984 4.30383 4.37922 4.41639 4.4012 4.49081 4.44906 4.43917 4.39654 4.45772 4.44458 4.39028 4.45268 4.47477 4.20155 4.37125 4.53312
5.85117 5.85181 5.88047 5.85888 5.94222 5.87336 5.91021 5.90348 5.89761 5.8357 5.84353 5.8516 5.87106 5.88403 5.91348 5.80778 5.66087 5.83498 5.8196 5.81074 5.6869 5.42447 5.62396 6.12941 5.62161 5.81242 5.77043 5.74085 5.64884 5.69253
4.5757 4.56969 4.63428 4.54757 4.53941 4.60703 4.63877 4.62837 4.59363 4.55801 4.59267 4.5236 4.59606 4.51661 4.60875 4.48252 4.53101 4.57601 4.64179 4.64321 5.50635 4.73483 4.5664 4.53937 4.64977 4.54832 4.70304 4.62258 4.46183 4.65361
4.21919 4.22688 4.23945 4.20616 4.2973 4.22076 4.35377 4.34213 4.34366 4.28522 4.27731 4.24408 4.24246 4.22131 4.39772 4.2503 4.30552 4.19797 4.40943 4.3171 4.44533 4.17667 4.26011 4.32778 4.31362 4.51796 4.34206 4.37072 4.32963 4.44954
7.98903 8.00738 8.02603 7.9973 8.01432 8.04395 8.07222 8.05306 8.04592 7.94676 7.94841 7.93603 8.0127 8.00977 7.93653 7.90396 7.83907 8.03766 7.90987 7.94031 7.7602 7.75973 7.90685 7.98531 7.66819 7.83757 7.93174 7.74018 7.78819 7.79068
5.83568 5.84673 5.85045 5.80476 5.89686 5.83563 5.99586 5.98928 5.95866 5.81033 5.84074 5.80319 5.85065 5.84572 5.83092 5.81699 5.87122 5.85616 5.5586 5.67795 5.89331 5.74432 5.73276 5.735 5.80908 5.58465 5.71148 5.68756 5.67507 5.68312
4.2527 4.23341 4.22612 4.24673 4.18493 4.24242 4.19473 4.18993 4.1865 4.18569 4.31077 4.56185 4.24293 4.26164 4.42709 4.3314 4.29163 4.23122 4.27342 4.53828 4.24113 4.30794 4.51826 4.5198 4.26583 4.24258 4.46979 4.4065 4.44457 4.30414
4.51508 4.52022 4.51431 4.5307 4.50867 4.52974 4.50547 4.50717 4.50503 4.52763 4.5401 4.52072 4.51217 4.5261 4.50644 4.48997 4.48032 4.52435 4.43059 4.58685 4.48966 4.51097 4.48596 4.4198 4.43802 4.46922 4.46429 4.50653 4.46926 4.69371
3.90911 3.82108 3.70294 3.79301 4.01761 3.86969 3.92155 3.89724 3.9456 4.18305 4.14224 4.24161 3.88936 3.88195 4.10424 4.12382 4.3964 3.79238 4.75533 4.41562 3.26443 4.4542 4.43752 4.32486 4.58507 4.25068 4.65964 4.2822 4.4189 4.42291
6.15596 6.12201 6.12822 6.12884 6.04192 6.17539 6.15644 6.12952 6.09725 6.12559 6.17181 6.11616 6.13426 6.13903 6.18109 6.14225 5.76138 6.11112 5.75381 6.01934 6.08638 5.89198 5.73906 6.00907 5.87923 5.8154 5.88592 5.28214 5.54696 6.50891
3.9755 4.00227 3.92083 3.93963 4.05813 3.85231 4.00168 4.02246 4.00112 4.11699 4.09373 4.39779 3.9966 3.995 4.30175 4.02765 4.77959 3.86442 4.06549 4.7628 3.50646 4.64695 4.53138 4.66248 3.86005 4.5196 4.5312 4.79489 4.6844 4.50878
4.10237 4.09958 4.06016 4.08663 4.07298 4.07656 4.10221 4.09218 4.10018 4.12183 4.14366 4.15706 4.08877 4.0924 4.04018 4.09663 4.38126 4.07152 4.79124 4.63719 4.13704 4.52422 4.5276 4.38421 4.3325 4.47528 4.64376 4.26796 4.62196 4.5816
7.84574 7.83733 7.83423 7.83199 7.81846 7.8466 7.81184 7.82121 7.81493 7.8722 7.86856 7.8786 7.84268 7.84877 7.85999 7.88223 7.81211 7.84016 7.77581 7.81114 7.83589 7.46956 7.80488 7.83832 7.89134 7.8871 7.85833 7.87947 7.73484 8.14921
9.83426 9.74463 9.7119 9.76301 8.74849 9.69663 9.17142 9.19631 9.32341 9.03638 9.25492 8.60515 9.80004 9.8221 8.88362 9.38845 11.2813 9.7919 12.599 11.2937 9.56754 9.44299 10.19 10.5242 10.7238 10.5631 11.2995 10.7463 10.9498 9.90953
5.90923 5.91007 5.91293 5.90324 5.86598 5.91315 5.86421 5.86367 5.86548 5.92651 5.89073 5.86848 5.91717 5.91235 5.86127 5.90583 5.96264 5.91716 6.03542 5.924 6.06906 6.00245 5.71283 5.89454 5.91664 5.96099 6.06908 5.93013 5.96943 6.02893
4.68095 4.64913 4.69147 4.67783 4.2626 4.64411 4.26317 4.26703 4.26008 4.26768 4.25492 4.25253 4.70062 4.6293 4.27431 4.26088 4.64872 4.6966 4.53163 4.56444 4.69115 4.62726 4.7382 4.64558 4.75356 4.51176 4.73489 4.55041 4.77809 4.75063
5.35602 5.14876 5.18613 5.33477 5.0144 5.20602 5.00982 4.9987 4.99617 5.00755 4.95375 5.06928 5.2713 5.20092 5.12123 5.15097 4.60549 5.3282 4.62878 4.66748 5.85437 4.62126 4.67684 4.63908 4.61082 4.63068 4.67751 4.61245 4.61244 4.79192
4.45478 4.45841 4.46095 4.45847 4.46469 4.46958 4.43474 4.44821 4.44277 4.45199 4.47475 4.45895 4.46228 4.46197 4.4738 4.4478 4.51922 4.45893 4.6093 4.54257 4.4521 4.59508 4.57579 4.5394 4.56222 4.57291 4.576 4.55908 4.59804 4.46969
4.61843 4.61645 4.56121 4.61793 4.69446 4.59436 4.67765 4.67303 4.66576 4.62875 4.64527 4.69924 4.6057 4.61809 4.80597 4.70672 4.75186 4.57885 5.1269 4.81771 4.98849 4.84805 4.75163 4.66948 4.82502 4.84354 4.78891 4.81828 4.89542 4.9886
4.48799 4.4642 4.44422 4.48606 4.4694 4.44332 4.47185 4.45835 4.45992 4.33336 4.31789 4.34333 4.47683 4.50731 4.45433 4.34446 4.4431 4.43069 4.44058 4.44139 4.73034 4.84243 4.90139 4.57154 4.45234 4.56326 4.4157 4.44093 4.39449 4.37533
7.92861 7.92678 7.95896 7.95153 7.90283 7.96765 7.87621 7.87743 7.88671 7.88083 7.88839 7.84043 7.93436 7.91824 7.90043 7.85248 7.74469 7.96145 7.93302 8.24777 8.08203 8.16692 8.25252 7.51955 7.99929 7.84446 8.0098 7.77032 7.82455 7.62325
13.6073 13.5498 13.197 13.514 13.4091 13.8703 13.5689 13.4794 13.5193 13.6921 13.3896 13.7907 13.5229 13.557 13.02 13.432 13.0796 13.8422 12.3452 12.8798 13.2379 12.5792 12.8185 12.9561 12.9513 12.7583 13.1898 11.9638 13.3674 12.8202
4.85401 5.11679 4.96804 4.96312 5.26882 5.0009 5.21669 5.21795 5.16923 5.31889 5.45275 5.01867 4.86443 5.08356 5.32571 5.13597 5.58998 4.81663 5.84544 5.93339 5.65127 5.62746 5.979 5.31383 5.89529 5.56006 5.33969 5.82232 5.8483 5.77527
4.57023 4.56596 4.55671 4.55662 4.31117 4.58569 4.3203 4.32162 4.32883 4.2791 4.37366 4.28705 4.56732 4.56721 4.39717 4.44794 4.60435 4.56286 4.53659 4.75271 4.5641 4.5856 4.57699 4.6484 4.59972 4.55194 4.55885 4.66538 4.60788 4.51979
4.51684 4.52342 4.52415 4.53152 4.45678 4.51553 4.45788 4.47287 4.47532 4.43733 4.48418 4.43046 4.53269 4.50492 4.56203 4.52423 4.51505 4.51252 4.5184 4.55313 4.5366 4.57334 4.55064 4.53212 4.5521 4.49532 4.52949 4.62773 4.54053 4.57313
4.49912 4.50721 4.48971 4.50517 4.46183 4.50613 4.46448 4.47243 4.45489 4.44509 4.46928 4.39876 4.50327 4.50578 4.44048 4.4489 4.51876 4.49342 4.58895 4.58353 4.51376 4.61271 4.58161 4.64083 4.52771 4.53269 4.44989 4.58158 4.56914 4.74717
4.52896 4.53343 4.51171 4.51816 4.44074 4.52502 4.42296 4.43994 4.42996 4.43334 4.41334 4.37553 4.49752 4.51239 4.4303 4.46054 4.81289 4.49317 4.86902 4.84589 4.75253 4.66982 4.7516 4.70853 4.7342 4.83166 4.7877 4.83065 4.76951 4.91422
4.37257 4.3771 4.3659 4.40197 4.31083 4.38902 4.31183 4.31856 4.30735 4.31937 4.31764 4.2826 4.36794 4.3784 4.41664 4.39674 4.48362 4.36472 4.5492 4.73617 4.44473 4.62264 4.41306 4.4719 4.43061 4.51754 4.44269 4.47437 4.4587 4.50537
7.88191 7.86039 7.84985 7.86293 7.7977 7.88957 7.72596 7.7584 7.72467 7.72979 7.77745 7.83897 7.8372 7.82677 7.85318 7.83088 7.85899 7.86955 7.64921 7.2408 7.97657 8.09626 7.42921 7.88867 7.57622 7.89731 7.78114 7.82066 7.54027 7.95969
5.55379 5.56251 5.56605 5.54963 5.57299 5.57597 5.56984 5.56022 5.56134 5.57622 5.56785 5.56592 5.56584 5.56123 5.39521 5.46002 5.56394 5.56964 5.55759 5.56473 5.57586 5.55621 5.58633 5.58962 5.56565 5.51784 5.53937 5.55511 5.59491 5.28539
4.42374 4.34645 4.3833 4.36102 4.2454 4.36279 4.2742 4.26153 4.24097 4.22755 4.23769 4.24583 4.44716 4.41314 4.43574 4.44135 4.4096 4.43404 4.30192 4.41894 4.36993 4.37261 4.42135 4.43785 4.45691 4.39573 4.34526 4.41933 4.49089 4.46026
13.972 14.1818 14.1858 13.9483 14.0561 14.3923 13.8867 13.8575 13.9206 14.1198 14.079 13.4376 14.3725 14.3142 11.8803 11.917 13.9417 14.3565 13.8272 13.6217 13.9401 14.0378 13.9899 14.1127 14.0362 13.8008 13.9851 14.0935 13.9282 14.1594
4.5333 4.52721 4.52845 4.52354 4.47533 4.54237 4.46518 4.47732 4.48987 4.5006 4.46516 4.46429 4.53579 4.53433 4.4717 4.41184 4.64128 4.53811 4.61925 4.66022 4.6394 4.63746 4.65923 4.64188 4.64553 4.60116 4.61757 4.63126 4.62886 4.61989
5.23406 5.27174 5.27453 5.33223 5.37554 5.25183 5.34912 5.30726 5.3179 5.38877 5.28728 5.36616 5.15654 5.23946 4.81238 5.29702 5.13405 5.17087 5.0452 5.17694 5.07585 5.09737 4.99129 5.03158 4.99132 5.32659 4.91884 5.0095 5.24766 5.67628
4.46619 4.50273 4.48241 4.4922 4.37959 4.498 4.4008 4.39708 4.39658 4.37772 4.3849 4.41942 4.45375 4.46625 4.41214 4.42165 4.64327 4.44117 4.6663 4.57272 4.66163 4.87427 4.63843 4.72353 4.63631 4.71881 4.64608 4.68571 4.70512 4.62651
4.25299 4.19522 4.22743 4.1944 4.2563 4.21825 4.24824 4.23495 4.23297 4.21196 4.23843 4.24451 4.25205 4.2377 4.20881 4.17343 4.36047 4.27107 4.34429 4.3592 4.33711 4.38299 4.34317 4.35751 4.36341 4.28195 4.31008 4.30945 4.36223 4.29848
7.76367 7.71866 7.76709 7.73596 7.79992 7.72746 7.79478 7.77065 7.78829 7.78904 7.76777 7.80631 7.7526 7.77114 7.5348 7.73943 7.72777 7.78876 7.73534 7.7139 7.73118 7.69317 7.71976 7.75587 7.73124 7.72393 7.73462 7.66452 7.74445 7.68684
5.56648 5.58895 5.5718 5.5633 5.54819 5.57231 5.52674 5.52784 5.53231 5.52838 5.54397 5.53864 5.58317 5.57021 5.47256 5.50853 5.59149 5.5745 5.65005 5.61429 5.59953 5.59516 5.59653 5.59094 5.59191 5.60449 5.63645 5.60911 5.58019 5.63694
4.32354 4.33596 4.34861 4.35163 4.15607 4.33905 4.16496 4.16007 4.15291 4.15989 4.14889 4.17244 4.32621 4.33462 4.1429 4.16778 4.38761 4.35549 4.31437 4.27502 4.4104 4.43442 4.38882 4.37848 4.3907 4.40111 4.39293 4.40009 4.45547 4.35836
4.4113 4.41195 4.41627 4.42339 4.46382 4.42126 4.44962 4.44112 4.43035 4.43839 4.42381 4.42788 4.42361 4.42804 4.37984 4.43059 4.43857 4.43496 4.47478 4.45877 4.45851 4.38559 4.46176 4.4533 4.44309 4.43744 4.45905 4.44587 4.44613 4.47206
5.64334 5.67516 5.64064 5.62051 5.62416 5.61115 5.6149 5.61981 5.60411 5.61877 5.62896 5.62779 5.64813 5.59887 5.61842 5.64732 5.62865 5.66782 5.60561 5.5207 5.57942 5.55052 5.54411 5.51817 5.57628 5.57567 5.5538 5.57292 5.60188 5.64508
7.85678 7.86101 7.8688 7.87181 7.86433 7.90286 7.89257 7.88643 7.86194 7.86092 7.87215 7.8493 7.87166 7.89037 7.8979 7.89498 7.86216 7.8725 7.93566 7.6691 7.91749 7.9065 7.89897 7.90551 7.86283 7.86573 7.92605 7.84565 7.90976 7.76766
5.55327 5.55933 5.54953 5.55512 5.52666 5.58387 5.52129 5.52515 5.51837 5.53024 5.49909 5.54063 5.58507 5.55375 5.52768 5.48646 5.55832 5.54675 5.60607 5.97577 5.55583 5.56065 5.55925 5.53423 5.54719 5.54554 5.58278 5.58132 5.56349 5.58323
4.44448 4.45397 4.46475 4.44821 4.2708 4.27279 4.28677 4.3079 4.29151 4.33859 4.18861 4.30264 4.27679 4.46065 4.22587 4.24704 4.36803 4.45723 4.37299 4.23337 4.38231 4.36216 4.37994 4.36307 4.39343 4.36972 4.40324 4.47851 4.46447 4.4057
4.37355 4.37484 4.36482 4.37455 4.40017 4.4161 4.38285 4.38709 4.37591 4.38076 4.3772 4.38635 4.40811 4.38404 4.33486 4.39594 4.40815 4.38086 4.41084 4.38531 4.41595 4.40841 4.4019 4.40243 4.40801 4.40032 4.43284 4.40763 4.40553 4.39932
5.44742 5.47669 5.4559 5.4535 5.48516 5.5064 5.5258 5.50975 5.55111 5.53968 5.54756 5.54934 5.51858 5.47205 5.60878 5.54287 5.50365 5.55332 5.48334 5.70248 5.45017 5.50195 5.45054 5.41736 5.46753 5.49871 5.39565 5.52128 5.51368 5.49181
7.75705 7.74832 7.74112 7.73013 7.72533 7.73125 7.72414 7.71569 7.71199 7.72402 7.75975 7.7087 7.73052 7.75363 7.70818 7.75643 7.72261 7.75978 7.73815 7.70643 7.71856 7.71547 7.73603 7.73826 7.73286 7.71822 7.72908 7.7142 7.7439 7.78922
5.60081 5.59268 5.59874 5.59032 5.59136 5.58858 5.57001 5.56975 5.55961 5.57242 5.56518 5.57368 5.59142 5.55938 5.55153 5.57078 5.54603 5.57389 5.56381 5.54129 5.54233 5.53764 5.55416 5.50314 5.52622 5.52608 5.55167 5.56007 5.55181 5.57193
4.32221 4.33265 4.31282 4.32078 4.26259 4.32877 4.28508 4.27764 4.27295 4.25936 4.23909 4.26761 4.34026 4.3895 4.19523 4.51674 4.3499 4.36712 4.4642 4.39886 4.42965 4.39279 4.43032 4.40324 4.42454 4.40748 4.44866 4.43964 4.38127 4.4586
13.6283 13.9815 13.6795 13.9746 13.5919 13.6723 13.8358 13.9599 13.9332 13.8282 13.9426 13.6253 13.7972 13.7035 13.6883 13.5663 13.3148 13.5988 13.6976 13.4898 13.4319 13.3951 13.5463 13.5462 13.4479 13.4269 13.5143 13.3655 13.5031 13.1578
4.50673 4.5228 4.51482 4.51213 4.46668 4.4918 4.46834 4.4812 4.48342 4.47032 4.4781 4.50298 4.49582 4.50295 4.46878 4.46201 4.61803 4.50397 4.60772 4.52821 4.60387 4.60092 4.60322 4.56928 4.59848 4.59896 4.6177 4.61188 4.60841 4.66369
5.39841 5.40202 5.41105 5.38483 5.45663 5.41933 5.41073 5.42283 5.45135 5.44681 5.42471 5.43928 5.42831 5.47651 5.3736 5.40052 5.45341 5.49013 5.37145 5.30063 5.42877 5.47443 5.34641 5.35161 5.41179 5.4333 5.41134 5.48248 5.45953 5.28396
7.83529 7.85142 7.81336 7.84184 7.87895 7.79408 7.88696 7.87969 7.89803 7.89568 7.88579 7.85579 7.79821 7.85665 7.88747 7.92177 7.85068 7.88473 7.84948 7.87005 7.83756 7.84956 7.82748 7.84819 7.83936 7.83067 7.84256 7.8258 7.83578 7.86024
5.53479 5.56231 5.35559 5.30245 5.59375 5.49499 5.59807 5.59227 5.6102 5.6051 5.56765 5.56988 5.59749 5.47021 5.58295 5.58284 5.61254 5.52418 5.56503 5.58633 5.54464 5.57432 5.54813 5.50327 5.53614 5.52956 5.57734 5.78013 5.50908 5.83528
4.28312 4.27285 4.26363 4.32248 4.11028 4.28482 4.13816 4.13176 4.1317 4.09734 4.1838 4.18303 4.25347 4.39329 4.16126 4.19434 4.27495 4.45095 4.44035 4.41763 4.33296 4.44885 4.41887 4.42596 4.29548 4.41198 4.28739 4.13888 4.34907 4.23761
4.46473 4.45956 4.40319 4.42533 4.43947 4.47641 4.44245 4.43676 4.44874 4.44002 4.41113 4.40912 4.47254 4.47942 4.40227 4.3765 4.42495 4.40389 4.47596 4.47255 4.45653 4.56212 4.45859 4.43353 4.46172 4.46796 4.46189 4.43676 4.45607 4.46515
5.58999 5.63187 5.38121 5.45314 5.74946 5.71864 5.72845 5.73865 5.75948 5.66237 5.73046 5.63678 5.71524 5.65076 5.68956 5.59215 5.5829 5.73414 5.73931 5.3665 5.68302 5.7501 5.51918 5.38241 5.60013 5.64828 5.68537 5.70418 5.60961 5.74889
7.71278 7.76567 7.64932 7.71787 7.90117 7.69399 7.89604 7.92112 7.91769 7.89942 7.83657 7.82117 7.74958 7.86594 7.87781 7.85766 7.78234 7.87436 7.89469 7.71799 7.78336 7.85298 7.75015 7.71827 7.78557 7.82611 7.75635 7.79593 7.77711 7.71206
5.9572 5.95815 5.72036 5.74242 5.77877 5.94668 5.76007 5.75749 5.76918 5.72616 5.51148 5.59852 5.92942 5.77607 5.50415 5.68372 6.42405 5.92836 6.55749 6.29295 6.40319 6.32178 6.31046 6.05588 6.34983 6.35403 6.35827 6.33944 6.29671 6.25224
7.58661 7.5522 7.05417 6.76238 7.22021 7.38293 6.76862 6.7834 6.87057 6.89175 7.30515 6.88708 7.58841 7.47046 7.62573 7.2883 7.32742 7.24744 7.24965 7.34848 7.44704 7.84219 7.28834 7.26754 7.00741 6.94558 7.2313 7.14886 7.53129 7.58168
4.61093 4.61719 4.58081 4.53426 4.26591 4.61467 4.30395 4.31206 4.2972 4.16695 4.32901 4.34546 4.60524 4.51775 4.31087 4.36308 4.60435 4.48901 4.55955 4.55883 4.58884 4.6659 4.51313 4.53446 4.69582 4.60998 4.57057 4.68828 4.69233 4.79028
4.45145 4.45558 4.44271 4.44632 4.43989 4.44669 4.45762 4.4367 4.43803 4.46196 4.4468 4.45445 4.44623 4.43178 4.45007 4.42156 4.52639 4.44374 4.53629 4.54188 4.54136 4.52962 4.49927 4.55631 4.53598 4.54583 4.53516 4.51942 4.52026 4.51216
4.52468 4.50772 4.46928 4.44945 4.5286 4.51309 4.50588 4.48494 4.57583 4.49698 4.50269 4.42927 4.46719 4.47116 4.51336 4.42649 4.63064 4.55035 4.18322 4.44897 4.56135 4.36593 4.69488 4.6349 4.63334 4.54476 4.67947 4.5504 4.77798 4.30819
7.95734 7.92004 8.30807 8.27723 8.02608 7.99904 8.11223 8.1066 8.1373 8.19926 8.13248 8.19366 8.02242 7.81188 8.11547 8.1395 8.08051 8.04313 8.11119 8.04917 7.91848 7.66711 8.03814 8.13876 8.05028 7.94707 7.95161 8.03118 7.99915 7.84096
5.65921 5.62537 5.34925 5.30144 5.50728 5.74295 5.66699 5.68718 5.68222 5.67174 5.31313 5.52572 5.73841 5.67445 5.15594 5.57997 5.35418 5.83185 6.24561 6.37491 6.2884 6.3546 6.33468 6.41697 6.16627 6.30209 6.24888 6.16371 6.35152 6.39314
7.1228 7.24364 7.70638 7.64214 7.61509 7.65665 7.53786 7.42432 7.65831 7.44193 7.97919 7.90521 7.50824 7.57102 8.21494 7.44074 7.59593 7.70579 7.21987 7.69234 7.14178 7.64164 7.37738 7.50887 7.44363 7.39427 7.28075 7.37484 7.41123 7.63665
4.47696 4.48659 4.55415 4.5403 4.38693 4.53993 4.37589 4.38095 4.35557 4.39237 4.46769 4.42325 4.64886 4.54699 4.42355 4.45952 4.53428 4.45974 4.67566 4.80737 4.58965 4.68691 4.6256 4.55564 4.58907 4.58955 4.71424 4.73166 4.6763 4.74103
4.64075 4.64444 4.64713 4.64539 4.53781 4.63835 4.51866 4.49946 4.53203 4.54007 4.57354 4.57026 4.70648 4.63085 4.56189 4.57776 4.74532 4.63533 4.91943 4.82455 4.79532 4.82423 4.77685 4.94665 4.78203 4.80513 4.78568 4.83182 4.83487 4.85241
4.21348 4.14204 4.08554 4.10354 4.21772 4.17891 4.2218 4.22926 4.22696 4.22178 4.21811 4.24768 4.21242 4.22073 4.18305 4.22898 4.42306 4.21907 4.51593 4.39975 4.43257 4.43856 4.43022 4.40858 4.43179 4.39563 4.44063 4.43148 4.43111 4.43342
8.09142 8.08792 7.75028 7.6098 7.98246 8.07298 7.56511 7.51484 7.64084 7.70025 7.75465 7.70685 7.93919 6.7793 7.70131 7.8389 8.03067 7.91372 7.84446 7.82527 7.94425 7.90052 7.75441 8.19405 7.70529 7.81663 7.75716 7.77019 7.64918 7.83491
5.86325 5.87439 5.79593 5.78182 5.79405 5.81402 5.83487 5.82757 5.81261 5.81562 6.05236 5.9482 5.78306 5.72925 5.95663 5.96033 6.32843 5.76049 6.28513 5.91507 6.27886 5.98807 6.14483 6.32268 6.30705 6.26643 6.11598 6.24588 5.72769 5.64024
8.01609 8.00084 7.74397 7.38735 9.11336 7.47532 10.6402 10.3259 9.62514 13.7259 11.4063 12.5731 7.21986 7.53726 9.7138 8.65178 7.35023 7.74496 7.19445 7.27479 7.46869 7.3289 7.43948 7.89895 7.26412 7.44899 7.41544 7.33757 7.1317 7.5513
4.4903 4.52413 4.54485 4.54352 4.23492 4.51996 4.22629 4.22558 4.22774 4.22778 4.41953 4.34092 4.52232 4.4976 4.38024 4.35399 4.66016 4.5917 4.61454 4.57092 4.61835 4.59319 4.62663 4.63498 4.63799 4.5899 4.59807 4.61498 4.58411 4.56099
4.52249 4.54737 4.53007 4.49968 4.56143 4.47421 4.61325 4.60863 4.59371 4.59775 4.5223 4.57404 4.50341 4.50364 4.49439 4.55178 4.7159 4.53704 4.64589 4.69522 4.68492 4.71355 4.69446 4.67737 4.74217 4.6748 4.6812 4.70363 4.68308 4.68632
4.63469 4.6314 4.59786 4.62224 4.61213 4.70986 4.5986 4.59209 4.57369 4.62669 4.6789 4.68396 4.59701 4.71617 4.50499 4.45534 5.13905 4.60024 4.73634 4.7501 4.81389 4.60333 4.79291 4.8458 4.68198 4.73562 4.5487 4.68817 4.78132 4.73451
4.25175 4.26601 4.28414 4.27229 4.23954 4.28083 4.24989 4.25427 4.23915 4.22892 4.24518 4.2512 4.2548 4.25639 4.33043 4.26873 4.49352 4.25834 4.50413 4.42897 4.47912 4.50457 4.50388 4.4714 4.5066 4.52395 4.49699 4.49949 4.39785 4.48888
7.66182 7.7649 7.87852 7.83222 7.98334 7.88076 7.93598 7.9584 7.98286 7.94319 8.03473 8.0346 7.87869 7.78355 8.00917 7.94855 7.93911 8.07103 7.84895 8.13987 7.97903 8.09536 7.50646 7.58919 7.82871 7.82231 7.60014 7.87588 7.99293 8.156
5.44303 5.43485 5.4409 5.48883 5.39998 5.40312 5.32233 5.3148 5.35937 5.27807 4.93362 4.96132 5.4531 5.36204 5.09687 5.13692 5.4134 5.64016 5.44203 5.42375 5.35635 5.45281 5.42014 5.44119 5.40187 5.43615 5.39573 5.44748 5.42675 5.25518
4.36558 4.36395 4.37253 4.38908 4.32814 4.36734 4.34834 4.3428 4.35977 4.35263 4.36033 4.38929 4.38295 4.36399 4.41288 4.34922 4.39455 4.40861 4.40854 4.37435 4.39733 4.4211 4.41509 4.39722 4.40102 4.37214 4.39433 4.43573 4.40815 4.38102
14.2496 14.3398 14.3481 14.0217 14.0444 14.0551 14.0473 13.9238 13.8773 13.8989 12.2186 12.0003 14.1005 14.0536 11.9999 11.9572 13.5611 13.7635 13.6324 13.6179 13.3931 13.6865 13.43 13.7781 13.5139 13.936 13.5428 13.8736 13.4854 13.5603
4.45297 4.44611 4.4521 4.43839 4.38434 4.43175 4.38017 4.37954 4.38549 4.38603 4.42042 4.39292 4.41442 4.43646 4.38627 4.40722 4.504 4.40875 4.51968 4.53999 4.50301 4.52554 4.53306 4.51747 4.51602 4.51868 4.51749 4.48008 4.52621 4.5045
5.09134 5.14104 5.06736 5.0501 5.16755 5.03486 5.25125 5.28355 5.15648 5.32343 5.5679 5.54364 5.02654 5.13045 5.79483 5.61381 5.20211 5.12346 5.23466 5.02162 5.29278 5.03338 5.16101 4.93228 5.00985 5.08178 5.05736 5.12428 4.82976 5.39792
7.42148 7.40088 7.47133 7.44919 7.55784 7.42859 7.60549 7.62936 7.56633 7.66309 7.58667 7.51004 7.46398 7.50139 7.68233 7.60112 7.41905 7.46057 7.51409 7.40734 7.4767 7.45642 7.50991 7.31996 7.4434 7.49378 7.42155 7.5417 7.36609 7.55713
5.55499 5.54215 5.56218 5.53612 5.5214 5.51391 5.52636 5.52039 5.51321 5.5129 5.54594 5.55918 5.5346 5.55309 5.54606 5.4758 5.54631 5.53957 5.50957 5.5437 5.50981 5.54269 5.5105 5.54694 5.49 5.6292 5.48484 5.66526 5.48648 5.52445
4.36579 4.37308 4.38222 4.36115 4.35823 4.35757 4.38537 4.4032 4.36697 4.37694 4.39547 4.36949 4.35832 4.36706 4.38893 4.38467 4.37285 4.35494 4.40256 4.36766 4.39267 4.41641 4.40896 4.35313 4.38691 4.35632 4.40619 4.36053 4.40511 4.40069
13.7919 13.9467 13.5483 13.6819 13.8697 13.7267 13.6071 13.4907 13.5913 12.9866 13.0263 13.3894 13.6778 13.7542 13.0056 13.3354 13.0964 13.7151 13.2644 13.2398 13.1356 13.1747 13.1016 13.2842 13.1712 13.1501 13.0902 13.1867 12.9893 13.2196
4.48378 4.47425 4.49114 4.48551 4.41709 4.48198 4.44757 4.44561 4.4579 4.42502 4.42955 4.43409 4.47382 4.48744 4.4628 4.45617 4.59877 4.48563 4.58001 4.58338 4.58104 4.58985 4.58035 4.56177 4.58076 4.56035 4.58749 4.57301 4.58854 4.58798
5.70374 5.69171 5.69231 5.63003 5.54792 5.63228 5.56463 5.57263 5.57243 5.57975 5.66878 5.62542 5.61278 5.65398 5.66648 5.64186 5.49817 5.62679 5.55163 5.54535 5.57359 5.53538 5.55903 5.62545 5.50352 5.50724 5.52727 5.47553 5.50348 5.57077
7.99581 7.98288 8.01454 7.97921 7.9105 7.9723 7.90929 7.91166 7.91833 7.92115 7.96103 7.92247 7.95563 7.99061 7.94839 7.94983 7.90816 7.98261 7.94021 7.94238 7.96607 7.94918 7.93008 7.86675 7.9289 7.70453 7.93029 7.7211 7.94291 7.95496
5.5359 5.528 5.53434 5.52396 5.51977 5.49851 5.5153 5.51051 5.51863 5.51101 5.52274 5.50988 5.54338 5.53626 5.49719 5.50462 5.56215 5.5347 5.50444 5.5015 5.49329 5.5221 5.5186 5.48626 5.48596 5.45878 5.474 5.50873 5.51121 5.49706
4.39217 4.36282 4.35308 4.39672 4.23603 4.38217 4.24124 4.22349 4.21806 4.20818 4.20685 4.2091 4.35348 4.38946 4.27878 4.19912 4.31567 4.37154 4.39584 4.34591 4.40439 4.4088 4.41837 4.43863 4.44258 4.38279 4.33109 4.32208 4.4053 4.41836
13.4133 13.9408 13.5584 13.8077 13.4327 13.7172 13.3242 13.3022 13.2751 12.6514 13.055 13.1088 13.8478 13.7018 13.4859 13.2173 13.0951 13.5939 13.4672 13.2126 13.1375 13.0538 13.1728 13.2948 13.2495 12.998 13.0752 12.9704 13.1579 13.1404
4.51045 4.50253 4.50938 4.50769 4.45175 4.50871 4.49314 4.47752 4.48166 4.50368 4.52916 4.4752 4.50614 4.52398 4.4585 4.47432 4.60933 4.50725 4.62559 4.59897 4.60676 4.62019 4.62259 4.53535 4.598 4.61636 4.59884 4.60185 4.62149 4.60925
5.62435 5.6217 5.6108 5.60953 5.59486 5.58776 5.59495 5.60522 5.59426 5.58186 5.5987 5.63206 5.61388 5.63171 5.62456 5.56925 5.65823 5.60711 5.56581 5.56059 5.53564 5.5726 5.59556 5.56913 5.54762 5.59192 5.63014 5.63013 5.55751 5.58864
7.96193 7.96207 7.96275 7.9594 7.94578 7.95246 7.9558 7.96516 7.96389 7.95727 7.96977 7.9514 7.97545 7.99033 7.97705 7.93312 8.0574 7.9746 7.95449 7.95585 7.95039 7.9788 7.97371 7.90098 7.97109 7.97581 7.97125 8.0038 7.96678 7.98112
5.51911 5.5477 5.53968 5.50892 5.4606 5.48774 5.45984 5.45735 5.45028 5.47465 5.49706 5.47456 5.55309 5.52086 5.47826 5.51036 5.55587 5.51454 5.55014 5.54242 5.48964 5.51265 5.52044 5.48912 5.51291 5.50309 5.50885 5.55901 5.53245 5.51061
4.45 4.43949 4.43615 4.44075 4.41495 4.44577 4.34919 4.39798 4.43953 4.38311 4.37335 4.43073 4.4335 4.46314 4.23993 4.41483 4.41485 4.45237 4.46941 4.47635 4.41401 4.43413 4.43492 4.47744 4.44975 4.41824 4.46022 4.41813 4.42234 4.42461
4.46338 4.45712 4.464 4.45706 4.46985 4.45831 4.46229 4.45299 4.44765 4.44703 4.45733 4.44246 4.44626 4.46207 4.45724 4.45127 4.50623 4.4597 4.49155 4.47878 4.48964 4.48614 4.49717 4.47908 4.4974 4.49808 4.50027 4.49777 4.48315 4.48045
5.62036 5.62016 5.608 5.59193 5.68831 5.59276 5.68557 5.69013 5.70129 5.60769 5.68103 5.67931 5.63234 5.62439 5.67962 5.60073 5.63466 5.6133 5.62805 5.60613 5.58831 5.60448 5.60497 5.71762 5.64519 5.59329 5.57848 5.56928 5.68278 5.6116
4.42788 4.47037 4.43499 4.44261 4.37927 4.43396 4.38221 4.37285 4.37649 4.49526 4.41771 4.4555 4.46413 4.44035 4.27371 4.16776 4.11683 4.43742 4.66812 4.51947 4.523 4.47409 4.4402 4.5983 4.5192 4.46534 4.22142 4.08171 4.55362 4.49931
7.81415 7.8078 7.816 7.81851 7.76332 7.82976 7.74465 7.75766 7.76608 7.72772 7.76407 7.7188 7.80857 7.81929 7.76708 7.74996 7.87412 7.81013 7.70529 7.83333 7.8 7.81231 7.81662 7.81507 7.84024 7.80374 7.89923 7.92898 7.8011 7.81132
5.99061 5.97954 5.98894 5.99069 5.83982 5.96436 5.8824 5.8841 5.87274 5.90368 5.90956 5.88476 5.9831 5.97535 5.83219 5.89479 6.38828 5.98093 6.36385 6.41397 6.36362 6.38 6.37666 6.38091 6.3766 6.37914 6.38351 6.41935 6.40257 6.3758
7.3987 7.33628 7.31621 7.38583 7.38267 7.35387 7.38466 7.40166 7.35544 7.41505 7.36783 7.23797 7.38642 7.3478 7.19115 7.25094 6.96194 7.40992 6.84782 6.80682 7.02833 7.01105 6.93276 6.85156 6.91931 7.05444 6.88221 7.03391 6.88452 6.935
4.48047 4.45343 4.47779 4.46058 4.19835 4.46584 4.21172 4.20134 4.18836 4.22104 4.20357 4.2508 4.46417 4.48107 4.18732 4.25837 4.64299 4.47292 4.66835 4.52685 4.63409 4.60206 4.63131 4.64236 4.63836 4.59984 4.6315 4.53098 4.59904 4.64659
4.57903 4.58174 4.60477 4.53234 4.57454 4.5716 4.61024 4.60615 4.62064 4.61245 4.60157 4.61805 4.5669 4.57446 4.62351 4.64507 4.82713 4.5764 4.80354 4.78933 4.82734 4.82782 4.79046 4.79877 4.80127 4.83662 4.79622 4.77625 4.78331 4.81109
4.50724 4.51028 4.50963 4.50882 4.4784 4.50477 4.47887 4.47606 4.47881 4.47248 4.47075 4.48857 4.50952 4.50963 4.52798 4.51186 4.59551 4.50903 4.60131 4.61397 4.60491 4.61072 4.59716 4.60053 4.60827 4.60685 4.59692 4.60894 4.60228 4.60015
4.57308 4.54827 4.55351 4.54805 4.4992 4.54878 4.53495 4.49086 4.4966 4.52331 4.47974 4.55313 4.55579 4.5729 4.45645 4.45397 4.65288 4.54741 4.92712 4.78609 4.63186 4.68246 4.74108 4.77609 4.82344 4.66333 4.78654 4.74638 4.84594 4.64765
4.27546 4.28241 4.28323 4.28096 4.24414 4.26666 4.24524 4.24357 4.23921 4.24883 4.22422 4.24071 4.2767 4.27203 4.20684 4.24846 4.46126 4.27922 4.48108 4.45731 4.46123 4.46198 4.46223 4.47259 4.46327 4.45702 4.46107 4.43513 4.46328 4.46904
7.8382 7.90854 7.87404 7.80846 8.1099 7.80082 8.12539 8.1388 8.13469 8.11323 8.17663 8.16037 7.87653 7.79919 8.13314 8.09337 7.98413 7.79348 7.88901 7.96076 7.94165 7.991 7.9884 7.93395 7.92821 7.9795 7.94562 8.08288 7.97888 7.92667
5.48139 5.47299 5.47337 5.46671 5.46268 5.47544 5.44174 5.43391 5.42304 5.44363 5.43818 5.4369 5.47176 5.47867 5.47441 5.53773 5.50333 5.48209 5.52067 5.51831 5.49655 5.52307 5.49506 5.52797 5.52839 5.51582 5.50861 5.53084 5.51048 5.49028
4.44166 4.42652 4.42966 4.42023 4.17166 4.44414 4.16644 4.16494 4.174 4.15167 4.16836 4.17967 4.41769 4.43091 4.15419 4.17088 4.3674 4.4121 4.24393 4.39541 4.3158 4.31849 4.41592 4.28305 4.28471 4.31473 4.37819 4.31975 4.39378 4.38484
4.40474 4.40289 4.39743 4.39814 4.37802 4.39468 4.38985 4.38132 4.37938 4.3844 4.38275 4.39336 4.40401 4.39391 4.46076 4.4039 4.40909 4.39882 4.41484 4.41178 4.40678 4.415 4.38634 4.42264 4.41446 4.41538 4.39754 4.42455 4.4092 4.39888
4.36671 4.36942 4.36254 4.36874 4.34068 4.36078 4.32784 4.33048 4.33911 4.33794 4.34154 4.32174 4.3663 4.3673 4.35162 4.31347 4.38607 4.36782 4.39097 4.40329 4.397 4.39067 4.37686 4.39427 4.38963 4.39233 4.39708 4.38363 4.38814 4.38227
5.30419 5.26013 5.27048 5.23172 5.21051 5.23807 5.37336 5.35846 5.35446 5.34663 5.30066 5.24852 5.24048 5.32275 5.20577 5.07976 5.04122 5.23393 5.2282 5.15098 5.18629 5.16532 5.18059 5.13916 5.13886 5.14725 5.0795 5.14202 5.11362 5.08195
4.16379 4.15353 4.1589 4.166 4.10465 4.16072 4.13311 4.12427 4.12978 4.12535 4.12923 4.08963 4.16327 4.16336 4.14161 4.13167 4.47768 4.16404 4.47288 4.47494 4.47213 4.4738 4.48558 4.47328 4.46755 4.4718 4.48386 4.4992 4.48407 4.46741
7.49174 7.49288 7.47903 7.48252 7.40084 7.48205 7.49292 7.48208 7.50004 7.51491 7.48906 7.45662 7.46924 7.50581 7.47366 7.51589 7.44506 7.46742 7.50144 7.52358 7.53919 7.54084 7.45311 7.4746 7.52895 7.54597 7.45327 7.55194 7.46842 7.43373
5.6167 5.61619 5.61513 5.60892 5.56888 5.59001 5.56961 5.56878 5.57135 5.57225 5.5832 5.58125 5.61691 5.61413 5.55448 5.60005 5.62008 5.61131 5.61784 5.62943 5.61666 5.61969 5.6142 5.61144 5.60001 5.59009 5.60854 5.61754 5.61431 5.61403
4.46034 4.39486 4.42152 4.38894 4.15898 4.46872 4.15297 4.15479 4.16947 4.15879 4.15687 4.14764 4.38928 4.40312 4.47109 4.16303 4.45109 4.40133 4.37736 4.39142 4.39376 4.41927 4.41387 4.44598 4.42107 4.39524 4.38534 4.41284 4.39486 4.37561
4.43826 4.44317 4.4401 4.45449 4.44328 4.4417 4.43924 4.4401 4.43959 4.4281 4.43082 4.42047 4.43499 4.4508 4.41273 4.43613 4.46246 4.44323 4.44239 4.449 4.45222 4.44069 4.43514 4.47315 4.45261 4.44091 4.45338 4.44632 4.45099 4.45452
5.60262 5.58788 5.58248 5.58045 5.48163 5.57969 5.50101 5.49213 5.47601 5.46719 5.47911 5.46165 5.61201 5.60331 5.34386 5.54372 5.47937 5.57701 5.4681 5.4121 5.42442 5.4624 5.44361 5.47929 5.35201 5.47027 5.37122 5.38 5.40988 5.40465
7.77552 7.76854 7.76493 7.76429 7.74519 7.76908 7.74737 7.73626 7.74586 7.75686 7.74322 7.76814 7.77016 7.76863 7.74826 7.76003 7.80207 7.75517 7.76567 7.75993 7.79743 7.76235 7.76764 7.74729 7.75285 7.75876 7.75583 7.74262 7.75943 7.75798
5.65569 5.64716 5.65346 5.65838 5.62479 5.66198 5.63255 5.62774 5.62897 5.63253 5.62952 5.63691 5.65451 5.64753 5.53202 5.68313 5.67861 5.67632 5.64238 5.67527 5.62739 5.66585 5.68683 5.6402 5.65469 5.65105 5.6598 5.65838 5.66427 5.66732
4.20662 4.19576 4.19282 4.14266 4.09685 4.17513 4.1121 4.10432 4.12125 4.10885 4.09383 4.12785 4.19361 4.15841 4.06717 4.1438 4.24278 4.14246 4.18073 4.1996 4.18976 4.21734 4.21374 4.13712 4.22513 4.20835 4.17341 4.20673 4.18474 4.19113
4.32979 4.32398 4.31651 4.32999 4.31736 4.33808 4.3288 4.32346 4.32085 4.31273 4.312 4.3213 4.30933 4.32565 4.33883 4.31999 4.33283 4.32042 4.33538 4.32887 4.3318 4.33313 4.33419 4.32959 4.33417 4.3331 4.32644 4.33472 4.32994 4.33649
4.33464 4.33018 4.33666 4.3382 4.32401 4.34658 4.32008 4.32628 4.31608 4.31855 4.33351 4.30994 4.33398 4.3382 4.34352 4.35211 4.38065 4.32709 4.3623 4.36897 4.36722 4.37413 4.37898 4.35647 4.36642 4.37286 4.381 4.38 4.37762 4.38114
5.60998 5.56708 5.58709 5.55954 5.54542 5.56025 5.56971 5.58112 5.57382 5.60476 5.57145 5.58532 5.60782 5.58987 5.24278 5.57155 5.49692 5.63785 5.53811 5.47099 5.46544 5.49049 5.5222 5.54345 5.47232 5.49474 5.48089 5.48664 5.48774 5.49339
4.32075 4.37556 4.39391 4.22609 4.2941 4.18768 4.26628 4.2542 4.33691 4.41588 4.37178 4.40797 4.43947 4.29306 4.3241 4.19104 4.42031 4.39431 4.36343 4.42003 4.41134 4.40722 4.48223 4.34592 4.41043 4.3882 4.40582 4.39109 4.40794 4.42058
4.16515 4.17035 4.16249 4.19221 4.15862 4.18694 4.15273 4.14843 4.13415 4.12141 4.10634 4.12056 4.15641 4.18414 4.09057 4.17705 4.49101 4.16949 4.49859 4.48468 4.48706 4.48648 4.51226 4.47953 4.48322 4.49224 4.48842 4.48807 4.49022 4.49164
7.80465 7.79345 7.78064 7.77213 7.77103 7.80093 7.74526 7.75817 7.74502 7.75991 7.73683 7.7474 7.77957 7.78968 7.74646 7.76428 7.79285 7.76785 7.74058 7.7599 7.76584 7.76227 7.78644 7.74103 7.76204 7.76719 7.74617 7.758 7.75633 7.75354
