92.0971 92.0984 92.0938 92.1017 92.099 92.1047 92.0361 91.9595 91.9196 91.9232 91.9402 91.8885 91.9293 91.9468 91.9205 91.9908 91.986 91.9255 92.0245 91.8635 91.9117 91.9248 91.8853 91.9282 91.9298 91.742 90.6887 91.9693 91.9957 91.8843
139.454 139.43 139.453 139.446 139.478 139.339 139.175 139.034 138.853 138.863 139.007 138.585 139.088 138.966 139.071 139.015 139.179 139.157 139.272 139.279 138.766 138.51 139.05 139.034 139.133 139.185 139.594 138.857 138.661 139.055
12.9469 12.939 12.9151 12.9497 12.9288 12.9188 12.4072 12.3059 12.2569 12.3169 12.2508 12.2564 12.1924 12.2241 12.2469 12.2622 12.2577 12.233 12.2792 12.2408 12.269 12.242 12.2611 12.2498 12.2435 10.3361 12.3702 12.2743 10.2814 12.215
5.68637 5.69516 5.693 5.6895 5.69226 5.68383 5.70365 5.8827 5.8837 5.88405 5.88629 5.88998 5.88607 5.88666 5.8917 5.90554 5.89346 5.88998 5.91633 5.89039 5.89059 5.88173 5.88269 5.86935 5.88985 5.8971 6.02983 5.88112 5.8665 5.88793
4.67563 4.66944 4.66444 4.662 4.66707 4.65689 4.34624 4.7097 4.70854 4.68678 4.7081 4.70476 4.71368 4.73525 4.70703 4.73592 4.67627 4.70186 4.72733 4.74905 4.62805 4.70167 4.72767 4.7026 4.72333 4.71119 4.56715 4.70157 4.67996 4.65077
4.58512 4.58229 4.58154 4.57971 4.58155 4.57763 4.5271 4.61667 4.62105 4.6018 4.62884 4.60127 4.63092 4.6424 4.6226 4.62505 4.60002 4.63664 4.63207 4.67415 4.60336 4.63229 4.66086 4.6292 4.62811 4.668 4.69983 4.61393 4.60744 4.63074
4.49412 4.49035 4.49022 4.49113 4.49033 4.48991 4.45841 4.51728 4.52209 4.51881 4.52015 4.52461 4.52219 4.51303 4.51414 4.51848 4.53381 4.51577 4.51253 4.51876 4.51326 4.52447 4.52721 4.51787 4.51206 4.51907 4.58554 4.51519 4.50157 4.51968
4.20732 4.20192 4.20827 4.21132 4.20285 4.21258 4.24983 4.71476 4.71977 4.72027 4.71586 4.71611 4.71501 4.7184 4.7134 4.70694 4.70846 4.7131 4.70386 4.72172 4.7074 4.72363 4.7179 4.71993 4.7149 4.72388 4.68468 4.71116 4.70801 4.71105
4.2687 4.26382 4.2733 4.27305 4.26714 4.2749 4.24836 4.30144 4.30442 4.30477 4.30371 4.30903 4.30018 4.30171 4.29986 4.30189 4.29552 4.29959 4.29856 4.30298 4.30617 4.31546 4.30046 4.30874 4.29642 4.30528 4.38202 4.30316 4.29777 4.30022
7.87775 7.87094 7.86966 7.86813 7.87079 7.84555 7.84445 7.95407 8.03791 7.9917 8.0392 8.07398 8.0356 8.08423 8.00898 8.03905 7.98046 8.02415 8.00624 8.05511 8.04403 8.18495 8.13092 8.03391 8.03278 8.18252 7.88385 8.04466 7.95928 8.06038
146.89 146.917 146.889 146.925 146.902 146.841 144.658 145.649 145.231 145.479 145.165 145.351 144.969 144.941 145.019 145.029 145.211 145.034 145.027 144.907 145.369 145.37 145.277 145.366 145.182 143.825 146.661 145.418 144.215 145.125
91.8506 91.7717 91.8396 91.851 91.8573 91.9065 92.3336 92.0812 92.1637 91.9662 92.0773 92.1546 92.0465 92.0696 92.1125 92.2419 92.149 92.1045 92.2749 92.0392 92.2073 92.1623 92.1108 92.0569 92.0315 91.9754 91.2447 92.1647 91.7348 92.0851
136.444 136.587 136.634 136.572 136.551 136.547 136.687 136.519 136.531 136.723 136.602 136.49 136.652 136.437 136.75 136.726 137.567 136.737 136.918 136.737 136.977 136.501 136.603 136.535 136.607 137.09 139.744 136.545 137.11 136.964
12.6978 12.7227 12.654 12.6903 12.5615 12.483 12.2163 12.2206 12.2155 12.2289 12.2327 12.2313 12.2273 12.2148 12.2104 12.2719 12.2873 12.2184 12.1658 12.2854 12.2321 12.2284 12.2374 12.2181 12.1654 11.7578 10.8063 12.2274 11.7067 12.1722
5.64743 5.65632 5.65915 5.65939 5.66021 5.65795 5.64536 5.83372 5.84156 5.83197 5.84667 5.86053 5.85869 5.86439 5.85744 5.86405 5.93536 5.85706 5.89353 5.85572 5.87563 5.85269 5.86465 5.83658 5.87144 5.92147 5.65367 5.85395 5.8819 5.8964
4.69315 4.67784 4.67406 4.67463 4.67625 4.6634 4.32757 4.68491 4.68423 4.6715 4.67076 4.5967 4.65432 4.69301 4.67633 4.66587 4.66243 4.67804 4.68378 4.67461 4.62572 4.62173 4.65919 4.65734 4.69209 4.65359 4.53386 4.63012 4.57445 4.63709
4.59608 4.59513 4.59943 4.595 4.59667 4.59784 4.56512 4.64089 4.63541 4.6273 4.62338 4.63779 4.64967 4.66945 4.6508 4.64188 4.70368 4.64534 4.66179 4.65645 4.61372 4.63154 4.64042 4.59686 4.627 4.63413 4.70766 4.61465 4.63725 4.66369
4.47823 4.47598 4.47578 4.47545 4.4758 4.47393 4.43626 4.4977 4.48929 4.49441 4.49078 4.48437 4.48525 4.4666 4.48682 4.50167 4.48622 4.48074 4.48461 4.48955 4.47612 4.48667 4.48067 4.4928 4.47917 4.47191 4.56473 4.48258 4.4889 4.48638
4.41806 4.42954 4.41465 4.40928 4.40976 4.39929 4.34222 4.67543 4.66348 4.69763 4.67906 4.6467 4.6748 4.67096 4.67622 4.66697 4.61494 4.66989 4.66223 4.67889 4.66651 4.64445 4.66256 4.85057 4.68418 4.69535 4.67532 4.64874 4.65608 4.69179
4.28041 4.27999 4.27846 4.28001 4.2794 4.27821 4.25103 4.34797 4.34916 4.3355 4.34039 4.34782 4.34017 4.34394 4.34485 4.34414 4.38048 4.34397 4.35156 4.33531 4.36994 4.3508 4.33509 4.93998 4.33563 4.36407 4.45221 4.33876 4.45074 4.36798
7.50639 7.48437 7.46348 7.48116 7.48328 7.42718 7.43116 7.41703 7.43572 7.42362 7.40841 7.46461 7.38954 7.39395 7.42113 7.39377 7.45733 7.40344 7.39619 7.39986 7.51935 7.43514 7.36815 7.39496 7.39527 7.40585 8.02077 7.43867 7.67661 7.48434
147.852 147.752 147.651 147.66 147.579 147.454 147.393 147.166 147.68 147.429 147.707 147.262 147.83 147.846 147.671 147.643 146.584 147.833 147.515 147.649 147.315 147.578 147.695 147.445 147.442 146.156 145.366 147.307 145.022 147.345
92.5957 92.5021 92.5826 92.6065 92.5901 92.6409 92.5084 92.3734 92.3786 92.2498 92.3387 92.1321 92.2107 92.3414 92.3829 92.4569 92.239 92.4616 92.3514 92.2295 92.4104 92.1931 92.3847 92.3459 92.5373 92.233 93.225 92.48 91.8112 92.0993
152.379 152.452 152.297 152.403 152.355 152.429 153.344 153.052 152.838 153.088 152.968 153.076 152.848 153.259 152.988 152.631 153.42 152.986 153.213 153.333 152.678 152.983 152.918 153.146 152.985 153.102 152.546 153.181 153.336 153.166
139.441 139.503 139.599 139.574 139.595 139.668 139.548 139.363 139.493 139.481 139.51 139.694 139.55 139.407 139.598 139.644 139.476 139.567 139.678 139.564 139.822 139.735 139.584 139.409 139.455 140.023 139.871 139.606 139.642 139.628
6.03587 6.03367 6.03743 6.04165 6.04037 6.04175 5.92797 6.4705 6.47022 6.46662 6.47423 6.48749 6.48084 6.46556 6.48346 6.50471 6.514 6.48391 6.4957 6.46941 6.49078 6.48667 6.47541 6.476 6.4882 6.4902 6.51003 6.4714 6.48481 6.54264
7.55249 7.55918 7.52037 7.52753 7.51872 7.51959 7.51534 7.04832 7.05661 7.10175 7.09696 7.09193 7.03661 7.13379 7.07662 7.04496 7.03664 7.08941 7.1284 7.08151 7.03862 7.06882 7.05931 7.04973 7.01149 7.0951 7.07286 7.13519 7.16505 7.08127
4.84116 4.79382 4.83831 4.82101 4.80674 4.84131 4.55923 4.75635 4.73707 4.73616 4.74468 4.67104 4.72797 4.66495 4.72906 4.78796 4.59535 4.75809 4.65627 4.74192 4.6874 4.6735 4.73989 4.73054 4.73692 4.66939 4.74932 4.62988 4.61394 4.59575
4.69844 4.69735 4.70019 4.69477 4.69475 4.69787 4.65086 4.86628 4.8656 4.86955 4.86385 4.83896 4.8444 4.85431 4.87407 4.85083 4.81359 4.87585 4.8428 4.87822 4.83688 4.84174 4.85246 4.84778 4.86276 4.81809 4.9226 4.81144 4.78146 4.80945
4.51133 4.51075 4.51158 4.51101 4.51124 4.5085 4.46961 4.61373 4.60471 4.61467 4.6051 4.60634 4.60945 4.60074 4.61982 4.6105 4.61056 4.62211 4.60334 4.6071 4.6081 4.60584 4.60435 4.60224 4.60844 4.61394 4.74128 4.60347 4.59649 4.62324
4.35262 4.34325 4.34419 4.34482 4.34854 4.33563 4.29164 4.51565 4.50956 4.50654 4.51045 4.46631 4.50091 4.51862 4.50795 4.50707 4.42062 4.51433 4.50778 4.51496 4.49364 4.4825 4.50918 4.51216 4.50994 4.49003 4.53842 4.47179 4.43135 4.46092
8.14308 8.03825 8.05472 8.06363 8.06164 7.97611 7.73802 7.63963 7.66763 7.67481 7.67175 7.82858 7.64961 7.65398 7.65807 7.67851 7.78932 7.64939 7.63295 7.66656 7.82579 7.80886 7.67986 7.62738 7.66655 7.90247 8.01401 7.76558 7.78068 7.6968
92.7879 92.7436 92.8211 92.83 92.8087 92.8278 92.7121 92.6882 92.6899 92.649 92.6725 92.5426 92.6665 92.584 92.6733 92.993 92.3714 92.7488 92.7452 92.5135 92.7924 92.5908 92.8137 92.634 92.7441 92.4197 92.749 92.387 92.1614 92.4931
135.758 135.826 135.803 135.847 135.837 135.932 136.542 136.255 136.241 136.38 136.312 136.204 136.258 137.502 136.684 136.069 136.88 136.651 137.615 136.841 136.186 136.303 136.21 136.44 136.273 136.718 136.85 136.713 136.82 137.391
13.2174 13.2469 13.3189 13.3 13.2991 13.3912 12.0678 12.8946 12.8818 12.8638 12.8519 12.919 12.981 12.8916 12.8358 12.9258 12.9382 12.8534 12.9108 12.8753 12.9004 13.0291 12.9294 12.747 12.8964 12.806 12.8516 12.94 12.7525 12.9108
5.56196 5.55715 5.56555 5.55914 5.56206 5.56423 5.56077 5.76009 5.75334 5.7491 5.75451 5.77607 5.76545 5.74926 5.77256 5.74928 5.75554 5.74874 5.74256 5.76406 5.78736 5.77954 5.75338 5.75625 5.77031 5.75789 5.71604 5.75064 5.78381 5.79737
4.62588 4.63356 4.62108 4.62651 4.63068 4.61608 4.35809 4.56848 4.56936 4.5622 4.56025 4.59509 4.57967 4.63777 4.55744 4.59055 4.64299 4.5688 4.62415 4.52755 4.57726 4.60563 4.56327 4.55658 4.53286 4.5866 4.59465 4.55551 4.64652 4.67603
4.43004 4.42762 4.42912 4.43147 4.43342 4.42293 4.45283 4.47904 4.48324 4.45439 4.48648 4.46914 4.49604 4.51557 4.49891 4.43676 4.49458 4.46945 4.50068 4.47413 4.46756 4.4966 4.46357 4.47838 4.48512 4.51042 4.48857 4.48767 4.52441 4.56153
4.47956 4.47988 4.48019 4.4791 4.48022 4.47582 4.47305 4.51121 4.5165 4.52129 4.5166 4.5179 4.51021 4.51715 4.51865 4.5133 4.53923 4.51018 4.53592 4.50679 4.51954 4.50544 4.52158 4.50504 4.51789 4.52635 4.53591 4.48938 4.5196 4.53471
4.0658 4.21211 4.05799 4.13722 4.17905 4.053 4.37871 4.49923 4.57753 4.57413 4.55137 4.67878 4.59596 4.70728 4.51896 4.48501 4.8242 4.52028 4.67726 4.47154 4.59236 4.69499 4.5281 4.52524 4.54948 4.80643 4.74508 4.64184 4.85344 4.72142
4.29183 4.30124 4.29536 4.30019 4.3036 4.29379 4.301 4.36866 4.38076 4.37059 4.37678 4.37417 4.37992 4.45541 4.37045 4.38902 4.44842 4.36102 4.52155 4.35819 4.38585 4.38121 4.38192 4.36539 4.38139 4.3822 4.44319 4.16251 4.45099 4.46038
7.01464 7.05037 7.04745 7.05816 7.06614 7.05983 7.32414 7.3795 7.35496 7.36665 7.39398 7.28131 7.36139 7.52019 7.38172 7.329 7.50298 7.344 7.6562 7.45218 7.31355 7.27261 7.41175 7.37725 7.388 7.28638 7.42319 7.3455 7.25944 7.35696
148.142 148.147 148.187 148.166 148.157 148.333 147.722 147.306 147.199 147.233 147.189 147.318 146.983 146.943 146.947 146.08 146.309 147.237 146.305 146.725 146.987 147.167 146.964 146.992 146.849 147.16 146.716 146.713 147.493 146.423
92.6276 92.6689 92.6491 92.6832 92.6858 92.6459 93.1986 92.9768 93.0411 93.023 93.0095 93.1225 93.2382 92.9477 92.9181 93.0741 93.0983 93.0706 93.1886 92.6726 93.2957 93.1838 93.0994 92.8328 93.0347 93.0795 92.9068 92.6441 92.2347 92.9485
101.86 101.975 101.991 102.072 102.071 101.955 102.897 102.94 103.057 103.068 103.119 103.033 103.138 103.042 103.365 102.724 103.121 103.491 103.137 103.416 103.425 103.112 103.132 102.313 103.577 103.047 103.342 101.82 102.354 103.414
140.681 140.78 140.743 140.757 140.759 140.653 140.951 140.93 141.103 141.086 141.098 141.268 141.12 141.439 141.905 141.394 141.547 141.823 141.328 141.359 142.12 141.271 141.106 141.203 141.378 141.076 141.178 141.457 141.775 141.54
5.4653 5.4693 5.46896 5.46917 5.46963 5.468 5.48167 5.49545 5.50755 5.50554 5.50205 5.52111 5.54097 5.53205 5.51347 5.54873 5.56771 5.52145 5.54438 5.51807 5.54093 5.54992 5.5454 5.50311 5.53329 5.54499 5.52279 5.49131 5.53743 5.57344
4.47022 4.47501 4.47126 4.47275 4.47414 4.46801 4.49179 4.51167 4.49077 4.49454 4.4988 4.48866 4.4429 4.46153 4.45334 4.45339 4.4053 4.43595 4.48825 4.49365 4.41585 4.45507 4.48825 4.40253 4.38233 4.44802 4.31106 4.38286 4.36423 4.33606
14.2978 14.4055 14.3367 14.3512 14.3881 14.3306 13.8666 13.3354 13.2899 13.3184 13.3122 13.3351 13.2647 13.4635 13.2667 13.4766 13.3354 13.0625 13.4347 13.5481 13.2921 13.4239 13.398 13.5181 13.3436 13.159 13.2438 13.4865 13.9641 13.3394
4.56685 4.56127 4.56372 4.56396 4.56776 4.57012 4.50378 4.66518 4.66184 4.66593 4.6571 4.67226 4.65843 4.68451 4.63981 4.67345 4.66718 4.65046 4.6905 4.65306 4.52966 4.67287 4.65198 4.64812 4.65991 4.66735 4.61888 4.60971 4.66802 4.64793
4.35819 4.36039 4.35999 4.35992 4.36059 4.35873 4.34514 4.39717 4.39376 4.41324 4.40396 4.41656 4.39678 4.4195 4.42115 4.41792 4.4209 4.41688 4.41528 4.40138 4.41515 4.4205 4.42328 4.40541 4.41964 4.40882 4.43661 4.4023 4.42652 4.43721
4.63379 4.70571 4.74442 4.75626 4.73893 4.66658 5.25514 5.00691 5.04565 5.03938 5.07657 5.07687 5.09381 5.06591 5.16532 4.99286 5.06387 5.11334 5.11044 5.18508 5.17131 5.08169 5.08312 4.92865 5.16438 5.02235 5.09473 5.12236 4.815 5.22745
4.27136 4.26993 4.26917 4.27211 4.27349 4.27358 4.25165 4.37231 4.3665 4.37008 4.3665 4.37873 4.37533 4.35759 4.30572 4.37803 4.35651 4.31832 4.38447 4.36017 4.30711 4.38783 4.36576 4.36032 4.30761 4.37814 4.34557 4.07267 4.34292 4.28676
7.6135 7.61632 7.60814 7.61968 7.62361 7.61198 7.63619 7.62329 7.63789 7.65106 7.65116 7.66732 7.65037 7.65021 7.63578 7.66803 7.67007 7.63987 7.67099 7.64596 7.65252 7.66223 7.6313 7.60676 7.65605 7.62454 7.57783 7.61376 7.56044 7.64222
162.064 162.489 162.31 162.426 162.406 162.059 162.984 161.983 162.331 162.485 162.239 163.014 162.007 163.1 161.417 163.946 162.79 161.814 163.165 160.998 161.453 162.408 161.624 162.298 161.205 162.879 161.868 161.458 161.926 161.55
92.0384 92.0838 92.0401 92.0695 92.0594 92.045 92.3241 92.2136 92.2834 92.3038 92.2914 92.3457 92.296 92.2104 92.1876 92.0171 92.2609 92.2969 92.2426 91.9145 92.3091 92.3292 92.2584 91.6781 92.0106 92.1535 91.9513 91.2256 91.9136 92.0804
153.262 153.26 153.246 153.22 153.201 153.283 153.494 153.556 153.629 153.547 153.505 153.605 153.62 153.508 153.599 153.707 153.639 153.376 153.591 153.844 153.527 153.774 153.568 154.043 154.162 153.775 154.189 154.126 154.171 153.684
140.415 140.475 140.461 140.457 140.431 140.396 140.724 140.549 140.458 140.461 140.463 140.336 140.546 140.437 140.3 140.686 140.503 139.701 140.511 141.387 140.213 140.691 140.572 140.697 140.437 140.418 140.287 140.844 141.055 140.279
5.92475 5.92723 5.92652 5.92531 5.91966 5.92541 5.87532 6.3899 6.37405 6.38718 6.37193 6.38996 6.40358 6.39554 6.39007 6.47475 6.41382 6.37985 6.3916 6.41472 6.40398 6.42793 6.39827 6.48285 6.46026 6.43653 6.39434 6.49581 6.41346 6.42555
7.20809 7.21837 7.20725 7.19947 7.17623 7.19103 7.11116 6.94502 6.84813 6.90274 6.88863 6.94248 6.77932 6.85256 6.69667 6.89081 6.73877 6.32643 6.90445 7.06235 6.31408 6.95138 6.81333 7.11845 7.0075 6.91797 7.05302 7.05974 7.26109 6.34936
4.57605 4.57664 4.5794 4.57839 4.57634 4.58212 4.33457 4.63145 4.61659 4.63444 4.62188 4.64522 4.60593 4.62851 4.61478 4.58249 4.60157 4.61768 4.62451 4.62367 4.60454 4.61083 4.63064 4.60801 4.57418 4.58493 4.63812 4.59271 4.62951 4.59728
4.593 4.59437 4.5911 4.59419 4.59691 4.58783 4.69518 4.76818 4.76761 4.76583 4.77082 4.77535 4.75828 4.74765 4.7424 4.7101 4.74337 4.7005 4.75187 4.74753 4.71898 4.74883 4.74987 4.72758 4.70703 4.72464 4.80677 4.67661 4.84579 4.6701
4.49803 4.497 4.49758 4.4968 4.49853 4.49817 4.49899 4.61665 4.60951 4.61351 4.61599 4.60625 4.61648 4.61448 4.61406 4.62022 4.61638 4.64881 4.61393 4.61534 4.61296 4.61879 4.61554 4.62015 4.62195 4.62295 4.60558 4.61218 4.61851 4.60424
4.32908 4.32912 4.32787 4.32792 4.331 4.32906 4.28856 4.51862 4.52047 4.52444 4.51985 4.52576 4.53704 4.52901 4.52403 4.56684 4.54609 4.54654 4.52662 4.51095 4.53074 4.54532 4.52919 4.55622 4.53633 4.53297 4.58622 4.56611 4.56099 4.54819
8.11616 8.1318 8.11774 8.11557 8.09684 8.11588 8.10292 8.09969 8.07468 8.08345 8.06642 8.05893 8.1041 8.07673 7.98699 8.08553 8.12493 7.90396 8.08236 8.02888 7.90857 8.15401 8.0139 8.14074 8.01636 8.1863 8.47465 8.07832 8.21198 8.07816
93.2087 93.2137 93.1523 93.1466 93.1726 93.3238 92.8689 92.7969 92.9244 92.8934 92.9294 92.7699 93.0053 92.8625 92.8283 92.6965 92.8333 92.9934 92.8529 92.6365 92.7972 92.8522 92.8265 92.0664 92.326 92.9807 92.6044 91.7965 91.5855 92.7841
103.096 103.017 103.09 103.071 102.99 103.355 103.469 103.816 103.602 103.751 103.732 103.674 103.679 103.783 103.634 103.949 103.683 103.717 103.98 103.749 103.525 103.952 103.855 103.298 103.574 103.91 103.675 104.537 104.1 104.387
140.644 140.609 140.565 140.594 140.621 140.761 140.73 140.926 140.921 140.869 141.01 141.032 140.813 140.737 141.139 141.346 140.771 140.769 141.047 141.429 140.816 141.212 140.909 142.095 141.245 140.843 141.745 143.092 142.598 140.981
5.54517 5.54422 5.54247 5.53995 5.54088 5.55646 5.47919 5.4657 5.46553 5.47058 5.45605 5.48785 5.48504 5.49206 5.49831 5.47055 5.50078 5.48463 5.48418 5.51389 5.49272 5.46964 5.48976 5.52108 5.46411 5.46696 5.53571 5.52417 5.42034 5.50522
4.66843 4.66127 4.65389 4.64637 4.65567 4.70558 4.25658 4.48876 4.4673 4.52073 4.47513 4.52362 4.46138 4.53063 4.42136 4.47651 4.51529 4.53987 4.51979 4.57834 4.49563 4.43263 4.53946 4.37558 4.31843 4.47756 4.60392 4.3002 4.41062 4.56074
13.9611 13.9506 13.9144 13.9988 13.9824 13.8787 13.2768 13.2458 13.2529 13.2571 13.2811 13.2594 13.3382 13.197 13.191 13.2051 13.2329 13.1734 13.3288 13.5175 13.3789 13.4247 13.2012 13.6723 13.3623 13.2637 13.5192 13.1798 14.2425 13.2249
4.39631 4.39583 4.39511 4.39467 4.39521 4.3973 4.38802 4.43336 4.43321 4.43437 4.42695 4.44382 4.43967 4.44089 4.43302 4.45398 4.44411 4.4368 4.43118 4.4453 4.43102 4.45212 4.4281 4.44535 4.40139 4.44461 4.42776 4.46873 4.44063 4.43814
5.02917 4.97691 4.99413 5.00231 4.9735 5.13766 5.35981 5.22308 5.21017 5.19712 5.20708 5.2181 5.05904 5.16236 5.18868 5.19856 5.12221 5.18074 5.21266 5.21027 5.04928 5.18836 5.19 5.10906 5.2449 5.14806 5.58629 5.1654 5.69596 5.17402
7.55785 7.54297 7.55248 7.55215 7.54921 7.58328 7.56835 7.49996 7.51741 7.49148 7.50664 7.53523 7.45368 7.48043 7.51869 7.51054 7.47004 7.50457 7.5294 7.45882 7.45811 7.48542 7.50104 7.64782 7.56688 7.43831 7.71167 7.68307 7.68053 7.4934
164.322 164.448 164.317 164.259 164.355 164.128 162.19 161.713 161.865 161.886 161.982 161.954 162.157 162.505 162.664 161.794 162.03 161.963 161.827 162.088 161.76 161.435 161.94 159.52 160.421 162.268 160.25 158.3 156.727 161.877
92.5307 92.4882 92.4539 92.4618 92.4963 92.6293 92.3167 92.1903 92.2069 92.3592 92.3141 92.3424 92.2002 92.4655 92.5583 92.4228 92.4467 92.4219 92.1412 92.49 92.2347 91.735 92.6406 91.2307 91.7708 92.6744 92.7395 91.6599 91.4988 92.4046
137.188 137.267 137.217 137.206 137.165 137.164 137.295 137.629 137.852 137.247 138.211 137.118 138.112 137.046 137.759 137.123 137.112 137.209 137.783 137.304 137.351 138.237 137.083 139.86 137.578 137.22 137.893 138.937 140.419 136.679
12.642 12.7285 12.641 12.6341 12.6297 12.5724 12.4752 12.1657 12.3399 12.1998 12.2377 12.2085 12.2345 12.2828 12.3106 12.2254 12.1624 12.1791 12.2092 12.3535 12.0046 12.3171 11.9691 12.9974 12.1886 12.1399 12.3261 12.4894 12.8591 12.3346
5.67316 5.68021 5.67741 5.67252 5.67273 5.68491 5.55602 5.83234 5.85763 5.82902 5.85987 5.84891 5.89636 5.82041 5.84523 5.82821 5.81924 5.82861 5.85745 5.7952 5.82382 5.89764 5.82224 5.88924 5.8612 5.82905 5.84356 5.90946 5.98213 5.80218
4.59925 4.59611 4.59429 4.59909 4.6019 4.60376 4.17287 4.56665 4.61227 4.59184 4.63009 4.58936 4.68896 4.5989 4.57666 4.60581 4.58245 4.58521 4.57644 4.54009 4.59385 4.65268 4.58477 4.59453 4.50707 4.56928 4.50113 4.5452 4.47183 4.66679
4.47636 4.47365 4.47677 4.47326 4.47238 4.47574 4.46801 4.53336 4.49736 4.50814 4.54792 4.50073 4.54315 4.51701 4.53062 4.4912 4.50486 4.51432 4.53095 4.48936 4.51478 4.51416 4.52403 4.57975 4.46515 4.54398 4.45441 4.5644 5.33108 4.44039
4.31494 4.31581 4.3151 4.31483 4.31613 4.31467 4.31827 4.38733 4.48669 4.39755 4.46775 4.41367 4.48092 4.40294 4.53201 4.39694 4.40601 4.39739 4.37886 4.36591 4.37823 4.45868 4.42041 4.45486 4.37096 4.43685 4.43814 4.22175 4.38001 4.35964
7.71295 7.71742 7.72055 7.70714 7.69772 7.71269 7.73079 7.79528 7.85108 7.79333 7.83134 7.80149 7.83039 7.77489 7.82899 7.75853 7.7895 7.81579 7.76349 7.65899 7.75928 7.82701 7.84237 8.06805 7.75299 7.83526 8.00845 7.7778 7.92726 7.6974
147.136 147.15 147.077 147.111 147.089 146.893 147.533 146.184 145.978 146.326 145.862 146.365 146.058 146.031 146.109 145.775 146.008 146.069 146.532 146.49 145.277 145.668 146.097 146.289 146.14 145.905 147.166 146.026 147.329 145.17
92.8745 92.8055 92.8033 92.8663 92.8817 92.8847 93.2812 93.0296 92.9418 93.0218 92.7311 92.932 92.8981 93.1974 93.0272 93.135 93.0796 93.1628 92.928 93.0888 92.8455 91.9654 92.8203 92.2692 92.2837 92.7473 92.7595 92.2124 92.0039 92.6471
102.793 102.733 102.734 102.747 102.721 102.749 103.486 103.605 103.872 103.627 103.863 103.682 103.833 103.687 103.978 103.82 103.735 103.635 103.375 103.409 102.369 104.718 103.605 103.669 103.434 104.362 103.95 104.447 105.058 103.49
140.189 140.364 140.376 140.055 139.968 140.07 140.978 140.948 141.248 140.902 141.325 140.988 141.416 140.921 141.37 140.985 140.916 140.844 140.882 140.628 141.068 142.224 141.24 142.114 141.913 141.532 141.252 141.597 141.051 142.4
5.55543 5.56148 5.56389 5.55587 5.55443 5.55814 5.55442 5.5609 5.54993 5.56761 5.55955 5.56743 5.60413 5.56265 5.5478 5.57128 5.56674 5.55912 5.57401 5.5328 5.58783 5.6499 5.46847 5.51398 5.55956 5.50974 5.48754 5.40062 5.62561 5.55932
4.58045 4.57493 4.57455 4.58528 4.58747 4.58555 4.46195 4.46024 4.28244 4.4846 4.29262 4.4789 4.39603 4.47246 4.38093 4.48374 4.48914 4.4579 4.46344 4.49233 4.4672 4.38848 4.27145 4.30758 4.56314 4.22568 4.24607 4.36264 4.64673 4.56691
11.897 11.8229 11.7772 11.8283 11.8097 11.8292 11.1608 11.3366 11.3137 11.3134 11.478 11.5316 11.4072 11.3388 11.3133 11.3484 11.1958 11.232 11.7079 11.6393 13.9671 12.3295 11.8666 14.3983 12.1151 11.5906 11.6109 13.4008 12.4585 14.4136
4.54498 4.53785 4.53951 4.54603 4.54497 4.54441 4.51582 4.62862 4.61277 4.63889 4.59845 4.63632 4.6347 4.63366 4.61379 4.63281 4.61995 4.63904 4.63581 4.61217 4.67116 4.68771 4.58787 4.6489 4.60607 4.57824 4.57741 4.63669 4.66059 4.71237
4.37806 4.37902 4.37824 4.37934 4.37983 4.37942 4.40159 4.43161 4.44179 4.43077 4.44195 4.43848 4.44185 4.43341 4.43465 4.42124 4.42351 4.42376 4.43427 4.42041 4.45404 4.4464 4.42822 4.4263 4.41511 4.42621 4.45381 4.43741 4.40983 4.42181
4.83617 4.81701 4.81517 4.81595 4.8189 4.83466 5.1933 5.18122 5.34915 5.18043 5.22512 5.22188 5.20287 5.18217 5.25163 5.24417 5.21589 5.17132 5.16512 5.12667 4.79717 5.7557 5.1256 5.31157 5.51669 5.51126 5.18985 5.21638 6.04543 5.17214
4.34214 4.34738 4.34396 4.34298 4.34574 4.34661 4.25748 4.56494 4.62614 4.5627 4.63053 4.59957 4.65873 4.55891 4.60549 4.56302 4.55911 4.56563 4.58873 4.54721 4.53709 4.56705 4.61632 4.5259 4.57731 4.59072 4.62918 4.46645 4.42459 4.51681
4.27586 4.26774 4.27008 4.27274 4.27184 4.27233 4.21525 4.3476 4.32574 4.36382 4.30509 4.35125 4.33163 4.37156 4.30609 4.36904 4.36374 4.36116 4.33903 4.35482 4.39635 4.35876 4.31126 4.34008 4.31736 4.27646 4.50485 4.37769 4.37813 4.317
7.55869 7.56519 7.56554 7.54319 7.53301 7.53331 7.65327 7.63169 7.66774 7.62466 7.6209 7.61908 7.58992 7.63396 7.65528 7.64318 7.65393 7.62249 7.60897 7.61229 7.63374 7.82375 7.51762 7.70208 7.62604 7.64575 7.53214 7.55907 7.30548 7.73946
157.675 157.582 157.485 157.505 157.426 157.517 158.911 158.285 158.34 158.151 157.506 157.828 158.448 158.017 157.712 157.656 158.203 158.088 158.286 157.411 165.023 160.565 158.156 162.853 158.782 155.808 157.739 159.453 154.078 165.127
90.8905 90.809 90.8409 90.9124 90.9154 90.8863 91.4001 91.3413 91.2326 91.4425 90.8718 91.2566 91.5687 91.485 91.5281 91.4909 91.7318 91.4509 91.1017 91.2315 91.2398 91.5216 91.3046 90.9046 91.0852 89.2862 91.1645 91.4385 91.4623 91.472
137.116 137.165 137.195 137.047 137.019 137.074 137.464 137.675 137.492 137.38 137.565 137.176 137.484 137.342 137.572 137.457 137.165 137.216 137.56 137.472 137.386 139.784 138.866 139.21 138.562 139.562 137.296 139.042 140.333 138.393
10.4009 10.3711 10.3442 10.3927 10.4238 10.4229 9.16687 10.2168 10.4469 10.3105 10.3358 10.4728 10.2177 10.2758 10.1331 10.1871 10.3913 10.1464 10.5051 10.6041 10.5746 11.1633 10.0225 10.5014 12.026 10.6233 10.8191 10.7322 10.8629 10.9037
5.27287 5.20295 5.28569 5.30485 5.31172 5.2687 5.56972 5.71079 5.7277 5.66364 5.82831 5.94719 5.75279 5.71225 5.74563 5.7114 5.69194 5.7263 6.07742 6.03027 5.3983 5.83395 5.8499 5.84301 5.89429 5.68545 5.74348 5.91736 6.01305 5.9459
4.60843 4.6049 4.60938 4.61252 4.6136 4.61041 4.2105 4.51058 4.47878 4.5211 4.51671 4.46816 4.53055 4.49953 4.51581 4.49753 4.54916 4.47376 4.45605 4.47504 4.61938 4.62276 4.64617 4.68112 4.4123 4.59436 4.62477 4.59365 4.74493 4.35332
4.56356 4.56438 4.5632 4.56331 4.56344 4.5644 4.52277 4.56688 4.48831 4.57459 4.56978 4.54565 4.595 4.57357 4.60433 4.5763 4.58557 4.56224 4.5594 4.55794 4.63452 5.73431 4.59266 4.58637 4.61095 4.70672 4.59344 4.5922 4.72034 5.67813
4.40063 4.40113 4.40266 4.40088 4.39883 4.39842 4.42124 4.41269 4.45274 4.40727 4.42448 4.42128 4.43751 4.41615 4.44613 4.437 4.42043 4.43465 4.42835 4.42196 4.46426 4.4405 4.46338 4.46921 4.15689 4.43211 4.24782 4.47071 4.45818 4.51632
4.42582 4.43463 4.44578 4.4366 4.43407 4.42133 4.32058 4.46023 4.5763 4.61659 4.46838 4.58507 4.45805 4.57193 4.40354 4.55796 4.64752 4.50889 4.51279 4.56731 4.67775 4.63145 4.50975 4.60519 4.40356 4.43445 4.07836 4.5411 4.74246 4.63172
4.09751 4.09645 4.09928 4.09817 4.09404 4.09265 4.19667 4.22867 4.35564 4.22145 4.25516 4.22064 4.25195 4.22572 4.23133 4.23291 4.25364 4.25979 4.24959 4.22697 4.36433 4.57416 4.29824 4.33261 4.30505 4.33764 4.22792 4.32985 4.2001 4.43701
7.57057 7.60135 7.59412 7.56955 7.56151 7.56847 7.65927 7.73407 7.83491 7.70632 7.72826 7.78084 7.65156 7.69531 7.62791 7.73056 7.68938 7.78891 7.90193 7.79985 7.87994 8.19171 7.92847 7.90786 8.12038 7.74505 7.6542 7.91468 8.02546 7.40411
145.639 145.559 145.607 145.479 145.424 145.431 145.468 145.44 145.867 145.14 145.166 144.935 144.453 145.104 143.926 144.884 145.748 145.445 145.317 145.11 145.441 142.98 143.43 143.662 147.997 144.799 144.284 144.115 144.741 145.998
90.9799 90.9846 90.9787 90.975 90.9797 90.9868 91.057 91.126 91.2543 91.1454 90.9877 91.0836 91.189 91.1664 91.3058 91.1452 91.2866 91.2692 91.1576 91.2393 91.1306 90.7826 91.518 91.5768 90.6815 90.7563 91.2619 91.4545 91.0995 91.1694
154.993 155.009 155.022 155.015 155.02 155.016 155.064 154.306 154.664 154.492 154.591 154.565 154.555 154.355 154.441 154.317 154.56 154.434 154.079 154.427 154.466 155.211 155.243 156.063 155.064 154.179 154.721 155.334 154.798 154.872
140.945 140.874 140.869 140.919 140.865 140.867 141.344 141.896 141.893 141.987 142.008 141.745 141.863 141.916 142.09 142.012 141.701 141.89 141.881 141.984 143.049 141.241 139.957 139.608 142.66 143.078 142.564 141.061 142.007 142.91
5.87106 5.86971 5.87227 5.86598 5.86953 5.8675 5.8669 6.38563 6.39534 6.36742 6.39253 6.38552 6.37577 6.37938 6.37544 6.37889 6.38927 6.37854 6.36961 6.35027 6.56195 6.24545 6.41229 6.46822 6.47059 6.46188 6.44953 5.85684 6.4049 7.08812
7.90159 7.90475 7.90634 7.90426 7.90663 7.90293 7.95254 7.16037 7.35765 7.30534 7.22773 7.23184 7.31839 7.19032 7.22814 7.18499 7.36037 7.21127 7.11776 7.19457 8.01976 7.92904 7.71377 7.54687 7.54338 7.0859 7.52599 7.52869 7.54333 7.55078
4.5978 4.61251 4.62773 4.62695 4.62974 4.62541 4.28061 4.66896 4.57584 4.61084 4.60032 4.6726 4.60309 4.64341 4.60928 4.66999 4.58482 4.62484 4.70422 4.75372 4.57633 4.57262 4.66288 4.673 4.48824 4.52926 4.51349 4.51254 4.67432 4.42
4.68495 4.67966 4.6951 4.70214 4.70112 4.69522 4.5688 4.81073 4.76462 4.80852 4.82124 4.8219 4.81225 4.80889 4.80201 4.82236 4.81081 4.78865 4.81215 4.83791 3.5443 4.87545 4.82411 4.83772 4.80266 4.44192 4.88279 4.70954 4.93535 4.8919
4.39131 4.3914 4.39043 4.39293 4.39163 4.39222 4.39119 4.50653 4.491 4.49997 4.50803 4.50235 4.50567 4.5027 4.49596 4.50105 4.50886 4.49488 4.50344 4.50173 4.50732 4.54458 4.47541 4.55594 4.55034 4.52668 4.53954 4.45613 4.55959 4.48144
4.13114 4.12952 4.12717 4.13325 4.1304 4.13181 4.11191 4.38554 4.34733 4.36749 4.43216 4.34031 4.3856 4.37083 4.35518 4.36999 4.39514 4.33241 4.35104 4.35267 4.72557 4.42955 4.38985 4.45651 4.44426 4.26162 4.6277 4.42468 4.53272 4.41293
8.00201 7.99186 7.98964 7.99225 7.98928 7.98499 8.13284 8.37756 8.41712 8.41224 8.21493 8.38139 8.42971 8.34938 8.45656 8.38934 8.3176 8.42351 8.40467 8.39295 8.26947 8.05318 7.93046 7.69709 8.29329 8.30359 8.57676 8.08306 8.32017 8.16946
91.6726 91.7009 91.6853 91.6689 91.6719 91.6921 91.3755 91.7379 91.6544 91.5202 91.7115 91.5985 91.5692 91.7626 91.6804 91.6686 91.6391 91.7518 91.6894 91.7634 91.9669 91.012 92.1964 90.9483 90.753 90.9366 91.0788 91.0296 91.205 91.2612
153.831 153.734 153.773 153.873 153.805 153.778 154.222 154.082 154.201 154.16 154.302 154.808 154.392 154.106 154.207 154.274 154.601 154.293 155.114 154.762 154.632 155.557 155.336 155.487 152.709 155.465 154.218 154.708 154.422 155.246
5.48902 5.45525 5.44236 5.44655 5.43953 5.44284 5.19674 6.20201 6.12567 6.22732 6.17469 6.17203 6.18851 6.20326 6.21866 6.22779 6.17038 6.19622 6.26805 6.20737 6.30533 6.26786 5.54753 5.95602 6.58145 5.91656 6.37395 6.24573 6.29105 6.43723
8.07286 8.00814 7.99926 8.03511 8.02559 8.01709 7.71157 7.11358 7.20348 7.16649 7.08985 7.3839 7.31592 7.1153 7.29551 7.22548 7.28212 7.20353 7.41848 7.42428 7.38831 7.93655 7.17134 8.36119 6.75136 7.94064 7.09452 7.69866 7.33883 7.99713
4.52522 4.52283 4.52804 4.52576 4.53391 4.52532 4.19723 4.71542 4.68742 4.71959 4.73284 4.62901 4.72483 4.73276 4.72388 4.6898 4.71993 4.68811 4.62294 4.68622 4.68282 4.43123 4.73742 4.59507 4.66797 4.71275 4.74586 4.99415 4.74111 4.98715
4.85179 4.83058 4.84636 4.84781 4.84716 4.84501 4.55356 4.81138 4.79589 4.82181 4.86128 4.7752 4.79687 4.82808 4.82708 4.83296 4.91868 4.77394 4.79317 4.7949 4.95607 4.78874 4.76234 4.84595 4.35079 4.91293 4.83926 4.88734 4.81992 4.76678
4.39477 4.39263 4.39331 4.39512 4.39455 4.39202 4.36915 4.50915 4.50272 4.5165 4.51245 4.50498 4.50168 4.51258 4.51557 4.51455 4.49298 4.50548 4.5106 4.50268 4.47963 4.52705 4.48279 4.52336 4.51299 4.38352 4.54746 4.49966 4.49216 4.49101
4.41394 4.38141 4.35507 4.38338 4.3833 4.37642 4.24721 4.57035 4.7306 4.68437 4.59563 4.50626 4.61105 4.59602 4.62048 4.58246 4.67775 4.60785 4.48187 4.52451 4.30265 4.58813 4.3637 4.39904 4.36341 4.50044 4.76182 4.65035 4.17269 4.46383
4.10856 4.11488 4.12137 4.12083 4.12027 4.1128 4.01223 4.2904 3.95884 4.2873 4.3094 4.38053 4.25373 4.30936 4.30015 4.3331 3.6437 4.28648 4.38129 4.37583 4.4187 4.3798 4.40862 4.45629 4.55791 4.41742 4.4987 4.30946 4.43823 4.43268
7.773 7.76664 7.73046 7.72438 7.70839 7.71963 7.76397 7.53979 7.61693 7.51941 7.45219 7.48575 7.61325 7.55356 7.53498 7.49595 7.68908 7.4925 7.60889 7.4295 7.69163 8.02072 7.4119 7.93988 8.1303 7.69126 8.03597 7.70382 7.98438 7.85354
92.1655 92.2152 92.1968 92.1233 92.1281 92.2011 91.9583 92.0668 92.1373 92.0525 92.0477 91.9566 91.7706 92.0169 91.9209 92.2108 91.9303 92.2586 91.7127 92.1944 90.6625 91.0579 91.0139 90.2436 91.0604 90.7972 91.7455 90.6863 91.8161 91.3684
154.43 154.44 154.426 154.405 154.4 154.399 155.232 154.969 154.902 155.053 155.195 154.965 155.148 155.089 155.056 155.214 155.15 155.126 154.708 154.761 155.062 155.829 155.229 154.586 155.099 155.367 154.918 155.354 154.3 154.808
140.068 140.106 140.122 140.016 139.976 140.049 141.239 140.49 140.562 140.73 140.321 140.926 141.22 140.577 141.268 141.042 140.825 140.89 140.642 140.488 140.967 141.144 142.224 142.17 140.05 142.431 139.883 141.877 139.457 141.774
5.87576 5.8835 5.87848 5.87049 5.86716 5.8743 5.76996 6.35885 6.33616 6.3411 6.33063 6.28696 6.33254 6.33472 6.36116 6.34328 6.30114 6.33903 6.11008 6.28039 5.81105 6.41047 5.65823 6.37995 5.91603 6.43995 6.34918 6.25848 6.17808 6.12815
8.09898 8.06671 8.09448 8.11147 8.1211 8.09306 8.12842 7.70282 7.68274 7.73989 7.8169 7.71078 7.85599 7.77884 7.86568 7.84186 7.75136 7.71316 7.58375 7.60473 7.51659 7.56335 7.67346 8.93913 7.71437 7.69653 7.56547 7.7296 7.54857 8.12701
4.85365 4.87763 4.88001 4.85597 4.86194 4.86239 4.1701 4.82948 4.7089 4.6901 4.64482 4.68402 4.61412 4.66158 4.62499 4.6354 4.67603 4.70626 4.6547 4.82361 4.71823 4.87955 4.46678 4.60196 4.53759 4.58745 4.76454 4.61578 4.72343 4.60401
4.73279 4.72739 4.7255 4.73508 4.74061 4.72854 4.57358 4.79892 4.80621 4.80854 4.76366 4.82777 4.83086 4.78937 4.84291 4.79926 4.8172 4.81284 4.78242 4.82069 4.90444 4.97697 4.77014 4.84837 4.75691 4.89131 4.78016 4.68122 4.75392 4.77237
4.48304 4.48381 4.48485 4.48665 4.48845 4.48164 4.45607 4.58117 4.58017 4.5771 4.56435 4.56779 4.56542 4.57463 4.58266 4.57728 4.57433 4.5757 4.57303 4.58323 4.66944 4.58224 4.62576 4.62394 4.26763 4.59746 4.57358 4.54486 4.56306 4.64274
4.2973 4.29704 4.297 4.30228 4.30591 4.29311 4.2322 4.47093 4.47356 4.47443 4.46741 4.46387 4.45716 4.46524 4.48102 4.48207 4.46532 4.48765 4.51265 4.47025 4.44395 4.40263 4.42297 4.38689 4.40534 4.46095 4.46945 4.44996 4.50421 4.40788
8.12879 8.12299 8.11627 8.12749 8.12578 8.12848 8.11815 7.80245 7.8744 7.8661 7.61804 7.89683 7.8987 7.76649 7.9047 7.82953 7.82088 7.95706 7.98097 7.84319 8.17169 7.75693 8.14344 8.07832 7.73772 7.67695 7.65487 8.21612 7.50941 8.15312
136.165 136.195 136.19 136.177 136.208 136.326 136.981 137.323 137.437 137.784 138.567 138.406 138.624 138.387 138.214 138.73 138.004 137.59 136.89 136.699 138.651 139.358 138.235 135.055 138.078 139.261 136.482 138.984 136.534 139.792
10.9205 10.9345 10.9433 10.9219 10.9175 10.9115 11.0731 10.9365 11.0502 11.0489 10.7127 11.0701 11.0112 11.0768 10.8466 10.973 11.0522 10.9902 11.036 11.0254 11.322 9.95389 10.5926 10.9591 11.3517 10.8629 10.9307 10.9791 11.5402 11.0604
5.38515 5.38642 5.40346 5.4091 5.40811 5.41103 4.32157 5.17463 5.05542 4.80752 4.84469 5.26555 3.9805 4.85491 4.10097 4.45974 4.47282 4.78242 5.66813 5.56277 5.674 5.77409 5.58453 5.58516 5.80236 5.67884 5.56445 5.78118 5.33149 5.81398
4.52325 4.51521 4.51277 4.51639 4.5172 4.51249 4.17 4.53406 4.59476 4.55161 4.56327 4.55821 4.56193 4.55042 4.52911 4.542 4.56055 4.52085 4.53933 4.51477 4.54319 4.8875 4.60153 4.05058 4.57779 4.73186 4.56849 4.60677 4.76761 4.51166
4.47526 4.4714 4.46818 4.46792 4.47497 4.46962 4.44716 4.48955 4.51364 4.4845 4.50107 4.49529 4.52331 4.48474 4.49802 4.51222 4.47781 4.50098 4.47678 4.46627 4.51855 4.48928 4.51601 4.54427 4.53643 4.53264 4.49348 4.44042 4.52777 4.69764
4.24949 4.24669 4.24562 4.23881 4.23933 4.22801 4.24868 4.34698 4.36374 4.36988 4.40871 4.47912 4.4668 4.48094 4.45175 4.60326 4.3766 4.34968 4.32495 4.34049 4.45639 4.15923 4.39117 4.34651 4.30588 4.38858 4.35068 4.5004 4.49817 4.53189
7.33102 7.34929 7.36614 7.31219 7.29518 7.31737 7.57486 7.706 7.68693 7.79966 7.84345 7.86708 7.96646 7.84947 7.97129 7.99225 7.84653 7.76747 7.54508 7.60524 7.455 7.34864 7.67522 7.19093 7.53537 7.95044 7.59283 7.61639 7.28361 7.77781
147.258 147.214 147.221 147.209 147.219 147.211 147.139 146.797 147.541 146.994 146.515 147.057 146.528 146.998 145.771 146.678 146.969 146.945 147.015 147.1 145.452 144.123 145.96 144.615 146.403 146.306 147.123 145.095 147.452 145.463
92.9227 92.929 92.9498 92.9384 92.962 92.9874 93.1901 93.0793 93.0592 93.1444 93.0881 93.1673 93.2454 93.2407 93.3284 93.2584 93.2123 93.0917 93.1033 93.1327 92.6169 92.5234 93.0967 92.8287 93.3157 93.0339 92.9719 92.4494 92.831 92.641
97.9532 97.8653 97.8126 97.8234 97.8937 98.1189 97.7234 96.8987 96.5565 96.4254 96.4664 96.5157 96.4255 96.5274 97.0236 97.121 96.6065 96.8946 96.8252 96.5419 95.0743 98.754 98.6442 96.6401 99.3912 97.4396 97.1075 99.8238 100.825 99.5091
139.7 139.689 139.661 139.73 139.668 139.696 140.172 140.456 140.598 140.597 140.73 140.767 140.591 140.773 140.529 140.586 140.47 140.65 140.71 140.829 140.926 143.138 140.89 141.023 141.203 141.094 140.668 142.334 141.082 142.186
5.43904 5.42982 5.42436 5.43375 5.43338 5.43273 5.49924 5.52247 5.56963 5.5449 5.56687 5.55951 5.56555 5.58053 5.56538 5.59192 5.55888 5.56509 5.54058 5.52986 5.54832 5.58176 5.69861 5.58287 5.4824 5.67837 5.52959 5.64069 5.6781 5.42221
4.51226 4.50533 4.50948 4.50625 4.50402 4.49923 4.39321 4.44388 4.44244 4.45211 4.45094 4.45584 4.46175 4.45686 4.43415 4.45415 4.45489 4.4267 4.44473 4.44152 4.45112 4.41356 4.43787 4.26737 4.44977 4.46871 4.3764 4.63418 4.13602 4.55396
4.43644 4.42855 4.4237 4.42423 4.42585 4.42746 4.44241 4.48867 4.51532 4.49385 4.50379 4.49724 4.50227 4.49864 4.50241 4.50191 4.49325 4.50216 4.48414 4.5057 4.50206 4.44844 4.43646 4.48296 4.46261 4.44424 4.49823 4.50692 4.40513 4.4942
5.01545 4.95726 4.93735 4.959 4.98531 4.97552 5.47119 5.14421 5.14809 5.10735 5.1365 5.13432 5.10808 5.0902 5.1281 5.15683 5.12972 5.11794 5.09555 4.9986 4.90254 5.88078 5.32336 4.80077 5.49051 5.31788 5.18799 5.71084 5.7914 5.69938
7.36665 7.35992 7.3521 7.37022 7.3638 7.36483 7.42531 7.50349 7.53009 7.53273 7.5591 7.53387 7.53686 7.54553 7.53248 7.51928 7.53672 7.49945 7.51799 7.55836 7.47128 7.70522 7.51438 7.50506 7.46888 7.61088 7.52674 7.69445 7.56969 7.49612
92.5475 92.5064 92.5385 92.519 92.5421 92.6367 92.5216 92.4592 92.3811 92.5615 92.5287 92.4909 92.5824 92.6605 92.5985 92.7514 92.7452 92.5426 92.4582 92.353 92.3054 92.6008 92.6272 92.3421 92.2534 92.8332 91.942 91.9324 91.5238 92.0207
153.376 153.351 153.359 153.334 153.312 153.532 153.27 153.618 153.667 153.596 153.629 153.654 153.717 153.453 153.594 153.494 153.493 153.679 153.64 153.691 153.683 154.179 153.511 153.96 154.127 153.412 154.026 154.385 154.563 153.091
140.097 140.125 140.103 140.121 140.131 140.168 140.748 139.871 139.868 139.906 139.916 140.038 139.833 139.868 139.907 139.648 139.572 139.745 140.086 139.813 139.62 139.945 139.955 140.81 140.258 139.935 140.606 140.647 141.302 139.509
5.9426 5.93741 5.93639 5.93669 5.93923 5.9391 5.93864 6.40043 6.39439 6.39414 6.4005 6.4128 6.38857 6.40358 6.39029 6.42352 6.39245 6.42451 6.39251 6.38403 6.42117 6.27932 6.36184 6.40304 6.38761 6.43487 6.4598 6.37895 6.28605 6.36
7.2395 7.25965 7.23655 7.26004 7.23351 7.19176 7.49633 6.95535 6.93142 6.9245 6.91208 6.9375 6.94712 6.8654 6.93839 6.84292 6.8786 6.95962 6.9958 7.04744 6.93451 6.95701 6.83115 7.29656 7.13416 6.85083 7.1476 7.42156 7.41472 7.06384
4.5553 4.55321 4.55367 4.5523 4.55432 4.55212 4.19783 4.63742 4.6365 4.63307 4.62725 4.64235 4.6157 4.62583 4.62866 4.63062 4.60437 4.59539 4.63475 4.62204 4.58645 4.59146 4.62005 4.64641 4.63685 4.58852 4.6354 4.59595 4.61249 4.60611
4.57222 4.57145 4.57133 4.57431 4.57368 4.57063 4.4972 4.75649 4.75071 4.76115 4.74894 4.75701 4.74726 4.75401 4.75686 4.75026 4.72286 4.70148 4.75818 4.77329 4.73564 4.75075 4.73992 4.84397 4.77908 4.72855 4.7547 4.86373 4.81329 4.72269
4.48591 4.48345 4.48405 4.48217 4.48389 4.4853 4.47755 4.5945 4.60106 4.59386 4.59697 4.59492 4.59997 4.60561 4.59467 4.60122 4.59768 4.59762 4.59473 4.60271 4.59521 4.64145 4.56036 4.61232 4.58974 4.58874 4.59371 4.59845 4.66823 4.5783
4.30816 4.30409 4.30141 4.30028 4.30308 4.30185 4.2666 4.49521 4.4865 4.49254 4.4957 4.49694 4.48652 4.49907 4.48709 4.50014 4.49195 4.51752 4.49836 4.48573 4.50117 4.46154 4.45891 4.50047 4.49089 4.49793 4.52814 4.56121 4.50885 4.55768
8.15051 8.16254 8.17062 8.1475 8.12877 8.12708 8.13045 7.97266 7.91466 7.99375 7.97587 7.96889 7.93487 7.9357 7.90621 7.93157 7.94826 7.95866 7.95955 7.82954 7.95784 8.07283 7.91315 8.17436 8.01377 8.00175 8.00466 8.19513 8.00922 8.31471
92.7784 92.7767 92.7785 92.7735 92.769 92.8472 92.9699 92.6305 92.6193 92.7735 92.8068 92.7192 92.6811 92.8458 92.8871 92.8385 92.7715 92.8715 92.6796 92.4862 92.9233 92.741 92.7988 92.0758 92.6018 92.852 92.2334 92.2441 92.552 92.3899
102.427 102.396 102.375 102.417 102.333 102.634 103.681 103.492 103.598 103.601 103.559 103.612 103.465 103.506 103.413 103.559 103.462 103.351 103.689 103.43 103.76 103.417 103.552 102.691 103.796 103.544 103.712 104.519 103.025 103.052
140.603 140.624 140.614 140.62 140.603 140.707 140.32 140.651 141.188 140.669 140.657 140.802 141.297 140.6 140.832 140.782 141.198 140.986 140.806 141.206 140.972 140.57 140.694 142.176 141.518 140.601 141.059 142.468 141.462 142.206
5.43889 5.44024 5.43817 5.43518 5.4353 5.43888 5.42382 5.43355 5.4063 5.42616 5.42712 5.4374 5.39112 5.42725 5.44024 5.43709 5.39726 5.40195 5.43534 5.46777 5.43086 5.46505 5.42182 4.90466 5.4813 5.39912 5.48364 4.97272 5.35732 4.85304
4.50163 4.5173 4.51158 4.50672 4.50177 4.49397 4.22128 4.47581 4.34852 4.47521 4.46513 4.4675 4.35878 4.47501 4.45978 4.47607 4.36142 4.43731 4.49546 4.45679 4.3953 4.43156 4.45702 4.39341 4.40877 4.39066 4.29624 4.47539 4.52247 4.37615
13.9039 13.7932 13.8093 13.9642 14.135 13.9115 12.9511 13.0571 12.9595 13.0484 13.0444 13.1063 12.9806 13.0722 12.8807 13.0542 12.9628 12.7962 12.9577 13.225 12.6443 13.2514 12.9667 13.6754 12.5242 13.2704 12.917 12.2378 13.6425 12.9419
4.50591 4.50598 4.50566 4.50214 4.50407 4.50653 4.49761 4.61365 4.63677 4.60744 4.60789 4.61891 4.62543 4.60448 4.60322 4.61091 4.6323 4.58816 4.60483 4.61747 4.59457 4.6087 4.60502 4.57276 4.64442 4.61836 4.60017 4.56383 4.59823 4.59545
4.3467 4.34854 4.34742 4.34704 4.34548 4.34679 4.35063 4.39056 4.38488 4.39598 4.3979 4.40273 4.38268 4.38729 4.3996 4.39721 4.37927 4.39672 4.39597 4.39642 4.40549 4.4069 4.36154 4.43846 4.41505 4.39404 4.40704 4.39003 4.41465 4.41003
4.95057 4.91103 4.91487 4.94156 4.89339 5.04178 5.18909 5.03978 5.13859 5.11302 5.1054 5.08023 5.24756 5.11173 5.02274 5.10264 5.21031 5.23495 5.10808 5.13095 5.18971 4.88673 5.11068 5.36487 5.09611 5.14338 4.78018 5.59193 5.31559 5.44531
7.52995 7.52558 7.52743 7.53001 7.52919 7.55421 7.36209 7.46083 7.4319 7.4857 7.47591 7.49027 7.48408 7.46121 7.45522 7.47797 7.46044 7.493 7.46725 7.54221 7.51211 7.38406 7.4573 7.52822 7.47394 7.38501 7.44648 7.74956 7.48745 7.5016
164.977 165.511 165.286 165.177 165.164 164.392 163.678 161.907 161.56 162.061 162.193 161.932 161.276 162.361 162.317 162.057 161.548 161.901 162.209 160.899 162.027 161.844 162.414 157.327 162.301 161.921 161.302 160.593 161.341 159.692
92.2694 92.3429 92.3113 92.3351 92.3272 92.2975 92.3601 92.2198 91.4987 92.2559 92.2307 92.3425 91.7418 92.3158 92.236 92.2741 91.6649 92.4661 92.2888 91.8918 92.3641 92.1135 92.1886 91.6024 91.6501 91.7849 91.3741 92.1137 91.7158 91.9887
153.7 153.677 153.672 153.637 153.632 153.668 154.13 153.779 153.938 153.838 153.788 153.957 153.817 153.847 153.785 154.149 153.796 153.698 154.027 154.043 153.791 154.139 153.798 154.105 153.616 154.016 153.955 154.136 154.191 153.782
139.406 139.396 139.449 139.567 139.545 139.476 139.262 140.223 139.94 140.137 140.135 140.283 140.093 140.237 139.762 140.759 140.09 139.614 140.476 140.792 139.586 140.313 140.163 140.537 140.293 140.063 140.665 140.4 139.482 139.871
5.9474 5.95127 5.94673 5.94308 5.93766 5.94524 5.90904 6.40284 6.46633 6.39732 6.39889 6.4041 6.45336 6.40073 6.39589 6.39247 6.44468 6.4075 6.41241 6.40151 6.40139 6.45134 6.41481 6.42886 6.45099 6.44701 6.46982 6.39051 6.35317 6.40139
7.47126 7.46572 7.47637 7.46196 7.42678 7.48824 7.64514 7.01877 6.94207 6.96687 6.97379 6.98636 6.89138 6.96417 6.79439 7.04894 6.84886 6.54029 6.99213 7.21265 6.57581 7.03386 6.90728 7.09042 6.64592 6.89627 7.04413 7.16659 7.25213 6.62961
4.57864 4.5814 4.58232 4.57949 4.59008 4.57027 4.26823 4.60625 4.59814 4.6437 4.63389 4.6469 4.60026 4.63569 4.66171 4.66597 4.63312 4.59258 4.62225 4.65022 4.59163 4.5518 4.6218 4.6583 4.59135 4.62087 4.65174 4.62711 4.72292 4.6653
4.66788 4.66633 4.66768 4.67003 4.66779 4.67183 4.56698 4.80699 4.78731 4.81296 4.80781 4.81673 4.78486 4.80129 4.82535 4.82322 4.78265 4.77677 4.78586 4.79472 4.77148 4.77058 4.78343 4.82182 4.80071 4.77879 4.87636 4.83661 4.89607 4.77413
4.51692 4.51928 4.51937 4.51993 4.51782 4.52167 4.48174 4.61406 4.61436 4.61284 4.61829 4.61299 4.61717 4.60872 4.61124 4.60769 4.61236 4.61684 4.61523 4.61801 4.6139 4.6176 4.61336 4.60334 4.66839 4.61111 4.60604 4.62219 4.60378 4.60946
4.28588 4.28824 4.28863 4.28688 4.28677 4.2865 4.2764 4.48051 4.48524 4.48236 4.48179 4.48342 4.48726 4.4848 4.48598 4.48546 4.49011 4.50142 4.48439 4.47055 4.50549 4.49882 4.48832 4.46318 4.49829 4.49001 4.48111 4.49315 4.47058 4.49957
8.05478 8.0734 8.06823 8.07204 8.06168 8.06588 8.19629 8.09864 8.07331 8.07989 8.09066 8.08282 8.08678 8.08582 7.99347 8.12382 8.0872 8.06993 8.06527 8.06545 7.98339 8.15876 8.07815 7.95349 8.02406 8.09953 8.53258 8.06355 8.10141 7.94443
93.6785 93.7084 93.7022 93.7723 93.7449 93.7893 93.7904 93.8006 93.6236 93.6892 93.5735 93.7993 93.723 93.765 93.698 93.8129 93.7406 93.6892 93.8702 93.7164 93.6099 93.6897 93.7195 93.4191 93.6054 93.6018 93.4333 93.6475 93.457 93.6315
96.4804 96.6417 96.6553 96.7241 96.7045 96.6475 98.3995 96.6953 97.3239 96.749 96.7893 96.9287 97.2566 96.9733 96.659 98.8923 97.5351 96.7874 97.5289 97.8576 97.2427 97.1354 97.0476 97.3273 97.1586 96.5985 97.4092 97.7544 96.868 97.4624
140.376 140.401 140.414 140.33 140.395 140.348 141.015 140.562 140.697 140.677 140.681 140.606 140.411 140.561 140.695 141.746 140.639 140.459 140.607 140.862 140.87 140.751 140.493 141.395 140.694 140.537 141.172 140.786 141.252 140.712
5.42927 5.41812 5.42101 5.42193 5.41673 5.431 5.35371 5.46844 5.46848 5.45834 5.47274 5.43874 5.48526 5.46059 5.46142 5.38589 5.48841 5.47996 5.44781 5.49755 5.45368 5.47161 5.47756 5.47722 5.47003 5.5068 5.45377 5.44467 5.42837 5.47928
4.36753 4.36388 4.36622 4.36684 4.36839 4.36196 4.27837 4.36287 4.37333 4.36926 4.36422 4.37294 4.38078 4.37301 4.37741 4.39849 4.38658 4.38169 4.39908 4.3553 4.41479 4.37226 4.39307 4.42317 4.39891 4.43582 4.41998 4.37135 4.37479 4.39374
4.34505 4.34233 4.34289 4.34145 4.33979 4.34762 4.34068 4.35666 4.35666 4.3627 4.36333 4.35694 4.35868 4.3527 4.35862 4.33337 4.34583 4.35709 4.34084 4.34732 4.35037 4.36817 4.3586 4.36291 4.35313 4.38976 4.3527 4.33401 4.35318 4.36102
4.36456 4.36555 4.36643 4.36599 4.3663 4.36316 4.35366 4.40011 4.41304 4.39977 4.40055 4.4034 4.40832 4.40074 4.39811 4.35299 4.40439 4.40418 4.40345 4.41448 4.39947 4.4178 4.40286 4.39359 4.40063 4.41096 4.39957 4.42524 4.40481 4.39993
5.15977 5.19187 5.20506 5.21587 5.22655 5.16611 5.6537 5.0063 5.18194 5.0923 5.07325 5.17564 5.04225 5.12788 5.01798 5.46212 5.17129 5.03224 5.26791 5.30757 5.19403 5.10127 5.07498 5.16318 4.94802 5.06116 5.04995 5.27447 5.21187 5.15048
4.22309 4.22439 4.2273 4.23079 4.22427 4.23284 4.21521 4.55377 4.54225 4.54028 4.54539 4.54027 4.55053 4.55078 4.54705 4.63435 4.5547 4.55577 4.55652 4.53859 4.53501 4.56197 4.54966 4.52667 4.53474 4.5523 4.5238 4.55579 4.52897 4.53042
7.43624 7.43445 7.43919 7.43174 7.4348 7.43866 7.55768 7.39701 7.45311 7.39002 7.40575 7.35959 7.38504 7.36336 7.36779 7.50529 7.39607 7.38789 7.36614 7.50537 7.44201 7.41176 7.38249 7.47007 7.37413 7.35978 7.37645 7.40373 7.45383 7.4285
93.7226 93.7401 93.7732 93.7988 93.8 93.8069 93.9821 93.8542 93.7963 93.7191 93.7134 93.8314 93.901 93.6419 93.6893 94.0413 93.6006 93.7261 93.8985 93.6538 93.8628 93.8968 93.8088 93.5172 93.6416 93.7426 93.6162 93.6502 93.6161 93.7819
102.621 102.594 102.688 102.691 102.716 102.679 104.123 102.993 103.222 103.357 103.258 103.333 102.927 103.3 103.157 103.504 103.785 103.113 103.138 103.466 103.232 103.078 103.318 103.369 103.68 103.5 103.272 103.591 103.368 103.223
141.886 141.86 141.883 141.858 141.876 141.865 141.993 141.853 141.908 141.929 141.919 141.903 141.813 141.929 141.952 142.029 142.613 141.954 142.049 141.957 142.023 141.885 141.946 141.995 142.355 142.005 142.184 141.931 142.009 141.871
5.58689 5.584 5.58346 5.58228 5.58267 5.58648 5.56566 5.55251 5.55396 5.54931 5.54495 5.56594 5.56527 5.54993 5.5519 5.58385 5.55188 5.55495 5.56783 5.55497 5.56675 5.57463 5.55846 5.56893 5.55848 5.57246 5.55491 5.55184 5.5469 5.56843
4.33163 4.34229 4.34119 4.3365 4.335 4.33624 4.23036 4.40417 4.42372 4.40207 4.41588 4.38338 4.39816 4.43192 4.41256 4.40607 4.35281 4.41896 4.40385 4.39667 4.39791 4.36466 4.41089 4.43166 4.35185 4.4267 4.36666 4.41593 4.44447 4.3648
13.746 13.7701 13.6874 13.7404 13.7112 13.7306 14.0131 13.5828 13.6269 13.5991 13.5961 13.5721 13.6198 13.7243 13.629 13.7437 13.6572 13.6868 13.7346 13.6269 13.6554 13.6106 13.6662 13.6912 13.645 13.7587 13.1665 13.7288 13.673 13.8225
4.49916 4.50618 4.50112 4.49742 4.49905 4.49873 4.48801 4.61726 4.61644 4.6161 4.61785 4.62273 4.62415 4.62625 4.61602 4.62918 4.61016 4.62772 4.62752 4.61169 4.61434 4.62068 4.62885 4.62605 4.60608 4.67757 4.63241 4.62189 4.61939 4.63521
5.27022 5.27029 5.27972 5.28551 5.28554 5.28056 5.46258 5.34805 5.37318 5.35836 5.36641 5.35837 5.35226 5.33872 5.33943 5.43515 5.3913 5.35092 5.37282 5.37708 5.38056 5.33965 5.35738 5.40124 5.37156 5.38478 5.40562 5.35517 5.37914 5.36155
4.24959 4.25688 4.25613 4.25191 4.25529 4.24696 4.21433 4.33735 4.34201 4.3373 4.33734 4.342 4.34684 4.34422 4.33802 4.35831 4.31833 4.34601 4.3481 4.32706 4.33625 4.34051 4.34694 4.33321 4.31994 4.34505 4.32783 4.34412 4.34796 4.31455
7.80195 7.81029 7.8076 7.80328 7.80462 7.80309 7.88659 7.82329 7.85324 7.84847 7.84779 7.84659 7.84802 7.84228 7.82366 7.86838 7.80699 7.85108 7.84864 7.81751 7.85208 7.84523 7.85486 7.83672 7.81277 7.86824 7.84418 7.85126 7.83829 7.83387
93.9686 93.9922 94.0085 93.9608 93.9964 93.9635 93.8308 93.6025 93.6307 93.5595 93.6073 93.5426 93.5289 93.6421 93.6632 93.7243 93.5944 93.6434 93.6751 93.547 93.6831 93.5049 93.5937 93.68 93.4479 93.8823 92.7059 93.5832 93.4776 93.3239
95.9461 96.2828 96.2793 96.0638 96.0284 96.4145 97.3931 96.9924 96.8068 96.6772 96.9972 96.7738 96.6461 96.9021 97.0628 97.383 97.3797 96.6769 97.0796 97.2974 97.1712 96.5616 96.9171 97.2948 96.9496 96.8723 100.037 96.8402 98.4517 97.4729
142.274 142.162 142.258 142.335 142.329 142.197 141.748 142.083 142.064 142.168 141.982 142.127 142.073 142.097 142.052 142.175 142.185 142.049 142.172 142.097 142.122 142.167 142.09 141.984 142.183 141.672 143.054 142.151 142.229 142.202
5.58651 5.58841 5.58897 5.5881 5.58739 5.58976 5.55628 5.59482 5.58019 5.59116 5.58578 5.60414 5.59399 5.58649 5.59054 5.61545 5.594 5.58696 5.59649 5.591 5.59667 5.60215 5.59746 5.59088 5.60898 5.59273 5.6464 5.58755 5.61181 5.63996
4.37167 4.36688 4.37363 4.37494 4.37804 4.36158 4.14441 4.36704 4.39937 4.36303 4.38361 4.37037 4.38332 4.39106 4.37685 4.38944 4.40175 4.39132 4.38463 4.43059 4.38162 4.38301 4.38048 4.42351 4.41657 4.41266 4.61788 4.38216 4.29869 4.41338
4.44185 4.44681 4.44657 4.44199 4.44439 4.45046 4.43925 4.45575 4.4541 4.45869 4.45435 4.45916 4.45385 4.45372 4.45288 4.45744 4.45332 4.45732 4.45862 4.45418 4.45939 4.45937 4.45998 4.43875 4.44773 4.45424 4.47117 4.45499 4.45414 4.42896
5.69263 5.69182 5.6921 5.6899 5.69025 5.69499 5.64109 5.55958 5.5728 5.58975 5.56435 5.59957 5.56278 5.54913 5.56281 5.5953 5.54325 5.56474 5.58321 5.55262 5.58515 5.60403 5.55603 5.55279 5.57082 5.46565 5.79926 5.57121 5.56982 5.5715
4.18362 4.18667 4.18612 4.18572 4.18905 4.18922 4.14303 4.50742 4.50565 4.50229 4.51044 4.50853 4.50395 4.50512 4.50538 4.50986 4.52801 4.5092 4.51518 4.50848 4.5072 4.50833 4.50444 4.49916 4.51454 4.50971 4.49279 4.50012 4.49828 4.54829
7.92882 7.9195 7.92776 7.93417 7.93483 7.92188 7.84527 7.91235 7.90619 7.9138 7.89353 7.91493 7.91417 7.90776 7.89812 7.91678 7.93266 7.90842 7.91408 7.89171 7.91016 7.92914 7.91234 7.89372 7.94549 7.91272 7.78967 7.91293 7.85896 7.9024
93.4837 93.4284 93.4632 93.446 93.476 93.4096 93.3085 93.1382 93.2442 93.1079 93.2212 93.1696 93.2693 93.2964 93.3005 93.1197 93.1483 93.3522 93.3767 93.3424 93.0844 93.1617 93.2055 93.3268 93.2122 93.466 93.7756 93.1262 92.7866 92.9339
98.2354 98.098 98.2386 98.2838 98.3034 98.4277 98.4343 98.1471 98.0764 98.3348 97.939 98.1191 97.9394 98.0563 98.1963 98.326 97.8429 97.8208 98.2582 98.5798 98.2385 98.1566 98.1587 99.2221 97.5782 95.8039 99.8933 98.3057 99.2548 97.497
141.566 141.544 141.573 141.575 141.588 141.551 141.455 141.757 141.739 141.739 141.686 141.711 141.737 141.748 141.756 141.738 141.84 141.616 141.879 142.092 141.688 141.766 141.725 142.162 141.743 141.562 142.034 141.78 142.508 141.598
5.61641 5.61748 5.62058 5.62251 5.62301 5.6228 5.57708 5.63653 5.63194 5.64035 5.63133 5.64646 5.63796 5.64286 5.63854 5.65574 5.65996 5.63077 5.64538 5.62334 5.64963 5.64585 5.63928 5.6225 5.64362 5.38988 5.54402 5.64001 5.6647 5.65764
4.19393 4.20952 4.20857 4.20197 4.20798 4.19265 4.09737 4.17136 4.16982 4.16538 4.17029 4.17262 4.17465 4.18349 4.18101 4.17352 4.20279 4.17936 4.18767 4.26054 4.16944 4.17384 4.17409 4.28045 4.19662 4.17361 4.21899 4.17296 4.15592 4.23756
4.30319 4.30111 4.30049 4.3024 4.30092 4.30348 4.3072 4.32358 4.32137 4.32533 4.3203 4.32632 4.32325 4.31953 4.31864 4.32477 4.32477 4.32377 4.32198 4.28814 4.3188 4.32479 4.32298 4.29124 4.31975 4.25542 4.07087 4.32109 4.27385 4.31758
4.33157 4.331 4.33158 4.33108 4.33203 4.3337 4.3397 4.37292 4.37818 4.37911 4.38186 4.3811 4.37916 4.38169 4.37741 4.38757 4.37259 4.38825 4.37799 4.35825 4.38891 4.3781 4.38129 4.34356 4.37977 4.35034 4.55447 4.37583 4.3442 4.38512
5.63566 5.62974 5.63563 5.63807 5.63981 5.63225 5.62291 5.49917 5.50894 5.51549 5.49986 5.50349 5.49367 5.50285 5.50533 5.52458 5.46726 5.49022 5.53172 5.55267 5.50514 5.50439 5.49768 5.53993 5.47893 5.51903 5.71313 5.50457 5.6454 5.51828
4.15428 4.14891 4.14975 4.14828 4.14601 4.14896 4.15034 4.50882 4.5076 4.50497 4.51295 4.51405 4.51636 4.50841 4.50578 4.51008 4.50281 4.51766 4.51419 4.49574 4.50191 4.50509 4.51172 4.52677 4.50748 4.46353 4.48719 4.49537 4.49567 4.51227
7.74053 7.74134 7.73973 7.73857 7.7389 7.73203 7.74405 7.74305 7.75085 7.74358 7.75077 7.7476 7.75435 7.75039 7.74375 7.74971 7.73748 7.74772 7.75831 7.75819 7.74292 7.74799 7.74325 7.76489 7.75152 7.76435 7.7731 7.7408 7.81126 7.82056
