5.76598 5.75617 5.73797 5.76134 5.76104 5.70849 5.71603 5.73618 5.72964 5.72399 5.72228 5.72225 5.73109 5.74126 5.73055 5.71194 5.76497 5.74977 5.75094
4.6731 4.67839 4.66273 4.67532 4.66602 4.50202 4.57143 4.54763 4.61727 4.62332 4.64691 4.58721 4.32373 4.47729 4.54617 4.50802 4.67669 4.68548 4.66277
7.90369 7.90826 7.81567 7.88161 7.90253 7.81711 7.81167 7.82465 7.82262 7.83776 7.805 7.87562 7.91129 7.84138 7.81523 7.91614 7.91478 8.02406 7.93401
137.862 137.777 137.301 137.678 137.955 137.167 136.827 136.996 137.094 137.048 137.129 136.97 136.64 137.14 136.867 137.019 137.941 137.813 137.775
12.8187 12.7824 13.2781 12.8239 12.9064 13.0167 12.9254 13.1075 13.1892 13.1602 12.9321 12.7247 13.1676 13.0346 13.0839 13.447 12.8486 12.6257 12.834
5.70138 5.70796 5.69749 5.71114 5.70499 5.6969 5.70477 5.69903 5.68508 5.69804 5.7053 5.71954 5.71061 5.70269 5.70439 5.68317 5.71138 5.70778 5.70139
4.56714 4.57022 4.39194 4.56422 4.56603 4.29956 4.28062 4.28025 4.27197 4.2976 4.28416 4.27112 4.26443 4.27844 4.29268 4.27502 4.57073 4.57269 4.5647
7.51064 7.50056 7.49768 7.5386 7.50764 7.49195 7.44059 7.51562 7.45601 7.4765 7.5223 7.5408 7.45645 7.46893 7.45283 7.44405 7.53214 7.51148 7.50639
147.408 147.474 148.27 147.224 147.59 147.837 148.145 147.761 148.206 148.203 148.478 147.572 148.696 148.613 148.323 148.735 147.307 147.327 147.27
5.66749 5.65044 5.64415 5.65008 5.65288 5.63795 5.60953 5.63638 5.61865 5.62839 5.60836 5.59774 5.60798 5.61579 5.60833 5.62855 5.65364 5.66137 5.66723
4.4491 4.45501 4.68976 4.45834 4.45485 4.57469 4.60803 4.54629 4.62743 4.5965 4.58588 4.60652 4.62476 4.54697 4.60907 4.59634 4.45426 4.4421 4.4468
13.9009 13.9612 13.7946 13.9468 13.9998 14.0352 13.7252 13.7052 14.0912 13.8703 13.4195 13.7738 13.9497 13.7202 13.6061 13.7043 13.8604 14.0991 13.911
5.38092 5.42656 5.38766 5.38798 5.39258 5.22278 5.37727 5.25107 5.32859 5.34611 5.36241 5.35178 5.17897 5.18045 5.18035 5.29335 5.41424 5.39315 5.41132
7.70282 7.69946 7.76557 7.69116 7.70068 7.67236 7.74512 7.70083 7.74809 7.72973 7.70696 7.68746 7.65482 7.6617 7.67 7.70814 7.70088 7.69095 7.68674
161.955 161.959 161.205 161.767 162.093 162.141 160.871 161.379 161.327 161.031 161.432 161.06 162.461 161.535 161.337 161.33 161.514 162.285 161.705
138.676 138.693 137.971 138.622 138.551 137.447 136.843 137.285 137.363 137.16 137.597 136.868 137.324 137.406 136.881 137.146 138.53 138.569 138.549
9.94887 9.95604 9.82078 9.95816 9.94101 10.0016 10.1237 9.97277 9.95523 10.0015 9.88236 9.78093 9.95676 10.0366 9.85252 9.91853 9.91502 9.94484 9.91942
5.69855 5.69135 5.67687 5.6994 5.68862 5.67937 5.69256 5.68534 5.68613 5.67246 5.68096 5.69682 5.69931 5.68907 5.66851 5.66904 5.69723 5.67874 5.69288
4.68564 4.67911 4.27402 4.67534 4.68554 4.31968 4.28137 4.32287 4.29666 4.31285 4.3197 4.27562 4.24782 4.28913 4.26115 4.26977 4.68942 4.68857 4.6889
7.7016 7.69832 7.68164 7.71659 7.736 7.63724 7.56395 7.61565 7.66229 7.60778 7.68622 7.58916 7.66983 7.66475 7.70302 7.68435 7.78443 7.71095 7.71145
142.915 143.015 142.17 143.184 142.96 142.394 142.358 141.774 142.01 141.927 142.007 142.912 142.454 142.056 141.593 142.058 142.814 142.922 142.824
154.327 154.208 153.303 154.115 154.219 153.358 152.824 152.995 153.024 153.29 152.968 152.776 153.141 152.859 152.712 152.802 154.3 154.158 154.266
140.517 140.596 140.933 140.747 140.506 140.542 140.254 140.251 140.192 139.874 140.289 140.287 140.623 140.421 140.325 140.6 140.538 140.395 140.481
6.07504 6.0699 5.93465 6.05487 6.05465 5.95635 5.81897 5.89424 5.82147 5.91216 5.95625 5.62593 5.75664 5.85588 5.92934 5.86535 6.08474 6.0444 6.07024
7.66928 7.63692 7.32117 7.61621 7.61805 7.28068 6.99977 7.08565 7.06364 7.06734 7.09073 7.02499 7.16247 7.18798 7.17712 7.24111 7.6719 7.645 7.6559
4.64515 4.64065 4.50895 4.63531 4.64273 4.6267 4.61908 4.54975 4.48082 4.46209 4.50099 4.48994 4.63049 4.40364 4.53146 4.54676 4.63114 4.68558 4.64973
7.87214 7.89354 8.04297 7.9207 7.87787 7.99248 7.99538 7.90874 7.97075 7.88889 7.90397 7.9994 8.04073 8.01073 8.03542 7.98072 7.8683 7.86635 7.88116
137.904 137.999 137.622 137.571 137.799 137.075 136.873 136.56 136.659 136.616 136.482 136.302 136.736 136.213 136.357 136.231 137.875 137.865 137.87
13.0631 13.2961 13.1312 12.9584 13.2867 12.8154 12.8395 12.9324 13.0756 12.9655 12.8819 12.8919 13.384 13.0155 13.1927 13.2859 13.3613 13.446 13.0346
5.57799 5.58314 5.56702 5.58606 5.57785 5.56683 5.54781 5.54092 5.55899 5.53523 5.54346 5.57183 5.55236 5.5581 5.54996 5.53799 5.57797 5.55978 5.57694
4.557 4.56136 4.40575 4.57085 4.56717 4.38456 4.39807 4.27878 4.27091 4.2763 4.28368 4.28822 4.27703 4.27579 4.28721 4.26836 4.5635 4.55363 4.55608
7.5126 7.52941 7.4848 7.57689 7.5346 7.40891 7.39676 7.47747 7.47516 7.43032 7.48312 7.41842 7.48972 7.4015 7.3381 7.36262 7.53823 7.48464 7.53528
147.333 147.691 147.201 147.086 147.579 147.074 147.217 146.35 146.562 146.677 145.89 146.207 146.671 146.33 146.488 147.057 147.558 147.811 147.469
5.53339 5.53965 5.53656 5.55622 5.52134 5.5003 5.52671 5.55378 5.5309 5.53214 5.57128 5.55014 5.55525 5.53611 5.54907 5.5303 5.55639 5.52734 5.54689
4.40193 4.44055 4.50828 4.4169 4.41507 4.46997 4.47466 4.49926 4.44525 4.51327 4.51045 4.45209 4.62458 4.59863 4.55798 4.5847 4.41251 4.42239 4.38957
13.6503 13.67 13.8493 14.0837 13.5933 13.946 13.753 13.4788 13.2644 13.4479 13.1545 13.1018 13.0918 13.1813 13.2275 13.2003 13.8937 13.878 13.6363
5.38332 5.34899 5.31721 5.39338 5.40221 5.27224 5.29617 5.28402 5.2696 5.2999 5.23995 5.28431 5.27794 5.28639 5.32345 5.48456 5.39614 5.2912 5.36884
7.65015 7.64859 7.66839 7.64168 7.62633 7.62346 7.65929 7.66495 7.64092 7.66327 7.65168 7.63351 7.69256 7.70616 7.69009 7.70932 7.65037 7.65803 7.65081
161.882 162.439 164.428 162.638 161.744 163.122 163.318 162.052 161.935 162.232 161.606 161.804 160.827 162.089 162.091 161.113 162.555 162.941 161.754
154.059 153.838 153.674 153.789 153.657 153.326 153.342 153.203 153.446 153.346 153.723 153.778 154.678 153.711 154.032 154.92 153.843 153.757 153.982
141.614 141.455 140.531 141.291 141.353 140.029 140.014 140.218 140.12 140.115 140.17 140.306 141.238 140.184 140.2 141.2 141.558 141.121 141.502
5.96375 5.95951 5.8839 5.94924 5.96083 5.85426 5.83686 5.85571 5.84349 5.83018 5.87727 5.85886 5.92091 5.82774 5.85995 5.88955 5.98931 5.96688 5.96063
7.55763 7.68761 7.28324 7.56861 7.56666 6.81711 6.84693 6.5392 6.55381 6.54862 6.75596 7.23344 7.63763 6.98389 7.07222 7.70625 7.61696 7.64351 7.5046
4.63891 4.58224 4.3478 4.57056 4.5884 4.41712 4.36147 4.37444 4.36277 4.41116 4.18996 4.19884 4.37132 4.18705 4.37598 4.16904 4.56615 4.59507 4.63519
8.15953 8.20688 8.14665 8.2041 8.17882 8.12867 8.16947 8.18633 8.17176 8.13745 8.2075 8.14424 8.29496 8.15353 8.07709 8.28713 8.21822 8.14113 8.19537
5.4621 5.36715 5.63924 5.47554 5.44252 5.59356 5.60177 5.58374 5.56565 5.59434 5.52904 5.51257 4.99784 5.58073 5.55607 5.27448 5.40012 5.36533 5.52451
4.54534 4.37188 4.62071 4.37376 4.38167 4.59336 4.5827 4.57438 4.6288 4.57251 4.62092 4.61617 4.42933 4.56472 4.5989 4.48836 4.38723 4.39333 4.51595
5.10338 5.62598 5.57532 5.51616 5.57679 5.45674 5.48518 5.41246 5.39601 5.41023 5.36688 5.38417 5.46169 5.43524 5.38048 5.4589 5.63179 5.64902 5.14094
7.33326 7.54078 7.56753 7.5112 7.52379 7.51613 7.52804 7.58742 7.66411 7.60384 7.77591 7.69374 7.69501 7.6543 7.74087 7.87576 7.54289 7.53591 7.40923
140.038 139.321 139.604 138.236 139.027 139.816 140.046 139.302 139.613 139.475 139.632 139.541 139.396 140.066 138.508 139.535 137.438 138.081 140.049
5.71738 5.62087 5.76259 5.60764 5.6708 5.7299 5.74608 5.62083 5.66552 5.65368 5.67982 5.69707 5.71996 5.79051 5.7149 5.69748 5.57244 5.57779 5.68012
4.58643 4.66059 4.35862 4.40586 4.74756 4.32683 4.35747 4.26179 4.23497 4.28467 4.24866 4.3263 4.24447 4.27649 4.31622 4.21477 4.61902 4.61071 4.78786
7.88393 7.87908 7.76563 7.72597 7.70161 7.83989 7.85139 7.79742 7.84018 7.81466 7.88269 7.87214 7.27638 7.95281 7.73831 7.49494 7.86586 7.89314 7.92859
142.248 142.411 142.061 141.986 141.724 141.939 141.675 142.117 142.049 141.957 141.877 141.664 141.922 142.155 141.56 142.104 141.45 141.659 142.427
5.36151 5.3832 5.39683 5.35624 5.40028 5.40358 5.46338 5.4082 5.40931 5.39256 5.37925 5.41814 5.35879 5.41691 5.38764 5.34719 5.46426 5.48315 5.42686
4.41242 4.44219 4.42859 4.38901 4.41798 4.54101 4.53659 4.53642 4.50923 4.53953 4.57524 4.44037 4.44332 4.52519 4.53164 4.46777 4.44803 4.43277 4.40566
5.43729 5.40422 5.30997 5.26159 5.55176 5.25634 5.26096 5.26881 5.24752 5.24088 5.20756 5.0738 4.97294 5.10083 5.15511 4.9746 5.32857 5.3382 5.50873
7.74052 7.79404 7.7478 7.8996 7.69464 7.78141 7.81246 8.78555 8.87259 8.82021 9.01581 8.53403 8.33749 8.82989 8.07957 8.11479 7.72921 7.6317 7.70089
153.578 152.875 154.462 154.112 155.37 154.195 153.21 153.75 153.994 153.188 153.683 153.653 153.874 153.995 153.82 152.926 153.893 153.745 154.053
5.86282 5.84067 5.87903 5.93516 5.77608 5.88405 5.86334 5.89917 5.89065 5.881 5.93668 5.91121 5.85567 5.87824 5.92302 5.95455 5.90376 5.85038 5.90597
7.87684 6.76669 8.02916 8.4007 7.44286 6.9959 6.59862 6.69249 6.76815 6.56857 6.69693 6.49545 6.39341 6.69424 6.6045 6.94365 7.15671 7.51459 7.17792
4.49399 4.5143 4.6266 4.55831 4.64786 4.64852 4.58251 4.51981 4.61575 4.64091 4.5573 4.58112 4.58591 4.56023 4.55436 4.69729 4.54188 4.50104 4.5437
8.2455 8.14932 7.96855 8.20453 8.22991 8.08465 8.16787 8.02907 8.07267 7.9975 8.05542 8.07878 7.99141 8.06098 8.09795 8.13336 8.24657 8.33945 8.38118
138.122 137.822 139.613 138.922 137.607 139.252 138.312 138.252 138.352 137.96 138.438 138.267 138.945 138.711 138.332 136.476 137.379 138.066 137.604
5.62494 5.53522 5.73078 5.60327 5.49395 5.7569 5.69516 5.69123 5.67992 5.70278 5.71974 5.71891 5.7152 5.70585 5.68805 5.55835 5.66653 5.59995 5.6049
4.75925 4.77734 4.44286 4.81907 4.58998 4.47803 4.48502 4.39487 4.45524 4.34001 4.3675 4.32022 4.56162 4.54854 4.33377 4.46193 4.63953 4.81011 4.64016
7.34202 7.13223 7.66125 7.43024 7.45955 7.60073 7.52246 7.51617 7.44593 7.52946 7.5526 7.52614 7.59908 7.57292 7.41282 7.13681 7.25691 7.33163 7.31469
153.869 154.06 153.457 153.669 153.909 153.165 152.607 152.562 152.212 152.832 152.34 151.797 152.052 152.416 152.296 152.273 153.772 153.856 154.087
6.03013 6.01714 5.92431 6.03759 6.02414 5.94744 5.92092 5.96245 5.95403 5.97909 5.96586 6.0348 5.92615 5.88125 5.93895 5.92966 5.9679 6.02036 6.00959
7.8002 7.66938 7.32352 7.74335 7.77713 7.21934 7.10607 7.13829 6.98774 7.1953 6.91338 6.99764 7.0405 7.04796 7.16524 7.49179 7.72816 7.79439 7.74907
4.71895 4.73893 4.51411 4.69249 4.73458 4.56777 4.58587 4.6847 4.59498 4.61392 4.57504 4.57695 4.55509 4.60868 4.57652 4.56438 4.63601 4.70632 4.71179
7.98854 8.06031 8.12596 8.01397 8.07117 8.04084 8.0588 8.05314 8.01434 8.08256 8.09822 7.97454 7.94046 8.00347 8.07949 7.87184 7.92826 8.07393 7.94778
138.188 138.16 137.159 138.3 138.209 137.136 136.887 136.731 136.768 136.943 136.556 136.035 136.217 136.596 136.621 136.849 137.98 138.119 137.997
12.8407 12.6339 12.9535 12.8764 12.7844 12.9009 12.9369 12.7447 12.6412 12.8351 12.8481 12.9187 13.0487 12.7748 12.8856 13.1302 12.9977 12.9293 12.6477
5.55308 5.54901 5.51455 5.5631 5.54541 5.5395 5.55413 5.55432 5.55352 5.55262 5.54745 5.56322 5.56491 5.53301 5.5386 5.55615 5.58052 5.56147 5.5479
4.56088 4.56096 4.3468 4.58378 4.55499 4.37959 4.40037 4.38217 4.31949 4.38635 4.35848 4.29142 4.2857 4.29061 4.26978 4.37789 4.56547 4.57543 4.55754
7.51481 7.5339 7.58519 7.50233 7.53703 7.51016 7.47262 7.47092 7.50151 7.46485 7.49275 7.35337 7.40159 7.46363 7.43446 7.44909 7.55551 7.54981 7.50305
147.331 147.1 146.785 147.353 147.158 146.559 146.985 147.066 146.744 146.96 147.226 146.734 147.014 146.901 147.167 147.619 147.302 147.431 147.336
5.54487 5.54424 5.55514 5.53428 5.5357 5.54512 5.56366 5.54406 5.54561 5.54756 5.52082 5.54362 5.5617 5.55198 5.53805 5.58294 5.54365 5.54237 5.52795
4.41507 4.44923 4.47071 4.44835 4.42543 4.46801 4.40683 4.49484 4.46034 4.46554 4.47481 4.46135 4.43874 4.40698 4.56013 4.40539 4.43574 4.4196 4.44246
13.8361 13.8257 13.3466 13.6174 13.5181 13.3327 13.1507 13.2227 13.3527 13.3124 13.5309 13.2003 13.2996 13.4158 13.3556 13.5833 13.7612 13.9969 13.8507
5.38528 5.38246 5.34593 5.34818 5.39857 5.2613 5.21091 5.23871 5.28628 5.20335 5.25295 5.14323 5.06731 5.09128 5.29503 5.24651 5.37933 5.38675 5.33802
7.65473 7.6541 7.66218 7.64395 7.65017 7.65691 7.66125 7.6839 7.66118 7.64863 7.61195 7.63453 7.58301 7.64371 7.67638 7.61502 7.65425 7.65202 7.64485
162.988 163.16 162.1 162.604 162.542 163.347 163.449 163.676 163.228 163.527 163.255 162.249 162.769 163.125 162.674 163.561 162.504 163.455 163.177
153.723 153.633 153.551 153.736 153.724 153.541 153.624 153.476 153.487 153.387 153.55 153.415 153.44 153.331 153.446 153.626 153.722 153.716 153.683
5.91877 5.92157 5.89678 5.93484 5.92736 5.90339 5.91418 5.89483 5.90634 5.88753 5.86443 5.87938 5.87609 5.90241 5.85983 5.98242 5.93315 5.92102 5.92415
7.51071 7.49081 7.38532 7.54979 7.54957 7.36356 7.34844 7.50194 7.4784 7.48009 7.468 7.49028 7.30165 7.4079 7.48748 7.3985 7.53693 7.51517 7.52057
4.56684 4.57187 4.37103 4.57585 4.56419 4.35985 4.37276 4.3249 4.35186 4.3564 4.33143 4.32426 4.36463 4.32875 4.33122 4.29619 4.55871 4.56639 4.56042
8.25044 8.22576 8.19052 8.18137 8.29132 8.17923 8.15583 8.18143 8.20753 8.20762 8.2132 8.17511 8.18307 8.18926 8.21541 8.20966 8.24553 8.38555 8.2821
5.40403 5.41809 5.401 5.39696 5.40582 5.42005 5.37323 5.37809 5.35792 5.37058 5.34686 5.34465 5.38408 5.31887 5.34575 5.37587 5.41948 5.41706 5.40148
4.41131 4.40682 4.26129 4.42015 4.40002 4.30262 4.43165 4.31436 4.41739 4.40846 4.31611 4.50205 4.49422 4.25436 4.40081 4.43433 4.38907 4.40695 4.41293
13.1297 12.9968 12.4504 13.0648 13.0753 12.7039 12.8891 12.8396 12.7345 13.0637 12.6619 12.883 12.5766 12.1806 12.4132 12.7896 13.1685 13.1315 13.0554
5.48319 5.42762 5.44299 5.48978 5.49606 5.41874 5.50176 5.4033 5.41531 5.39638 5.38382 5.40166 5.5303 5.45618 5.39484 5.48663 5.49513 5.50004 5.48466
7.5736 7.55747 7.54039 7.56842 7.57069 7.54136 7.61199 7.52479 7.58912 7.53852 7.59495 7.56156 7.62606 7.52043 7.47325 7.50447 7.57532 7.5765 7.56784
160.977 160.872 162.119 160.735 160.828 162.14 162.416 162.495 162.204 162.554 162.449 162.468 162.743 161.765 161.793 161.651 161.021 161.02 161.072
154.167 154.089 153.647 153.984 154.035 153.665 153.538 153.611 153.339 153.608 153.34 153.255 153.352 153.631 153.508 153.612 154.049 153.999 153.961
5.94967 5.94032 5.86639 5.96913 5.93594 5.89719 5.87641 5.88375 5.90259 5.86705 5.86823 5.87427 5.85897 5.92287 5.89716 5.89809 5.95608 5.95086 5.93843
7.65911 7.64382 7.14173 7.61475 7.6329 7.24814 6.84924 6.92535 6.81089 6.94028 6.87376 6.85612 6.97303 6.8945 6.99807 6.91342 7.59948 7.60438 7.60464
4.54729 4.5612 4.26104 4.571 4.5577 4.22212 4.19645 4.17279 4.15881 4.17117 4.17219 4.16378 4.17348 4.21148 4.17963 4.17568 4.5492 4.55859 4.56726
8.26807 8.29299 8.14151 8.29496 8.33259 8.11306 8.16985 8.16115 8.21231 8.16372 8.16493 8.18639 8.10702 8.12442 8.11374 8.13429 8.2301 8.29966 8.30937
141.071 141.288 140.728 140.932 140.857 140.412 140.393 140.393 140.454 140.61 140.409 140.57 140.438 140.254 140.037 139.83 140.934 140.924 140.96
5.45531 5.45315 5.43667 5.46001 5.46044 5.43421 5.42133 5.43826 5.45449 5.45225 5.4656 5.45973 5.44226 5.41299 5.45922 5.44098 5.48293 5.46004 5.45726
4.31126 4.30342 4.18381 4.3318 4.32011 4.20686 4.16837 4.17823 4.18215 4.16691 4.18407 4.155 4.17608 4.14113 4.17155 4.19467 4.32637 4.31064 4.32172
5.5002 5.53368 5.34638 5.50712 5.4206 5.28442 5.29086 5.34717 5.24276 5.24126 5.16249 5.20748 5.25967 5.35403 5.14884 5.16352 5.4347 5.49007 5.46739
7.49082 7.49514 7.38476 7.48408 7.45822 7.37851 7.41044 7.42621 7.38876 7.39451 7.3862 7.41811 7.45007 7.35901 7.37141 7.3981 7.45579 7.49527 7.4815
5.61636 5.62918 5.59104 5.65274 5.61292 5.61547 5.61928 5.60996 5.55463 5.60147 5.54099 5.49858 5.4936 5.41017 5.51848 5.48904 5.61043 5.63272 5.62888
3.73917 3.72808 4.08363 3.75137 3.71577 4.04339 4.03615 4.06399 4.24939 4.10793 4.10643 4.11011 4.18361 4.06214 4.11245 4.09689 3.67217 3.84723 3.83421
11.9835 12.0285 11.6346 11.956 11.8397 11.7081 11.6186 11.6309 11.5194 11.6006 11.5165 11.5738 11.3713 11.3786 11.4361 11.3472 11.9494 12.138 11.982
4.38413 4.37284 4.39302 4.38561 4.39762 4.41443 4.37496 4.41088 4.38254 4.39798 4.40736 4.41881 4.41427 4.30969 4.41204 4.38578 4.37473 4.39701 4.39307
5.52254 5.57318 5.5822 5.52517 5.5353 5.52327 5.49423 5.50828 5.51758 5.50554 5.4702 5.52182 5.51976 5.49381 5.46949 5.40193 5.55564 5.51958 5.54714
7.90836 7.91079 7.93799 7.88631 7.92752 7.87533 7.9026 7.8673 7.83489 7.87854 7.87425 7.89213 7.85161 7.84386 7.9168 7.80002 7.88313 7.88431 7.8979
160.776 161.012 161.442 164.658 162.421 161.312 160.408 160.307 162.021 160.187 162.096 162.577 162.307 160.663 161.678 161.168 160.897 162.096 160.181
144.7 144.75 144.155 144.842 144.597 144.085 144.28 144.074 143.867 144.247 143.709 143.771 143.507 143.584 143.813 143.661 144.814 144.698 144.811
5.81734 5.70563 6.08184 5.63542 5.77569 5.97367 6.02504 5.94105 6.08623 6.00302 6.02313 5.95261 5.96211 5.98086 6.00319 5.93299 5.66387 5.76178 5.60001
4.48993 4.67448 4.41056 4.40913 4.54302 4.37425 4.3477 4.44489 4.44822 4.40818 4.22428 4.17371 4.38699 4.26915 4.20737 4.45663 4.57537 4.62195 4.67046
11.6158 11.5837 11.6804 11.5637 11.5892 11.6869 11.6026 11.6472 11.6908 11.623 11.515 11.6811 11.5172 11.6089 11.6129 11.7213 11.5948 11.6014 11.5894
4.38415 4.36634 4.3834 4.39564 4.3827 4.42706 4.4379 4.44283 4.45884 4.42182 4.42484 4.40796 4.46686 4.40068 4.42903 4.49796 4.36826 4.38689 4.39108
5.97065 6.02692 5.84025 6.06947 6.03946 5.88078 5.85408 5.85485 5.81244 5.83508 5.82023 5.7926 5.7947 5.81056 5.8178 5.79066 6.0077 5.97947 6.05222
8.14438 8.17088 7.97696 8.18465 8.15141 8.02432 8.06739 8.03227 7.94712 8.04064 7.90596 7.91645 7.93234 7.91033 7.90993 7.9186 8.17871 8.14603 8.16657
158.773 158.933 157.613 158.785 159.08 158.204 157.848 157.53 158.089 157.574 158.985 158.66 159.229 158.689 158.606 158.906 158.901 158.877 158.886
5.85489 5.89495 5.88935 5.8701 5.85783 5.86192 5.80523 5.79479 5.81053 5.83823 5.82636 5.86962 5.97583 5.92736 5.92028 5.7865 5.88002 5.86482 5.85708
4.18861 4.18488 4.12849 4.17633 4.17579 4.12995 4.2208 4.40535 4.33899 4.28592 4.38628 4.3082 4.21014 4.40276 4.41895 4.21735 4.18545 4.18902 4.1877
4.28879 4.27082 4.19436 4.25564 4.27115 4.25528 4.25617 4.2359 4.30746 4.24018 4.3547 4.29031 4.31016 4.33293 4.3086 4.28567 4.26107 4.22605 4.2476
6.12183 6.0814 6.19679 6.05311 6.08946 6.22019 6.23541 6.27871 6.04306 6.24886 6.04605 6.04089 5.9499 5.99027 5.98161 6.02844 6.07109 6.09636 6.05677
4.45709 4.43953 4.41646 4.44953 4.46934 4.43844 4.46236 4.44389 4.38884 4.44693 4.13099 4.06139 4.15113 4.11023 4.11721 4.32031 4.4336 4.45514 4.427
4.24659 4.20632 4.11334 4.23345 4.23629 4.2338 4.24945 4.28762 4.37188 4.29009 4.16155 4.13767 4.1813 4.17902 4.16308 4.19821 4.21683 4.21307 4.23331
7.86464 7.85154 7.86171 7.86493 7.86039 7.87431 7.90618 7.92077 7.92821 7.89205 7.97214 7.97266 7.84354 7.95728 7.92209 7.92686 7.86358 7.84742 7.86297
9.50357 9.41129 8.49787 9.3996 9.59157 9.2001 9.31556 9.09462 9.07658 9.30476 9.11648 9.01269 8.83269 8.79406 9.13848 9.26052 9.23367 9.38701 9.36312
5.91705 5.91923 5.95239 5.91471 5.91382 5.90151 5.9409 5.95125 5.84721 5.96018 5.85487 5.8803 5.87272 5.87772 5.84567 5.85398 5.92297 5.91056 5.92479
4.822 4.797 4.55548 4.81864 4.8217 4.62745 4.62234 4.61127 4.24839 4.56185 4.26588 4.24825 4.23342 4.2507 4.25104 4.25048 4.8281 4.82947 4.84247
5.2998 5.28503 4.84186 5.17956 5.27085 4.83971 4.84023 4.8271 4.75579 4.82083 4.98788 4.94574 4.79757 4.94515 4.93831 4.68038 5.22422 5.46952 5.3079
4.45821 4.45599 4.44331 4.4525 4.45008 4.43748 4.42119 4.41619 4.46704 4.42901 4.42205 4.47616 4.46887 4.42666 4.48634 4.51675 4.4606 4.4485 4.46123
4.6389 4.62369 4.50665 4.64993 4.65033 4.51496 4.5118 4.51732 4.65278 4.5103 4.7593 4.71643 4.69748 4.70965 4.70727 4.67194 4.63163 4.67979 4.59879
4.406 4.39455 4.29584 4.452 4.43135 4.27574 4.29936 4.32347 4.41154 4.32388 4.51261 4.52979 4.48502 4.54577 4.56696 4.39778 4.40548 4.40982 4.37255
7.92742 7.93552 7.89027 7.89852 7.92209 7.90449 7.8764 7.88337 7.70832 7.88673 7.70532 7.74876 7.6953 7.73475 7.71699 7.6504 7.92753 7.93811 7.94177
142.979 142.925 143.009 142.574 143.119 142.685 142.446 142.798 142.552 143.016 141.89 142.019 142.201 141.042 141.81 142.347 142.329 142.796 142.806
137.204 137.334 137.502 136.779 136.758 137.432 137.279 137.396 136.933 137.426 136.647 136.54 136.899 137 137.126 137.237 136.795 137.377 137.167
12.9571 13.1563 13.4264 13.0924 13.0684 13.3393 13.4896 13.3595 13.5933 13.6681 13.6594 13.8774 13.2789 13.5111 13.2292 13.3844 13.2002 13.3251 13.1618
5.5504 5.57765 5.57233 5.52219 5.53776 5.63659 5.58138 5.5689 4.85745 5.57984 4.93239 4.98786 4.84403 5.1475 4.99384 4.76756 5.56226 5.54901 5.54992
7.755 7.88969 7.69833 7.72392 7.76074 7.71727 7.68065 7.66043 7.71488 7.68477 7.64327 7.69118 7.77659 7.61056 7.61361 7.64948 7.63298 7.80086 7.81121
147.696 147.807 146.195 147.709 147.753 147.085 146.825 146.86 146.175 147.536 146.968 147.246 146.922 147.263 146.421 147.241 147.651 147.781 147.752
141.758 141.777 141.427 141.757 141.846 141.08 141.293 141.249 141.136 141.435 141.25 141.331 141.033 141.372 141.531 141.162 141.775 141.776 141.736
5.5805 5.57388 5.55786 5.561 5.58047 5.57788 5.5673 5.57061 5.57752 5.56676 5.54162 5.54769 5.56712 5.57628 5.56614 5.55631 5.58004 5.58668 5.56979
4.42393 4.4102 4.50722 4.41096 4.42236 4.47807 4.48795 4.49812 4.44529 4.43473 4.41992 4.46617 4.45995 4.43573 4.44728 4.54584 4.45801 4.45392 4.43596
13.5244 13.5525 13.3502 13.7508 13.8652 13.4495 13.0606 13.2005 13.1702 13.1149 12.708 13.035 13.2273 12.8747 12.8963 13.1208 13.9795 14.1187 13.952
5.40044 5.43022 5.37245 5.39408 5.41931 5.32944 5.28963 5.27795 5.26439 5.30148 5.37672 5.315 5.34405 5.35648 5.35222 5.42228 5.38426 5.39167 5.40249
7.66005 7.65396 7.68755 7.65472 7.66184 7.66007 7.6281 7.65667 7.64875 7.64858 7.61096 7.62497 7.68238 7.62671 7.64998 7.65755 7.67273 7.6706 7.657
162.575 162.213 162.841 163.136 163.326 162.529 162.322 162.686 162.187 162.731 160.831 161.911 162.493 162.994 161.767 162.19 164.027 164.368 163.658
153.676 153.762 153.564 153.698 153.666 153.351 153.261 153.314 153.386 153.369 153.2 153.26 153.156 153.017 153.303 152.868 153.681 153.712 153.627
5.93764 5.93232 5.8978 5.95129 5.94446 5.8902 5.92995 5.90968 5.91087 5.94422 5.94641 5.92801 5.88327 5.87481 5.88618 5.86531 5.9682 5.94676 5.93394
7.53094 7.55072 7.36313 7.50503 7.49903 7.12491 7.05966 7.00115 7.10946 7.18983 7.05657 7.0414 6.92055 6.8025 6.99255 6.81234 7.46256 7.5123 7.52249
4.55752 4.56182 4.34941 4.56557 4.5545 4.38083 4.36134 4.37678 4.38388 4.37241 4.33654 4.3519 4.33153 4.32727 4.34899 4.31465 4.55336 4.55475 4.56372
8.25527 8.26251 8.26272 8.26736 8.24576 8.24951 8.24987 8.23114 8.25935 8.25558 8.28726 8.26619 8.20849 8.25513 8.31269 8.24263 8.20914 8.25309 8.30807
141.647 141.763 141.592 141.642 141.609 141.764 141.213 141.553 141.626 141.596 141.325 141.332 140.841 141.06 141.3 141.457 141.501 141.624 141.624
5.42096 5.40602 5.40002 5.42367 5.41587 5.41484 5.43707 5.40803 5.41822 5.42146 5.4114 5.42775 5.42725 5.41773 5.42813 5.42586 5.43787 5.41413 5.40953
4.41359 4.41134 4.47291 4.41914 4.41621 4.40477 4.44865 4.40399 4.47779 4.42562 4.40552 4.38288 4.27061 4.2896 4.4491 4.33371 4.41885 4.41114 4.41758
13.0413 13.171 12.9707 13.2077 13.0927 12.4612 12.2603 12.3702 12.5369 12.6471 12.53 12.4195 12.3788 12.3156 12.4363 12.3904 13.2807 13.1689 13.1153
5.47505 5.4969 5.5027 5.45512 5.43696 5.52957 5.47681 5.44393 5.44798 5.46319 5.46975 5.41917 5.42605 5.34122 5.46269 5.47443 5.37668 5.47773 5.46572
7.5748 7.57863 7.62257 7.55949 7.55293 7.64307 7.59516 7.58731 7.59324 7.60846 7.60843 7.5715 7.53625 7.66465 7.58748 7.65376 7.54742 7.56888 7.573
160.996 161.231 162.289 161.474 161.252 162.624 162.443 162.253 162.536 162.935 162.938 163.225 162.598 162.96 162.422 162.431 161.548 161.297 161.53
154.068 154.024 153.898 154.068 154.089 153.816 154.115 154.186 154.012 154.137 153.99 153.975 153.901 154.22 153.907 153.935 154.057 153.987 153.955
5.93811 5.92875 5.87817 5.96786 5.92324 5.90559 5.90629 5.89848 5.93004 5.89735 5.93554 5.92977 5.9241 5.88457 5.9223 5.92584 5.95173 5.93466 5.93275
7.65286 7.60878 7.14585 7.62856 7.66016 7.10269 7.38281 7.54755 7.49893 7.59261 7.55475 7.35191 7.23679 7.58854 7.52486 7.33693 7.63133 7.63683 7.59719
4.55351 4.56057 4.22779 4.57167 4.56629 4.23856 4.20195 4.21637 4.23082 4.20594 4.222 4.23208 4.20055 4.18066 4.2334 4.17766 4.55908 4.57936 4.57006
8.24119 8.22098 8.25132 8.204 8.2995 8.21106 8.19482 8.17846 8.18751 8.2104 8.18856 8.21793 8.19901 8.22982 8.15781 8.17809 8.23624 8.28582 8.23964
141.471 141.387 141.463 141.548 141.494 141.151 140.873 140.758 140.94 141.009 141.029 140.668 140.9 140.917 141.068 140.609 141.531 141.497 141.419
5.43689 5.43449 5.45056 5.41756 5.41986 5.42993 5.41314 5.42356 5.43074 5.42331 5.44371 5.40089 5.37649 5.4164 5.43017 5.40767 5.43326 5.43397 5.41956
4.41687 4.4468 4.29683 4.38376 4.40562 4.25003 4.28492 4.25726 4.24561 4.26952 4.28363 4.19408 4.18818 4.30001 4.29636 4.25095 4.39747 4.4217 4.42076
5.53984 5.53895 5.40453 5.54055 5.57069 5.44154 5.2963 5.32577 5.30692 5.37802 5.3276 5.22535 5.33154 5.40116 5.42091 5.38375 5.54637 5.55925 5.55758
7.49625 7.48947 7.52797 7.50017 7.50299 7.56491 7.43405 7.44571 7.4292 7.48656 7.50634 7.42674 7.42192 7.49655 7.50138 7.47245 7.49241 7.50639 7.49987
5.54926 5.55206 5.57609 5.55407 5.54258 5.58877 5.5484 5.5339 5.53913 5.55179 5.53534 5.49186 5.5326 5.53729 5.53379 5.56008 5.55141 5.54789 5.545
4.42998 4.41075 4.36781 4.41748 4.40569 4.4479 4.38764 4.37583 4.34261 4.38205 4.3418 4.34172 4.36454 4.37093 4.36108 4.41676 4.42332 4.43654 4.41184
13.2365 13.5154 13.1401 13.4789 13.4308 13.2113 13.3353 13.4005 13.3442 13.4135 13.6283 13.1847 13.4356 13.5962 13.3351 13.1392 13.3813 13.3506 13.3452
5.60829 5.61074 5.61414 5.60118 5.60095 5.55227 5.55623 5.52197 5.54001 5.55355 5.53339 5.50678 5.49684 5.53658 5.5269 5.51318 5.60106 5.62473 5.59773
7.80533 7.81901 7.79162 7.78314 7.80811 7.80518 7.80726 7.81582 7.82568 7.80414 7.81374 7.8175 7.80413 7.80023 7.79629 7.81268 7.78387 7.81237 7.81251
161.791 161.539 161.939 162.153 162.602 161.581 162.713 162.372 162.078 162.171 162.81 161.203 162.059 162.473 162.526 161.183 161.682 162.082 162.381
5.5688 5.49575 5.56896 5.58372 5.59162 5.60879 5.55253 5.52549 5.50914 5.53964 5.53165 5.49809 5.51976 5.52383 5.51819 5.45184 5.5595 5.57652 5.57476
4.42737 4.39076 4.51588 4.4234 4.45835 4.53649 4.49029 4.45023 4.47919 4.45463 4.47424 4.4272 4.52267 4.47069 4.38708 4.4012 4.46198 4.41631 4.3926
5.75132 5.48819 5.79474 5.74361 5.71241 5.74942 5.73355 5.75185 5.7652 5.71432 5.76757 5.75321 5.70505 5.77872 5.77889 5.63323 5.70097 5.75599 5.74715
7.8927 8.03439 7.80588 7.84983 7.93606 7.84187 7.94177 7.94914 7.94722 7.92139 7.90471 7.96464 8.02226 7.96497 8.04537 7.9854 7.89883 7.8929 7.90493
153.821 153.857 154.24 154.097 154.077 154.083 153.207 152.298 151.983 152.184 152.387 152.34 152.203 152.079 152.623 152.081 153.654 153.458 153.783
5.92606 5.895 5.89768 5.93058 5.94315 5.83753 5.79201 5.61392 5.6289 5.61302 5.55571 5.67728 5.72331 5.63746 5.60722 5.61436 6.46326 5.91579 5.84568
7.63678 7.17688 7.7071 7.67052 7.56371 7.53698 6.88256 6.7046 6.59407 6.57373 6.84619 6.62401 6.28215 6.61076 6.99806 6.12927 7.58653 7.45636 7.29107
4.56899 4.555 4.34889 4.57317 4.52779 4.31376 4.33258 4.37343 4.38048 4.35847 4.38124 4.3461 4.31976 4.37492 4.38098 4.35918 4.50694 4.58966 4.50573
8.2003 8.20331 8.26489 8.31621 8.27597 8.31678 8.33045 8.29977 8.30513 8.26755 8.27843 8.18787 8.0529 8.15309 8.2608 8.10951 8.2407 8.23948 8.29072
5.41027 5.41877 5.43421 5.4574 5.42039 5.34159 5.36809 5.30251 5.32003 5.27625 5.27687 5.2844 5.40678 5.31717 5.27916 5.45754 5.42891 5.47907 5.43965
4.41327 4.43587 4.55019 4.40214 4.4096 4.4671 4.53568 4.44913 4.45889 4.45133 4.47105 4.42273 4.46715 4.53966 4.50983 4.48333 4.40212 4.4191 4.43068
5.59709 5.63011 5.4577 5.60218 5.59323 5.53887 5.54975 5.51987 5.50448 5.50665 5.50241 5.57901 5.28295 5.49662 5.50342 5.24042 5.56508 5.48962 5.62604
7.64265 7.68976 7.58484 7.67582 7.66244 7.63123 7.63305 7.58922 7.58461 7.61413 7.57705 7.62474 7.57 7.61381 7.59893 7.58058 7.66622 7.64591 7.67474
154.269 153.577 153.583 154.297 153.541 153.514 153.361 153.796 154.255 153.971 154.055 153.147 153.471 154.053 152.336 153.829 154.314 154.375 154.226
142.558 142.375 141.643 142.621 142.518 141.557 141.644 141.647 141.672 141.679 141.744 141.647 141.609 141.835 141.678 141.413 142.494 142.597 142.546
5.93599 5.95278 5.89316 5.9738 5.93757 5.87131 5.88162 5.9048 5.89122 5.89469 5.88473 5.89972 5.88509 5.87012 5.89016 5.86196 5.96167 5.96225 5.94413
7.77158 7.8242 7.57628 7.61919 7.78075 7.35275 6.30499 7.42369 7.75483 7.5482 7.70006 6.77254 8.05613 7.98048 6.49826 8.07009 7.79799 7.77305 7.78786
4.61152 4.58469 4.35964 4.58182 4.60511 4.42163 4.42243 4.3831 4.37944 4.39577 4.39781 4.40231 4.36314 4.39747 4.3936 4.36463 4.57602 4.5672 4.55763
8.16799 8.15086 8.18899 8.19321 8.14155 8.12547 8.01339 8.07852 8.17716 8.04244 8.15485 7.98393 8.08479 8.17075 8.1378 8.19119 8.22664 8.1987 8.23825
141.398 141.445 141.767 141.47 141.366 141.91 141.949 141.892 141.721 141.922 141.885 141.742 141.503 142.004 141.523 141.475 141.533 141.348 141.55
5.47469 5.44777 5.47189 5.4578 5.46523 5.49597 5.50502 5.51448 5.46384 5.5027 5.47267 5.5161 5.55301 5.48489 5.52723 5.56448 5.47268 5.46466 5.45489
4.47685 4.41602 4.42364 4.47303 4.49954 4.46456 4.46013 4.46548 4.28996 4.432 4.26982 4.48156 4.34862 4.25828 4.30786 4.33359 4.42247 4.41831 4.42413
12.824 13.2436 13.3022 13.136 12.9479 13.0327 13.0884 13.1258 12.9015 13.15 13.1576 13.2 12.121 12.7632 12.9225 12.1442 13.8536 13.2181 13.1867
5.31002 5.44525 5.38726 5.40034 5.33673 5.40214 5.50663 5.58484 5.58555 5.59481 5.45031 5.46332 5.34065 5.5789 5.43981 5.27868 5.45659 5.44291 5.51041
7.50664 7.5523 7.59225 7.57541 7.51451 7.55629 7.67311 7.66398 7.7441 7.68886 7.58626 7.59418 7.69257 7.72445 7.60451 7.51377 7.55184 7.52936 7.58419
161.361 161.805 162.404 163.043 163.717 161.213 161.151 160.854 161.006 160.887 160.562 160.04 162.039 160.846 160.787 162.012 162.588 161.74 160.397
153.923 154.062 153.772 153.945 153.927 154.385 154.2 153.946 153.682 153.797 154.2 153.773 153.319 153.748 153.915 153.121 154.013 153.829 153.975
5.95472 5.95471 5.94501 5.93527 5.97146 5.91583 5.93636 5.91176 5.90474 5.93581 5.90507 5.90562 5.87823 5.95094 5.89897 5.83875 5.96383 5.9409 5.95791
7.54588 7.66653 7.5529 7.55734 7.5128 7.69008 7.62867 7.37341 7.27337 7.30084 7.58599 7.26863 7.07569 7.3073 7.39788 6.92285 7.61248 7.55196 7.58147
4.53028 4.56826 4.22096 4.52775 4.52377 4.19733 4.19337 4.19678 4.2359 4.25135 4.21626 4.23397 4.27906 4.22549 4.20389 4.25413 4.54535 4.56693 4.56133
8.21948 8.2885 8.24815 8.19516 8.20677 8.20753 8.19658 8.23131 8.24621 8.21885 8.1991 8.18999 8.36019 8.14066 8.18511 8.33697 8.34136 8.25895 8.33987
141.045 141.307 140.893 140.834 141.021 140.706 140.929 140.956 140.495 140.71 140.45 140.88 140.902 140.804 140.82 140.83 141.248 141.251 141.234
5.45293 5.41575 5.39566 5.45319 5.43944 5.38639 5.39614 5.40813 5.42182 5.41508 5.4259 5.42299 5.40081 5.4025 5.41313 5.4081 5.46075 5.4417 5.44434
4.35599 4.36728 4.31813 4.38018 4.37883 4.28908 4.30849 4.28386 4.29888 4.28912 4.32187 4.32385 4.21333 4.2294 4.22222 4.22542 4.36847 4.3589 4.35517
5.34782 5.53565 5.37237 5.27535 5.33308 5.43692 5.39898 5.44504 5.38608 5.31723 5.41799 5.41038 5.30536 5.35432 5.45002 5.3615 5.44797 5.49113 5.52242
7.44011 7.48589 7.44565 7.39352 7.43786 7.49322 7.47006 7.47853 7.40569 7.36899 7.45534 7.41114 7.44232 7.41989 7.48826 7.34585 7.48062 7.48964 7.50543
5.56233 5.55862 5.54964 5.5698 5.57017 5.52942 5.5464 5.54165 5.55991 5.54689 5.57137 5.5627 5.55735 5.54184 5.5402 5.55101 5.56419 5.57281 5.57419
4.40922 4.4125 4.37811 4.40799 4.41524 4.36455 4.39298 4.41468 4.40328 4.40884 4.37533 4.44214 4.4047 4.38162 4.40043 4.33816 4.41306 4.41037 4.41513
13.328 13.5272 13.4053 13.2888 13.5236 13.5135 13.6912 13.3754 13.2891 13.5869 13.2883 13.5731 13.3695 13.2142 13.5533 13.3265 13.2756 13.3972 13.337
5.59766 5.59803 5.5651 5.61043 5.59583 5.52722 5.53359 5.49875 5.51325 5.50625 5.46977 5.51898 5.55542 5.5187 5.45466 5.51046 5.60679 5.59003 5.60386
7.79409 7.80843 7.81515 7.80352 7.80431 7.80502 7.81294 7.79936 7.78312 7.78835 7.76674 7.74439 7.83415 7.76502 7.78861 7.80171 7.80346 7.8044 7.79384
160.604 161.295 161.126 160.925 161.257 161.855 162.601 161.963 161.495 162.231 162.028 161.785 160.202 161.415 160.983 160.846 160.888 160.851 160.687
142.657 142.567 142.385 142.692 142.589 142.277 142.282 142.288 142.387 142.385 142.434 142.561 142.272 142.438 141.876 142.173 142.616 142.526 142.64
5.52263 5.5486 5.53642 5.54191 5.55005 5.52824 5.55954 5.56696 5.55433 5.56759 5.56296 5.56847 5.50341 5.53884 5.53295 5.52351 5.54077 5.54744 5.55419
4.39677 4.40007 4.47554 4.39431 4.39689 4.4252 4.28018 4.26815 4.28731 4.27249 4.27152 4.28828 4.27502 4.21667 4.21683 4.23182 4.39973 4.39748 4.39306
10.9058 10.8251 10.4325 10.9872 11.1916 10.6265 11.3802 10.7671 10.5633 10.6527 10.2322 10.4228 9.95643 10.4362 10.3196 10.2352 11.3834 11.0181 10.956
5.755 5.73159 5.70593 5.74056 5.73896 5.65673 5.56817 5.59719 5.62896 5.61065 5.65334 5.58623 5.67972 5.55943 5.65887 5.6116 5.75806 5.73201 5.75578
7.90332 7.87794 7.949 7.88422 7.88039 7.87783 7.84696 7.92034 7.92845 7.92442 7.9279 7.8758 7.92782 7.89791 7.87553 7.86506 7.90112 7.87537 7.89691
158.155 157.935 159.815 158.124 158.534 159.728 161.387 160.85 160.998 160.822 160.442 161.168 161.084 160.654 159.985 160.333 158.927 158.267 158.171
142.014 141.862 140.756 141.995 141.893 140.559 140.48 140.289 140.387 140.146 140.065 140.248 140.109 140.034 140.067 139.842 141.992 141.908 141.898
6.03023 6.01223 6.02504 6.04898 6.03905 5.97668 5.94504 5.95635 5.96346 5.99362 5.9823 5.94068 5.96829 5.85706 5.95905 5.93828 6.02418 6.02634 6.04985
7.3776 7.48479 7.31309 7.44896 7.42257 7.22039 7.20355 7.23169 7.31456 7.28816 7.30354 7.37733 6.97301 6.93628 7.04486 7.06998 7.36068 7.45094 7.48191
4.54773 4.55421 4.20964 4.54548 4.55071 4.22778 4.22695 4.22204 4.1941 4.20769 4.22008 4.24414 4.20448 4.22421 4.20749 4.14763 4.54054 4.54877 4.54377
8.29416 8.30185 8.15056 8.30359 8.24741 8.14904 8.23125 8.18808 8.16159 8.13606 8.16904 8.21038 8.10871 8.06543 8.18941 8.16352 8.30292 8.2711 8.23702
141.312 141.318 140.594 141.367 141.3 140.839 140.534 140.4 140.5 140.393 140.505 140.206 140.819 140.825 140.89 140.743 141.317 141.256 141.261
5.49789 5.49852 5.47831 5.51635 5.50517 5.46588 5.49067 5.48359 5.4942 5.47976 5.47632 5.52879 5.48106 5.50142 5.47387 5.49711 5.50612 5.50713 5.51219
4.30042 4.30891 4.14695 4.26795 4.30476 4.15236 4.14559 4.15086 4.15264 4.15255 4.15124 4.1544 4.20059 4.1531 4.15565 4.1493 4.31549 4.29246 4.29875
5.54435 5.5188 5.28746 5.56583 5.52528 5.35836 5.27509 5.26751 5.30067 5.2713 5.31368 5.26646 5.27485 5.28299 5.37643 5.26507 5.48606 5.51131 5.51095
7.5548 7.55824 7.36809 7.56319 7.5484 7.57234 7.55167 7.50374 7.43967 7.43169 7.50346 7.48973 7.52197 7.56549 7.55016 7.50609 7.54639 7.54425 7.5489
5.6435 5.6524 5.6343 5.6505 5.65582 5.62215 5.62804 5.62353 5.6386 5.62586 5.63685 5.6443 5.63683 5.6371 5.65272 5.62341 5.6459 5.65635 5.64734
4.15506 4.12988 4.02112 4.15044 4.14487 4.02869 4.01444 4.12192 4.0848 4.03286 4.10898 4.10589 4.08964 4.10266 4.11603 4.09806 4.14611 4.14686 4.14261
5.65763 5.68794 5.53935 5.66157 5.67928 5.60308 5.57833 5.52285 5.5597 5.55243 5.57426 5.58408 5.58831 5.54407 5.5162 5.55053 5.67705 5.67984 5.66744
7.71322 7.70547 7.72682 7.70725 7.70059 7.72832 7.73092 7.73562 7.73876 7.74166 7.74414 7.72933 7.73074 7.70211 7.71311 7.74684 7.71147 7.7004 7.69672
