92.2671 92.1845 92.1253 92.1613 92.1372 92.0998 92.0657 92.0009 92.0445 91.9553 91.9945 91.9839 92.1249 92.05 92.1133 92.0801 92.0635 91.9797 92.1457 91.9302 91.988 92.0577 92.0634 92.1173 91.9722 91.9386 92.0034 92.0591 92.0974 92.0904
75.5832 75.6094 75.6115 75.5603 75.5152 75.5162 75.4988 75.7371 75.5913 75.7155 75.5773 75.5633 75.7795 75.5855 75.8276 75.5916 75.5315 75.6004 75.8248 75.5392 75.5589 75.6757 75.6212 75.4844 75.525 75.5045 75.5565 75.4698 75.9509 75.4985
73.7023 73.4026 73.4487 73.727 73.7393 73.8873 73.7333 74.2312 73.9747 73.9727 73.9809 73.9178 73.9771 73.8273 73.7596 74.0149 74.3405 73.835 74.0726 74.2645 73.8463 74.1342 73.9048 73.6243 73.6756 74.2505 73.9569 73.574 73.5023 73.4168
83.1202 83.0446 83.0055 83.0899 83.1553 83.125 83.0074 83.2166 83.1375 83.2189 83.2135 83.0667 83.1431 83.0773 83.0101 83.1425 83.2134 83.1124 83.1442 83.2384 83.1033 83.2137 82.9574 83.0248 82.966 83.156 83.11 83.0357 83.2795 83.2802
65.9103 65.8643 65.9314 65.9404 65.8912 65.902 65.8564 65.8429 65.9103 65.8546 65.9154 65.8958 65.8441 65.8871 65.8112 65.8918 65.9199 65.8912 65.8487 65.9533 65.9112 65.9643 65.7857 65.9185 65.8232 66.0844 65.9396 65.8696 66.0504 66.0118
138.81 138.844 138.634 138.897 138.808 138.914 138.724 139.183 138.994 139.037 139.104 138.788 139.014 138.782 138.764 139.004 139.334 138.788 139.145 139.137 138.745 139.085 138.966 138.638 138.634 138.82 138.824 138.673 139.034 138.042
12.5966 12.7227 12.841 12.8854 12.3508 12.3346 12.3893 12.4188 12.3491 12.3012 12.3329 12.3358 12.3797 12.3944 12.3645 12.3652 12.3576 12.356 12.389 12.3098 12.3533 12.3499 12.3511 12.3305 12.382 12.3856 12.3669 12.334 11.1675 12.7196
5.7441 5.73669 5.72398 5.72463 5.91382 5.91271 5.902 5.89688 5.90926 5.90822 5.92162 5.90476 5.90551 5.90194 5.89837 5.90668 5.91127 5.90965 5.89719 5.91818 5.90905 5.89672 5.91147 5.9115 5.90425 5.91568 5.90495 5.90603 5.95065 5.85908
4.70497 4.66921 4.74408 4.72949 4.69762 4.72106 4.70963 4.69322 4.73687 4.62601 4.71322 4.71366 4.65262 4.69838 4.64704 4.71781 4.73378 4.68057 4.68163 4.73232 4.70202 4.72827 4.68994 4.72295 4.69403 4.73484 4.72463 4.70374 4.63679 4.57988
4.62198 4.61223 4.5849 4.60281 4.62647 4.64919 4.64778 4.66982 4.64536 4.62493 4.62621 4.64608 4.66245 4.64437 4.60822 4.63512 4.68003 4.61747 4.65951 4.65611 4.63414 4.6839 4.67138 4.61575 4.62495 4.64623 4.65365 4.62162 4.62907 4.64924
4.51489 4.52194 4.51254 4.51771 4.52109 4.52909 4.54066 4.52449 4.53536 4.52194 4.52626 4.53587 4.52724 4.53231 4.53902 4.5311 4.52464 4.5299 4.52962 4.52877 4.52947 4.54105 4.54793 4.52879 4.54247 4.54171 4.53891 4.53064 4.50771 4.51798
4.42876 4.45661 4.47847 4.47407 4.71051 4.71929 4.725 4.71756 4.72442 4.71036 4.70822 4.72557 4.71863 4.72647 4.72146 4.72365 4.70536 4.71735 4.7275 4.71623 4.72398 4.73566 4.73918 4.7169 4.75113 4.75372 4.72043 4.71243 4.69195 4.69531
4.26016 4.21713 4.28152 4.26767 4.30179 4.30429 4.30742 4.29041 4.29846 4.29908 4.29452 4.30486 4.30523 4.30757 4.30368 4.29738 4.28902 4.30279 4.29908 4.29334 4.30696 4.30014 4.32792 4.30636 4.3268 4.31855 4.30445 4.3048 4.30279 4.30948
8.01219 8.07028 8.03415 7.99806 7.98654 8.02623 8.10991 8.10206 8.06489 8.05149 8.0538 8.15381 8.10149 8.07622 8.09563 8.02861 8.07194 8.04423 8.06382 8.06657 8.09436 8.10787 8.02426 8.04706 8.13494 8.08869 8.11681 8.10202 7.83226 7.74191
146.484 146.302 146.101 146.538 145.617 145.256 145.438 145.242 145.079 145.392 144.601 145.22 145.293 145.502 145.293 145.244 145.024 145.507 145.385 144.853 145.38 145.458 145.167 145.449 145.219 144.977 145.481 145.381 145.512 146.919
92.7582 92.7938 92.736 92.6185 92.8563 92.839 92.6942 92.7091 92.8416 92.7102 92.9187 92.7274 92.8156 92.686 92.7963 92.7675 92.9191 92.7044 92.6472 92.807 92.7522 92.5475 92.8213 92.8292 92.6536 92.9384 92.6492 92.5466 93.0039 92.519
75.3849 75.4215 75.2672 75.4053 75.2713 75.4255 75.3076 75.6096 75.4356 75.4401 75.3861 75.2702 75.6356 75.4678 75.6886 75.3807 75.2396 75.341 75.5845 75.4707 75.2992 75.6153 75.3031 75.2971 75.1319 75.4617 75.3916 75.8737 75.033 76.0859
73.0625 72.9947 72.4955 72.5941 72.9238 72.5208 72.8909 73.7717 72.756 73.4516 73.2179 73.0652 73.5969 72.82 73.8232 72.8865 72.813 73.0083 73.8929 72.9315 72.9992 73.4762 72.6945 73.5115 73.1996 73.0852 73.316 72.9981 72.738 73.5179
82.4239 82.4645 82.2273 82.3 82.5073 82.3271 82.4655 82.8825 82.4327 82.6666 82.5441 82.5315 82.7708 82.4022 82.7945 82.4737 82.4296 82.5034 82.6841 82.3875 82.5245 82.7391 82.1931 82.6572 82.4808 82.4951 82.5892 82.2388 82.5508 82.6708
65.5587 65.5733 65.5042 65.4613 65.6379 65.5794 65.6554 65.901 65.6103 65.7644 65.7872 65.6598 65.9455 65.6372 65.9255 65.6643 65.7543 65.6868 65.9812 65.7014 65.6892 65.7938 65.548 65.7981 65.6544 65.7822 65.7537 65.5933 65.6905 66.0712
137.018 136.977 136.8 137.099 136.586 136.436 136.396 137.536 136.501 137.153 136.735 136.526 137.556 136.434 137.233 136.494 136.55 136.61 137.689 136.578 136.491 136.562 136.435 136.443 136.454 136.047 136.569 136.934 137.683 138.017
12.8758 12.955 12.9375 12.9414 13.0529 13.0107 13.0138 13.1126 13.0513 13.0123 12.9833 12.9986 13.0597 13.0148 13.1589 13.0371 13.0025 13.0044 13.1115 12.9163 12.9858 13.0515 12.9852 12.9775 12.9365 12.8662 12.9691 12.894 12.6483 12.7742
5.74235 5.7339 5.7164 5.72526 5.8935 5.88978 5.88881 5.93343 5.8991 5.89522 5.92601 5.89236 5.93307 5.89379 5.9349 5.89223 5.91333 5.88484 5.91705 5.89532 5.89294 5.92477 5.89414 5.9116 5.89513 5.93555 5.89805 5.89751 5.25916 5.88132
4.55349 4.53718 4.60663 4.53086 4.59134 4.57139 4.59195 4.67376 4.58456 4.62743 4.61705 4.60229 4.67553 4.5818 4.66049 4.60316 4.6094 4.60298 4.65002 4.56868 4.59591 4.6336 4.59099 4.60117 4.60281 4.57672 4.60035 4.52952 4.53283 4.5322
4.59113 4.56814 4.55551 4.58099 4.58984 4.57731 4.59654 4.64279 4.58364 4.6025 4.6289 4.60956 4.62775 4.56793 4.61938 4.59386 4.61191 4.58924 4.66593 4.62397 4.59896 4.62822 4.60405 4.63659 4.60763 4.61921 4.62886 4.61184 4.54431 4.77045
4.51599 4.51355 4.52325 4.53933 4.52053 4.53079 4.52273 4.51642 4.53465 4.51561 4.52101 4.52871 4.52147 4.54649 4.52778 4.53333 4.53375 4.52147 4.56638 4.52318 4.51907 4.5352 4.53429 4.52878 4.5167 4.52536 4.53654 4.52273 4.56478 4.57044
4.48285 4.47465 4.45788 4.49026 4.69548 4.68195 4.69214 4.72442 4.71602 4.73674 4.70643 4.711 4.75505 4.71884 4.79937 4.71489 4.69493 4.69608 4.76931 4.69383 4.69502 4.78337 4.75383 4.70957 4.73089 4.74504 4.70211 4.67822 4.63853 4.64814
4.26753 4.27058 4.2515 4.25347 4.33666 4.33775 4.33852 4.38116 4.32836 4.35994 4.34406 4.33344 4.41619 4.33752 4.39519 4.33303 4.34199 4.3362 4.55523 4.33813 4.33509 4.32788 4.38143 4.34325 4.36073 4.33901 4.33895 4.33878 4.47618 4.37361
7.53895 7.52991 7.52765 7.58901 7.47042 7.50736 7.4843 7.50947 7.46093 7.59936 7.49453 7.46531 7.56138 7.49047 7.54653 7.47646 7.51445 7.54115 7.61539 7.55091 7.51998 7.39471 7.4437 7.48347 7.49266 7.49128 7.50002 7.60597 7.84157 8.05552
147.866 148.157 148.416 147.965 149.155 149.347 149.275 149.415 149.679 149.187 149.509 149.358 149.133 149.335 149.242 149.432 149.477 149.288 148.971 149.293 149.345 149.597 149.407 149.665 148.62 149.341 149.385 148.413 147.017 147.183
93.4665 93.4643 93.5673 93.446 93.6076 93.5897 93.5175 93.4438 93.611 93.7406 93.4869 93.5732 93.5094 93.3897 93.4489 93.6819 93.514 93.5193 93.6271 93.4188 93.4967 93.162 93.5355 93.5222 93.1291 93.0096 93.5067 93.1527 93.1223 92.9147
75.38 75.3224 75.4801 75.4486 75.7464 75.7023 75.6535 75.9833 75.7788 75.7781 75.919 75.596 75.8361 75.7553 75.5983 75.6329 75.9824 75.695 75.6209 75.8757 75.6067 75.5195 75.816 75.8157 75.7635 75.5521 75.5374 75.9711 75.8226 75.0568
72.6746 72.4907 72.6192 72.644 71.9818 71.9048 72.1312 71.4736 71.8716 71.7613 71.8004 72.2525 71.7787 72.0786 72.2552 72.2259 72.4162 72.1915 71.9859 72.2397 72.2384 72.0472 71.2796 72.3202 72.8442 72.2382 73.0234 72.8879 72.4932 72.8226
82.5534 82.5452 82.5036 82.6264 82.5035 82.5046 82.5753 82.4085 82.4977 82.3326 82.5589 82.6135 82.2569 82.5427 82.4688 82.5127 82.7473 82.6102 82.2883 82.5776 82.5979 82.5212 82.0095 82.6265 82.9218 82.6771 82.6967 83.0736 83.0652 80.8835
97.7679 97.3402 97.4009 97.7677 96.4512 96.4616 96.4109 98.4996 96.342 96.7958 98.4114 96.4886 98.4983 96.3888 97.3003 96.613 98.4584 96.7151 97.2272 97.3811 96.3666 96.6014 96.1837 95.8755 97.5613 95.6245 97.0229 100.441 96.8326 100.917
64.6712 64.6294 64.7274 64.6527 64.8707 64.7925 64.8419 64.8029 64.7675 64.9133 65.0249 64.8635 64.8124 64.846 64.6591 64.9073 65.2869 64.8942 64.6568 64.5793 64.7584 64.9427 64.6308 65.0218 64.7889 64.8478 64.8981 65.1607 64.6469 64.8846
141.133 141.155 141.228 141.177 140.87 140.756 140.867 141.414 140.812 140.753 141.158 140.89 141.455 140.852 141.123 140.808 141.508 140.753 141.097 140.814 140.852 141.01 140.798 140.801 141.28 140.744 141.043 141.684 140.675 140.659
5.5543 5.5527 5.55858 5.56882 5.58983 5.58448 5.58047 5.65608 5.60509 5.60962 5.63778 5.58634 5.68545 5.5973 5.6101 5.59262 5.64453 5.57934 5.61903 5.60531 5.60185 5.65068 5.58858 5.59532 5.59813 5.63659 5.60588 5.56789 5.51255 6.08964
4.32886 4.37164 4.36912 4.37282 4.49432 4.44264 4.44322 4.5271 4.46268 4.45939 4.46054 4.45221 4.49153 4.44535 4.44391 4.43038 4.39195 4.45094 4.42324 4.35798 4.38195 4.37211 4.43033 4.49079 4.16581 4.32399 4.38562 4.17087 4.28404 4.36311
4.45845 4.466 4.47263 4.48039 4.5358 4.51564 4.52223 4.49769 4.52543 4.50508 4.51499 4.52103 4.50461 4.53907 4.53792 4.52208 4.50356 4.50449 4.53974 4.50347 4.50865 4.43828 4.52096 4.53388 4.4245 4.43679 4.51307 4.45632 4.48068 4.57175
4.339 4.33775 4.33017 4.33847 4.36774 4.36912 4.36906 4.33352 4.36401 4.38626 4.34501 4.36723 4.3485 4.36977 4.39398 4.36832 4.3375 4.37778 4.38538 4.37332 4.36737 4.37195 4.388 4.37598 4.35702 4.37526 4.3796 4.3279 4.34112 4.26385
5.26363 5.19654 5.24313 5.19228 4.99881 5.08369 5.0365 5.23045 5.03513 5.17029 5.13254 5.04103 5.1504 5.04545 5.08243 5.09638 5.12386 5.13726 5.12819 5.19712 5.04168 5.1334 5.02992 5.01266 5.07465 4.98083 5.19651 5.60867 5.17002 5.67253
4.40738 4.38959 4.36815 4.36446 4.4715 4.45113 4.46038 4.49786 4.46234 4.46027 4.52761 4.46997 4.52883 4.47173 4.57011 4.45284 4.52309 4.45549 4.53797 4.45165 4.44066 4.60442 4.5562 4.47385 4.52327 4.59103 4.48018 4.60816 4.4288 4.28373
4.16169 4.19304 4.17055 4.19222 4.51778 4.5279 4.51993 4.5389 4.52804 4.52234 4.53726 4.5173 4.55558 4.52802 4.53432 4.52496 4.5629 4.51139 4.5813 4.52372 4.51624 4.46714 4.6462 4.52444 4.48596 4.47759 4.51055 4.58561 4.4766 4.53053
7.62221 7.60847 7.63744 7.60125 7.57602 7.59112 7.59111 7.56215 7.57782 7.6344 7.57229 7.59217 7.57652 7.57273 7.60598 7.60673 7.59458 7.60347 7.61696 7.61368 7.58319 7.54801 7.57537 7.55688 7.65132 7.51069 7.61269 7.63536 7.55407 7.52351
92.9315 92.9231 92.921 92.9982 93.1994 92.9212 92.8572 92.5878 92.9147 92.9904 92.5342 92.9139 92.7889 92.718 92.6946 92.6419 92.6058 92.8832 92.6731 92.3843 92.4099 92.0355 92.7592 92.8531 91.8528 92.02 92.469 91.7722 92.0052 91.8576
153.92 153.927 153.944 153.995 153.793 153.919 153.875 154.008 153.758 153.825 153.947 153.812 153.277 153.639 153.716 153.75 154.006 153.811 154.436 155.003 153.964 153.88 153.532 153.774 152.823 153.789 153.741 153.68 153.96 153.912
75.6002 75.6681 75.6351 75.6789 75.686 75.7807 75.6632 75.7916 75.6847 75.6105 75.7037 75.6679 75.7127 75.6755 75.493 75.7506 75.893 75.6746 75.5317 75.8119 75.8968 75.4145 75.484 75.757 76.3889 75.5694 76.4711 76.2289 75.8081 75.8103
73.034 73.0881 72.9031 72.8347 72.8245 72.3242 72.4196 72.7761 72.9298 72.5267 72.7426 72.6369 72.8483 72.7692 72.9045 73.1575 72.666 73.1016 72.8111 72.6716 73.4992 73.8786 71.8684 73.3089 73.3522 73.5612 73.5408 73.8217 74.3802 73.4356
82.6236 82.5957 82.5179 82.4719 82.2685 82.208 82.2416 82.3953 82.4662 82.2295 82.5468 82.4009 82.025 82.3206 82.3013 82.3095 82.4832 82.3967 82.2728 82.6355 82.4824 83.1828 81.5639 82.3674 82.9751 83.1261 81.9354 82.8668 83.1988 83.0688
65.5039 65.4576 65.3904 65.3892 65.3568 65.3524 65.375 65.2554 65.3836 65.4171 65.2367 65.3304 65.2564 65.252 65.3934 65.336 65.0851 65.5511 65.1377 65.167 65.4305 65.4823 65.0406 65.7556 65.5828 65.2941 65.3842 66.0233 65.1831 65.4477
140.452 140.414 140.47 140.506 139.227 139.353 139.426 139.12 139.497 139.244 139.806 139.562 139.335 139.309 139.339 139.315 140.945 139.394 139.437 140.279 139.343 139.3 138.712 139.365 143.007 138.979 139.335 141.604 139.555 139.328
5.98837 5.98985 5.98834 5.97571 6.48124 6.43857 6.43395 6.48809 6.45096 6.44269 6.49017 6.44784 6.47596 6.43659 6.42841 6.43097 6.46344 6.43611 6.45464 6.48676 6.44576 6.43035 6.43734 6.43701 6.43093 6.43323 6.43358 6.46994 6.47426 6.43734
7.66779 7.66287 7.66513 7.64391 6.9589 7.07819 7.11122 6.99181 7.04905 7.00046 7.18848 7.04852 7.04919 7.06725 6.99814 7.00793 7.32578 7.04212 7.38146 7.46004 7.11638 7.27701 6.9961 6.99666 7.33072 7.28578 6.83732 7.3927 7.26185 7.28719
4.62829 4.62102 4.61626 4.61403 4.5883 4.64508 4.66034 4.65477 4.61121 4.6679 4.64031 4.6755 4.61447 4.63578 4.68095 4.5892 4.68726 4.61801 4.59601 4.5526 4.53755 4.68507 4.58469 4.65956 4.7456 4.66271 4.25896 4.62506 4.00205 4.6034
4.70319 4.71488 4.69064 4.67468 4.79433 4.80973 4.82657 4.77225 4.80155 4.81732 4.77322 4.80649 4.81302 4.82118 4.83332 4.84551 4.84245 4.82273 4.85863 4.74965 4.82687 4.85209 4.85303 4.83738 4.95696 4.88135 4.85494 4.88434 4.82208 4.89639
4.5055 4.50661 4.50904 4.50771 4.61404 4.60147 4.60577 4.59736 4.60429 4.59656 4.58982 4.57871 4.61589 4.60317 4.60182 4.60403 4.61268 4.61545 4.60778 4.59802 4.61178 4.59567 4.61153 4.61123 4.58248 4.59819 4.65775 4.64989 4.59574 4.59948
4.53214 4.53062 4.53491 4.53213 4.67403 4.68628 4.66493 4.79378 4.73519 4.69884 4.79021 4.66485 4.85367 4.74634 4.65128 4.65796 4.78495 4.68185 4.75736 4.78658 4.73556 4.68894 4.82575 4.71506 4.61659 4.70223 4.66828 4.60289 4.83908 4.73737
4.28324 4.28147 4.28676 4.28985 4.47196 4.46719 4.46753 4.46141 4.46601 4.47493 4.47294 4.46697 4.538 4.48075 4.46851 4.46304 4.49593 4.46732 4.54122 4.53955 4.44316 4.45783 4.5838 4.47324 4.41741 4.45614 4.45159 4.46386 4.44027 4.45695
8.24581 8.23885 8.19833 8.19677 7.91196 7.98788 7.96794 7.92262 8.00853 8.01501 8.05671 7.97989 7.94883 7.9638 7.95379 7.98311 8.21933 8.02928 7.88272 7.98826 8.12309 8.30976 7.87179 8.01151 9.34205 8.26858 8.02538 8.03412 8.12722 7.99961
93.863 93.8764 93.8777 93.9278 94.0621 94.0122 94.124 93.9187 93.9462 93.9207 93.8586 93.9811 94.2464 93.7908 93.6794 93.2328 94.0009 93.4884 93.5022 93.4666 92.9924 93.2391 93.409 93.483 91.9181 93.0035 93.1629 93.1978 92.8385 93.1204
75.8466 75.6902 75.7065 75.4607 75.3614 75.1069 74.8439 75.7833 75.4883 75.7392 75.6826 75.6078 75.2333 75.4623 75.752 75.8111 75.6932 75.69 75.723 75.7868 75.9219 75.6897 75.6759 75.6731 75.2985 76.0774 75.479 75.2701 75.9954 75.8103
71.9213 72.1037 71.8678 72.2944 72.0176 72.0915 72.2631 71.4688 71.8613 71.2147 71.1612 71.3651 71.2644 71.8373 72.0257 72.5692 71.3391 72.7499 71.9628 71.131 73.1292 74.1256 72.5709 73.266 73.0536 73.3095 68.146 72.2978 73.8772 72.4912
82.5095 82.5103 82.4514 82.4807 82.5057 82.4578 82.6047 82.642 82.6721 82.6909 82.5736 82.6268 82.1741 82.7132 82.8515 83.1034 82.4065 83 82.763 81.6709 83.4129 83.4858 82.9985 82.7788 83.3291 83.3132 82.072 83.2951 85.874 83.2586
97.9375 97.8182 97.8365 97.8418 97.4043 97.0748 96.9907 99.1709 97.485 97.2933 97.3719 96.936 97.4318 97.2427 97.3823 98.0733 98.0261 97.1668 96.5043 96.9045 97.4744 98.1204 97.4645 96.5575 101.035 97.3307 98.4487 96.8091 94.2115 97.9434
65.1112 65.1087 65.0342 65.1002 65.0319 65.1147 65.2135 65.1367 65.164 65.1576 65.1064 65.2605 65.2179 65.1842 65.0594 64.83 65.1568 65.5034 65.4471 63.739 64.9789 65.3894 65.1438 65.9434 65.392 64.9819 66.8023 67.874 66.492 64.9334
140.996 141.002 140.846 140.959 140.629 140.688 140.737 141.538 140.712 140.9 140.867 140.697 140.4 140.69 141.153 141.708 141.02 141.27 140.308 140.974 141.962 142.249 141.774 140.949 143.045 141.658 142.844 142.455 141.793 141.744
5.39459 5.41179 5.43965 5.43275 5.53601 5.4901 5.47988 5.5369 5.54581 5.51884 5.56496 5.52591 5.51526 5.5316 5.5584 5.56147 5.54315 5.5574 5.51976 5.51989 5.55676 5.56567 5.54824 5.54187 5.96581 5.57607 5.58653 5.54522 5.50767 5.54483
4.33766 4.36082 4.33974 4.34431 4.35776 4.35149 4.32418 4.44989 4.36074 4.3976 4.46053 4.3828 4.37375 4.33598 4.3132 4.29361 4.36722 4.39852 4.42565 4.63823 4.33051 4.42874 4.34709 4.35533 4.2022 4.40379 4.56663 4.31514 4.22749 4.34208
4.36622 4.37344 4.37927 4.37471 4.37761 4.36765 4.36423 4.34998 4.37071 4.35843 4.3726 4.3721 4.37044 4.37248 4.39075 4.38268 4.37211 4.34854 4.34565 4.39193 4.38683 4.32492 4.36486 4.38752 4.25034 4.38364 4.45353 4.38987 4.34785 4.37259
4.37826 4.38217 4.37922 4.37412 4.42511 4.41448 4.40376 4.37215 4.39393 4.40438 4.40699 4.40556 4.39686 4.40546 4.41553 4.41216 4.41491 4.39243 4.40766 4.40947 4.40461 4.41646 4.405 4.40829 4.24914 4.4009 4.57174 4.41527 4.47963 4.40991
5.39423 5.38239 5.33551 5.36668 5.10885 5.20996 5.18875 5.40884 5.16612 5.21079 5.1644 5.16641 5.054 5.08397 5.03767 5.12603 5.31691 5.20061 4.8607 5.06916 5.39504 5.43064 4.80572 5.44499 5.81568 5.35931 5.61338 5.70752 4.14424 5.31789
4.47844 4.48939 4.49476 4.47994 4.4226 4.44515 4.41184 4.65554 4.26402 4.61101 4.62769 4.43979 4.43629 4.31945 4.49072 4.61901 4.44575 4.35214 4.77404 4.96792 4.67879 4.5398 4.58172 4.42166 5.67215 4.48861 4.50351 4.83417 4.50267 4.72639
4.22033 4.2174 4.20915 4.20892 4.55442 4.53332 4.52827 4.59438 4.55318 4.56302 4.57228 4.56091 4.541 4.54873 4.55086 4.55076 4.57263 4.5522 4.48532 4.82456 4.54823 4.57262 4.5456 4.56975 4.51797 4.54348 4.68295 4.56102 4.82549 4.53142
7.42813 7.42742 7.41931 7.42786 7.46548 7.4531 7.474 7.55267 7.43434 7.4657 7.43827 7.41928 7.29336 7.44101 7.52542 7.60416 7.44163 7.51838 7.34382 7.16715 7.65094 7.632 7.57054 7.52795 7.77621 7.61639 7.71862 7.65311 7.72737 7.61513
93.6653 93.8716 93.8326 93.9726 93.9586 94.1061 94.1988 93.1122 93.2796 93.7064 93.4734 93.35 94.2852 93.5699 93.1775 92.7607 93.5117 92.9722 93.271 91.0692 92.7379 92.799 93.4007 91.1635 92.872 92.7828 90.4945 93.3149 93.503 92.6176
75.4702 75.4644 75.3666 75.2209 75.6901 75.1748 74.9785 76.1733 75.983 75.3677 75.8434 75.4828 76.3317 75.3824 75.7995 75.7464 75.6542 76.188 74.6627 76.1764 76.2033 76.0501 76.0122 75.4741 75.4307 75.4274 75.6598 75.6865 75.6308 75.9817
73.1317 72.9693 73.1485 72.8621 73.3845 72.5536 72.8967 69.4445 72.493 71.4446 72.3557 72.8987 72.9296 73.0465 72.128 73.5499 71.5619 72.9516 74.4565 73.7881 72.8631 69.9996 72.3545 74.7756 73.9849 74.1267 74.9036 72.891 74.0537 73.1455
82.545 82.435 82.4855 82.33 82.0941 82.0577 82.2808 82.6542 82.9408 82.7034 82.867 82.9906 82.2765 82.618 82.7663 83.4355 82.7639 83.5498 82.0842 83.4126 83.3835 82.9062 82.4598 84.1469 80.0864 83.8114 83.7814 83.0748 85.0646 83.6521
104.718 104.641 104.503 104.58 104.213 104.156 104.251 104.597 104.451 103.982 103.772 104.002 102.892 103.41 104.234 104.928 104.116 103.643 101.71 106.637 104.706 107.012 105.22 106.893 105.332 107.407 106.905 104.063 106.093 105.557
64.3851 64.4722 64.4493 64.5817 64.6733 64.7403 64.885 64.3393 64.7077 64.7828 65.3551 64.9102 64.7804 64.9594 64.8295 64.8322 64.9899 64.9217 64.3781 66.2797 64.5867 65.4599 64.7303 66.1571 62.3824 64.8559 67.1324 65.4329 65.5094 64.6676
142.001 141.917 141.939 141.886 142.299 141.878 142.062 142.684 142.351 142.211 142.55 142.246 142.731 142.965 142.329 142.765 141.888 143.073 142.361 143.422 142.261 143.095 143.055 144.042 142.603 142.557 144.045 143.648 143.462 142.524
5.6141 5.64988 5.59954 5.65356 5.63504 5.61948 5.56579 5.62321 5.59313 5.53028 5.57071 5.56489 5.40787 5.522 5.57449 5.59839 5.57062 5.61554 5.11474 5.99092 5.63537 5.65656 5.44386 5.94694 5.41626 5.6097 6.00607 5.6358 5.69292 5.59819
4.00873 3.97157 4.07231 3.98977 4.31392 4.21056 4.32499 4.26337 4.3306 4.23455 4.35156 4.35387 4.36079 4.23626 4.00835 4.46821 4.29263 4.12074 4.4003 4.44662 4.17208 3.8456 4.47249 4.33209 4.46801 4.40735 4.41349 4.48002 4.47705 4.36276
12.04 12.1076 12.1295 12.0283 12.7358 12.0045 11.9923 11.0882 11.1035 11.1191 10.2227 10.2566 11.3619 10.2451 10.4529 10.7121 11.5248 10.9738 10.8113 11.8698 10.8263 11.4623 9.35305 11.6779 11.6988 11.916 11.6214 11.1102 11.7188 11.4304
4.61367 4.6343 4.6154 4.62267 4.63062 4.62236 4.56296 4.58624 4.51075 4.52315 4.48408 4.51231 4.52929 4.54865 4.53512 4.48111 4.53922 4.57063 4.51793 4.56661 4.58276 4.57362 4.54117 4.61957 4.51157 4.55485 4.54951 4.43951 4.53241 4.50485
4.44953 4.44409 4.4513 4.43587 4.53644 4.46246 4.45234 4.45187 4.46944 4.45784 4.4739 4.45918 4.54045 4.50431 4.54731 4.48347 4.47313 4.53398 4.42769 4.5145 4.50311 4.48271 4.45839 4.55438 4.52431 4.4401 4.57272 4.46766 4.54795 4.43687
5.53569 5.51755 5.50532 5.52732 5.43078 5.45115 5.48147 5.49184 5.45758 5.48634 5.49164 5.47568 5.47472 5.49675 5.50214 5.61961 5.46363 5.4264 5.51716 5.72408 5.5348 5.71648 5.71208 5.66628 5.65699 5.6438 5.72854 5.66681 5.73053 5.46488
4.50457 4.44544 4.43985 4.39265 4.5659 4.52868 4.50533 4.43996 4.6917 4.72325 4.72472 4.73764 4.50967 4.51807 4.70989 4.72252 4.73325 4.4714 4.49199 4.85021 4.6884 4.35097 4.37679 4.95216 3.0412 4.63412 4.82742 4.53472 4.34784 4.74014
4.2552 4.26872 4.23689 4.28022 4.42403 4.38408 4.37236 4.39624 4.3426 4.34858 4.35724 4.34785 4.35431 4.33755 4.3464 4.35842 4.27815 4.30468 4.3019 4.15676 4.36953 4.39901 4.34263 4.23749 4.39814 4.36184 3.99236 4.33223 4.36577 4.31696
7.88256 7.88329 7.87597 7.9102 7.86979 7.8868 7.82908 7.79666 7.80624 7.80278 7.80561 7.81763 7.82365 7.84227 7.83984 7.91805 7.77393 7.87601 7.83152 7.85392 7.89371 7.80129 7.81987 7.84653 7.8412 7.79407 7.86364 7.91366 7.88028 7.78364
160.921 160.396 161.605 160.454 161.036 159.474 160.256 159.226 158.269 158.676 159.13 157.61 158.047 157.594 157.126 157.751 157.24 155.797 158.311 159.717 156.103 155.746 159.192 158.395 159.298 158.489 158.513 154.285 158.396 156.701
91.0366 90.7169 91.1833 90.7875 90.3406 90.2 90.7302 92.786 92.8987 92.6353 92.7694 93.0922 92.8636 92.7961 92.6502 91.5564 92.7359 92.743 92.889 91.2025 92.6021 91.962 91.4126 89.6488 92.5801 92.8971 92.6633 92.5508 92.8938 92.5166
74.7387 75.0054 74.8994 75.0818 76.054 75.3759 74.974 75.6443 75.474 75.0594 75.4694 74.87 76.1306 75.9559 75.6278 75.9831 75.416 76.0331 76.0035 75.5961 75.8949 75.783 75.3591 75.2784 76.2668 75.4877 75.6408 75.551 75.4265 75.7378
76.5103 75.9591 76.4461 76.1387 76.0407 75.5811 76.7837 73.5894 72.4564 73.0082 72.0481 71.8861 73.6028 73.0517 73.2335 75.405 72.1906 72.961 72.8144 76.7693 73.1052 74.9356 75.1486 76.393 72.7671 72.5961 74.6476 72.8329 73.4446 72.3273
84.4791 84.3534 84.4431 84.4593 83.8111 84.1693 84.7882 83.1535 82.6814 80.862 78.8345 81.9906 82.8759 83.0668 83.2887 82.8411 82.1512 82.9383 83.3118 84.8414 82.9451 84.3397 84.4122 84.0276 83.6795 83.1836 84.6241 82.9463 83.3534 82.8874
105.67 105.472 105.509 105.487 105.539 106.036 106.225 103.84 103.565 105.797 105.805 103.253 105.23 105.614 106.289 106.368 104.3 104.941 105.865 103.911 104.667 104.848 103.165 101.433 105.861 104.06 104.613 103.314 105.618 104.83
66.6298 66.7382 66.6827 66.9808 67.8569 67.5947 68.3974 64.3768 64.8342 64.6707 65.349 65.7819 65.1786 65.1976 66.0093 66.2247 64.9928 65.0047 65.7051 67.883 64.7995 64.5653 65.7455 66.5402 66.1684 65.2991 65.4079 65.5974 65.3153 64.5765
144.139 144.126 143.947 144.106 143.597 144.293 144.194 142.916 142.981 143.546 143.275 143.836 142.929 143.309 143.232 144.037 142.755 143.555 143.236 143.355 143.208 143.434 143.951 142.45 143.313 143.232 143.518 143.49 143.68 143.399
5.86088 5.9366 5.85621 5.93599 5.94006 6.00744 5.92731 5.62787 5.60923 5.60713 5.55921 5.61694 5.38254 5.64301 5.61967 5.76302 5.14335 5.62982 5.6203 5.66779 5.6325 5.67862 5.15797 6.15083 5.65202 5.64973 5.62143 5.66471 5.59643 5.59522
4.79904 4.56762 4.75633 4.60222 4.55648 4.47602 4.69086 4.44773 4.48398 4.4503 4.39183 4.53317 4.49869 4.4301 4.47419 4.40278 4.51469 4.41807 4.40558 4.38194 4.45528 4.51025 4.44101 4.27815 4.39453 4.53023 4.46339 4.49125 4.50635 4.36761
11.8104 11.7937 11.8642 11.8079 11.068 11.6867 11.7692 12.0691 11.9839 11.5305 11.4944 12.0418 11.4037 11.9924 11.3209 11.7601 11.0895 11.7902 12.1839 10.8551 11.8769 11.8804 11.8475 10.7313 12.0909 12.1751 11.5151 11.9181 11.8474 11.7662
4.35792 4.40517 4.33471 4.38439 4.40566 4.47687 4.27144 4.43854 4.47626 4.50014 4.53828 4.31794 4.64898 4.61184 4.57613 4.58125 4.54341 4.63949 4.65226 4.50465 4.6364 4.65783 4.49859 4.54146 4.63112 4.57595 4.60871 4.4935 4.52556 4.53434
4.39226 4.39352 4.39092 4.39993 4.45525 4.43942 4.43108 4.42476 4.44679 4.18452 4.60685 4.48389 4.56707 4.48971 4.49662 4.50755 4.4016 4.50616 4.46353 3.77299 4.48313 4.45482 4.51678 4.53857 4.50753 4.46535 4.50968 4.48121 4.54548 4.43646
5.84294 5.84923 5.82262 5.83375 5.70047 5.85092 5.79199 5.9477 5.91948 5.69014 5.70283 6.03192 5.69002 5.6971 5.60529 5.71787 5.71307 5.92903 5.63238 5.82429 5.85791 5.65234 5.96163 5.81744 5.57384 5.69224 5.86222 5.8548 5.69704 5.84371
4.58399 4.53975 4.59373 4.57237 5.47484 4.83882 5.39546 4.65346 4.62328 4.45798 4.73179 4.48151 4.41441 4.68756 4.72354 4.54575 4.52627 4.6768 4.73905 4.82404 4.63866 4.08513 4.51777 4.69156 5.06766 4.63304 4.52682 4.42037 4.36689 4.69197
4.24124 4.23246 4.25748 4.25639 4.33661 4.40409 4.4133 4.30958 4.30317 4.28686 4.287 4.30505 4.49901 4.37017 4.45712 4.24282 4.30833 4.28215 4.30542 4.09051 4.30583 4.33518 4.2575 4.23632 4.36043 4.35556 4.2714 4.26686 4.24961 4.24748
8.00536 8.01741 7.97818 8.00426 7.79506 8.0018 7.95107 7.91818 7.94496 7.84718 7.89306 7.98474 7.70715 7.93817 7.81494 7.88091 7.88917 8.01176 7.88683 7.93865 7.96122 7.91475 7.90755 8.01155 7.82159 7.88848 7.93705 7.94614 7.83118 7.92566
158.751 158.881 158.798 158.86 159.216 159.06 158.897 159.553 159.156 158.054 158.504 159.105 157.443 160.29 160.133 158.141 158.176 159.879 159.958 158.668 159.591 159.991 160.793 158.508 159.43 158.674 159.411 157.963 157.352 158.248
90.6967 90.9607 91.0799 90.8538 92.4193 90.8349 90.4762 92.987 92.9752 91.1018 90.7838 93.3293 92.4223 93.2825 92.7553 92.3741 90.9339 92.3054 92.7297 90.408 92.4426 92.8221 93.4547 93.0276 92.3247 93.1822 92.6739 93.0854 93.5359 90.9044
76.5954 76.6011 76.6584 76.6369 76.4214 76.7435 76.5932 76.3546 76.3106 76.1933 76.3651 75.9683 76.3686 75.7479 76.4796 76.3342 76.6219 76.8196 76.0548 76.3718 76.6828 76.0935 75.8762 75.6214 76.2884 75.8425 75.9824 76.0502 76.6753 76.238
75.4107 75.3819 75.3625 75.2915 75.0204 75.0855 75.2333 72.3455 72.54 73.4785 73.4546 72.1421 73.7537 72.8311 75.3887 74.435 73.993 73.7632 72.5937 74.1553 73.6172 74.561 73.8035 72.275 73.446 72.6133 73.7508 72.0966 72.1691 73.5765
84.3569 83.8307 84.1238 83.8766 82.5185 82.7768 83.392 83.0531 83.0516 82.9496 83.2847 82.8351 83.2375 82.5682 83.0458 83.2624 82.9775 82.8257 82.3613 83.1855 82.6029 82.7731 83.6801 82.5527 82.8083 82.377 82.8002 82.9167 83.2577 83.0491
99.2349 99.2209 99.9089 99.3951 99.6919 99.0602 100.228 101.31 100.489 100.963 101.108 100.314 99.0488 97.2549 98.1609 98.746 100.91 97.0399 99.3683 100.895 97.2703 98.278 101.451 100.67 100.122 97.7999 97.2276 97.8206 101.148 100.197
67.2647 67.8811 67.4314 67.7428 67.5335 67.4515 67.937 65.9298 65.7034 65.817 66.2134 65.6882 65.2411 65.0903 65.1871 64.8685 66.4678 64.4236 65.508 65.6954 64.7077 64.9708 67.1493 65.2814 66.4539 66.3433 65.8201 65.1754 66.8543 65.0645
142.876 142.886 142.976 143.005 143.246 143.005 143.776 143.282 143.012 143.378 143.622 143.046 143.489 141.468 141.747 142.769 143.381 142.073 142.272 143.466 142.078 141.948 142.355 142.965 143.37 141.684 142.226 141.959 144.515 143.273
5.91706 5.90578 5.89232 5.90296 5.72548 5.98222 5.95973 5.73483 5.71625 5.86727 5.88637 5.68919 5.73338 5.75193 5.87016 5.69177 5.88108 5.74969 5.83057 5.91835 5.72621 5.75282 5.52784 5.69127 5.81833 5.74489 5.73928 5.69157 5.72101 5.86058
4.25725 4.30103 4.21468 4.28457 4.24709 4.28957 4.25336 4.42604 4.4472 4.35884 4.27533 4.52208 4.45057 4.58124 4.414 4.3411 4.28025 4.28514 4.61089 4.29191 4.29308 4.34547 4.37258 4.64662 4.39038 4.48102 4.48086 4.46831 4.43744 4.32487
4.47959 4.49874 4.48341 4.49471 4.43497 4.52679 4.49277 4.51233 4.46231 4.46228 4.39643 4.43405 4.52157 4.50495 4.0206 4.4467 4.44974 4.50607 4.53819 4.49493 4.46869 4.43614 4.5024 4.51673 4.56144 4.50724 4.51417 4.55933 4.54355 4.43991
3.69511 3.87352 3.6764 3.82209 4.33327 3.72012 3.39605 4.37818 4.38253 4.42513 4.36343 4.37694 4.41928 4.45252 4.3737 4.38681 4.39791 4.44309 4.4804 4.49343 4.42747 4.43617 4.40682 4.42345 4.42341 4.44858 4.43825 4.41729 4.44661 4.43609
6.13523 6.18629 6.08694 6.19043 6.08366 6.16621 6.08099 6.01107 5.8916 5.69442 5.70412 5.87689 6.06454 5.90519 6.15817 5.90535 5.75791 5.9239 6.09652 5.71213 5.89909 5.88572 5.88219 5.93191 6.18736 5.56627 5.81518 5.55727 5.97755 5.90422
3.75129 3.60539 3.742 3.58741 3.86942 4.00723 3.25359 4.71694 4.67753 4.62867 4.26071 4.86892 4.56132 4.54035 4.73025 4.41644 4.69289 4.75366 4.57641 4.42164 4.72675 4.78351 4.52925 4.50229 4.65927 4.76375 4.51356 4.63221 4.68966 4.54764
4.0128 4.02434 4.03183 4.03221 4.19336 4.30046 4.18549 4.60099 4.44792 4.59121 3.99463 4.1394 4.54011 4.59878 4.29982 4.45063 4.43755 4.56249 4.59791 4.70175 4.56308 4.37641 4.57501 4.42435 4.77047 4.52195 4.50181 4.56145 4.79614 4.52359
7.82103 7.82271 7.79753 7.82215 7.81755 7.84606 7.8145 7.80217 7.80385 7.84904 7.86331 7.81093 7.99202 7.77819 7.82365 7.90049 7.83747 7.87464 7.81621 7.81859 7.83232 7.74221 7.72149 7.77549 7.87285 7.74831 7.82376 7.72771 7.89162 7.78986
91.7397 91.9804 91.8358 91.944 91.7468 91.9096 91.7351 92.8671 92.84 91.7015 91.8063 92.7282 92.1238 92.7465 91.5015 92.1694 91.9926 91.1788 92.0924 91.6514 91.701 91.5131 92.0077 92.2654 91.7741 92.4422 92.0669 92.211 91.5881 91.1944
75.9815 75.8491 75.8618 75.9005 76.1251 76.1417 76.1661 75.8454 75.7903 75.9631 76.0385 75.6297 75.9023 75.7517 75.2892 75.8251 75.6113 76.0298 75.8927 75.8456 75.8407 76.1467 75.549 75.5268 75.9319 75.7427 75.5391 75.744 76.5687 75.946
76.7971 76.4857 76.499 76.7114 77.2081 76.7483 77.1371 72.6094 71.9258 73.2828 72.8908 71.9465 74.034 72.4316 70.097 71.7167 72.5089 72.2547 72.9119 74.7364 72.7861 72.9631 72.0758 72.821 75.2023 73.414 72.4612 73.8909 73.2397 74.2219
84.782 84.7922 84.7632 84.7552 84.8381 84.8805 84.8433 81.7579 81.6112 83.0309 83.09 81.2121 82.3569 82.2243 81.7327 83.0607 82.5941 83.4592 81.6343 83.5984 83.5658 83.0543 82.9202 82.3956 83.1055 82.0174 82.4095 82.0444 82.4355 83.1222
67.3287 67.5603 67.4154 67.5335 69.0335 68.5367 68.6789 66.0435 65.9295 65.8567 65.9816 65.5498 66.1923 66.0612 65.5453 66.5953 65.968 66.1907 65.8043 66.1352 66.7783 66.0737 66.347 65.9141 66.4893 65.9617 65.7202 65.6097 66.2254 65.7307
142.384 142.051 142.194 142.013 141.319 141.353 141.819 138.153 136.676 138.015 138.466 137.371 139.127 136.391 131.478 136.657 137.401 136.849 136.926 140.831 137.646 136.675 137.178 136.061 139.076 136.527 136.058 137.601 138.927 137.121
9.84803 9.95417 10.0775 10.1147 10.1428 9.78953 9.83892 10.3993 10.4626 10.4987 10.4966 10.0496 12.9781 11.2997 10.6137 10.9793 11.1106 11.0409 12.9741 12.4472 11.0195 10.9559 12.4753 11.2874 13.7816 11.7494 12.7677 10.9188 10.8862 10.7504
5.94044 5.92906 5.93317 5.93022 6.04691 6.06252 6.06877 6.03516 5.93751 5.9673 5.98234 5.77942 5.87736 5.94339 5.97103 5.94896 5.97557 5.95299 5.88282 5.87169 5.95093 5.9701 5.81906 5.9455 5.96455 5.82263 5.83832 5.85507 5.94793 5.97426
4.69462 4.75907 4.72071 4.74763 4.55708 4.6518 4.66313 4.62263 4.58823 4.67389 4.60851 4.68495 4.57919 4.75322 4.75239 4.65048 4.75311 4.50775 4.57927 4.71768 4.62194 4.51772 4.62666 4.82521 4.87143 4.60315 4.59837 4.69175 4.81216 4.61577
5.52609 5.47595 5.43269 5.55555 5.89108 5.59748 5.92436 4.6472 4.59988 4.59443 4.59238 4.62618 4.66184 4.6492 4.57517 4.614 4.58147 4.60169 4.60154 4.62755 4.64068 4.65704 4.6213 4.69906 4.70235 4.63929 4.67768 4.70428 4.87549 4.67331
4.46411 4.4673 4.46706 4.45849 4.44328 4.45037 4.45857 4.59863 4.57761 4.55624 4.5452 4.58727 4.54474 4.55778 4.57027 4.5145 4.56794 4.50609 4.55971 4.55075 4.49428 4.56273 4.56013 4.5564 4.56876 4.57173 4.51908 4.57622 4.58391 4.56003
4.54569 4.55969 4.55972 4.56524 4.9876 4.9869 4.99628 4.67468 4.71077 4.80689 4.7861 4.74093 4.60859 4.74339 4.8655 4.65227 4.83527 5.0113 4.6925 4.79105 4.87018 4.89805 4.71646 4.80788 4.55421 4.74827 4.78193 4.72632 4.61847 4.89642
4.34797 4.34888 4.35273 4.38198 4.68867 4.65597 4.67124 4.46932 4.48798 4.35389 4.40627 4.9821 4.51799 4.41522 4.62709 4.43202 4.56066 4.38639 4.41421 4.34811 4.36112 4.41695 4.55181 4.38628 4.32412 4.50054 4.47215 6.04188 4.66579 4.35977
8.13541 8.08815 8.12257 8.0726 8.06626 8.04344 8.12111 8.1008 7.92934 7.98712 7.99079 8.65046 8.01909 7.71767 7.77724 7.16925 8.0717 7.27452 8.0825 8.74684 7.42132 7.64996 7.32627 7.63015 7.87227 7.87054 7.02621 8.66896 8.11856 7.95122
144.249 144.21 144.23 144.36 145.056 143.26 143.756 145.049 145.091 146.772 146.952 143.935 146.042 145.639 146.699 147.365 145.261 147.446 147.148 146.765 147.443 146.175 146.432 145.514 149.008 145.374 147.807 145.629 145.391 146.387
92.6601 92.7418 92.8063 92.795 92.5577 92.6009 92.5219 92.7425 92.9038 92.7613 92.7355 92.7964 92.2474 92.711 92.9388 93.3629 92.8914 92.7703 92.5226 92.3701 92.878 92.5217 92.245 92.584 92.3868 92.3455 92.0333 92.2447 92.4672 92.2539
75.0137 74.7999 74.7228 74.7297 74.9165 74.8076 74.8821 75.1321 74.9756 75.278 74.9273 75.1068 75.5938 74.912 74.7061 75.1575 75.012 74.5941 75.4495 75.234 74.589 74.9899 75.372 75.0623 75.5832 75.4257 75.4975 75.4955 75.6904 75.388
72.7785 72.8316 72.8138 72.849 73.4456 73.4503 73.5908 74.0512 73.9002 74.109 74.403 73.447 73.1806 73.1761 72.6249 72.662 73.7553 72.6314 73.444 73.627 72.6749 73.3497 74.0017 72.8644 74.1876 72.9876 73.7534 73.0461 76.01 72.7955
82.6519 82.6835 82.6314 82.7163 82.8237 82.96 82.978 82.7849 82.7368 83.1128 83.2716 82.2924 83.2079 82.6284 82.7354 82.4983 82.964 82.548 83.0349 82.9726 82.5025 83.0157 83.5438 82.5684 82.9427 82.7316 83.3175 82.753 84.2771 82.9761
66.2362 66.2654 66.2295 66.3056 66.3047 66.3925 66.3415 65.9914 65.9851 66.2778 66.33 65.7005 66.0857 65.9926 65.6983 65.6941 66.0808 65.8009 65.9544 66.0608 65.5758 65.9114 66.0667 65.8546 66.2984 65.6654 66.2487 65.9321 67.9573 65.6214
137.834 137.697 137.674 137.756 139.001 137.701 137.934 138.498 137.72 138.257 138.248 136.49 137.783 135.706 136.546 137.683 137.505 136.611 137.207 137.356 136.825 137.238 138.328 135.386 138.805 136.619 137.662 136.585 141.209 137.779
13.0892 12.899 12.9378 13.2488 13.2358 13.3817 13.3063 12.9117 12.9802 12.9648 13.063 12.9329 11.2302 12.974 12.7699 12.7703 13.0075 12.8145 11.2938 10.5549 12.7218 12.3939 10.9352 12.7241 10.4395 12.4628 11.3385 12.9223 12.742 12.7005
5.58316 5.39 5.49105 5.37912 5.63096 5.51758 5.65198 5.50721 5.81051 5.8276 5.63625 5.93162 5.89463 5.56823 5.84772 5.78021 5.89576 5.71288 5.8601 5.90334 5.75067 5.7776 5.89645 5.74605 5.86431 5.87965 5.892 5.89217 5.98831 5.89597
4.53685 4.52165 4.52078 4.52962 4.57801 4.5737 4.57704 4.59817 4.60295 4.62277 4.62827 4.59369 4.56015 4.56926 4.53539 4.55063 4.54548 4.58071 4.53833 4.57702 4.60092 4.56886 4.65638 4.53481 4.61121 4.50636 4.55425 4.49663 4.61922 4.51357
4.50407 4.48535 4.49544 4.48495 4.51748 4.49424 4.54599 4.54802 4.53012 4.53542 4.5134 4.56367 4.54894 4.50555 4.52023 4.5357 4.55474 4.4946 4.5439 4.55611 4.57792 4.56282 4.54482 4.54269 4.56134 4.58231 4.49326 4.54012 4.99431 4.57935
4.51499 4.50237 4.51212 4.50171 4.5002 4.48705 4.50141 4.57915 4.55818 4.53386 4.52389 4.59684 4.5558 4.50428 4.53044 4.61979 4.51821 4.58469 4.54174 4.5561 4.60987 4.58004 4.54434 4.52588 4.54982 4.56997 4.55497 4.56622 4.45971 4.55241
4.49971 4.48352 4.48759 4.48893 4.7136 4.71577 4.74212 4.79753 4.78303 4.68286 4.78077 4.71052 4.71423 4.69921 4.67566 4.79985 4.69325 4.7795 4.74119 4.76087 4.75667 4.81332 4.68057 4.71477 4.74042 4.78784 4.83941 4.69806 4.96404 4.79716
4.43214 4.42613 4.42269 4.43379 4.65063 4.42539 4.42966 4.43236 4.4527 4.51593 4.4577 4.42451 4.42378 4.39897 4.42875 4.53469 4.43559 4.52276 4.46312 4.4004 4.45687 4.49386 4.40339 4.39495 4.55644 4.44533 4.41468 4.42515 4.39555 4.46296
7.93621 7.89907 7.90947 7.92058 8.15634 7.93396 8.02056 7.88567 7.82668 7.89694 7.93591 7.44435 7.68105 7.61472 7.63058 7.85721 7.66074 7.97623 7.72987 7.53631 7.93416 7.91904 7.60251 7.35547 8.11295 7.76761 7.76175 7.46986 8.06721 7.76942
147.607 147.193 147.297 147.4 147.343 146.862 147.068 146.011 146.782 147.018 146.199 146.829 145.573 146.707 146.84 146.52 146.733 146.399 146.826 146.672 146.844 147.11 144.911 146.501 146.808 146.762 145.226 147.537 147.676 146.742
93.2046 93.2591 93.3488 93.3178 93.6694 93.5548 93.4612 93.5503 93.4512 93.3205 93.6093 93.3474 93.2549 93.383 93.2945 93.3343 93.24 93.4224 93.0913 93.2918 93.2249 92.982 93.4351 93.2743 93.0063 92.8316 93.2584 93.3138 93.5172 92.5341
75.4814 75.6179 75.6551 75.5918 75.5272 75.6561 75.6171 76.034 75.6129 75.7459 76.0259 75.4896 75.7234 75.5564 75.9019 75.4178 75.8956 75.4888 75.7991 75.4899 75.333 75.5854 75.4312 75.7582 75.369 75.6684 75.1819 75.6239 75.1934 75.8178
73.1255 73.3539 73.2757 73.4322 71.9953 72.3371 72.3289 71.7948 72.0896 72.5738 72.1063 72.1156 72.7839 72.277 71.5307 73.2519 73.3917 72.3107 72.5783 72.8973 72.9677 72.5591 72.686 71.5406 72.2179 72.2501 72.5226 72.6806 72.7348 73.3284
82.8126 82.8515 82.7669 82.8125 82.2671 82.4266 82.5114 82.0849 82.2152 82.527 82.4212 82.313 82.6186 82.4196 82.4584 83.051 82.9186 82.5643 82.7979 82.8996 82.7887 82.8404 82.7804 82.2944 82.266 82.8282 83.1856 83.125 82.6518 83.1561
103.52 103.578 103.613 103.781 103.394 103.247 103.27 103.154 103.117 103.149 103.017 103.163 103.827 103.333 103.409 103.529 103.749 103.677 103.446 103.098 103.255 103.457 104.539 103.61 103.389 103.219 103.58 104.589 104.148 103.143
64.8745 64.9446 64.9473 64.9343 64.9524 64.9393 64.9795 64.8602 64.826 64.9792 65.1632 64.8061 64.5944 64.7996 64.8482 64.6357 64.9633 64.8094 65.0802 65.0008 64.7415 64.7115 64.8167 64.9765 65.3347 64.7009 65.2368 64.8757 64.979 64.7483
141.7 141.79 141.617 141.842 141.462 141.422 141.359 141.684 141.357 141.542 141.533 141.391 141.729 141.303 141.4 141.372 141.938 141.314 141.938 141.369 141.01 141.339 141.741 141.877 142.5 141.327 140.707 142.688 142.151 141.268
5.62542 5.61834 5.61583 5.62026 5.65017 5.62738 5.62566 5.6301 5.62828 5.62811 5.68411 5.6318 5.39399 5.60639 5.56962 5.55634 5.66182 5.5911 5.60587 5.63747 5.57091 5.56046 4.92746 5.58824 5.60984 5.56481 5.20901 5.65335 5.2678 5.58975
4.46085 4.44635 4.43738 4.43649 4.52871 4.50279 4.50749 4.43856 4.50417 4.44238 4.41972 4.51827 4.42845 4.50307 4.41545 4.41211 4.49673 4.50899 4.45635 4.55402 4.51429 4.43322 4.37753 4.45089 4.52467 4.41116 4.54942 4.61518 4.57399 4.38023
14.2404 14.3428 14.0983 14.2621 13.8245 13.7988 13.8019 13.8527 13.8494 13.8047 13.6228 13.7557 13.7226 13.7028 13.6142 13.582 14.0622 13.5454 14.2045 14.4655 13.5877 13.5736 13.267 13.3369 13.6391 13.8704 13.0068 14.2768 13.7869 13.7587
4.56032 4.55668 4.56574 4.54649 4.70099 4.68793 4.69209 4.6837 4.70091 4.6908 4.72695 4.70094 4.66596 4.70047 4.66335 4.68957 4.6885 4.68378 4.62519 4.66994 4.68308 4.67638 4.65162 4.67236 4.57783 4.68463 4.67469 4.69088 4.61566 4.66175
4.43208 4.42552 4.41639 4.41813 4.45401 4.46795 4.45664 4.51611 4.48261 4.46992 4.45921 4.48315 4.48382 4.46766 4.48502 4.46362 4.45245 4.4576 4.4743 4.45102 4.47737 4.49524 4.34687 4.46399 4.48544 4.50502 4.35271 4.47457 4.57015 4.48319
5.19223 5.22933 5.23976 5.31907 5.11794 5.15353 5.17509 5.06815 5.03824 5.02535 5.11116 5.12203 5.47263 5.09643 5.03851 5.07545 5.33559 5.18894 5.45689 5.28263 5.06005 5.16226 5.45273 5.34297 5.58288 5.17223 5.52352 5.61658 5.51429 5.07963
4.35608 4.36283 4.36404 4.3742 4.59726 4.59179 4.58064 4.62703 4.62503 4.59932 4.58933 4.5924 4.53942 4.56963 4.55699 4.60547 4.56725 4.59638 4.58436 4.6095 4.59281 4.65061 4.53579 4.40224 4.30278 4.66156 4.39628 4.62737 4.18877 4.65254
4.27805 4.27224 4.28426 4.277 4.36492 4.35707 4.36166 4.33581 4.37487 4.3652 4.4062 4.38304 4.349 4.35174 4.33205 4.32428 4.37795 4.36012 4.22552 4.37113 4.35807 4.33135 4.29876 4.28049 4.39204 4.31703 4.33424 4.37877 4.29053 4.33983
7.74646 7.76313 7.75429 7.76761 7.73844 7.74602 7.73833 7.73439 7.73278 7.70353 7.6961 7.7395 7.63236 7.70446 7.70537 7.64908 7.75952 7.7121 7.80551 7.78621 7.60622 7.69716 7.67294 7.69956 7.85335 7.71904 7.4457 7.57237 7.80326 7.65706
162.776 162.742 161.844 161.904 162.061 162.135 162.044 163.382 162.495 162.777 165.14 162.274 162.436 161.594 161.625 161.301 162.876 160.858 160.956 161.887 160.73 161.103 159.246 160.176 158.859 161.269 161.654 162.904 159.883 161.303
92.5997 92.5359 92.5692 92.5393 92.7792 92.473 92.6445 92.3154 92.6153 92.4746 92.6548 92.6395 92.4881 92.4494 92.1265 92.2444 92.6589 92.4906 92.3795 92.5126 92.4098 91.7586 91.875 92.1975 92.6029 91.688 92.4258 93.0417 92.6626 91.7555
75.5615 75.6849 75.5243 75.8605 75.5836 75.4836 75.5038 75.5411 75.4674 75.5056 75.4143 75.524 75.4267 75.5457 75.5586 75.5117 75.8418 75.3942 75.5592 75.6723 75.464 75.5341 75.5586 75.408 75.534 75.3969 75.4625 74.9448 75.5523 76.0405
73.2078 73.2726 73.2449 72.9501 72.8414 73.1631 72.9522 74.1986 72.9781 73.5813 73.5246 73.0897 73.6605 73.2368 73.9514 73.9242 73.5421 73.193 73.5969 72.9784 73.1394 73.8105 73.8907 73.6533 72.4116 73.7154 73.5626 73.9153 72.641 73.6155
82.7163 82.7058 82.7584 82.5982 82.3852 82.6437 82.5406 83.102 82.5831 82.7468 82.0833 82.5464 82.8015 82.6904 83.1226 83.0685 82.8045 82.7042 82.8044 82.7605 82.745 83.1737 83.1411 82.8917 82.5872 83.2918 82.9104 83.1356 82.7597 82.5845
66.1698 65.9995 65.9345 65.9083 66.0627 65.866 65.9925 65.9878 65.8246 65.9516 66.0898 66.1086 65.8971 65.7979 65.7862 65.7549 65.9142 65.7873 65.9701 66.1214 65.8088 65.4427 65.4155 65.5604 66.1146 65.1635 65.9228 66.5466 66.5227 65.3797
137.592 137.706 137.732 137.661 136.644 136.93 136.726 137.44 136.918 137.349 137.671 136.842 136.842 136.929 136.741 137.241 138.338 136.892 137.603 137.466 137.103 137.556 137.317 136.869 137.535 137.78 136.736 138.651 136.989 137.904
12.9929 12.8758 12.7285 12.6315 12.2936 12.3379 12.3407 12.4195 12.3453 12.2758 12.6591 12.3238 12.4788 12.3516 12.4818 12.4166 12.7127 12.299 12.5427 12.5551 12.3635 12.5769 12.3081 12.1982 12.6534 12.5636 12.3882 12.6992 12.3953 12.544
5.7157 5.71597 5.71063 5.71321 5.88239 5.87077 5.86748 5.95496 5.8713 5.88543 5.97826 5.86646 5.85241 5.87663 5.93622 5.9124 5.89909 5.87081 5.88043 5.89848 5.86411 5.91134 5.92175 5.89977 5.88512 5.927 5.86699 6.0201 5.89044 5.89925
4.55831 4.54146 4.58534 4.53663 4.5765 4.59512 4.57132 4.66448 4.60837 4.62716 4.55392 4.57604 4.59947 4.5701 4.62236 4.59801 4.61572 4.58996 4.61732 4.60861 4.58643 4.60446 4.57778 4.59661 4.60039 4.60856 4.56872 4.66187 4.61253 4.47356
4.59156 4.59234 4.57788 4.57079 4.56113 4.58026 4.57622 4.62744 4.59183 4.59981 4.59568 4.59446 4.60455 4.57826 4.60286 4.62753 4.56141 4.59147 4.58063 4.51665 4.58132 4.57899 4.61886 4.61766 4.57773 4.60846 4.59787 4.58619 4.56869 4.5819
4.53415 4.53235 4.52917 4.5305 4.56015 4.54396 4.5456 4.55567 4.54211 4.54595 4.67058 4.54896 4.5394 4.55153 4.54251 4.54201 4.68911 4.5445 4.5503 4.53453 4.5466 4.5524 4.53488 4.55704 4.55361 4.53655 4.54557 4.63935 4.53556 4.55663
4.44487 4.43889 4.42645 4.42939 4.67984 4.63032 4.66695 4.75949 4.63553 4.72731 4.80951 4.70289 4.60137 4.60877 4.72273 4.70573 4.69194 4.61535 4.71126 4.65956 4.62817 4.57778 4.56575 4.54526 4.71556 4.39972 4.65064 4.71056 4.78691 4.80074
4.31166 4.30433 4.31082 4.29673 4.34464 4.34017 4.34127 4.456 4.34568 4.40845 4.51256 4.34516 4.34099 4.33076 4.36811 4.37633 4.57316 4.33633 4.37575 4.31952 4.32723 4.32666 4.3233 4.34291 4.44389 4.31009 4.31632 4.31561 4.29965 4.39561
7.84138 7.83805 7.824 7.79328 7.80977 7.81738 7.82672 7.74269 7.84051 7.92193 7.84682 7.85089 7.85827 7.8259 7.81338 7.84361 8.06958 7.83823 7.86249 7.82162 7.81957 7.77767 7.6421 7.76234 7.93696 7.75015 7.84269 7.78224 7.64529 7.99479
148.067 147.765 147.822 147.147 147.588 147.756 147.917 147.471 147.949 147.579 148.169 147.862 147.149 147.874 147.712 147.684 147.815 147.775 147.933 148.014 147.815 148.34 147.405 147.953 147.747 147.957 147.592 147.168 147.378 146.651
93.9278 93.921 94.0903 93.8838 94.0629 93.961 93.9341 93.7588 94.063 94.1216 93.8383 93.9592 93.8895 93.8956 93.7566 93.8726 93.9518 93.9327 94.0689 93.7925 93.8963 93.7888 93.8007 93.8877 93.9666 93.7025 93.8426 94.0315 93.5196 93.2593
75.3049 75.576 75.7633 75.5763 75.6166 75.6405 75.6882 75.61 75.6083 75.6461 75.6532 75.7002 75.6683 75.6641 75.5357 75.5755 75.789 75.5345 75.5693 75.725 75.6097 75.6195 75.6181 75.7681 75.6323 75.6087 75.5927 75.4889 76.1166 75.7969
72.3216 72.2733 72.1669 72.3549 71.7829 71.8044 71.7477 71.5898 71.7434 71.6451 71.6322 71.7889 71.869 71.8095 71.6507 71.7332 71.8005 71.8538 71.7009 71.5825 71.8781 71.8785 71.776 71.7981 71.961 72.0866 71.7915 71.8445 72.3727 72.222
82.1283 82.1351 82.0235 82.156 82.2319 82.3238 82.3275 82.3372 82.1706 82.1216 82.2394 82.2624 82.3322 82.3629 82.3727 82.3536 82.2943 82.3332 82.2046 82.4576 82.3699 82.4714 82.3528 82.2994 82.3489 82.5489 82.4477 82.3402 82.5476 82.7712
97.7258 97.934 97.7098 98.3479 96.2007 96.1974 96.0262 95.8567 96.3492 96.2464 95.9918 96.4037 96.3979 96.1489 96.0127 96.1121 97.5578 96.2521 96.0205 96.7761 96.1837 95.9171 95.9942 96.0672 96.5988 97.6213 96.0972 97.335 97.4569 97.2772
64.5805 64.4564 64.5034 64.4461 64.7633 64.7547 64.782 64.768 64.7601 64.8255 64.7503 64.6975 64.807 64.7374 64.7071 64.7507 64.953 64.7939 64.8623 64.8564 64.7298 64.7878 64.7364 64.8189 64.6102 64.8438 64.7258 64.6298 64.7259 64.6987
141.25 141.295 141.302 141.592 141.197 141.252 141.201 141.663 141.155 141.348 141.372 141.178 141.233 141.235 141.529 141.317 141.678 141.197 141.346 141.591 141.181 141.227 141.334 141.164 141.129 141.598 141.183 141.036 141.386 141.761
5.55885 5.56596 5.5717 5.55802 5.61699 5.60174 5.59638 5.61463 5.60336 5.60553 5.57845 5.59646 5.61812 5.60653 5.61636 5.60682 5.61952 5.60494 5.62032 5.60782 5.60435 5.63201 5.61646 5.60839 5.6079 5.61662 5.60691 5.64835 5.59794 5.59873
4.33721 4.34275 4.35113 4.3284 4.36262 4.38167 4.37564 4.40897 4.42103 4.40023 4.42225 4.38366 4.39689 4.37345 4.40373 4.39776 4.39605 4.42163 4.39682 4.40555 4.3934 4.39663 4.38403 4.38823 4.38209 4.42595 4.38441 4.44493 4.29766 4.2732
4.43442 4.44144 4.45228 4.4285 4.4735 4.4684 4.46627 4.50065 4.45853 4.47443 4.46024 4.46317 4.47087 4.47055 4.49529 4.47179 4.45502 4.45671 4.48013 4.44798 4.46518 4.47508 4.48354 4.46938 4.45671 4.4501 4.47174 4.45393 4.47054 4.45884
4.36225 4.37247 4.3718 4.37586 4.40033 4.40417 4.40073 4.41009 4.40052 4.4049 4.40699 4.40414 4.40419 4.40386 4.40967 4.40487 4.38864 4.39118 4.39828 4.38275 4.39955 4.40151 4.40111 4.40718 4.40085 4.3782 4.40811 4.43013 4.42107 4.41254
5.33132 5.38674 5.34535 5.48603 5.08463 5.0887 5.09017 4.77164 5.16937 5.11929 5.00149 5.15838 5.11117 5.08151 4.79382 5.02501 5.08713 5.07381 5.07253 5.16117 5.10906 5.04776 5.02369 5.03894 5.21004 5.20582 5.07236 4.99363 5.30362 5.47864
4.45519 4.4628 4.43995 4.49388 4.53594 4.51629 4.50186 4.61979 4.51156 4.52046 4.58239 4.51673 4.51434 4.52808 4.61506 4.56009 4.58307 4.50714 4.51875 4.67127 4.51088 4.53805 4.54572 4.52419 4.51502 4.58579 4.53288 4.54339 4.59936 4.60393
4.16163 4.16644 4.16996 4.14779 4.52209 4.50896 4.52198 4.54323 4.51103 4.52162 4.51285 4.52 4.50991 4.51692 4.54164 4.50957 4.4979 4.51489 4.51597 4.47408 4.51212 4.50262 4.5226 4.51216 4.51006 4.50253 4.51339 4.51095 4.38221 4.47523
7.66128 7.67467 7.67232 7.70179 7.66495 7.67714 7.67489 7.65562 7.6828 7.70094 7.65878 7.6735 7.64838 7.66466 7.65833 7.66206 7.69326 7.66398 7.68762 7.69677 7.66499 7.65818 7.65108 7.64011 7.6769 7.66557 7.66537 7.65675 7.65677 7.75308
92.9836 93.1118 93.2151 93.1233 93.2511 93.3491 93.3194 93.4132 93.5049 93.3577 93.5418 93.3914 93.3141 93.2766 93.3828 93.4068 93.5068 93.4106 93.3276 93.3965 93.3622 93.3519 93.3392 93.3817 93.3361 93.4427 93.3327 93.4199 92.4276 92.8
77.0667 77.0809 77.1064 77.1233 77.063 77.0554 77.0509 77.0779 77.0665 77.0753 77.0738 77.0577 77.0794 77.0587 76.977 77.011 77.0704 76.9635 77.0156 77.0013 77.0423 77.051 77.0888 77.0689 77.0561 77.1107 77.0032 76.9399 76.7271 76.9603
70.4251 70.2057 70.2014 70.2169 69.374 69.5917 69.5439 69.533 69.4583 69.5728 69.5344 69.4945 69.5104 69.5527 69.5142 69.6387 69.1589 69.3869 69.5264 69.0613 69.4947 69.5322 69.4502 69.5514 69.5951 69.3954 69.4246 69.0607 70.6502 70.0616
82.4345 82.3468 82.131 82.2966 82.1596 82.0385 82.0635 81.9796 81.8256 82.0256 81.7029 81.974 82.0633 82.0957 82.0927 82.0337 81.9141 82.0934 82.0834 81.9352 82.0514 82.0889 81.9894 81.9809 82.0121 81.859 82.1013 82.1013 83.0502 82.8929
100.214 99.7308 99.6162 99.8134 97.949 98.0507 97.9117 97.5839 97.9781 98.0026 97.9803 98.1069 98.1531 97.9879 97.6412 97.8802 98.0207 99.1499 97.8024 97.4509 97.9576 97.7783 97.9496 98.1403 98.3288 97.9939 97.656 99.2195 100.559 98.7133
64.5867 64.5125 64.5153 64.562 64.639 64.6629 64.6681 64.7259 64.6353 64.6633 64.6278 64.6062 64.6106 64.6664 64.657 64.663 64.661 64.6175 64.6587 64.4451 64.6028 64.6294 64.5924 64.6414 64.5401 64.562 64.6913 64.7216 65.0179 64.7702
141.943 141.835 141.897 141.948 141.738 141.766 141.726 141.821 141.685 141.814 141.728 141.622 141.701 141.716 141.791 141.806 141.818 142.058 141.798 141.68 141.671 141.708 141.659 141.725 141.609 141.757 141.7 142.172 142.997 141.555
5.63399 5.63921 5.65564 5.64236 5.67647 5.6757 5.67234 5.68533 5.68058 5.68216 5.69623 5.67152 5.68887 5.67436 5.67981 5.67936 5.69886 5.66714 5.68447 5.69855 5.67701 5.68774 5.68152 5.68126 5.67894 5.70955 5.67475 5.68087 5.6519 5.68499
4.13765 4.12585 4.13594 4.13394 4.18017 4.17332 4.1698 4.19121 4.17963 4.18574 4.19287 4.16005 4.18264 4.17304 4.20167 4.18884 4.18981 4.2751 4.19 4.24902 4.17856 4.18749 4.17611 4.17303 4.16403 4.20838 4.18248 4.30549 4.26343 4.11326
4.30593 4.29629 4.31325 4.30954 4.33394 4.33158 4.33322 4.33514 4.32916 4.33091 4.32908 4.32843 4.33035 4.33522 4.3347 4.33258 4.33408 4.304 4.33507 4.31739 4.32981 4.33401 4.33227 4.33156 4.32857 4.33199 4.33449 4.30678 4.34956 4.34328
4.32822 4.34096 4.34682 4.34008 4.38481 4.38193 4.38177 4.38308 4.38899 4.38013 4.39146 4.3924 4.39111 4.38312 4.38387 4.38074 4.38537 4.35564 4.37943 4.38959 4.38908 4.38562 4.39594 4.38905 4.39379 4.39599 4.38525 4.35048 4.378 4.37586
5.60571 5.62071 5.63641 5.66099 5.43507 5.45164 5.44828 5.39298 5.44763 5.4403 5.44728 5.47765 5.46171 5.44944 5.38865 5.42582 5.48445 5.48336 5.42928 5.46426 5.45058 5.43822 5.441 5.47345 5.47983 5.50009 5.44209 5.47214 5.61803 5.59112
4.35671 4.42894 4.38713 4.40636 4.42512 4.36206 4.35862 4.37041 4.36967 4.40474 4.34696 4.36111 4.41039 4.36253 4.41129 4.39183 4.39732 4.48702 4.41774 4.52895 4.38926 4.40246 4.39389 4.37673 4.39023 4.39342 4.36047 4.48774 4.76724 4.33979
4.12313 4.1319 4.15223 4.14064 4.50037 4.49309 4.49815 4.49789 4.48987 4.48868 4.49094 4.49414 4.49015 4.49367 4.4937 4.48919 4.524 4.4926 4.49394 4.48778 4.49025 4.4905 4.49484 4.49663 4.491 4.49442 4.49886 4.52715 4.45753 4.49235
7.75982 7.73697 7.74492 7.74649 7.75098 7.75292 7.75489 7.75457 7.75528 7.75381 7.76305 7.75544 7.74997 7.75018 7.74953 7.75279 7.78632 7.76228 7.75592 7.77857 7.75152 7.75424 7.74801 7.75077 7.75283 7.78379 7.75744 7.77545 7.86714 7.7329
