5.71324 5.62386 5.62043 5.61802 5.56548 5.5808 5.62125 5.58494 5.70958 5.60532 5.8508 5.91357 5.6844 5.72375 5.7978 5.59145 5.85505 5.83247 5.7703 5.7212 5.88166 5.86297 5.84365 5.91294 5.87321 5.76472 5.8986 5.89374 5.89497 5.89333
4.64844 4.46396 4.4676 4.45882 4.47212 4.43088 4.46331 4.4269 4.69292 4.51585 4.59811 4.58409 4.42173 4.60001 4.50099 4.57065 4.55496 4.57181 4.58277 4.63709 4.65728 4.62267 4.68886 4.63599 4.69065 4.62395 4.6862 4.60886 4.57797 4.58714
7.47293 7.38 7.39582 7.39028 7.38271 7.39996 7.39601 7.41647 7.92738 7.38401 7.74601 7.60679 7.54327 7.48399 7.49215 7.50818 7.86006 7.52663 7.60861 7.75156 7.51828 7.53853 7.5554 7.5607 7.41185 7.8993 7.35968 7.39125 7.43877 7.35381
5.98934 5.94413 5.91482 5.92953 5.92507 5.92169 5.90931 5.906 5.99895 5.9367 6.00805 5.80752 6.02967 6.00922 5.73657 5.95751 6.0821 5.95538 5.92677 5.99813 6.4321 6.44019 6.42594 6.49452 6.43001 6.40094 6.43881 6.37144 6.48241 6.37257
7.76057 7.94222 7.86207 7.9074 7.86854 7.97018 7.99681 7.9786 7.82225 7.94634 7.73239 7.71967 7.89873 7.85909 7.64843 7.8318 7.78381 7.80025 7.89708 7.76683 7.31393 7.61019 7.31963 7.24108 7.34793 7.59418 7.32901 7.32617 7.59734 7.34482
4.50119 4.20392 4.21376 4.21012 4.21382 4.23211 4.21208 4.20333 4.5103 4.21938 4.57617 4.71635 4.52931 4.49459 4.68588 4.51054 4.56033 4.52314 4.48714 4.50753 4.63912 4.63864 4.64879 4.61017 4.63809 4.6689 4.64761 4.63186 4.63859 4.58279
7.89272 7.83455 7.91285 7.87427 7.86597 7.91498 7.94819 7.95001 7.87744 7.83366 8.2327 8.19055 8.2335 8.03647 8.19452 8.42641 8.25192 8.4132 8.30651 7.86875 7.77807 7.86468 7.79513 8.00598 7.77598 7.74004 7.68746 7.82829 7.82316 7.80155
5.49896 5.43544 5.45926 5.44314 5.44833 5.41005 5.42005 5.32402 5.47735 5.40359 5.46111 5.51816 5.4953 5.51268 5.30672 5.51361 5.48617 5.50507 5.49048 5.48859 5.48105 5.35785 5.4751 5.50982 5.457 5.40469 5.46098 5.47967 5.4621 5.47877
4.36521 4.39991 4.3675 4.37987 4.38564 4.39774 4.42845 4.40287 4.36564 4.41604 4.35327 4.39154 4.34674 4.35167 4.38376 4.3702 4.37697 4.36227 4.35527 4.36174 4.42432 4.40267 4.44474 4.39897 4.42619 4.42932 4.41592 4.42989 4.4372 4.40879
14.0296 13.8513 14.0306 14.1997 14.0599 14.3311 14.0798 14.4312 14.1308 13.8085 13.9591 14.0059 14.0235 14.2879 13.8939 14.2507 14.0902 14.0174 13.9416 13.9782 13.8545 14.0658 13.838 13.8575 13.8528 14.1803 13.8904 13.9016 14.0961 13.862
5.20842 5.26 5.18023 5.24592 5.1924 5.23446 5.26782 5.41561 5.19445 5.20322 5.33005 5.07881 5.31442 5.13121 5.39488 5.48363 5.18408 5.22576 5.32736 5.24627 5.07447 5.24576 5.07776 4.91296 5.15306 5.20855 5.10749 5.03723 4.95675 5.15764
7.53851 7.53448 7.52387 7.47415 7.48119 7.53789 7.54242 7.59388 7.53197 7.41507 7.5323 7.48682 7.55101 7.48035 7.54544 7.75447 7.49211 7.51372 7.56117 7.54145 7.45541 7.5552 7.46583 7.39821 7.4806 7.55509 7.47264 7.41557 7.47576 7.49337
5.55776 5.57037 5.56396 5.55086 5.56981 5.64195 5.62371 5.63598 5.56058 5.77649 5.5602 5.55406 5.56148 5.71328 5.56257 5.58018 5.57244 5.57886 5.57866 5.56178 5.55883 5.5213 5.55885 5.57093 5.54799 5.52891 5.54474 5.54734 5.54084 5.56839
11.8032 11.9968 11.8815 11.9576 12.0337 11.9015 11.92 11.8905 11.7464 11.9495 11.9535 11.8093 11.8013 11.54 11.7247 11.9372 11.7348 11.8839 11.7676 11.8878 11.5156 11.5323 11.5459 11.5726 11.5404 11.7711 11.5228 11.5659 11.5725 11.5934
5.59026 5.67653 5.65482 5.65567 5.65724 5.68268 5.6844 5.70174 5.60854 5.71749 5.59437 5.59659 5.59867 5.59907 5.64627 5.91937 5.58474 5.60649 5.59933 5.59142 5.58063 5.6157 5.62237 5.61466 5.607 5.52831 5.61046 5.61753 5.62855 5.60361
7.8903 7.98202 7.97654 7.97091 7.98046 7.9065 7.93632 7.92287 7.8727 7.8984 7.89056 7.86834 7.90339 7.75504 7.89339 8.10574 7.88245 7.89028 7.90082 7.88823 7.90821 7.91659 7.92948 7.92923 7.92422 7.94062 7.90582 7.92118 7.92169 7.91589
5.64842 5.63795 5.62971 5.62575 5.62061 5.61889 5.62798 5.6259 5.65136 5.64779 5.64576 5.64365 5.6595 5.64745 5.65253 5.65234 5.65141 6.14855 5.6495 5.63784 5.63119 5.60974 5.62114 5.62052 5.61026 5.58191 5.60717 5.61049 5.59904 5.63672
4.49291 4.5498 4.52675 4.561 4.58026 4.57319 4.56553 4.56386 4.49689 4.62014 4.46722 4.49762 4.48928 4.47632 4.49987 4.4402 4.49849 4.3495 4.50618 4.50929 4.55263 4.46398 4.56131 4.55193 4.41029 4.45165 4.51744 4.51456 4.45542 4.38811
13.3915 13.7459 13.837 13.8461 13.7421 13.8828 13.8524 13.8841 13.3443 13.5992 13.3719 13.316 13.1883 13.3152 13.3084 13.4063 13.3431 13.4768 13.4252 13.4241 13.1783 13.1267 13.2919 13.1602 13.2213 13.4485 13.308 13.3289 13.2973 13.159
5.65654 5.66603 5.65434 5.64339 5.67223 5.69826 5.69363 5.69559 5.65202 5.86254 5.66638 5.65001 5.66107 5.63334 5.65231 5.67604 5.65857 5.65569 5.66078 5.65047 5.66395 5.64879 5.67886 5.64926 5.63455 5.61534 5.66637 5.68239 5.67593 5.62601
7.91214 7.93258 7.93091 7.9213 7.93443 7.95581 7.95984 7.93475 7.9028 8.02504 7.9288 7.90687 7.90117 7.89197 7.90036 7.9167 7.91312 7.88918 7.9188 7.91987 7.92335 7.91002 7.92734 7.90599 7.90621 7.92569 7.9321 7.92457 7.92489 7.8569
12.2581 12.0517 12.1465 12.0448 12.0486 12.2867 12.1053 12.2659 12.2638 12.1015 12.33 12.3111 12.3161 12.3252 12.2789 12.3076 12.2842 12.3853 12.1835 12.3053 12.0989 11.9478 12.1109 12.2834 12.2379 12.1375 12.0615 12.1202 12.159 12.2355
5.66447 5.65538 5.65092 5.64979 5.64892 5.66711 5.6723 5.67227 5.67575 5.64324 5.67566 5.67521 5.66126 5.65836 5.6648 5.65331 5.66574 5.66724 5.66493 5.66953 5.81958 5.83618 5.83144 5.84545 5.85754 5.85623 5.86013 5.82692 5.85684 5.90732
4.58156 4.26091 4.2528 4.26064 4.26052 4.25783 4.26862 4.26654 4.58311 4.25668 4.58234 4.57978 4.592 4.58894 4.59544 4.60068 4.58161 4.59871 4.56719 4.57448 4.61601 4.53698 4.56575 4.56783 4.59143 4.6037 4.53738 4.59226 4.57667 4.6489
7.74663 7.72553 7.72604 7.72987 7.73892 7.71183 7.72314 7.71439 7.74283 7.75984 7.8231 7.75653 7.73837 7.72975 7.73704 7.88279 7.73545 7.88676 7.75678 7.7444 7.79361 7.93631 7.81304 7.79284 7.83934 7.67314 7.8465 7.78672 7.87086 7.77623
5.50672 5.50617 5.50081 5.49091 5.48975 5.51234 5.49881 5.52175 5.50938 5.54632 5.51219 5.52023 5.50874 5.5164 5.51297 5.51806 5.52155 5.53693 5.49413 5.51224 5.50883 5.62248 5.52103 5.53432 5.54257 5.55531 5.54265 5.52096 5.54238 5.5655
5.32958 5.31496 5.34025 5.3918 5.36925 5.29521 5.31247 5.34243 5.34251 5.39776 5.30699 5.32661 5.34165 5.35031 5.34451 5.34999 5.34069 5.35854 5.30505 5.33436 5.52568 5.70629 5.09783 5.20703 5.09445 5.28076 5.15348 5.12398 5.13722 5.11662
7.59932 7.53005 7.53485 7.5498 7.54741 7.53261 7.53308 7.55372 7.60229 7.5554 7.61127 7.60399 7.61367 7.61789 7.60733 7.62113 7.60844 7.61344 7.58628 7.604 7.59745 7.51978 7.56446 7.56746 7.57527 7.60578 7.48072 7.55981 7.55992 7.51714
5.95747 5.89389 5.9179 5.91774 5.90843 5.94259 5.89467 5.94319 5.97412 5.97767 6.0127 6.02449 5.91405 5.98247 5.9873 5.96508 5.96693 6.05103 5.92915 6.0232 6.46782 6.44906 6.44732 6.46076 6.48196 6.50665 6.40112 6.45221 6.45001 6.5
7.35744 7.22749 7.22647 7.20522 7.29881 7.24228 7.21374 7.3127 7.06275 7.10724 7.30368 7.18185 7.31321 7.53023 7.31002 7.00951 7.22311 7.23387 7.26385 7.10275 7.04099 7.21637 7.1357 7.24537 7.0922 6.99044 7.12522 7.04202 7.07556 7.18194
4.56163 4.32046 4.31299 4.30745 4.31592 4.31707 4.32185 4.3279 4.57719 4.35001 4.55589 4.53111 4.60323 4.64696 4.66513 4.67281 4.54109 4.52199 4.59681 4.53566 4.73925 4.65974 4.61059 4.82761 4.6614 4.60202 4.67615 4.74195 4.59122 4.57064
7.82352 7.74225 7.76006 7.70187 7.73704 7.77757 7.83766 7.84866 7.95617 7.83713 8.00206 7.92478 7.95447 7.77841 7.94659 7.96241 7.92429 7.93982 7.94909 7.91918 7.8078 7.9566 7.89891 7.90059 7.9137 7.92298 7.92262 7.92218 7.88795 7.93361
5.87702 5.87984 5.89817 5.91604 5.91085 5.83803 5.84158 5.78944 5.77639 5.85491 5.61425 5.70098 5.72561 5.68683 5.64085 5.7928 5.72569 5.71272 5.71459 5.69694 5.79764 5.81311 5.72597 5.75832 5.51467 5.75897 5.87729 5.74406 5.83258 5.87627
7.59954 7.54294 7.55356 7.61915 7.64016 7.56316 7.56134 7.62879 7.65614 7.61798 7.61195 7.6162 7.47989 7.67736 7.36761 7.70898 7.44665 7.69308 7.43519 7.58662 7.50159 7.28193 7.75712 7.38793 7.39103 7.43766 7.47242 7.45043 7.73092 7.75626
9.98871 10.0382 10.0366 10.0013 10.0025 10.0691 10.071 10.0725 9.77761 10.0835 9.66091 9.74238 9.74267 9.72705 9.6526 9.61182 9.71349 9.73444 9.68837 10.0718 10.7486 10.5873 10.4311 10.9946 11.0471 11.0193 10.6237 10.8173 10.4 12.1405
5.55523 5.58367 5.59945 5.56067 5.57093 5.64573 5.67116 5.67193 5.64752 5.64072 5.55506 5.4808 5.36714 5.66804 5.66562 5.60335 5.56355 4.88966 5.57658 5.63418 5.82783 5.84181 5.85888 5.81181 5.8572 5.87027 5.79241 5.85763 5.85203 5.90154
4.61828 4.3723 4.33557 4.2714 4.25756 4.28652 4.29332 4.31314 4.57618 4.29251 4.57724 4.60825 4.62315 4.65447 4.5946 4.57989 4.60198 4.65428 4.60454 4.57118 4.55723 4.59723 4.58261 4.51308 4.57339 4.57718 4.60124 4.57624 4.60581 4.66191
5.49855 5.48895 5.53388 5.52895 5.51618 5.52944 5.54154 5.51843 5.53653 5.5398 5.55042 5.56515 5.52927 5.57563 5.51319 5.5223 5.53727 5.5552 5.57265 5.53466 5.58739 5.5668 5.58242 5.59469 5.55769 5.54944 5.58745 5.5735 5.5754 5.55933
4.35147 4.17627 4.17042 4.16776 4.17331 4.18571 4.17149 4.16605 4.36759 4.15578 4.36357 4.33919 4.35986 4.34514 4.36647 4.36338 4.3688 4.34067 4.36877 4.34626 4.30778 4.40795 4.36879 4.38545 4.39126 4.46152 4.38532 4.41649 4.40171 4.32962
5.20197 5.18786 5.09508 5.19503 5.16451 5.26795 5.27827 5.24783 5.22979 5.33241 5.26722 5.46509 5.15275 5.4538 5.20947 5.22957 5.23679 5.36885 5.2206 5.47084 5.27008 5.29664 5.10648 5.425 4.85188 5.63442 5.05325 5.37204 5.04828 5.28998
7.75164 7.69156 7.67233 7.65324 7.63656 7.65546 7.65498 7.6293 7.70376 7.64958 7.72104 7.76209 7.72958 7.77495 7.72575 7.70957 7.7317 7.75519 7.72692 7.70233 7.70567 7.69438 7.68042 7.76592 7.56586 7.72909 7.61352 7.68044 7.67366 7.42963
5.5034 5.48909 5.4989 5.49816 5.49443 5.5246 5.52167 5.53967 5.50709 5.55618 5.49844 5.50551 5.50286 5.51241 5.50502 5.50144 5.50998 5.51138 5.51268 5.50266 5.59355 5.56692 5.57136 5.55868 5.59552 5.53806 5.54918 5.56779 5.5572 5.17773
4.38186 4.27344 4.27538 4.30489 4.30527 4.20033 4.18492 4.17112 4.38137 4.16267 4.38029 4.38118 4.37961 4.38089 4.37272 4.3753 4.37803 4.38235 4.38372 4.38708 4.30452 4.36063 4.32771 4.36068 4.35686 4.51045 4.35269 4.39051 4.3273 4.3165
5.47017 5.45554 5.39239 5.44523 5.45017 5.46925 5.48328 5.40824 5.50231 5.44091 5.49683 5.55753 5.46823 5.56417 5.47437 5.48979 5.50841 5.52984 5.48688 5.555 5.55393 5.44839 5.41507 5.43953 5.39701 5.65527 5.45682 5.46028 5.4047 5.61126
7.72703 7.71616 7.71942 7.72722 7.71511 7.70824 7.71723 7.73133 7.73687 7.72128 7.73587 7.74362 7.72495 7.75382 7.73293 7.73138 7.73257 7.74053 7.72599 7.74333 7.72296 7.71526 7.69978 7.67773 7.68148 7.7237 7.68537 7.69409 7.70004 7.8497
5.56678 5.55253 5.53437 5.56437 5.55556 5.55922 5.56242 5.55069 5.59568 5.57375 5.5601 5.55234 5.56097 5.5572 5.5797 5.55511 5.55791 5.56175 5.58376 5.56322 5.49044 5.55593 5.48448 5.49297 5.55732 5.54026 5.51638 5.52636 5.49997 5.47986
4.36534 4.52362 4.47581 4.47166 4.45867 4.26839 4.24725 4.22716 4.34148 4.36781 4.41076 4.36068 4.38077 4.3665 4.36145 4.36548 4.36713 4.39178 4.37973 4.39167 4.34226 4.24929 4.34308 4.35227 4.30013 4.28176 4.40162 4.37453 4.3714 4.44147
10.9356 11.3052 11.1841 11.0282 11.1314 10.714 10.6484 10.3128 11.0418 10.7014 10.7997 11.0467 10.9225 11.1113 10.8329 10.9792 11.1915 10.7351 10.8562 11.0098 11.5356 11.5134 11.2131 11.215 10.9452 11.0125 11.5398 11.1972 11.2946 11.5413
5.53319 5.50986 5.50876 5.51939 5.52913 5.52479 5.55227 5.51969 5.55123 5.49691 5.52311 5.55407 5.52486 5.55437 5.51721 5.5369 5.54392 5.53489 5.52024 5.54421 5.63872 5.48167 5.49323 5.49167 5.56326 5.6234 5.44091 5.47999 5.37534 5.52343
7.79308 7.7987 7.7956 7.81804 7.83055 7.83366 7.85172 7.86506 7.80094 7.85854 7.78363 7.79457 7.78897 7.78918 7.79921 7.79747 7.78611 7.7918 7.79085 7.78318 7.76189 7.75379 7.75485 7.75402 7.81336 7.73792 7.75384 7.74328 7.7213 7.72306
6.05205 5.96144 5.90176 5.97706 5.98067 6.00338 5.96313 5.98449 6.04667 6.00761 6.05851 6.02747 6.04042 6.02645 6.00216 6.00878 6.02033 6.01267 6.06344 6.03765 6.39548 6.41121 6.43548 6.42245 6.48189 6.40538 6.42962 6.45048 6.43839 6.45884
7.46407 7.04035 7.04348 7.04305 7.15013 7.18255 7.14064 7.04203 7.54165 6.96314 7.48654 7.40877 7.38527 7.4292 7.45836 7.41142 7.55428 7.39668 7.50658 7.49337 7.20162 7.26454 7.12012 7.34814 7.47648 7.27189 7.14837 7.11868 7.25719 7.17795
4.48428 4.2208 4.22451 4.21926 4.2101 4.22045 4.20498 4.21739 4.51287 4.24493 4.47426 4.54911 4.49402 4.54627 4.50336 4.57475 4.55153 4.53375 4.45042 4.49459 4.6211 4.64625 4.59924 4.60416 4.6501 4.64414 4.62006 4.55879 4.64741 4.59966
4.57458 4.64171 4.64329 4.65195 4.64352 4.63319 4.63531 4.63839 4.58997 4.6763 4.57005 4.59761 4.5728 4.58771 4.58539 4.59249 4.60247 4.57662 4.56594 4.58668 4.85073 4.90813 4.80254 4.81391 4.82726 4.82715 4.82754 4.83618 4.84236 4.80558
8.06575 8.13201 8.14179 8.10524 8.11735 8.12829 8.1383 8.10673 8.00826 8.11425 8.10348 8.09123 8.06931 8.11746 8.03405 8.01315 8.12729 8.08011 8.06178 8.09324 8.05866 8.16808 8.00158 7.98881 8.10413 7.9257 8.09288 8.09543 8.23787 8.21314
5.45602 5.50447 5.49449 5.43864 5.44968 5.45668 5.44773 5.45302 5.46733 5.3984 5.44934 5.42432 5.45829 5.37947 5.4186 5.15665 4.98071 5.45282 5.47028 5.43391 5.43102 5.48919 5.45678 5.45835 5.49214 5.41594 5.39433 5.54478 5.38388 5.48362
5.382 5.38171 5.39056 5.28721 5.28186 5.27382 5.36446 5.2779 5.35201 5.19468 5.4239 5.52986 5.32877 5.60395 5.56217 5.64547 5.74173 5.52853 5.25909 5.41904 5.06695 4.89891 5.43104 4.76063 5.05949 5.9798 5.29516 5.26053 5.63139 5.07869
7.443 7.4798 7.47951 7.45074 7.47169 7.46501 7.50539 7.46159 7.4639 7.46652 7.43607 7.53976 7.43671 7.56131 7.53174 7.53768 7.67424 7.54193 7.35087 7.45463 7.49698 7.48397 7.60279 7.33268 7.36661 7.41146 7.4582 7.56549 7.68159 7.33125
4.94719 5.05336 5.04814 5.21704 5.15626 5.31685 5.31816 5.34353 4.43279 5.32539 4.65982 4.85088 4.85997 4.61126 4.63401 4.81417 4.63759 4.50363 4.74793 4.74913 5.5162 5.60492 5.50042 5.47451 5.55535 5.49526 5.4244 5.64843 5.57306 5.54049
4.43894 4.13592 4.16066 4.17235 4.15224 4.22263 4.21546 4.22005 4.46017 4.30394 4.42492 4.43722 4.42115 4.45183 4.45946 4.44114 4.43877 4.46195 4.42329 4.43376 4.44515 4.2316 4.45699 4.44985 4.41632 4.21938 4.26757 4.20082 4.54419 4.3596
5.46347 5.48478 5.42221 5.42918 5.44461 5.48699 5.51228 5.50234 5.50169 5.6048 5.52889 5.53112 5.49267 5.53883 5.53776 5.51592 5.54787 5.52944 5.53032 5.50633 5.00244 5.8356 5.41749 5.38635 5.39891 5.77379 5.77846 5.43034 5.84953 5.66555
7.67907 7.60848 7.60281 7.62266 7.59766 7.63691 7.63569 7.63012 7.66016 7.62989 7.65822 7.70506 7.68407 7.68261 7.71239 7.7064 7.67926 7.67334 7.6616 7.66959 7.5626 7.6522 7.68162 7.66674 7.66263 7.74586 7.74128 7.7355 7.78634 7.76308
5.94027 5.8524 5.86716 5.90829 5.91107 5.83499 5.90408 5.92352 5.95134 5.83239 5.92534 5.95699 5.93607 5.93473 5.94446 5.93704 5.93487 5.93831 5.91136 5.93083 6.24631 6.45221 6.40163 6.37462 6.40389 6.51931 6.42963 6.57114 6.49128 6.15219
7.46553 7.41741 7.53795 7.52714 7.4928 7.53923 7.55362 7.53164 7.49685 7.53998 7.35262 7.43403 7.48715 7.47719 7.44126 7.55135 7.44176 7.4131 7.45177 7.42963 7.44445 7.54989 7.28479 7.39036 7.0351 7.06369 7.33819 7.48356 7.41499 7.532
4.58962 4.31122 4.26258 4.27801 4.28395 4.29599 4.29792 4.25854 4.59555 4.29302 4.57249 4.59403 4.60304 4.62734 4.59584 4.60094 4.60843 4.60309 4.61501 4.62476 4.44268 4.68152 4.82993 4.73722 4.52751 4.52295 4.71504 4.57664 4.54347 4.68497
4.67163 4.66704 4.62056 4.65266 4.6435 4.66053 4.65701 4.59244 4.66398 4.66682 4.67391 4.66474 4.66674 4.68297 4.6427 4.67528 4.64961 4.64537 4.66399 4.68052 4.84046 5.03649 4.85205 4.84822 4.75058 4.74122 4.94787 4.85525 3.97494 4.84644
7.96512 7.99982 8.04848 8.01073 8.01913 8.01797 8.0193 7.97327 7.98442 7.99887 7.98891 7.95018 7.94585 7.99152 7.9559 7.98174 7.95015 7.94823 7.99861 7.99628 8.0106 8.01469 7.87423 7.90448 7.92421 8.23034 7.87005 8.41866 8.26191 8.16833
10.0111 9.89386 9.92982 10.0814 10.1317 10.0833 10.1176 10.1416 9.96419 9.89772 9.77362 9.96005 9.96655 9.85704 10.0571 10.1773 10.0859 10.0009 9.53538 9.94941 11.3863 10.5294 10.5704 10.58 11.4468 12.0754 8.53109 12.7691 10.9791 10.6297
5.37382 5.37377 5.33367 5.34013 5.35317 5.36773 5.36841 5.33923 5.37045 5.34347 5.49831 5.33045 5.40731 5.31544 5.25863 5.26631 5.29055 5.34981 5.40961 5.32349 3.99533 5.76681 5.46737 5.74577 5.79924 5.70822 4.96909 5.82403 5.43691 5.49876
4.51042 4.12925 4.12172 4.10731 4.1198 4.09214 4.09077 4.10043 4.46789 4.18506 4.36922 4.46176 4.48056 4.46165 4.49686 4.44444 4.46356 4.47755 4.46732 4.4599 4.53087 4.66572 4.45087 4.44208 4.46604 4.58115 4.5466 4.8093 4.38047 4.49628
4.51401 4.45967 4.4611 4.45712 4.47158 4.42029 4.4546 4.44715 4.47253 4.52171 4.53604 4.45399 4.48682 4.4677 4.48223 4.43892 4.44948 4.48319 4.50825 4.4459 4.58781 4.53792 4.5442 4.53177 4.60083 4.638 4.58277 4.66294 4.3797 4.54016
7.58692 7.39614 7.4218 7.44624 7.41586 7.396 7.43484 7.40515 7.55481 7.41975 7.63344 7.54415 7.52587 7.51604 7.35305 7.56858 7.36122 7.35421 7.39505 7.5167 7.99533 7.99743 7.47707 7.43119 7.72387 7.57975 7.82467 7.87421 7.66582 7.29861
5.9025 5.86194 5.86121 5.87094 5.85986 5.84107 5.86032 5.84861 5.8913 5.8856 5.90254 5.89138 5.88865 5.89935 5.87332 5.88269 5.88054 5.88054 5.86504 5.88348 6.35568 6.31958 6.34943 6.36382 6.12914 6.29834 6.37619 6.06289 6.23817 6.34959
7.87552 7.98824 7.9423 7.94933 7.9633 7.96208 7.95495 7.95372 7.47034 7.87703 7.45501 7.46436 7.55493 7.391 7.47915 7.45442 7.51325 7.4592 7.45609 7.49631 6.92698 7.28732 7.11378 7.22949 6.84732 7.36337 7.21446 8.26575 7.16963 7.59797
4.48447 4.21642 4.23414 4.221 4.23317 4.23431 4.196 4.20608 4.5527 4.14545 4.54308 4.55167 4.54882 4.54477 4.55761 4.55447 4.54353 4.55407 4.5483 4.54581 4.69719 4.60467 4.69017 4.60316 4.66676 4.51085 4.69618 4.68815 4.77717 4.58411
4.59017 4.57043 4.5844 4.56892 4.57223 4.55392 4.56556 4.57761 4.56667 4.56619 4.56677 4.55802 4.57064 4.56326 4.58398 4.54486 4.53949 4.57419 4.59508 4.54403 4.84475 4.80784 4.84577 4.80753 5.06019 4.73353 4.86406 4.74842 4.91015 4.85453
8.19775 8.14452 8.16073 8.14218 8.14651 8.17781 8.15838 8.12613 8.45108 8.0128 8.44891 8.44946 8.43146 8.37671 8.36095 8.46185 8.44785 8.37927 8.31626 8.46764 8.55563 7.69298 8.37095 8.3392 8.02952 7.72145 8.22804 7.8392 7.78107 8.38838
5.37264 4.86437 4.79974 4.70154 4.78858 4.87738 4.91581 4.79403 5.76936 5.18962 5.80146 5.79469 5.74571 5.79837 5.76445 5.79173 5.76882 5.77428 5.80045 5.78789 6.23738 6.40522 6.23522 6.20373 6.36961 6.3376 6.30494 6.13351 6.12427 6.33895
7.66983 7.51914 7.4836 7.44364 7.51938 7.42109 7.57395 7.36983 7.53763 7.98983 7.73365 7.53862 7.57856 7.54412 7.57526 7.47672 7.52673 7.56447 7.55988 7.53776 7.30512 7.72739 7.24414 7.30748 7.36027 7.5825 8.56322 7.54626 7.45105 7.28291
4.56912 4.35934 4.3643 4.34635 4.38138 4.32137 4.40239 4.39536 4.55264 4.35471 4.54956 4.55349 4.55205 4.5508 4.57317 4.52399 4.54898 4.57257 4.52887 4.56073 4.72737 4.59426 4.73589 4.72881 4.62832 4.56347 4.66241 4.47541 4.60428 4.7082
7.71813 7.69763 7.65232 7.66092 7.66461 7.63333 7.62646 7.67108 7.59593 7.68177 7.58812 7.55375 7.62437 7.63842 7.58989 7.50475 7.47991 7.63015 7.67537 7.50706 7.62709 7.8762 7.56256 7.51945 8.25211 7.74445 7.45674 8.13803 7.92892 7.8295
5.78444 5.77027 5.75707 5.77032 5.77398 5.77225 5.77298 5.78011 5.81322 5.75949 5.76852 5.83631 5.82862 5.82357 5.824 5.8369 5.83571 5.82125 5.83011 5.8492 6.21654 5.44967 6.20264 6.20981 6.12042 5.20079 6.23029 6.39008 6.38342 6.13979
4.43244 4.24097 4.28352 4.28734 4.30718 4.31798 4.27126 4.27056 4.53703 4.31329 4.47928 4.42619 4.53879 4.4257 4.53874 4.42668 4.42992 4.535 4.41923 4.43465 4.61981 4.48895 4.57519 4.64192 4.61431 4.48631 4.87203 4.67743 4.52702 4.49975
8.20059 8.19631 8.21995 8.17729 8.18299 8.15766 8.19114 8.11264 8.24947 8.25164 7.94708 8.21406 8.21927 8.1658 8.23223 8.32686 8.21052 8.20127 8.22114 8.24381 7.69127 7.91067 7.76848 7.73959 7.608 7.58219 7.83281 8.27188 7.9471 7.78461
6.19335 6.51468 6.16151 6.18623 6.16947 6.18195 6.4294 6.35142 6.18904 6.20842 5.65798 6.18849 6.20899 6.18708 6.21303 5.92448 6.22479 6.19972 5.67513 6.21474 5.06221 6.74873 5.83262 5.43236 5.24274 5.59404 5.81565 5.74758 5.21747 6.46674
7.80385 7.84011 7.77161 7.84239 7.82112 7.84639 7.89469 7.80474 7.8621 7.9025 7.52817 7.80311 7.87114 7.78079 7.85112 7.55082 7.78496 7.85121 7.4752 7.8124 7.41575 7.66973 7.54113 7.39831 7.36256 7.60334 7.47505 7.51901 7.44854 7.97146
11.7903 11.9662 11.9425 11.859 11.8604 11.7416 11.8314 11.8863 11.9042 11.326 11.7442 11.9451 11.775 11.8564 12.1072 11.9354 11.8588 11.8349 11.7783 11.8379 12.1068 12.5754 11.6682 11.6798 11.632 9.47758 12.3455 10.7706 12.5601 12.7866
5.62375 5.59886 5.60281 5.58245 5.58388 5.58119 5.58371 5.57158 5.63182 5.60816 5.52527 5.58617 5.55611 5.581 5.61911 5.62564 5.57451 5.61512 5.30012 5.54887 5.82527 5.90832 5.81102 5.79085 5.65868 5.78647 5.70471 5.89357 5.79599 5.88527
4.68508 4.33964 4.32913 4.31655 4.33133 4.36303 4.36505 4.34153 4.62909 4.49093 4.61456 4.70429 4.69019 4.69946 4.59489 4.60785 4.69111 4.70075 4.57874 4.69174 4.69869 4.47418 4.69674 4.70315 4.68319 4.55517 4.66952 4.62908 4.70309 4.56795
7.55089 7.61007 7.63183 7.63274 7.60553 7.61046 7.59796 7.60563 7.60174 7.58965 7.92065 7.62819 7.76794 7.67251 7.58998 7.56681 7.64442 7.57181 7.95415 7.61886 7.67763 7.39635 7.60894 7.58491 7.98859 7.58717 7.48447 7.92106 7.74718 7.71474
12.8516 12.7135 12.4332 12.7271 12.7544 12.8533 12.6803 12.9155 12.7981 12.6658 12.7577 12.7713 12.8087 12.6578 12.6378 12.6762 12.6132 12.742 12.8309 12.6495 12.1952 12.3092 12.2226 12.4194 12.7267 11.7985 12.2254 12.7153 12.3032 12.7048
5.62283 5.61177 5.59649 5.62627 5.62171 5.61744 5.6151 5.60788 5.64919 5.62918 5.66431 5.6099 5.62297 5.60253 5.58975 5.59726 5.60395 5.63035 5.61471 5.60989 5.79067 5.79767 5.7518 5.76743 5.814 5.7698 5.84219 5.74183 5.80192 5.7776
4.57895 4.49582 4.53 4.49452 4.49525 4.51229 4.50923 4.51401 4.65644 4.62931 4.63831 4.64798 4.59376 4.6269 4.70327 4.69029 4.59266 4.61864 4.62091 4.57139 4.61798 4.61105 4.62884 4.61193 4.6121 4.60496 4.49826 4.51719 4.62384 4.6358
4.48918 4.4607 4.46347 4.49503 4.49344 4.48293 4.50287 4.49909 4.58102 4.52579 4.57945 4.5761 4.56364 4.56603 4.57974 4.58647 4.55083 4.55156 4.58874 4.5652 4.59145 4.56037 4.60241 4.66103 4.66438 4.61493 4.66606 4.66201 4.63852 4.70604
7.37093 7.31989 7.27512 7.28393 7.24589 7.25719 7.27659 7.26842 7.56519 7.34579 7.62671 7.31871 7.37218 7.30612 7.52466 7.51791 7.36745 7.36979 7.73163 7.39411 7.41 7.58883 7.40667 7.37459 7.44613 7.61281 7.87499 7.68798 7.39271 7.93171
5.95354 5.9337 5.93913 5.93781 5.9313 5.93076 5.95539 5.90477 5.9627 5.90825 5.97148 5.97068 5.94714 5.96115 5.97528 5.97627 5.97055 5.96455 5.9627 5.95782 6.3832 6.37298 6.39382 6.37507 6.49318 6.3502 6.38475 6.39994 6.41211 6.23874
8.28453 8.2062 8.21639 8.13242 8.16672 8.13239 8.12263 8.13437 8.68222 8.25708 8.33811 8.43157 8.43242 8.43517 8.4926 8.45167 8.52499 8.55872 8.34808 8.35097 7.39159 7.47897 7.37715 7.49197 8.1338 7.50886 7.60163 7.68712 7.44248 7.66276
4.49607 4.27779 4.29919 4.27746 4.26534 4.28466 4.31317 4.28729 4.49483 4.17685 4.51731 4.55105 4.49396 4.52544 4.52252 4.46677 4.50191 4.49588 4.50782 4.48647 4.64748 4.6645 4.71034 4.65793 4.60983 4.62127 4.62145 4.61634 4.59515 4.75827
8.11179 8.01013 8.03397 8.18727 8.15941 8.1978 8.11985 8.19593 8.20389 8.06537 8.13507 8.25499 8.20545 8.05848 8.20292 8.24013 8.15557 8.19022 8.10725 8.17904 7.71647 7.84307 7.79645 7.77041 8.26644 7.78259 7.99381 7.85754 7.76325 8.38674
5.84756 5.7339 5.71888 6.08921 5.86034 6.06148 5.94857 5.849 5.02582 6.19508 5.14234 4.52975 4.87291 5.12853 4.41403 4.75819 5.3653 4.86884 5.05623 5.0636 5.53498 5.45719 5.48661 5.53459 5.16617 5.46427 5.4462 5.24757 5.66123 5.53452
4.36024 4.41931 4.39422 4.45743 4.4507 4.43775 4.43445 4.44534 4.38944 4.46678 4.41389 4.41754 4.40166 4.44606 4.39941 4.44302 4.47403 4.39069 4.39086 4.44607 4.59074 4.43839 4.51607 4.6469 4.46278 4.45991 4.62676 4.44128 4.38319 4.53139
13.8782 13.4645 13.6197 13.2168 13.253 13.1972 13.1293 13.3679 13.9434 13.4975 13.8914 13.7626 13.7511 13.7518 13.8069 13.7779 13.3956 13.8102 13.9075 13.8126 13.7538 13.7405 13.7509 13.8615 14.1735 13.3644 13.8311 13.3833 13.7497 13.5009
5.44585 5.42232 5.45455 5.44968 5.44674 5.47675 5.44393 5.47979 5.66199 5.20762 5.8996 5.56978 5.62917 5.61236 5.6121 5.57544 5.4604 5.62193 5.85489 5.58898 5.30589 5.25153 5.27652 5.23357 5.95498 5.18474 5.2857 6.0059 5.45128 5.65002
7.69169 7.69087 7.67074 7.68476 7.71454 7.6979 7.67915 7.70045 7.5793 7.69431 7.7044 7.81484 7.66833 7.64641 7.78035 7.79312 7.51163 7.60026 7.74322 7.63338 7.67624 7.59744 7.47194 7.65299 7.76493 7.55706 7.56076 7.60404 7.74486 7.78581
10.0138 10.2157 10.198 10.1166 10.1466 10.101 10.0388 10.0675 10.215 10.2731 9.94886 9.96694 9.96569 10.0226 10.0511 10.0096 10.0451 9.93617 10.0431 10.0018 10.5233 10.4391 10.1953 10.5492 10.349 10.1986 10.4345 10.1215 10.6869 10.3628
5.72683 5.69232 5.68649 5.69627 5.70692 5.71824 5.70151 5.69213 5.70712 5.73477 5.72372 5.70304 5.71677 5.71893 5.70552 5.69435 5.71692 5.70817 5.71941 5.72026 5.93331 5.91559 5.88585 5.86882 5.73597 5.88414 5.91569 5.90821 5.93354 5.91968
4.71441 4.32711 4.32388 4.29094 4.31808 4.31801 4.31515 4.33884 4.70586 4.29533 4.70841 4.70288 4.70299 4.6988 4.70337 4.6945 4.69781 4.70236 4.72192 4.69677 4.55057 4.7344 4.66901 4.68379 4.69284 4.76666 4.62128 4.72271 4.75198 4.66515
7.83017 7.80899 7.84818 7.83984 7.82579 7.84548 7.85098 7.82282 7.69055 7.85788 7.746 7.68532 7.69217 7.72412 7.68421 7.66818 7.70163 7.69692 7.74091 7.71802 7.80138 8.02955 7.67591 7.72217 7.8568 7.74264 8.04681 7.62179 8.04317 7.71336
12.7553 11.9993 12.2318 12.2364 11.8874 12.5532 12.566 12.3355 12.7702 12.2628 12.688 12.7194 12.7362 12.7998 12.7712 12.7404 12.78 12.7364 12.7178 12.6802 12.5849 12.549 12.5245 12.6447 12.4488 12.5939 12.6601 12.4893 12.4065 12.5806
5.77645 5.73258 5.72834 5.74691 5.75113 5.73326 5.75039 5.7402 5.77206 5.76074 5.78068 5.7508 5.77069 5.76643 5.76065 5.74629 5.75959 5.7621 5.77992 5.77487 5.87336 5.93862 5.89126 5.85419 5.91461 5.90074 5.83292 5.92814 5.92584 5.91949
4.7026 4.54906 4.56929 4.35519 4.35849 4.57834 4.56841 4.34234 4.69376 4.35726 4.68787 4.68997 4.69408 4.68998 4.68023 4.6853 4.69766 4.68799 4.69549 4.68566 4.63345 4.59822 4.65975 4.66687 4.73634 4.6387 4.6977 4.71061 4.70698 4.71097
4.54773 4.53057 4.5362 4.50706 4.50703 4.54124 4.54898 4.55056 4.54803 4.56931 4.54021 4.54927 4.54102 4.54289 4.556 4.54044 4.54976 4.54112 4.5452 4.53275 4.64489 4.64949 4.60672 4.60654 4.65812 4.61955 4.63217 4.63776 4.62149 4.61397
7.41041 7.47305 7.46743 7.49168 7.43596 7.44807 7.42922 7.38036 7.3794 7.39614 7.42227 7.39563 7.40068 7.40231 7.37978 7.38611 7.38529 7.39753 7.40379 7.42905 7.62913 7.42743 7.41056 7.33445 7.56889 7.36483 7.65385 7.37681 7.30219 7.46548
12.3535 12.2962 12.3223 12.1203 12.1314 11.616 11.6496 12.3319 12.2837 12.1871 12.2757 12.2838 12.3303 12.2715 12.2321 12.2812 12.2987 12.2949 12.268 12.324 12.457 12.6771 12.5516 12.8666 12.6652 13.1965 12.6441 12.6111 12.5956 12.8268
5.69133 5.62884 5.63105 5.63373 5.63807 5.65286 5.65954 5.59098 5.67638 5.60246 5.66352 5.67055 5.67076 5.67363 5.66826 5.67046 5.67902 5.67437 5.68246 5.67589 5.83119 5.86182 5.84911 5.81975 5.84283 5.89878 5.89288 5.84991 5.85267 5.85624
4.59877 4.44971 4.42195 4.43004 4.42249 4.39952 4.40461 4.55269 4.64018 4.43244 4.64552 4.64025 4.64469 4.64306 4.62149 4.62796 4.65124 4.63035 4.61038 4.63898 4.57942 4.56376 4.63224 4.68254 4.62358 4.59342 4.5235 4.59601 4.62765 4.6745
4.57357 4.5162 4.50584 4.50235 4.49743 4.52345 4.53307 4.53517 4.54575 4.55686 4.54497 4.52757 4.54861 4.54385 4.55056 4.5348 4.55015 4.54191 4.55777 4.53366 4.58871 4.56794 4.61435 4.62515 4.56771 4.61702 4.62528 4.60028 4.62397 4.61016
7.44242 7.40338 7.38883 7.42203 7.41437 7.34303 7.3508 7.4539 7.40688 7.40293 7.41022 7.40786 7.40212 7.40539 7.38552 7.40083 7.39396 7.39866 7.43484 7.41056 7.49191 7.58609 7.4471 7.36814 7.41558 7.36121 7.43019 7.41399 7.41246 7.3726
6.00988 5.99149 5.96881 6.0036 5.98072 5.96141 5.98056 5.94039 6.01576 5.89351 5.99864 6.02676 6.02155 6.03392 6.00088 5.98265 6.014 6.02889 6.01454 6.01559 6.43075 6.46804 6.45129 6.31894 6.4439 6.57888 6.48285 6.46033 6.45203 6.43883
4.51428 4.27307 4.2313 4.22663 4.2442 4.23243 4.23248 4.31969 4.59288 4.3722 4.61809 4.6633 4.5764 4.65175 4.52118 4.59105 4.56283 4.56004 4.55118 4.56542 4.68921 4.76322 4.65515 4.81652 4.68817 4.82336 4.54298 4.71601 4.70937 4.60812
4.6368 4.68498 4.7141 4.66732 4.68247 4.65997 4.66749 4.73921 4.68 4.6692 4.66871 4.63809 4.66468 4.63353 4.67091 4.65362 4.66822 4.65717 4.65417 4.66602 4.79739 4.82486 4.74236 4.8492 4.82799 4.92668 4.72388 5.13194 4.79895 4.88551
4.46614 4.44146 4.45123 4.43841 4.45244 4.44242 4.44202 4.46687 4.48597 4.43812 4.48059 4.48221 4.48016 4.4861 4.47441 4.47718 4.48133 4.47055 4.47009 4.47842 4.59347 4.61208 4.59194 4.56928 4.57324 4.80024 4.59023 4.58919 4.58876 4.625
7.89803 7.99186 7.99321 7.98084 8.01373 7.98665 7.99977 7.9237 7.83698 7.83485 7.83856 7.80213 7.80069 7.78776 7.79754 7.80539 7.82319 7.81594 7.94442 7.85635 7.82039 7.89972 7.64731 7.67339 7.76856 7.68573 8.04942 7.82107 7.78814 8.16633
4.54008 4.22987 4.22328 4.20485 4.22459 4.23317 4.23576 4.22904 4.52041 4.26438 4.53091 4.5514 4.5211 4.52843 4.49589 4.53382 4.49712 4.55113 4.53131 4.54669 4.58153 4.56251 4.60805 4.56673 4.64164 4.64504 4.64755 4.54871 4.54809 4.61401
5.65321 5.66343 5.64709 5.66131 5.64988 5.6254 5.555 5.5482 5.54895 5.41714 5.62463 5.52367 5.63271 5.60004 5.45131 5.55204 5.65335 5.70281 5.62677 5.58553 5.5787 5.57264 5.59594 5.63037 5.56211 5.58934 5.64196 5.54764 5.59325 5.74308
4.48814 4.46843 4.43426 4.49076 4.4634 4.30288 4.2764 4.27194 4.51048 4.42213 4.46556 4.49427 4.43512 4.52682 4.50294 4.53526 4.40406 4.34637 4.44643 4.44131 4.52816 4.46343 4.52882 4.56503 4.50038 4.5182 4.44422 4.55856 4.50228 4.46959
13.656 13.6317 13.7651 13.7202 13.6512 13.8758 14.0006 14.0928 13.5518 14.04 13.9081 13.7714 13.9292 13.9762 13.6343 13.7722 13.6765 14.0122 13.9316 13.8979 14.2522 14.2832 14.2226 14.3499 14.2258 14.0229 13.6995 13.6977 14.0104 13.9842
5.37428 5.43996 5.42163 5.42546 5.41877 5.52867 5.50271 5.52476 5.30247 5.55345 5.32296 5.29134 5.25932 5.29847 5.52141 5.25192 5.37907 5.29204 5.2309 5.31749 5.2038 5.18516 5.12232 5.59423 5.51937 5.78157 5.39827 5.14848 5.36575 5.47155
7.78056 7.75319 7.7427 7.74117 7.75226 7.75033 7.72657 7.66138 7.79308 7.58016 7.81298 7.75917 7.77785 7.74962 7.77405 7.78896 7.77314 7.7606 7.76923 7.76626 7.68612 7.73631 7.72933 7.86201 7.80468 7.83648 7.76965 7.67258 7.74279 7.86298
5.67587 5.66575 5.65571 5.65578 5.65496 5.62723 5.64148 5.60335 5.66848 5.62862 5.67228 5.64466 5.69246 5.67068 5.66906 5.65606 5.69991 5.67463 5.69419 5.63959 5.85223 5.92195 5.84318 5.85986 5.86823 5.85262 5.85955 5.83305 5.84871 5.90343
4.57381 4.24195 4.23659 4.24137 4.24439 4.24762 4.24567 4.24852 4.57754 4.23834 4.57406 4.58791 4.56474 4.56862 4.57184 4.57772 4.56309 4.5818 4.55119 4.58552 4.61142 4.57085 4.58281 4.55973 4.60812 4.59419 4.50304 4.60056 4.59603 4.61798
7.68523 7.59685 7.59263 7.59451 7.58861 7.61721 7.61273 7.60927 7.77753 7.49779 7.75374 7.75144 7.73374 7.77325 7.78735 7.77337 7.67899 7.73101 7.74855 7.72593 7.78408 7.91244 7.79609 8.04258 7.71211 7.75699 7.77879 7.8171 7.75008 7.88059
5.5112 5.48459 5.49077 5.48297 5.48753 5.49829 5.49246 5.4883 5.50912 5.52075 5.50902 5.51776 5.52264 5.50621 5.51131 5.51763 5.51626 5.538 5.50431 5.51435 5.55719 5.55885 5.53141 5.54616 5.54328 5.54264 5.55173 5.52356 5.52831 5.53491
4.44119 4.41304 4.38373 4.40323 4.39628 4.38568 4.41577 4.42555 4.45559 4.24441 4.43985 4.4462 4.44406 4.45002 4.45489 4.45118 4.45298 4.46199 4.44089 4.44366 4.50322 4.49516 4.48059 4.43764 4.44903 4.45487 4.40435 4.4674 4.45988 4.45763
5.31423 5.34303 5.34816 5.31292 5.34113 5.20559 5.2708 5.27924 5.32774 5.38517 5.3044 5.32333 5.36848 5.32611 5.30556 5.32345 5.32668 5.34477 5.30761 5.29528 5.044 5.17108 4.99901 5.14816 5.14753 5.19225 5.01966 5.11159 5.16823 5.2607
7.59606 7.53293 7.54065 7.53805 7.54942 7.54916 7.54816 7.53793 7.59982 7.55283 7.61476 7.60205 7.6245 7.58763 7.59679 7.6043 7.61862 7.60814 7.59848 7.59513 7.54825 7.57314 7.52085 7.5517 7.55586 7.5591 7.47298 7.54973 7.56137 7.60643
6.01028 5.93822 5.91918 5.93335 5.94324 5.95508 5.93418 5.94694 6.00229 5.92333 5.99644 6.01824 6.01241 6.00819 6.00955 6.03236 6.01507 6.04703 5.99316 6.00355 6.46708 6.4913 6.44742 6.45643 6.45704 6.45952 6.46092 6.4517 6.43534 6.45189
7.04895 7.22642 7.18476 7.13342 7.1488 7.23006 7.19527 7.20918 7.08512 6.94964 7.12693 7.14272 7.0957 7.038 7.0163 7.04866 7.01465 6.91592 7.05978 7.06511 6.66249 6.70987 6.69251 6.78899 6.75803 6.69986 6.74142 6.7306 6.77656 6.65598
4.62664 4.26211 4.25897 4.28519 4.2643 4.26867 4.2789 4.27521 4.5937 4.63332 4.63227 4.5662 4.55859 4.55902 4.57512 4.60405 4.61655 4.60121 4.61527 4.62464 4.73651 4.72997 4.76106 4.74299 4.7366 4.76096 4.71126 4.75872 4.67177 4.75335
7.90957 7.99864 8.00811 7.98931 8.00468 7.95814 7.96801 7.9814 7.94758 8.00729 7.91427 7.91596 7.92496 7.95215 7.94227 7.91852 7.91109 7.88817 7.93175 7.91161 7.91274 7.83742 7.85946 7.83399 7.85793 7.85215 8.05201 7.87248 7.8793 7.82999
10.876 10.7385 10.826 10.6445 10.7022 10.7785 10.7489 10.8552 10.8741 10.632 10.7165 10.7401 10.8513 10.9288 10.9048 11.0229 10.9109 10.7802 10.8371 10.7879 10.927 10.9519 10.8684 10.8124 10.9421 10.8205 10.9134 10.9024 10.8056 10.8465
5.60438 5.55792 5.55612 5.56535 5.55647 5.5468 5.55023 5.53983 5.58992 5.54053 5.5944 5.57979 5.60302 5.61102 5.59583 5.62309 5.60119 5.6064 5.59896 5.59619 5.78246 5.78216 5.76454 5.7737 5.7729 5.76195 5.78113 5.76478 5.76052 5.77946
4.65358 4.41866 4.41072 4.40631 4.41316 4.41464 4.40846 4.39736 4.671 4.40959 4.65809 4.65181 4.66851 4.65572 4.68886 4.65997 4.65884 4.66084 4.65517 4.63419 4.71365 4.69581 4.69763 4.69964 4.68609 4.6734 4.68973 4.69698 4.70057 4.70282
7.29496 7.22828 7.22851 7.22424 7.26276 7.30281 7.28944 7.29533 7.47602 7.28932 7.30274 7.5166 7.50314 7.50123 7.45651 7.29153 7.29349 7.32887 7.30659 7.30175 7.24187 7.26764 7.30781 7.30721 7.31107 7.30592 7.23653 7.32472 7.3761 7.30415
6.00478 5.91779 5.9179 5.92089 5.9292 5.9402 5.93408 5.92726 6.01138 5.95177 6.01 6.01261 6.01995 6.00246 5.9862 6.01019 6.01091 6.00729 6.01292 5.98468 6.4797 6.47753 6.47848 6.46657 6.44293 6.42334 6.4642 6.42197 6.44131 6.46438
7.77441 7.82699 7.88832 7.84135 7.86335 8.107 8.08627 8.13152 7.83715 8.25561 7.75797 7.88802 7.68698 7.75033 7.74273 7.79756 7.76431 7.85185 7.73138 7.77493 7.26529 7.44959 7.25965 7.2491 7.27709 7.46453 7.30955 7.32008 7.49138 7.29214
4.4882 4.30374 4.32687 4.32406 4.31965 4.36343 4.36349 4.35573 4.50626 4.36532 4.47825 4.48953 4.49108 4.50184 4.48319 4.50163 4.50106 4.4887 4.49202 4.49017 4.60087 4.60961 4.61688 4.60706 4.60394 4.56819 4.6177 4.587 4.59422 4.60915
7.82895 7.88478 7.83917 7.84895 7.84588 7.82923 7.80104 7.80841 7.82426 7.97009 7.82397 7.84397 7.82685 7.83417 7.83948 7.85471 7.83767 7.82495 7.83123 7.83431 7.66308 7.75621 7.67843 7.66698 7.72327 7.79301 7.71243 7.74763 7.78037 7.6953
5.56744 5.56834 5.56059 5.56181 5.5546 5.59538 5.58839 5.58772 5.56872 5.58306 6.09585 5.55589 5.59188 5.57432 6.03799 5.569 5.56438 5.57371 5.58139 5.56507 5.55286 5.51434 5.55725 5.55574 5.54498 5.50151 5.54868 5.5331 5.47195 5.54041
4.18475 4.17592 4.18523 4.19291 4.18567 4.14643 4.15106 4.14744 4.19686 4.15091 4.15892 4.18647 4.08278 4.19542 4.2113 4.19428 4.21259 4.19557 4.19932 4.18707 4.21282 4.17424 4.21664 4.21943 4.22438 4.16273 4.23236 4.23819 4.15307 4.22924
13.9799 14.018 14.1193 14.0205 14.0263 13.0115 12.9347 13.0122 13.9798 12.7066 14.312 13.9708 14.2796 13.9377 14.1192 14.1412 14.0242 13.8486 13.8483 13.973 13.9669 12.0217 13.9861 13.9395 13.9095 12.0993 13.9208 13.8782 12.0274 13.8855
5.19147 4.95833 5.17306 5.19644 5.19467 5.27154 5.28839 5.33022 5.19718 5.20973 5.21823 5.27733 5.19702 5.15749 5.26351 5.23943 5.1454 5.16347 5.15693 5.19307 5.1418 5.26894 5.15068 5.14115 5.16927 4.85095 5.19725 5.26337 5.2679 5.23783
7.53914 7.5538 7.53502 7.59284 7.60475 7.71715 7.73535 7.76526 7.54599 7.69312 7.59636 7.54658 7.59326 7.56105 7.65005 7.55239 7.53003 7.53585 7.54858 7.54871 7.51422 7.50699 7.53234 7.52526 7.53951 7.55212 7.55044 7.51322 7.51863 7.50418
