5.72069 5.74286 5.72039 5.72159 5.73559 5.691 5.68894 5.72184 5.71481 5.71564 5.70525 5.71718 5.71186 5.70427 5.69537 5.70282 5.72698 5.90362 5.88311 5.91533 5.90345 5.89101 5.8859 5.89866 5.90561 5.87928 5.88587
4.59967 4.65729 4.40958 4.61937 4.62453 4.28864 4.52086 4.49211 4.54721 4.52366 4.51664 4.5628 4.52152 4.29761 4.36809 4.37168 4.64902 4.6731 4.69412 4.61299 4.62895 4.6966 4.71787 4.68731 4.72467 4.62575 4.63528
4.57943 4.57752 4.48091 4.57466 4.5634 4.48842 4.50772 4.4741 4.46957 4.50071 4.50221 4.49055 4.4892 4.4394 4.46823 4.53949 4.58881 4.63286 4.62168 4.62964 4.59498 4.61742 4.64066 4.6045 4.6085 4.60197 4.61203
4.49834 4.49647 4.46151 4.49224 4.49703 4.41812 4.42889 4.45194 4.45356 4.46039 4.44495 4.46248 4.48012 4.49348 4.48157 4.42307 4.49703 4.50896 4.52103 4.5101 4.51232 4.531 4.5306 4.52371 4.5234 4.51662 4.52825
4.27752 4.26481 4.23749 4.27257 4.25695 4.23549 4.21907 4.24606 4.22822 4.23427 4.23181 4.22005 4.22673 4.25282 4.24593 4.2472 4.26165 4.70197 4.71296 4.70278 4.69731 4.70785 4.71264 4.70733 4.70767 4.7014 4.71008
4.25404 4.24747 4.19204 4.25008 4.21566 4.20604 4.21813 4.24409 4.22993 4.20485 4.21861 4.20376 4.2456 4.2853 4.25634 4.21977 4.2261 4.29372 4.30173 4.30714 4.29707 4.30339 4.29226 4.30362 4.30009 4.30828 4.30141
8.02356 7.95585 7.83078 7.94181 7.95881 7.95689 7.85775 7.78175 7.82487 7.82944 7.80826 7.78127 7.79258 7.85309 7.80321 7.86897 7.92494 8.00453 8.09349 8.05386 8.00356 8.12655 8.01804 8.02375 8.05019 7.99901 8.01145
5.68913 5.68077 5.6997 5.67018 5.6693 5.68876 5.717 5.68507 5.6877 5.69627 5.67813 5.67987 5.68303 5.6762 5.67395 5.64875 5.67415 5.87874 5.84937 5.86775 5.86642 5.8533 5.85866 5.86298 5.87504 5.85722 5.87162
4.56104 4.58676 4.29643 4.5663 4.59455 4.27072 4.25426 4.29515 4.26317 4.27642 4.26549 4.2723 4.2762 4.29308 4.28847 4.33036 4.5624 4.65673 4.65917 4.67352 4.609 4.66036 4.67133 4.62866 4.67426 4.5298 4.6302
4.63488 4.62481 4.53602 4.62364 4.63476 4.47936 4.47488 4.56241 4.52778 4.51228 4.53668 4.4998 4.55928 4.51905 4.50674 4.53841 4.62952 4.62662 4.63506 4.63199 4.59072 4.63367 4.67055 4.61238 4.61839 4.58937 4.64672
4.47705 4.47051 4.41173 4.47863 4.47016 4.52067 4.47821 4.43265 4.44426 4.42454 4.44782 4.45572 4.45411 4.39768 4.4242 4.39094 4.46961 4.48955 4.49385 4.49591 4.48851 4.49639 4.49742 4.49397 4.49791 4.50088 4.49382
4.38675 4.35191 4.38949 4.38469 4.35661 4.32524 4.38082 4.34457 4.37036 4.36218 4.3635 4.38002 4.37448 4.37845 4.33227 4.38063 4.3524 4.69238 4.65418 4.5762 4.67839 4.63926 4.67968 4.64527 4.66222 4.69508 4.67917
4.25644 4.27037 4.22127 4.27618 4.26757 4.19262 4.25509 4.25901 4.24845 4.20212 4.24133 4.23433 4.24223 4.24174 4.25006 4.25883 4.24995 4.33774 4.34033 4.37249 4.34439 4.34034 4.3349 4.34783 4.34695 4.37515 4.36735
7.46152 7.47934 7.38828 7.52821 7.46224 7.34838 7.44673 7.35352 7.38102 7.37356 7.40515 7.34967 7.35367 7.40046 7.4212 7.43482 7.38373 7.47147 7.4586 7.63245 7.49293 7.44851 7.40038 7.45859 7.44031 7.61971 7.54669
5.97226 5.96196 5.93398 5.97117 5.97601 5.90659 5.69667 5.91053 5.92469 5.9047 5.92343 5.89586 5.95106 5.93462 5.91148 5.94706 5.9749 6.46101 6.44993 6.44593 6.46904 6.44694 6.44696 6.44173 6.46324 6.44623 6.47127
7.85802 7.94784 7.78013 7.88366 7.87869 7.64864 8.02734 7.80189 7.72627 7.79468 7.64045 7.67698 7.71778 7.94801 7.83506 7.84634 7.91353 7.28514 7.37005 7.33374 7.36777 7.33189 7.33893 7.26288 7.29312 7.36164 7.32423
4.59589 4.63124 4.19928 4.5911 4.56227 4.2392 4.252 4.25364 4.26035 4.26016 4.26345 4.24352 4.22249 4.17555 4.18402 4.19392 4.55729 4.63494 4.61782 4.63667 4.58045 4.63857 4.62416 4.66767 4.61306 4.64434 4.56014
4.67566 4.67201 4.5879 4.67667 4.68354 4.58338 4.57411 4.62801 4.58203 4.56033 4.6014 4.59858 4.55451 4.61359 4.61343 4.62061 4.67051 4.79329 4.834 4.8523 4.79895 4.82865 4.83264 4.81462 4.82596 4.82595 4.79659
4.50705 4.50387 4.48314 4.51017 4.50182 4.43187 4.4531 4.48602 4.47593 4.47193 4.47284 4.45878 4.47382 4.48151 4.46495 4.47315 4.50758 4.60343 4.60319 4.61065 4.60126 4.6008 4.61379 4.59561 4.60335 4.60926 4.60635
4.29027 4.28246 4.2395 4.29287 4.29792 4.22014 4.17848 4.24193 4.23808 4.22686 4.23068 4.22989 4.22148 4.23746 4.23385 4.24028 4.28705 4.45727 4.46637 4.46871 4.45288 4.46874 4.47356 4.46738 4.47631 4.451 4.44074
8.14091 8.01736 7.93821 8.11608 8.01484 8.00682 8.11829 7.97179 7.92871 7.89149 8.00557 7.93926 7.76489 7.78584 7.85163 7.85043 8.03745 7.7476 7.75733 7.73015 7.77539 7.75292 7.71361 7.8105 7.72449 7.99756 7.86247
5.45025 5.37262 5.50987 5.4201 5.45388 5.51717 5.48857 5.51139 5.51745 5.51321 5.51672 5.5179 5.49712 5.48154 5.48907 5.44978 5.43321 5.53692 5.51441 5.45426 5.51548 5.52887 5.52432 5.49252 5.54322 5.51583 5.5298
4.36701 4.39835 4.15668 4.44098 4.35969 4.13421 4.16756 4.17173 4.14767 4.13777 4.14741 4.13554 4.14363 4.18249 4.18976 4.22008 4.39299 4.43099 4.3529 4.39027 4.4869 4.38649 4.4057 4.48938 4.40083 4.37916 4.39466
4.37968 4.35581 4.39422 4.36633 4.37061 4.37783 4.37901 4.411 4.39841 4.41242 4.4129 4.41887 4.40195 4.36112 4.37469 4.40255 4.36462 4.3939 4.38863 4.39707 4.3911 4.4002 4.39634 4.38153 4.4099 4.39276 4.40407
4.35591 4.352 4.3606 4.36149 4.35687 4.33642 4.36294 4.35572 4.35358 4.35376 4.35435 4.35391 4.34985 4.35041 4.34096 4.34054 4.35788 4.39423 4.41199 4.38674 4.38914 4.39556 4.39913 4.37257 4.39723 4.38772 4.40808
5.45755 5.59896 5.29326 5.60124 5.40828 5.07883 5.29918 5.28591 5.2402 5.18704 5.14801 5.24853 5.12927 5.43919 5.35994 5.4481 5.40602 5.0983 5.23194 5.3799 5.13692 5.09848 5.06761 5.14402 4.92962 5.03581 5.01248
4.50105 4.43715 4.29235 4.56822 4.4698 4.33049 4.32518 4.39279 4.35619 4.38061 4.43991 4.40064 4.37399 4.15976 4.19247 4.23244 4.34844 4.42945 4.44576 4.77226 4.45033 4.41919 4.43875 4.58044 4.41919 4.64905 4.66139
4.1463 4.13784 4.1303 4.14953 4.13885 4.13792 4.14278 4.11955 4.11988 4.14414 4.12944 4.11928 4.15377 4.15805 4.14329 4.14524 4.15781 4.47888 4.4747 4.49052 4.49533 4.47417 4.48538 4.50463 4.49918 4.46609 4.48706
7.53955 7.59664 7.48213 7.64711 7.54176 7.3277 7.49789 7.55869 7.50339 7.54161 7.48172 7.58954 7.44735 7.56828 7.43591 7.54858 7.53566 7.41718 7.44963 7.58145 7.52502 7.42558 7.39134 7.45106 7.42053 7.44248 7.40739
5.60989 5.62565 5.63413 5.61107 5.61019 5.61118 5.62796 5.63112 5.62909 5.6252 5.63576 5.62817 5.63736 5.64937 5.64541 5.62958 5.61348 5.66175 5.64767 5.64042 5.67487 5.6571 5.63143 5.62422 5.65242 5.61474 5.6266
4.56193 4.56858 4.46859 4.58127 4.56529 4.40061 4.42254 4.48105 4.61935 4.5251 4.50126 4.47206 4.52289 4.53883 4.56181 4.49357 4.56403 4.54855 4.42796 4.51149 4.42205 4.50986 4.46253 4.47508 4.57256 4.48928 4.48076
4.47562 4.48978 4.45598 4.48481 4.47179 4.42874 4.45408 4.45907 4.45507 4.46357 4.45188 4.46549 4.45271 4.45965 4.46934 4.45473 4.47716 4.48994 4.48691 4.50065 4.4961 4.49973 4.48076 4.47519 4.50338 4.48053 4.47075
4.37219 4.3759 4.36035 4.3735 4.36934 4.3865 4.38038 4.35003 4.37201 4.3682 4.37558 4.3543 4.36747 4.36504 4.3883 4.35494 4.37155 4.42121 4.41865 4.42094 4.41762 4.4287 4.41999 4.41655 4.42586 4.40677 4.41787
5.55146 5.56393 5.51481 5.56173 5.55917 5.56383 5.53367 5.54522 5.52741 5.53226 5.50521 5.52482 5.5165 5.64893 5.57696 5.62305 5.54739 5.45289 5.44685 5.45892 5.53085 5.46039 5.44693 5.46394 5.42949 5.46555 5.43879
4.44546 4.19808 4.4255 4.27086 4.36429 4.49682 4.46406 4.34088 4.36585 4.38939 4.35469 4.36282 4.29289 4.3683 4.41017 4.4407 4.31288 4.47864 4.5678 4.58313 4.45827 4.44684 4.46401 4.49405 4.52686 4.68447 4.63558
4.20601 4.23647 4.14257 4.22016 4.20336 4.16716 4.14009 4.17875 4.16636 4.15807 4.16126 4.18953 4.18043 4.19814 4.16103 4.17375 4.20832 4.52926 4.53909 4.52607 4.50738 4.53128 4.53511 4.50405 4.53067 4.51035 4.51927
7.74838 7.74468 7.74392 7.73166 7.71526 7.73632 7.70629 7.71777 7.72727 7.76609 7.74758 7.76165 7.73924 7.7083 7.73217 7.69153 7.71444 7.72328 7.72659 7.72925 7.77271 7.70941 7.71912 7.78871 7.69293 7.72232 7.72904
5.66939 5.66448 5.67048 5.66262 5.65709 5.67766 5.68486 5.65154 5.66859 5.6723 5.67456 5.67163 5.67303 5.6851 5.65821 5.66061 5.66404 5.87863 5.83854 5.85356 5.84999 5.8819 5.84057 5.84785 5.8539 5.84595 5.86145
4.70828 4.72612 4.50895 4.74184 4.78689 4.55649 4.60966 4.54847 4.50858 4.47895 4.36439 4.51841 4.3192 4.33111 4.34456 4.3822 4.70746 4.67797 4.69347 4.60839 4.65813 4.65102 4.72224 4.70715 4.69096 4.68867 4.65873
4.61146 4.59705 4.56103 4.60611 4.59628 4.55006 4.49594 4.56027 4.55504 4.54978 4.50235 4.57551 4.52797 4.56652 4.53603 4.54551 4.60437 4.63051 4.61578 4.63285 4.61136 4.6344 4.64158 4.66638 4.57034 4.65576 4.63131
4.48415 4.49221 4.43809 4.48708 4.4858 4.50004 4.48836 4.44635 4.4508 4.44857 4.46081 4.44307 4.43027 4.43698 4.44386 4.41444 4.48766 4.4861 4.47919 4.49626 4.55425 4.5069 4.4958 4.46952 4.50642 4.46425 4.4772
4.44129 4.41164 4.40401 4.41011 4.42366 4.39004 4.34646 4.41682 4.36157 4.39581 4.37467 4.39587 4.41016 4.39102 4.39892 4.40227 4.41449 4.74416 4.6808 4.73146 4.76354 4.60592 4.64531 4.65771 4.66295 4.66962 4.65429
4.30228 4.30136 4.29207 4.29957 4.30499 4.23111 4.32699 4.29303 4.257 4.29026 4.21997 4.27189 4.27427 4.28616 4.24909 4.25142 4.30267 4.3557 4.37924 4.33458 4.4006 4.34286 4.45514 4.40545 4.34613 4.40055 4.4038
7.84409 7.81304 7.75127 7.77287 7.87203 7.49528 7.70077 7.71211 7.69448 7.71011 7.57711 7.61462 7.66486 7.66252 7.6183 7.59725 7.85631 7.62387 7.69092 7.61452 7.87331 7.65266 7.73128 7.68932 7.60468 7.69994 7.65817
5.99598 6.02545 5.92239 6.02227 6.08694 5.91012 5.87072 5.94074 5.95606 5.95627 5.98384 5.94692 5.94467 5.89142 5.92489 5.94542 5.99667 6.50875 6.41765 6.23413 6.45298 6.38156 6.41592 6.40939 6.43237 6.41719 6.46227
7.75525 7.7703 7.50344 7.86497 7.7585 8.23502 8.07315 7.63314 7.57451 7.56786 7.52084 7.46378 7.34193 7.18688 7.3799 7.45432 7.71772 7.10383 7.33673 7.13498 7.47959 7.42101 7.11834 7.16075 7.12549 7.19663 7.11776
4.57239 4.55842 4.3782 4.53509 4.57252 4.41141 4.32878 4.38037 4.41089 4.42776 4.39591 4.35876 4.38022 4.33529 4.35397 4.33441 4.55821 4.63225 4.64447 4.55232 4.64337 4.64304 4.64094 4.61014 4.66943 4.58289 4.5985
4.57836 4.59531 4.57176 4.57335 4.57643 4.54666 4.61158 4.58288 4.58798 4.5735 4.54248 4.55778 4.5509 4.54143 4.55129 4.57962 4.57622 4.72915 4.77127 4.75044 4.77145 4.71352 4.75391 4.78423 4.76249 4.74782 4.69489
4.48912 4.49235 4.47598 4.4862 4.48372 4.50231 4.47867 4.47586 4.469 4.455 4.45631 4.46407 4.4639 4.42553 4.44631 4.45238 4.48927 4.60891 4.59362 4.67611 4.6112 4.6612 4.60381 4.60562 4.58878 4.6012 4.60237
4.34943 4.3586 4.29634 4.35521 4.35885 4.33745 4.31387 4.31672 4.29794 4.29888 4.28223 4.30714 4.29988 4.30404 4.28243 4.27744 4.34796 4.53236 4.52782 4.54055 4.5569 4.51233 4.5207 4.514 4.53665 4.51002 4.51709
7.71495 7.82276 7.82931 7.69091 7.66451 8.12623 8.0834 7.92142 7.91836 7.89865 7.79806 7.88199 7.87214 7.90665 7.83041 7.83639 7.74295 7.70692 7.74118 7.84889 7.91969 8.12489 7.70096 7.70606 7.79261 7.70598 7.712
5.43225 5.43137 5.46913 5.44947 5.45458 4.35093 4.43983 5.42613 5.45759 5.47413 5.46829 5.4786 5.48417 5.48219 5.47866 5.47692 5.42178 5.4217 5.33876 5.43301 5.17057 5.3231 5.42231 5.43062 5.41064 5.40406 5.4484
4.60623 4.5449 4.3021 4.52477 4.53662 4.39298 4.22683 4.2941 4.2814 4.27786 4.28722 4.28487 4.32725 4.31575 4.26269 4.3143 4.52628 4.49396 4.46443 4.49687 4.34538 4.40731 4.47097 4.39623 4.47615 4.39832 4.37421
4.49432 4.49531 4.43969 4.48628 4.50683 4.51436 4.40704 4.47157 4.43588 4.44502 4.40617 4.47645 4.45611 4.46738 4.46278 4.40744 4.48415 4.65623 4.58278 4.56894 4.62096 4.58917 4.59478 4.59334 4.6028 4.59118 4.60151
4.36848 4.37065 4.34619 4.36666 4.37117 4.25571 4.31139 4.34573 4.35184 4.34311 4.38425 4.34788 4.35662 4.35163 4.32174 4.3103 4.3658 4.43423 4.39965 4.39568 4.42659 4.37939 4.39003 4.37972 4.38117 4.40477 4.39731
5.4156 5.4342 5.29442 5.42723 5.28048 5.82585 5.56541 5.3576 5.36301 5.34599 5.35873 5.37602 5.24382 5.36569 5.30652 5.35392 5.44827 5.16646 5.56289 5.39246 5.37679 5.52685 5.10148 5.10129 5.19685 5.2137 5.09455
4.10901 4.03493 4.24968 3.91437 4.16705 3.98625 4.1223 4.25547 4.24831 4.26003 4.2516 4.24038 4.22455 4.26072 4.27737 4.27259 4.08175 4.657 4.46186 4.45675 4.48193 4.62669 4.40643 4.51539 4.42019 4.54359 4.54228
4.25421 4.26651 4.21058 4.27448 4.26996 4.26614 4.18631 4.21472 4.18837 4.18896 4.24732 4.21959 4.22394 4.22671 4.19704 4.21587 4.2575 4.32017 4.2553 4.27102 4.28321 4.29784 4.33979 4.31309 4.34195 4.28667 4.33203
7.60298 7.5791 7.50235 7.58397 7.63107 7.66617 7.59067 7.51642 7.67501 7.65953 7.46592 7.52711 7.40835 7.55734 7.44583 7.60757 7.54901 7.38081 7.67291 7.49994 7.41418 7.65287 7.38902 7.44943 7.33251 7.49469 7.43235
5.98306 5.94617 5.90576 5.95203 5.92722 5.92291 5.82881 5.90108 5.90086 5.89687 5.87965 5.90508 5.88365 5.87477 5.912 5.92732 5.95823 6.30699 6.37045 6.37849 6.43282 6.41406 6.38097 6.45736 6.35641 6.39113 6.38829
6.59924 6.7412 6.53298 6.59788 6.62121 6.85231 6.39726 6.54828 6.68014 6.71212 6.77335 6.72673 6.75161 6.65027 6.58701 6.91589 6.85304 6.50738 6.40073 6.50562 6.43323 6.3251 6.37115 6.39448 6.05219 6.08896 6.04778
4.55658 4.57627 4.48092 4.56203 4.58405 4.23312 4.35121 4.45804 4.5012 4.48445 4.48809 4.54713 4.43215 4.46699 4.45937 4.40509 4.58156 4.78754 4.71423 4.71526 4.7112 4.7142 4.66861 4.60557 4.67301 4.68126 4.68866
4.6257 4.64696 4.51971 4.67215 4.66316 4.58771 4.54961 4.55013 4.56551 4.61274 4.57569 4.5841 4.61815 4.58392 4.60386 4.57218 4.65389 4.8173 4.81014 4.83067 4.78223 4.8092 4.7924 4.7924 4.82601 4.7882 4.68626
4.50591 4.49984 4.4521 4.49777 4.49029 4.49676 4.45992 4.45639 4.46912 4.45587 4.47715 4.45109 4.46855 4.45892 4.46267 4.47909 4.50313 4.58203 4.57644 4.57375 4.61539 4.58094 4.56884 4.56931 4.58501 4.56846 4.56676
4.67642 4.70979 4.46787 4.65389 4.7565 4.43126 4.45248 4.47806 4.49881 4.49439 4.53738 4.56472 4.43359 4.51742 4.48644 4.51501 4.7158 5.9917 4.56729 4.58509 4.8678 4.3609 4.61178 4.50658 4.78131 4.48173 4.632
4.31895 4.31859 4.28213 4.31898 4.31259 4.28715 4.27008 4.28882 4.27095 4.26732 4.27403 4.28761 4.27109 4.28673 4.27439 4.26777 4.32867 4.5188 4.49745 4.48371 4.56958 4.51805 4.4986 4.49677 4.51567 4.49473 4.4896
8.14495 8.08623 8.15188 8.10531 8.10248 7.98155 8.10175 8.10368 8.11728 8.13798 8.04313 8.10238 8.15459 8.08646 8.12832 8.12359 8.05713 8.00327 8.00111 7.96967 8.01628 7.92407 7.99762 8.07119 7.98612 7.97323 8.12619
5.9134 5.90863 5.85637 5.87513 5.89378 5.83383 5.81921 5.88203 5.82404 5.83102 5.81228 5.86345 5.80055 5.79529 5.8371 5.80895 5.91697 6.34367 6.36533 6.35924 6.35555 6.35696 6.35562 6.37467 6.35627 6.34675 6.33366
7.34334 7.34864 7.30611 7.33408 7.38482 7.28988 7.34687 7.35624 7.39249 7.45263 7.42657 7.44275 7.46491 7.48895 7.49989 7.48984 7.43525 6.92867 6.92923 6.92764 7.01919 6.89736 6.91514 7.22479 6.97934 6.82241 6.90145
4.69263 4.70099 4.51606 4.63148 4.63466 4.72365 4.55197 4.44773 4.29499 4.26534 4.26824 4.26717 4.26789 4.27592 4.2834 4.40923 4.6916 4.71669 4.7911 4.76567 4.64109 4.66762 4.66574 4.47184 4.73398 4.72102 4.6481
4.60522 4.59774 4.60372 4.55323 4.58493 4.60551 4.55981 4.57626 4.55792 4.57905 4.54818 4.56209 4.56157 4.60112 4.55705 4.59324 4.58638 4.77037 4.77952 4.7941 4.79295 4.76289 4.7615 4.74253 4.78235 4.75954 4.77854
4.50295 4.50273 4.48561 4.50264 4.50304 4.48039 4.48899 4.44691 4.48083 4.47352 4.45402 4.47587 4.47057 4.44829 4.48426 4.49833 4.50928 4.58796 4.59381 4.59336 4.58048 4.59349 4.59718 4.59356 4.59563 4.59509 4.596
4.58746 4.59113 4.41458 4.59297 4.59477 4.40435 4.44028 4.36508 4.39879 4.44382 4.40336 4.40832 4.44512 4.39182 4.47874 4.4972 4.57652 4.37115 4.54096 4.49264 4.40269 4.45479 4.69511 4.66916 4.46898 4.59643 4.56882
4.33629 4.33727 4.30764 4.32661 4.32899 4.32374 4.29624 4.29828 4.31238 4.29041 4.30183 4.29821 4.29603 4.31537 4.28703 4.31138 4.32951 4.5045 4.49226 4.49842 4.5137 4.51068 4.51449 4.50099 4.501 4.50745 4.50628
8.03474 8.03633 7.69379 7.9433 7.99371 7.83125 7.54938 7.65376 7.74692 7.73244 7.75788 7.75104 7.69632 7.77628 7.65895 7.64362 8.02062 7.59007 7.56574 7.61176 7.66121 7.54539 7.68622 7.43882 7.52447 7.54475 7.31646
5.62982 5.64206 5.60863 5.64922 5.64194 5.55889 5.63711 5.58817 5.59923 5.59688 5.59166 5.5895 5.56657 5.58456 5.59887 5.58372 5.62835 5.80899 5.79385 5.81654 5.74464 5.782 5.8072 5.85093 5.81274 5.80359 5.78811
4.6794 4.66386 4.35123 4.65352 4.6799 4.35918 4.42926 4.37728 4.38275 4.35361 4.34595 4.34427 4.35701 4.33651 4.38132 4.35793 4.68731 4.65623 4.71949 4.6369 4.63709 4.62486 4.72374 4.65166 4.67016 4.633 4.68809
4.57847 4.58093 4.46593 4.57801 4.57881 4.46602 4.49376 4.47265 4.46621 4.45738 4.47081 4.46589 4.45551 4.49774 4.45294 4.47181 4.56365 4.52798 4.508 4.55566 4.57998 4.56531 4.55703 4.58671 4.52842 4.48882 4.57037
4.49731 4.49706 4.50644 4.50236 4.49718 4.42542 4.45691 4.49844 4.46066 4.49184 4.47699 4.47817 4.44142 4.46452 4.47116 4.4477 4.50746 4.52403 4.53646 4.5211 4.50351 4.51985 4.52035 4.50779 4.52033 4.52374 4.53004
4.15042 4.06523 4.44669 4.17395 4.31242 4.39786 4.37397 4.39735 4.33084 4.35322 4.29888 4.40274 4.30066 4.35932 4.34069 4.33344 4.1179 4.54663 4.4686 4.46164 4.78419 4.70888 4.76759 4.73511 4.54748 4.54095 4.72831
4.30931 4.30284 4.34341 4.32919 4.32637 4.30926 4.2513 4.29724 4.27616 4.28852 4.25954 4.27695 4.25752 4.33501 4.28303 4.28563 4.3334 4.3908 4.36861 4.37338 4.42398 4.43682 4.36996 4.41305 4.36333 4.37947 4.44263
7.12518 7.08867 7.29829 7.15859 7.14898 7.29109 7.33949 7.25683 7.21327 7.22196 7.2271 7.15198 7.1802 7.23237 7.10853 7.28271 7.34418 7.35016 7.29925 7.36982 7.51105 7.39027 7.21119 7.17602 7.34538 7.23481 7.39606
5.69728 5.69967 5.70286 5.70038 5.70634 5.69817 5.67101 5.64461 5.6409 5.64558 5.63228 5.64606 5.64466 5.6549 5.65282 5.69673 5.69282 5.86869 5.85406 5.87662 5.83584 5.85381 5.8402 5.85091 5.82641 5.83543 5.85174
4.56523 4.58123 4.26675 4.57751 4.5886 4.28776 4.27009 4.28 4.28228 4.29255 4.27545 4.26435 4.27582 4.29077 4.28929 4.3676 4.57876 4.55626 4.57918 4.64545 4.623 4.63041 4.53691 4.51659 4.55796 4.64145 4.58903
4.5453 4.5356 4.45801 4.5436 4.54053 4.48763 4.42708 4.44025 4.45228 4.45413 4.43822 4.45353 4.45197 4.4106 4.49504 4.49821 4.53282 4.54979 4.52065 4.53396 4.41702 4.515 4.52767 4.53212 4.52714 4.54692 4.50992
4.52382 4.51368 4.49628 4.51381 4.51702 4.49242 4.45556 4.47777 4.46855 4.45595 4.46098 4.47438 4.45884 4.47474 4.46302 4.46239 4.52464 4.52532 4.53161 4.52439 4.50444 4.52611 4.52164 4.63792 4.50741 4.52347 4.5157
4.52717 4.51451 4.43988 4.5319 4.53766 4.44433 4.47368 4.42669 4.41801 4.42942 4.42741 4.42005 4.42092 4.39857 4.41944 4.44071 4.52006 4.72022 4.69521 4.65961 4.7869 4.78837 4.73357 4.76927 4.68819 4.76058 4.81727
4.36609 4.3551 4.29392 4.35646 4.35881 4.33049 4.28067 4.29635 4.31057 4.31837 4.28949 4.32249 4.31259 4.2969 4.32648 4.30026 4.37041 4.42516 4.42262 4.43907 4.41541 4.42544 4.40534 4.55804 4.40581 4.42041 4.41578
7.66769 7.50001 7.36533 7.49971 7.5632 7.48931 7.33116 7.35191 7.44483 7.44242 7.39559 7.42939 7.46742 7.50796 7.44026 7.3824 7.70438 7.47609 7.47615 7.6045 7.59287 7.52851 7.43604 7.79261 7.53294 7.53382 7.37011
5.5183 5.52295 5.53581 5.51825 5.51828 5.44146 5.34937 5.5311 5.5198 5.55013 5.54195 5.47794 5.50773 5.48631 5.53297 5.47487 5.53175 5.58943 5.5382 5.55169 5.29068 5.54948 5.47251 5.35884 5.46647 5.52446 5.57589
4.44961 4.44915 4.35373 4.46033 4.45832 4.51588 4.43894 4.46013 4.22108 4.2316 4.24102 4.38113 4.39214 4.43796 4.27648 4.48038 4.45268 4.25161 4.38508 4.42749 4.39096 4.40583 4.37913 4.54694 4.5281 4.41244 4.35583
4.49872 4.50255 4.51639 4.50117 4.4955 4.50408 4.46553 4.44905 4.49625 4.47751 4.4892 4.47349 4.4594 4.46476 4.49986 4.51641 4.49836 4.60577 4.64493 4.62503 4.50666 4.64514 4.5859 4.58041 4.60171 4.60054 4.59143
4.3654 4.36801 4.35631 4.36312 4.36675 4.3767 4.32445 4.34066 4.31451 4.33596 4.37067 4.3494 4.3103 4.36501 4.34639 4.41759 4.36585 4.40528 4.40075 4.39739 4.12443 4.40235 4.3731 4.45058 4.36293 4.3931 4.40176
4.97648 4.96269 5.41339 4.84891 4.89007 5.43943 5.51553 5.33352 5.19582 5.2398 5.16626 5.37199 5.37757 5.37469 5.34464 5.42554 5.09701 5.22616 5.17535 5.11447 5.70595 5.20073 5.26138 6.01232 5.28108 5.15438 4.9853
4.36436 4.3592 4.37879 4.37204 4.36282 4.3567 4.29056 4.29205 4.28431 4.28738 4.28721 4.29012 4.29827 4.27699 4.26931 4.31176 4.35624 4.60354 4.54668 4.57316 4.41213 4.5629 4.55729 4.58758 4.54004 4.55836 4.63465
4.22822 4.23042 4.19953 4.23011 4.22731 4.29045 4.20148 4.22006 4.24011 4.23944 4.23923 4.21076 4.22395 4.18737 4.25951 4.26053 4.23463 4.30396 4.32942 4.33034 4.22133 4.34669 4.2635 4.39094 4.32679 4.32195 4.34823
7.57231 7.61777 7.54989 7.57395 7.58321 7.58495 7.54347 7.64926 7.61267 7.60991 7.62125 7.61749 7.63405 7.62606 7.62402 7.63596 7.58262 7.60109 7.56781 7.64164 7.73376 7.63887 7.59265 7.70573 7.60145 7.59775 8.17601
6.02851 6.02647 5.94724 6.00145 6.058 5.94923 6.03902 5.98042 6.04726 6.05295 6.0106 6.00462 6.00156 5.97102 6.00363 5.95325 6.06178 6.14433 6.50967 6.48059 6.419 6.43285 6.48877 6.81463 6.47444 6.52421 6.4717
7.36745 7.45047 6.99658 7.48365 7.388 7.43815 7.36747 7.01972 7.1918 7.18549 7.11138 7.14416 7.04885 6.98404 7.10303 7.33227 7.5756 7.6561 7.26268 7.22345 7.12446 6.93936 7.26071 6.78221 7.24061 7.18827 7.40894
4.59888 4.56997 4.50064 4.60277 4.49754 4.2623 4.35747 4.4382 4.49812 4.43703 4.45875 4.45977 4.54134 4.51661 4.53058 4.46607 4.48513 4.67668 4.63034 4.65046 4.65851 4.60144 4.64418 4.76662 4.81418 4.7041 4.65673
4.68258 4.67654 4.666 4.68452 4.56766 4.63054 4.693 4.64763 4.63054 4.62562 4.6303 4.66043 4.67343 4.63177 4.64212 4.62708 4.56331 4.91125 5.05263 4.83905 4.84089 4.86995 4.82467 4.87382 4.84199 4.8441 4.90188
4.51847 4.51636 4.51585 4.51504 4.55695 4.4765 4.47816 4.50005 4.4982 4.49694 4.50055 4.49004 4.49568 4.48908 4.48709 4.49169 4.55546 4.60663 4.61799 4.5947 4.59518 4.60943 4.60405 4.61967 4.59045 4.59556 4.60048
4.3816 4.35471 4.42185 4.38185 4.45433 4.32327 4.30545 4.46923 4.39549 4.37842 4.41137 4.30454 4.37931 4.3008 4.36853 4.29057 4.38134 4.35972 4.53479 4.53303 7.6795 4.53563 4.4111 4.58887 4.62209 4.50203 4.68545
4.2804 4.2841 4.25446 4.27949 4.45394 4.24808 4.25077 4.24587 4.23966 4.25904 4.24716 4.24419 4.23484 4.24354 4.25343 4.24611 4.45128 4.40485 5.15665 4.4614 4.50937 4.46482 4.45376 4.49239 4.44477 4.47251 4.44752
8.3885 8.3902 8.1042 8.38872 8.46494 8.09319 8.07637 8.01591 8.00257 7.99376 8.0013 7.97561 7.94683 7.99136 7.99089 8.06774 8.45287 8.3947 8.17553 8.05944 8.27233 8.00866 7.94483 8.12297 7.98066 8.01299 8.20874
5.59335 5.57645 5.5696 5.56938 5.49298 5.47133 5.48621 5.54137 5.55832 5.54202 5.52067 5.55492 5.5604 5.56734 5.55027 5.51212 5.46966 5.76849 5.97597 5.70581 5.73125 5.75079 5.74078 5.82343 5.85669 5.64844 5.53344
4.57409 4.56105 4.3078 4.57111 4.56661 4.18861 4.2275 4.21569 4.22638 4.22962 4.22611 4.21221 4.2301 4.25545 4.24118 4.21483 4.56969 4.73944 4.54032 4.44998 4.69262 4.73103 4.44192 4.44743 4.43075 4.50831 4.4611
4.59337 4.58981 4.49021 4.58762 4.5937 4.41678 4.44199 4.50971 4.47926 4.48861 4.49047 4.5211 4.50835 4.51813 4.54243 4.55181 4.60079 4.53197 4.84853 4.48552 4.70678 4.60836 4.48002 4.09765 4.52631 4.50648 4.57596
4.24229 4.23547 4.18444 4.22584 4.37886 4.22456 4.19058 4.22366 4.20131 4.19124 4.20011 4.21999 4.23156 4.19671 4.21047 4.17531 4.40289 4.32257 4.23384 4.23457 4.38584 4.26588 4.23572 4.40293 4.24091 4.20323 4.36615
7.45673 7.42461 7.23183 7.33476 7.6813 7.3339 7.41872 7.39359 7.36651 7.33645 7.29313 7.37323 7.34461 7.40371 7.40801 7.25186 7.7735 7.71529 7.83272 7.48694 7.51258 7.69451 7.51465 7.63555 7.44431 7.49274 7.73959
5.74862 5.75176 5.36482 5.7495 5.69949 5.65969 5.72803 5.43654 5.36399 5.21106 5.15916 5.32331 5.60161 5.62354 5.67937 5.66911 5.7188 6.44553 6.24683 6.3777 6.4312 6.40976 6.35624 6.54592 6.35451 6.37454 6.38449
7.76892 7.76955 8.24259 7.72379 7.67125 7.18565 7.69087 8.03526 8.14656 8.18439 8.14533 8.15656 7.62519 7.77571 7.37332 7.22261 7.55761 7.38127 8.42302 7.21127 7.52027 7.17183 7.14259 8.02621 7.19101 7.26561 7.28879
4.64997 4.64175 4.37395 4.6362 4.64258 4.3521 4.37662 4.36331 4.34474 4.34621 4.31667 4.36319 4.34145 4.33786 4.28948 4.34881 4.63729 4.64815 4.73018 4.68541 4.62551 4.58716 4.73667 4.60203 4.6567 4.65654 4.57888
4.75123 4.73323 4.72916 4.73587 4.73431 4.64381 4.59443 4.72608 4.75058 4.74522 4.74979 4.75648 4.68571 4.68933 4.68737 4.74409 4.76333 4.8647 4.85896 4.83381 4.96696 4.81022 4.83085 4.59418 4.81142 4.83505 4.70242
4.40289 4.40387 4.34103 4.40215 4.41085 4.36898 4.39572 4.34567 4.34212 4.3528 4.34195 4.366 4.3763 4.37782 4.37419 4.39405 4.41456 4.54315 4.42426 4.50707 4.54756 4.52743 4.50727 4.52624 4.50741 4.49544 4.49171
4.22314 4.25922 4.24039 4.19244 4.24841 4.27587 4.29853 4.10512 4.10051 4.05817 3.96348 4.10215 4.20129 4.24614 4.26822 4.32998 4.24651 4.76304 4.58823 4.58734 4.53198 4.58819 4.58646 4.47293 4.52311 4.49148 4.46099
4.15152 4.15492 4.11888 4.15539 4.15359 4.14825 4.18321 4.0751 4.10055 4.08049 4.07876 4.09138 4.13192 4.17974 4.18202 4.16503 4.16169 4.46146 4.59158 4.35678 4.48426 4.40479 4.35874 4.72212 4.34945 4.32763 4.35564
8.25992 8.27357 8.00455 8.27823 8.25614 8.24247 8.31979 8.11076 8.09566 8.11168 8.12311 8.09294 8.066 8.07412 8.14114 8.22355 8.26226 7.68201 7.93562 8.45598 7.94227 8.15497 8.42225 8.18974 8.33565 8.3324 8.28532
5.74668 5.74251 5.82018 5.73955 5.76101 5.85438 5.72236 5.79653 5.80392 5.81035 5.81508 5.82015 5.75321 5.76011 5.72188 5.77447 5.78121 5.61474 6.09164 6.23714 6.36889 6.36253 6.20557 6.26053 6.27022 6.13813 6.293
7.92783 7.91495 7.961 7.92173 7.92178 8.031 8.05014 7.91527 7.94665 7.94991 7.9568 7.92705 7.85793 7.91658 7.7638 7.91456 7.92317 7.19826 7.52404 7.17402 7.67912 7.4433 7.30779 8.35164 7.47219 7.34684 7.60492
4.47722 4.45147 4.38757 4.45157 4.50027 4.15367 4.24506 4.34712 4.30274 4.30353 4.35488 4.34066 4.36213 4.30964 4.39034 4.19269 4.47213 4.47863 4.78749 4.7014 4.36525 4.62386 4.73123 4.56274 4.68911 4.66031 4.41775
4.43327 4.37196 4.67787 4.41031 4.39782 4.60721 4.54365 4.63734 4.64381 4.63251 4.59264 4.52703 4.4743 4.51536 4.44877 4.5702 4.37494 4.68834 4.63763 4.80534 4.89484 4.81323 4.79744 4.94933 4.81729 4.78786 4.1987
4.39821 4.38533 4.3918 4.38959 4.38939 4.39023 4.36534 4.38801 4.39188 4.39563 4.37575 4.37088 4.38781 4.38113 4.36093 4.38423 4.39077 4.50336 4.50542 4.50885 4.54418 4.52827 4.51545 4.57617 4.51885 4.51878 4.45425
4.1035 4.04655 4.1104 4.06845 4.10355 3.76888 3.38381 3.93932 3.97281 3.97713 3.92477 3.89597 4.06236 4.08537 4.0844 4.07364 4.09089 4.36079 4.35402 4.40394 4.4835 4.42932 4.40771 4.45064 4.41791 4.40068 3.41686
8.19378 8.15367 7.98455 8.15784 8.08717 7.74652 7.79877 7.87108 7.91631 7.96032 7.83254 7.9325 7.82166 7.80529 7.75094 7.8177 7.8583 7.94077 8.20027 7.5394 8.17149 8.01105 7.47767 8.01164 7.59562 7.37968 7.44265
5.74832 5.77308 5.82061 5.75903 5.7115 4.88742 5.53983 5.78928 5.82019 5.80646 5.76608 5.77839 5.76796 5.6912 5.72939 5.53162 5.71716 6.27547 6.26785 6.2559 6.30208 5.77561 6.1879 6.42115 6.06615 6.25034 6.24644
8.42327 8.51212 7.94432 8.64196 8.64784 8.10657 8.32371 7.80834 7.8675 7.91068 7.76044 7.79786 8.21656 8.1273 8.09815 8.20662 8.67457 7.47957 7.54932 7.73925 7.92587 7.85845 7.71585 8.05184 7.78696 7.75487 7.69019
4.58832 4.56503 4.30547 4.5479 4.59737 4.41627 4.42851 4.31532 4.29515 4.3023 4.30933 4.28036 4.29983 4.29998 4.29791 4.22376 4.62189 4.58005 4.63309 4.63559 4.89627 4.48299 4.62104 4.65973 4.60928 4.61819 4.5736
4.6015 4.59458 4.55346 4.59435 4.59222 4.51969 4.50944 4.59497 4.57188 4.57221 4.5842 4.56384 4.52593 4.51044 4.4894 4.46855 4.59852 4.74049 4.69857 4.71416 4.76878 4.60756 4.71313 4.58679 4.71121 4.73528 4.77841
4.47236 4.47249 4.46386 4.47321 4.46753 4.42251 4.44668 4.47809 4.47374 4.4743 4.46689 4.46253 4.46946 4.44165 4.45034 4.43174 4.46656 4.56423 4.58143 4.5752 4.57468 4.55692 4.5647 4.59334 4.56349 4.57053 4.58117
4.62497 4.63541 4.58418 4.65409 4.57902 4.09626 4.61874 4.58958 4.65104 4.68944 4.62224 4.62504 4.5315 4.55024 4.47008 4.16158 4.60633 4.71207 4.50662 4.53345 4.40051 4.8614 4.32799 5.30424 4.45343 4.60401 4.84059
4.26319 4.25763 4.22032 4.25366 4.26155 4.21985 4.24122 4.22474 4.2037 4.17669 4.18677 4.18813 4.22095 4.18178 4.23684 4.23649 4.2596 4.40939 4.60957 4.50478 4.50113 4.09288 4.48818 5.41473 4.51866 4.52301 4.4398
8.20861 8.25358 8.26963 8.26072 8.18727 8.62125 8.07421 8.45957 8.37237 8.31524 8.47085 8.40291 8.36062 8.36236 8.17084 8.38534 8.23989 8.01936 7.70384 7.80744 8.20751 7.97816 7.81056 8.4364 7.96548 7.95172 7.97774
4.81428 4.99928 5.24553 4.96829 4.86424 4.66835 4.7589 5.24495 5.22639 5.17804 5.2186 5.25825 5.10039 4.91641 5.11516 4.27354 4.87027 5.47782 5.40169 5.05904 5.45715 4.27449 5.03897 5.40604 4.9341 4.68472 5.24595
4.50148 4.51057 4.5933 4.48067 4.47832 4.47687 4.46132 4.56179 4.53705 4.52859 4.56561 4.49932 4.59009 4.48922 4.58816 4.57522 4.48255 4.5595 4.46147 4.51587 4.32346 4.46094 4.44894 4.31499 4.49447 4.40707 4.3672
4.47231 4.47139 4.48319 4.48406 4.47394 4.49998 4.39408 4.51639 4.49736 4.49061 4.51397 4.48033 4.47644 4.44914 4.45886 4.45848 4.46835 4.58919 4.58536 4.57655 4.57108 4.59051 4.58075 4.62555 4.59344 4.5849 4.5905
4.38499 4.38817 4.31944 4.38488 4.38359 4.30486 4.37167 4.37093 4.35113 4.3686 4.3689 4.35982 4.2944 4.31933 4.31274 4.34808 4.38759 4.446 4.44007 4.40959 4.51403 4.37249 4.43749 4.39365 4.42514 4.41506 4.44051
5.92462 5.93944 6.44547 5.97922 5.83939 6.08989 6.37763 6.35689 6.30937 6.35229 6.39849 6.55087 6.19042 6.6384 6.18206 6.5053 5.7667 4.92512 5.39035 5.70373 5.63664 6.07042 5.74251 4.70431 5.72114 5.6793 5.65789
4.12711 4.15999 4.0637 4.16735 4.07793 4.00249 4.01755 4.18414 4.22397 4.15842 4.22892 4.22284 4.17778 4.02205 4.16913 3.88309 4.12291 4.34432 4.49921 4.4775 4.55494 4.53237 4.31875 4.59906 4.51138 4.54266 4.47629
4.20587 4.20988 4.20186 4.2064 4.21138 4.1537 4.22725 4.20274 4.20816 4.22176 4.1885 4.2142 4.18576 4.2437 4.20156 4.15503 4.21199 4.28236 4.36613 4.30625 4.32046 4.31058 4.30367 4.39326 4.31117 4.307 4.25481
7.89532 7.84169 8.32802 7.92562 7.82364 7.89007 7.88328 8.14254 8.13318 8.15027 8.17999 8.32597 8.05516 8.26408 7.96723 7.94996 7.76701 7.45269 7.89941 7.78452 7.75605 7.53168 7.73141 7.62389 7.76738 7.75417 7.78515
5.64075 5.64738 5.66358 5.66111 5.64133 5.60774 5.63393 5.65145 5.66343 5.64599 5.65581 5.64153 5.63474 5.60766 5.62763 5.59675 5.62343 5.89896 5.86277 5.82448 5.789 5.81616 5.84012 5.88572 5.83083 5.86885 5.87935
4.49291 4.50854 4.25417 4.49262 4.49852 4.31846 4.24769 4.26866 4.25468 4.25446 4.24919 4.26697 4.23142 4.22181 4.24152 4.25445 4.51767 4.57168 4.62144 4.60016 4.95728 4.59546 4.57351 4.88646 4.55972 4.62421 4.60169
4.56535 4.55827 4.49482 4.556 4.55487 4.49635 4.53164 4.54253 4.49782 4.50023 4.48768 4.49185 4.4848 4.49712 4.52957 4.49319 4.55519 4.60826 4.61351 4.57764 5.12922 4.53051 4.59912 4.72371 4.58229 4.55222 4.56507
4.51809 4.51337 4.4586 4.51522 4.50894 4.47568 4.4599 4.4563 4.43843 4.44937 4.47049 4.4429 4.46908 4.4689 4.49711 4.48275 4.51463 4.54662 4.51818 4.52609 4.30874 4.52047 4.52252 4.48605 4.528 4.52464 4.50534
4.39339 4.47232 4.03343 4.37562 4.36423 4.51609 4.45786 4.10124 4.08332 4.11717 4.09038 4.12188 4.26005 4.32785 4.2805 4.3144 4.34464 4.76191 4.70652 4.68433 3.47571 4.65414 4.65484 4.71384 4.72214 4.51972 4.74995
4.28634 4.27517 4.19904 4.28511 4.27852 4.24306 4.3275 4.24198 4.23106 4.20823 4.22722 4.19426 4.22687 4.21431 4.24154 4.25685 4.28604 4.33558 4.38926 4.34077 4.11475 4.31952 4.34476 4.26415 4.32052 4.3433 4.39844
8.00067 7.88616 7.67935 7.92701 7.81746 7.67147 7.80097 7.68308 7.73995 7.71531 7.68616 7.72319 7.7708 7.76546 7.7514 7.77397 7.89453 7.78236 7.83202 7.76817 8.03325 7.769 7.7571 7.78057 7.77448 7.77085 7.8361
5.54582 5.54736 5.54628 5.54591 5.53399 5.55533 5.54884 5.56197 5.52699 5.51815 5.5595 5.56772 5.57311 5.56295 5.56017 5.56525 5.55111 5.59891 5.63951 5.59326 5.49182 5.63012 5.60347 5.67227 5.58801 5.62482 5.6037
4.37671 4.38983 4.154 4.38745 4.397 4.24394 4.13907 4.1394 4.13825 4.13045 4.13185 4.1527 4.14365 4.14399 4.14533 4.15983 4.32403 4.42348 4.43982 4.45943 4.46535 4.36394 4.38672 4.35287 4.3595 4.44617 4.47234
4.44538 4.44193 4.42188 4.4435 4.43921 4.44559 4.45091 4.43956 4.42203 4.40727 4.42317 4.45486 4.43841 4.42982 4.41711 4.44706 4.44183 4.46795 4.43306 4.41095 4.40796 4.44393 4.46959 4.35827 4.46894 4.43637 4.43401
5.02946 5.07788 5.32436 4.94747 5.04767 5.38221 5.21969 5.43646 5.34272 5.37347 5.19333 5.13218 5.17485 5.14397 5.08644 5.26358 5.19927 5.11242 5.2691 5.18764 5.60899 5.18133 4.97628 5.71014 5.05847 5.2041 5.1392
4.50916 4.48843 4.46644 4.52988 4.47461 4.46638 4.37081 4.39802 4.42302 4.43227 4.44314 4.45987 4.44907 4.44478 4.45329 4.36975 4.43829 4.55507 4.73699 4.55682 4.26161 4.61546 4.58061 4.76634 4.53854 4.58692 4.76027
4.19244 4.19061 4.14317 4.1929 4.20058 4.18842 4.14325 4.16178 4.15754 4.17315 4.1826 4.16793 4.17293 4.17921 4.14445 4.17482 4.20542 4.53131 4.58104 4.55087 4.41173 4.52993 4.53852 4.28036 4.54777 4.52199 4.53139
7.51856 7.5733 7.57373 7.52497 7.54112 7.62821 7.65578 7.59787 7.60375 7.58657 7.5912 7.61918 7.58944 7.59838 7.58654 7.65414 7.56668 7.60066 7.6243 7.63837 7.77709 7.61829 7.59605 7.71711 7.629 7.64502 7.46666
5.52664 5.5197 5.55458 5.53563 5.52303 5.60054 5.58959 5.55065 5.57362 5.57917 5.57965 5.56889 5.56215 5.58549 5.57095 5.54839 5.51111 5.59361 5.65444 5.64392 5.56382 5.61572 5.58869 5.73467 5.58729 5.59584 5.61704
4.37685 4.37014 4.32118 4.39236 4.36292 4.1996 4.322 4.29321 4.21705 4.20306 4.20533 4.21128 4.21628 4.18307 4.17932 4.27305 4.35456 4.41175 4.58225 4.61849 4.33351 4.45683 4.42619 4.22808 4.3857 4.46352 4.47849
4.39022 4.37988 4.39738 4.3839 4.3837 4.38169 4.38873 4.39423 4.40277 4.40612 4.38572 4.40419 4.40631 4.39839 4.41877 4.38624 4.37647 4.39258 4.42017 4.40873 4.39803 4.41351 4.41507 4.36672 4.41167 4.39883 4.40027
5.45991 5.50308 5.53727 5.45302 5.50786 5.49064 5.45161 5.49575 5.49378 5.47818 5.46994 5.42257 5.45472 5.47449 5.44507 5.56021 5.48319 5.51849 5.51428 5.51714 5.57538 5.37681 5.36252 5.8369 5.38026 5.45106 5.48743
7.7695 7.74662 7.72511 7.75244 7.75172 7.68226 7.68756 7.70789 7.71541 7.71115 7.70459 7.71646 7.70254 7.74346 7.70243 7.73883 7.77699 7.73034 7.7296 7.70011 7.66129 7.70227 7.69378 7.6204 7.68365 7.72836 7.72204
5.62865 5.61688 5.57756 5.61639 5.62411 5.58644 5.56992 5.56213 5.55648 5.55768 5.55405 5.5511 5.55479 5.55879 5.53538 5.57645 5.6082 5.57375 5.57579 5.58529 5.54427 5.55798 5.53533 5.66254 5.5332 5.52683 5.53306
4.37592 4.39097 4.36764 4.38441 4.40249 4.43847 4.41192 4.36612 4.26882 4.2611 4.25976 4.25884 4.25966 4.25424 4.25144 4.26183 4.42915 4.41125 4.39242 4.42874 4.35247 4.40469 4.4256 4.41642 4.41258 4.37827 4.36979
4.47953 4.47336 4.41156 4.47342 4.47359 4.41416 4.39011 4.46025 4.47491 4.47613 4.48241 4.48386 4.49046 4.48847 4.47554 4.43788 4.47133 4.5928 4.59442 4.59211 4.55519 4.5855 4.57664 4.55302 4.56968 4.56889 4.57272
4.44819 4.44578 4.42955 4.44522 4.45397 4.3753 4.40441 4.4029 4.39213 4.39801 4.39639 4.3759 4.40026 4.40327 4.42375 4.37171 4.4521 4.44251 4.45671 4.45024 4.4604 4.45091 4.459 4.4933 4.4486 4.43602 4.44303
5.48584 5.51061 5.52832 5.51172 5.47786 5.53789 5.38105 5.52899 5.51006 5.48203 5.46239 5.47134 5.49735 5.48156 5.49322 5.46549 5.55836 5.47846 5.50819 5.48972 5.49405 5.41325 5.38678 5.59641 5.40186 5.44742 5.45364
4.31057 4.31708 4.23531 4.31174 4.32538 4.22462 4.29224 4.26772 4.23996 4.26326 4.23287 4.23505 4.28207 4.2707 4.26438 4.28956 4.31854 4.3794 4.3629 4.36219 4.3216 4.36797 4.37779 4.30108 4.3736 4.36704 4.35199
7.81304 7.836 7.8144 7.8415 7.84274 7.84116 7.78888 7.84214 7.8597 7.85033 7.82834 7.86967 7.84938 7.87085 7.85594 7.84072 7.85471 7.8153 7.83594 7.82529 7.80168 7.79416 7.79673 7.7562 7.80304 7.82539 7.81527
5.54463 5.54891 5.51921 5.53508 5.5567 5.57374 5.56159 5.50774 5.51673 5.51262 5.50282 5.52409 5.52237 5.51954 5.50219 5.51994 5.56921 5.58399 5.52502 5.52915 5.58214 5.51157 5.49356 5.52836 5.5099 5.48658 5.48261
4.40563 4.39278 4.48926 4.40068 4.37738 4.52605 4.42321 4.43582 4.54043 4.48871 4.42382 4.41413 4.45182 4.44001 4.42039 4.50473 4.42132 4.39227 4.38693 4.45556 4.42194 4.41814 4.54045 4.38638 4.46638 4.43037 4.41588
4.5589 4.57001 4.50047 4.55491 4.567 4.5008 4.48124 4.51671 4.51031 4.52051 4.51431 4.51373 4.5205 4.52853 4.50648 4.49811 4.57412 4.66227 4.65458 4.67104 4.61555 4.66144 4.66727 4.65276 4.64162 4.62584 4.62454
5.71116 5.67519 5.65536 5.67609 5.67267 5.66117 5.64652 5.64401 5.59466 5.58956 5.62602 5.61699 5.6393 5.55905 5.60972 5.66687 5.68672 5.70591 5.60328 5.61171 5.62849 5.53873 5.59248 5.58947 5.53122 5.57417 5.5541
4.23407 4.23164 4.23135 4.24113 4.22824 4.21067 4.2001 4.24788 4.27956 4.25072 4.26115 4.26239 4.23558 4.22789 4.25591 4.24375 4.2373 4.32481 4.3314 4.36199 4.3153 4.35964 4.35136 4.34107 4.3378 4.33369 4.34142
7.9909 7.93489 7.88745 7.91694 7.92615 7.8976 7.87925 7.91844 7.90718 7.91837 7.91763 7.91927 7.90775 7.92447 7.87542 7.92687 7.94623 7.98934 7.91041 7.92065 7.94967 7.90899 7.91243 7.88896 7.85924 7.89768 7.88786
5.91875 5.94954 5.85804 5.9193 5.92764 5.94924 5.89947 5.79106 5.82825 5.81021 5.84039 5.8653 5.83869 5.82369 5.85045 5.88958 5.98483 6.28578 6.4182 6.41642 6.28018 6.38165 6.38142 6.45656 6.32983 6.36657 6.38522
6.93456 6.99997 7.05526 6.81097 7.05913 6.66373 6.68883 6.96339 7.23484 7.36128 7.41981 7.33204 7.23003 7.42299 7.09062 7.30278 6.86501 6.41016 7.01598 7.01757 6.54708 7.08365 6.58554 6.82963 6.44945 6.57618 6.65697
4.52423 4.52677 4.33344 4.51598 4.49922 4.37255 4.41214 4.3554 4.35937 4.34596 4.20338 4.19915 4.1947 4.20747 4.20175 4.21527 4.48537 4.63494 4.63332 4.69033 4.54222 4.55306 4.60975 4.56573 4.60831 4.59816 4.57039
4.53591 4.5144 4.54175 4.54641 4.54637 4.54039 4.46804 4.55064 4.56813 4.57554 4.51661 4.53636 4.55678 4.5662 4.53931 4.52238 4.51963 4.77012 4.7142 4.75904 4.6602 4.6713 4.74193 4.72036 4.72186 4.73235 4.74358
4.51544 4.51838 4.48657 4.5165 4.51922 4.5164 4.5492 4.48126 4.4954 4.48115 4.46897 4.50565 4.50111 4.50629 4.48882 4.48272 4.52936 4.62774 4.61894 4.63321 4.63009 4.6122 4.62588 4.62446 4.61268 4.61523 4.61728
4.38721 4.35149 4.36148 4.37963 4.33323 4.35626 4.30967 4.44144 4.35611 4.46494 4.35549 4.44382 4.41295 4.37548 4.43125 4.36682 4.34618 4.55676 4.46493 4.59309 4.58846 4.5981 4.59308 4.53685 4.66201 4.64384 4.68103
4.35372 4.35708 4.31895 4.36275 4.36582 4.31983 4.34102 4.29224 4.32175 4.31212 4.30675 4.32207 4.31807 4.32256 4.30324 4.30708 4.36157 4.548 4.552 4.56234 4.57295 4.56444 4.52701 4.56464 4.53911 4.53407 4.51325
8.29772 8.18531 8.21729 8.2126 8.16444 8.2822 8.13726 8.24799 8.25888 8.26088 8.24758 8.23313 8.20545 8.29674 8.17336 8.17553 8.21695 8.23672 8.09651 8.14509 8.13953 8.14627 8.0608 8.09179 8.0499 8.0851 8.12005
5.36773 5.43292 5.41086 5.3825 5.362 5.50458 5.51471 5.38963 5.39064 5.3701 5.40312 5.35792 5.39116 5.41745 5.3954 5.32149 5.38227 5.35935 5.3115 5.15559 5.18446 5.47279 5.41824 5.41292 5.42225 5.43898 5.42253
4.39 4.39711 4.23303 4.35831 4.38988 4.54167 4.23476 4.23688 4.21455 4.21745 4.22095 4.19187 4.23925 4.30565 4.2302 4.19592 4.34449 4.39706 4.40497 4.38822 4.50572 4.38621 4.42539 4.30526 4.4413 4.3477 4.37462
4.45323 4.46908 4.37545 4.45753 4.45096 4.42671 4.41102 4.40642 4.38351 4.393 4.35499 4.38894 4.38567 4.37294 4.4147 4.36601 4.46242 4.54197 4.52177 4.52531 4.60796 4.45002 4.55785 4.55242 4.54472 4.55398 4.55493
5.45578 5.42152 5.29689 5.47414 5.49108 5.3209 5.18436 5.3195 5.37956 5.36885 5.48972 5.41229 5.46447 5.44956 5.47356 5.43036 5.39897 5.15599 5.57726 5.58125 5.45111 5.59917 5.04396 5.15365 5.23651 5.04339 4.9978
4.22888 4.26733 4.22063 4.22422 4.22037 4.24311 4.21598 4.20726 4.21988 4.24317 4.25786 4.22836 4.27295 4.27491 4.2538 4.18485 4.23973 4.31246 4.27352 4.25903 4.23894 4.33052 4.34334 4.3028 4.33649 4.31968 4.31969
7.6534 7.65148 7.50861 7.629 7.67329 7.63341 7.54095 7.58018 7.61982 7.54298 7.6855 7.60991 7.63698 7.66368 7.60839 7.5939 7.58272 7.34546 7.78418 7.79366 7.76147 7.78905 7.45242 7.49663 7.52406 7.49053 7.50342
5.58024 5.60031 5.59314 5.58235 5.58183 5.57573 5.59347 5.58447 5.5797 5.57509 5.56148 5.57677 5.55877 5.58429 5.55927 5.5997 5.6069 5.61073 5.60206 5.58168 5.77901 5.5834 5.60277 5.65131 5.61934 5.62011 5.6094
4.43982 4.44227 4.61789 4.45189 4.43321 4.43224 4.45658 4.53852 4.51443 4.47138 4.46666 4.44863 4.55108 4.2896 4.50916 4.53284 4.4473 4.6193 4.48578 4.4653 4.1832 4.54166 4.53384 4.46241 4.58773 4.49964 4.58697
4.45035 4.45507 4.4386 4.45709 4.45956 4.4379 4.46135 4.47535 4.46501 4.46025 4.4581 4.46297 4.45678 4.45627 4.4343 4.41817 4.46379 4.47417 4.47644 4.47844 4.42391 4.47555 4.48897 4.46981 4.48748 4.49964 4.49385
4.41682 4.42857 4.37289 4.41372 4.42116 4.41468 4.40481 4.36647 4.356 4.37372 4.37538 4.37805 4.36225 4.37983 4.37235 4.36732 4.41902 4.43603 4.43959 4.4245 4.60568 4.44145 4.43756 4.44353 4.4542 4.42626 4.43978
5.64185 5.67524 5.72916 5.65865 5.66611 5.888 5.83181 5.70364 5.71367 5.71984 5.71967 5.711 5.6403 5.69885 5.66837 5.75868 5.65584 5.61588 5.64412 5.62433 5.72178 5.74765 5.61934 5.63185 5.62532 5.62545 5.61612
4.51643 4.60814 4.28026 4.54459 4.61653 4.56354 4.71465 4.33934 4.32964 4.32185 4.30247 4.31654 4.30725 4.24322 4.26243 4.26383 4.52043 4.51647 4.47401 4.39043 4.43389 4.35456 4.51511 4.12161 4.47811 4.34143 4.58195
4.22267 4.22483 4.19784 4.23461 4.23581 4.20625 4.1328 4.20336 4.20401 4.18443 4.19942 4.20104 4.204 4.2079 4.18398 4.18868 4.24452 4.53804 4.55759 4.54966 4.56179 4.52526 4.53559 4.55056 4.54809 4.54512 4.54751
7.78958 7.78145 7.81119 7.80735 7.80596 7.81842 7.71812 7.83212 7.82565 7.80908 7.85111 7.84214 7.89733 7.83815 7.8674 7.7705 7.78386 7.86649 7.82528 7.80987 7.64508 7.78109 7.83755 7.92503 7.84588 7.86603 7.86781
5.73783 5.74457 5.70815 5.75281 5.73606 5.5761 5.64859 5.71072 5.71091 5.7062 5.70176 5.69255 5.73517 5.71073 5.7164 5.73591 5.74532 5.91225 5.85716 5.89283 5.86733 5.92838 5.87079 5.87403 5.9075 5.86539 5.88326
4.74537 4.78257 4.41308 4.78335 4.77247 4.53324 4.3759 4.61105 4.55706 4.52718 4.52389 4.50576 4.58905 4.68122 4.55368 4.59746 4.79244 4.75464 4.64485 4.75237 4.75212 4.70181 4.7313 4.72122 4.73426 4.70218 4.69575
4.62202 4.61829 4.52518 4.61472 4.61951 4.52162 4.55911 4.53375 4.52991 4.56558 4.54869 4.51461 4.54606 4.54453 4.48278 4.55509 4.61924 4.59314 4.58964 4.63867 4.64926 4.59774 4.6197 4.60887 4.59104 4.59411 4.62708
4.54538 4.54573 4.50477 4.54087 4.54716 4.46639 4.48914 4.50927 4.49215 4.51416 4.52867 4.53305 4.50975 4.5083 4.4526 4.44855 4.5468 4.55916 4.58639 4.53841 4.5599 4.54601 4.54581 4.54826 4.54793 4.56153 4.55359
4.33802 4.33365 4.27795 4.33034 4.34179 4.28508 4.33263 4.30977 4.30868 4.34135 4.32445 4.30016 4.2678 4.31519 4.29498 4.33361 4.34002 4.35779 4.38412 4.40322 4.51568 4.36579 4.3712 4.44103 4.37883 4.36771 4.33223
7.88706 7.88847 7.60398 7.80278 7.88645 7.65085 7.67364 7.62302 7.65326 7.6393 7.59402 7.59893 7.59566 7.66002 7.6053 7.48311 7.8791 7.68114 7.61842 7.69787 7.99096 7.66855 7.62794 7.66021 7.65185 7.60127 7.37872
5.70546 5.72471 5.69139 5.71988 5.7311 5.62755 5.65508 5.68294 5.69009 5.69452 5.68903 5.70592 5.68893 5.68695 5.67522 5.68045 5.74505 5.8718 5.87433 5.85453 5.85677 5.84925 5.85015 5.89881 5.88029 5.85094 5.84378
4.52513 4.55999 4.29022 4.51977 4.50956 4.28404 4.33014 4.29679 4.29244 4.29686 4.28565 4.27407 4.29269 4.36864 4.34698 4.32062 4.52825 4.59851 4.67708 4.58302 4.59681 4.58686 4.59922 4.70513 4.58732 4.57902 4.58688
4.56095 4.55901 4.46416 4.55894 4.57244 4.47746 4.46321 4.48221 4.47979 4.47987 4.47609 4.45617 4.48215 4.49774 4.49227 4.52133 4.57376 4.54793 4.60711 4.56569 4.58028 4.52205 4.57888 4.56694 4.54609 4.57682 4.57008
4.52137 4.51793 4.48962 4.51711 4.5217 4.44323 4.43779 4.48064 4.48752 4.47489 4.48251 4.48461 4.48328 4.48154 4.44864 4.46883 4.52007 4.52252 4.52595 4.53817 4.55537 4.51484 4.53755 4.55489 4.50911 4.5356 4.53889
4.4221 4.41177 4.40427 4.39784 4.4375 4.39636 4.40686 4.40277 4.40871 4.43251 4.42332 4.44157 4.4223 4.413 4.40679 4.44607 4.43073 4.66885 4.6965 4.67388 4.67583 4.67781 4.68752 4.78836 4.69756 4.68213 4.68974
4.36294 4.36027 4.36094 4.36996 4.36972 4.2412 4.27482 4.2963 4.28868 4.32455 4.31627 4.32894 4.30264 4.30999 4.29562 4.33569 4.37034 4.40419 4.42286 4.38473 4.40384 4.38931 4.39499 4.40194 4.39781 4.3843 4.38903
7.57149 7.51713 7.42004 7.59069 7.53621 7.45067 7.35749 7.35698 7.42383 7.39882 7.43312 7.52423 7.47825 7.3777 7.53175 7.48797 7.5325 7.43862 7.46585 7.44663 7.48738 7.44224 7.43139 7.43026 7.43792 7.4525 7.4475
5.55712 5.58765 5.60977 5.57028 5.54609 5.58896 5.57055 5.59181 5.59697 5.55083 5.5605 5.5757 5.58283 5.59126 5.6081 5.59431 5.56009 5.60655 5.59591 5.58485 5.5846 5.58041 5.58993 5.59413 5.57723 5.55966 5.56952
4.43947 4.4224 4.24303 4.4669 4.42116 4.25108 4.26486 4.2811 4.29143 4.27027 4.25189 4.2576 4.22325 4.21414 4.20009 4.19814 4.42814 4.41867 4.43106 4.42431 4.39157 4.42139 4.42271 4.42201 4.33701 4.42074 4.42503
4.51575 4.53219 4.51779 4.52227 4.51484 4.47863 4.52033 4.52791 4.53619 4.52458 4.51319 4.52172 4.5123 4.54535 4.54639 4.52273 4.50949 4.64874 4.6698 4.64621 4.65348 4.64811 4.66006 4.66368 4.67036 4.64916 4.64637
4.43338 4.43546 4.42364 4.44753 4.43082 4.44134 4.40239 4.40617 4.40236 4.42011 4.3912 4.40337 4.39998 4.37934 4.40257 4.44322 4.43148 4.45159 4.47008 4.44476 4.45168 4.44504 4.47139 4.46408 4.4615 4.46527 4.45892
5.4549 5.46525 5.39954 5.47748 5.37881 5.30561 5.27023 5.21075 5.2884 5.23415 5.19794 5.24334 5.18699 5.11355 5.08524 5.07169 5.34447 5.1045 5.04587 5.07018 5.01238 5.08863 5.02953 4.96898 5.04067 5.04885 5.00303
4.33638 4.36314 4.32267 4.35116 4.35542 4.28004 4.31288 4.3168 4.31625 4.27649 4.28651 4.30656 4.3044 4.29904 4.37321 4.30755 4.36089 4.5701 4.59397 4.56113 4.56975 4.54992 4.55442 4.66434 4.63276 4.56203 4.56874
4.25889 4.26056 4.25167 4.26104 4.24434 4.1688 4.23776 4.2068 4.27898 4.25043 4.22474 4.21886 4.2201 4.26429 4.21434 4.21974 4.2446 4.33803 4.34622 4.34641 4.34173 4.34329 4.35081 4.32667 4.2893 4.34358 4.33432
7.851 7.83762 7.82318 7.86809 7.82493 7.76975 7.75414 7.7337 7.73073 7.73717 7.73714 7.73288 7.76535 7.82471 7.76768 7.74141 7.79497 7.78286 7.7762 7.77438 7.75533 7.78576 7.76117 7.73023 7.75441 7.78588 7.76054
5.56978 5.57735 5.59045 5.59028 5.5627 5.60848 5.59972 5.58316 5.56069 5.56908 5.58571 5.57413 5.55542 5.50996 5.54261 5.5502 5.56223 5.60554 5.60551 5.60319 5.61305 5.60431 5.61294 5.59679 5.63625 5.62445 5.59228
4.34665 4.3515 4.17915 4.34456 4.36317 4.14773 4.17291 4.14118 4.12665 4.12818 4.13053 4.13904 4.12625 4.125 4.13073 4.12383 4.34126 4.38384 4.38247 4.37929 4.36076 4.37081 4.38001 4.40809 4.39701 4.41451 4.40671
4.44487 4.44793 4.43675 4.45346 4.43284 4.42509 4.44036 4.46784 4.45625 4.45236 4.45217 4.45755 4.4754 4.45594 4.45344 4.45342 4.4474 4.46045 4.45769 4.46104 4.46443 4.461 4.45809 4.46264 4.45406 4.46396 4.45282
4.38704 4.39063 4.37217 4.3986 4.38275 4.34405 4.34687 4.35546 4.37382 4.36512 4.36791 4.36777 4.37783 4.37166 4.37889 4.38348 4.38334 4.42066 4.4173 4.41786 4.4185 4.43306 4.42916 4.41809 4.43035 4.42927 4.41428
5.68517 5.68134 5.60012 5.69089 5.67218 5.60826 5.47051 5.59003 5.61286 5.60456 5.59788 5.59818 5.59928 5.53282 5.52711 5.5726 5.68641 5.54263 5.53625 5.5686 5.54993 5.53526 5.53487 5.52159 5.49637 5.52259 5.53487
4.24672 4.26803 4.11005 4.3152 4.25594 4.1679 4.12958 4.12337 4.07967 4.07746 4.11114 4.08752 4.14301 4.3884 4.20003 4.35216 4.30368 4.4738 4.50194 4.50611 4.43074 4.5223 4.51945 4.49684 4.19413 4.59602 4.51513
4.17483 4.18233 4.11964 4.17923 4.17146 4.19759 4.15249 4.15163 4.15302 4.15134 4.16706 4.13818 4.15111 4.16579 4.17847 4.1614 4.17037 4.50479 4.49265 4.50448 4.50787 4.50708 4.49889 4.50886 4.51953 4.48914 4.49763
7.89711 7.8948 7.90167 7.88523 7.88309 7.95107 7.93819 7.92496 7.93652 7.91404 7.90774 7.9353 7.91791 7.90861 7.90993 7.94058 7.89462 7.92068 7.91145 7.89717 7.9199 7.90094 7.90006 7.91162 7.95231 7.90589 7.90763
5.80338 5.80265 5.81332 5.80812 5.80773 5.79712 5.57555 5.8377 5.87111 5.86322 5.86244 5.82517 5.84823 5.78526 5.74356 5.77227 5.80338 5.64523 5.64637 5.64022 5.65187 5.63443 5.63996 5.64298 5.64151 5.64455 5.64235
4.18398 4.18456 4.09087 4.18471 4.18811 4.19702 4.06 4.08465 4.11242 4.08078 4.10751 4.12521 4.10448 4.11399 4.17661 4.08552 4.19591 4.17706 4.17442 4.22881 4.17123 4.1759 4.17608 4.17937 4.2078 4.21447 4.18337
4.30404 4.29956 4.32041 4.29851 4.29923 4.30013 4.31574 4.3001 4.29842 4.30763 4.29791 4.30134 4.30742 4.32048 4.30323 4.31748 4.30365 4.32418 4.32465 4.28632 4.32604 4.32018 4.32724 4.32126 4.32168 4.3347 4.31972
4.30896 4.312 4.28684 4.30772 4.31231 4.30014 4.36882 4.29603 4.29776 4.3032 4.30705 4.29011 4.2964 4.27461 4.28384 4.29454 4.30683 4.379 4.38582 4.32451 4.38414 4.39073 4.37899 4.39333 4.39296 4.36921 4.38476
5.66071 5.65841 5.5989 5.66867 5.6402 5.46176 5.47664 5.53966 5.5571 5.56399 5.53222 5.53026 5.42563 5.5197 5.50757 5.54525 5.65904 5.48962 5.50385 5.62971 5.49214 5.49021 5.48976 5.48108 5.47858 5.47298 5.49095
4.09523 4.2155 4.41395 4.29653 4.14678 4.31294 4.35846 4.39453 4.32718 4.35238 4.3861 4.28737 4.24738 4.15432 4.26907 4.16592 4.1294 4.38854 4.41296 4.53709 4.35407 4.36964 4.38787 4.39238 4.37958 4.42002 4.44075
4.14235 4.14295 4.06502 4.14717 4.13147 4.10404 4.10839 4.07536 4.08694 4.09975 4.09273 4.11324 4.10679 4.12912 4.08606 4.15116 4.14148 4.50206 4.50424 4.67178 4.506 4.51405 4.50704 4.50729 4.52196 4.49511 4.49064
7.70581 7.71211 7.6815 7.71803 7.70287 7.7382 7.74347 7.72006 7.72739 7.70795 7.72551 7.73499 7.72309 7.68725 7.73324 7.73794 7.70513 7.74823 7.74838 7.81276 7.75295 7.76029 7.7525 7.75567 7.76734 7.76836 7.74456
