138.211 138.117 138.169 138.2 138.184 138.218 139.131 138.441 139.195 138.927 138.75 139.141 138.943 138.9 138.738 138.549 139.128 138.901 139.346 138.776 138.908 138.929 139.126 138.876 138.918 138.829 138.622 138.947 137.363 138.419
5.73942 5.73458 5.73412 5.73863 5.73613 5.73338 5.9168 5.9122 5.91045 5.90945 5.90004 5.92263 5.90263 5.89337 5.90663 5.89296 5.89575 5.89992 5.91725 5.90024 5.91308 5.91269 5.90442 5.89858 5.91081 5.90473 5.90411 5.9084 5.94425 5.89142
4.29544 4.28962 4.29484 4.29578 4.28962 4.25538 4.72719 4.72403 4.72071 4.73164 4.73 4.71692 4.73179 4.74153 4.72387 4.73482 4.72997 4.72451 4.72435 4.73682 4.72105 4.72298 4.7285 4.73322 4.72383 4.72786 4.73054 4.72451 4.69271 4.73371
4.28608 4.26233 4.27865 4.27719 4.26359 4.19654 4.3022 4.31781 4.30068 4.30767 4.30676 4.2999 4.30153 4.30741 4.30737 4.31238 4.29976 4.3058 4.29759 4.30869 4.30626 4.30465 4.3031 4.31203 4.30449 4.30541 4.31093 4.30067 4.33005 4.31742
7.84817 7.80266 7.8442 7.84637 7.83516 7.75179 8.03417 8.13557 7.99989 8.08804 8.05294 7.97374 8.08951 8.08463 8.00511 8.13482 8.02625 8.07112 8.0722 8.09417 7.95203 8.06459 8.03354 8.06842 8.04967 8.08409 8.08086 8.001 7.82607 8.23512
92.1065 92.072 92.1273 92.1535 92.0778 92.3533 92.526 92.3541 92.383 92.5336 92.216 92.4392 92.418 92.2715 92.3687 92.3849 92.1018 92.3807 92.4803 92.4075 92.5575 92.421 92.294 92.3019 92.4427 92.2565 92.4147 92.3951 92.8468 92.3237
75.5921 75.5873 75.5757 75.585 75.5972 75.5898 75.9136 75.7808 75.6194 75.8787 75.6472 75.7845 75.5715 75.5351 75.553 75.5224 75.6765 75.5683 75.7676 75.4961 75.4772 75.7992 75.5643 75.5598 75.8298 75.6812 75.5023 75.5722 75.7796 75.5104
73.4189 73.4076 73.3684 73.3645 73.3255 73.2583 73.3024 73.3335 73.5459 73.3216 73.9568 73.6587 73.4536 73.476 73.4364 73.4503 74.0322 73.6146 73.467 73.2206 73.6109 73.834 73.3069 73.5395 73.5066 73.6115 73.2802 73.7412 73.4258 73.7966
65.8571 65.8404 65.8784 65.8417 65.8069 65.8198 65.8041 65.8978 65.9558 65.8303 65.9866 65.9019 65.9145 65.8332 65.891 65.8907 66.0108 65.9739 65.9516 65.8364 65.9705 65.9521 65.926 65.9372 65.8646 65.9463 65.8926 65.9615 65.9208 66.0156
137.533 137.475 137.425 137.472 137.479 136.546 136.708 136.643 136.935 136.653 137.018 136.896 136.537 136.822 136.686 136.547 137.052 136.853 136.708 136.569 136.797 136.968 136.671 136.707 136.761 136.762 136.463 136.752 137.8 136.589
5.75191 5.74624 5.75197 5.74876 5.74839 5.74359 5.94945 5.95325 5.95613 5.94546 5.94591 5.9483 5.93872 5.93628 5.93397 5.93164 5.93828 5.93969 5.96302 5.93442 5.95572 5.96097 5.94627 5.93348 5.94311 5.94752 5.93687 5.94462 5.8702 5.94433
4.6123 4.60707 4.61904 4.61549 4.60396 4.34282 4.6007 4.59498 4.70442 4.63095 4.68124 4.62402 4.6801 4.68041 4.65912 4.67228 4.69411 4.68126 4.65222 4.67374 4.69851 4.65489 4.68895 4.68685 4.61766 4.66487 4.6924 4.68761 4.62001 4.70888
4.604 4.60026 4.60386 4.60145 4.60198 4.55134 4.64178 4.61691 4.6522 4.63969 4.65315 4.63573 4.66426 4.68331 4.64813 4.65462 4.66161 4.6378 4.65703 4.62465 4.68325 4.68478 4.66543 4.64533 4.65686 4.64932 4.64058 4.66583 4.61385 4.66972
4.45504 4.46246 4.45603 4.45358 4.46024 4.38773 4.68755 4.66079 4.7093 4.69639 4.72771 4.67909 4.70252 4.72865 4.6871 4.6962 4.75146 4.7088 4.70396 4.71055 4.67721 4.67275 4.72907 4.72079 4.6796 4.69023 4.69291 4.70443 4.58554 4.70761
4.30345 4.30436 4.30671 4.30255 4.30436 4.30245 4.36332 4.36751 4.37113 4.36517 4.3734 4.36632 4.3666 4.35753 4.36722 4.36464 4.38494 4.38252 4.36454 4.35969 4.37707 4.36793 4.36656 4.37257 4.36022 4.36436 4.3647 4.35814 4.76681 4.37042
7.56065 7.55704 7.55444 7.56459 7.55517 7.44624 7.41896 7.45792 7.41706 7.40669 7.51592 7.4643 7.42984 7.39811 7.46376 7.4247 7.59034 7.49115 7.37018 7.39431 7.36384 7.47227 7.42711 7.45813 7.44629 7.45524 7.44768 7.41587 7.95344 7.44738
92.4193 92.4056 92.4756 92.4809 92.4433 93.0966 93.0513 93.0023 93.0377 92.8849 93.0567 93.1741 92.905 92.8991 92.9222 92.9671 92.9675 93.0405 92.8837 92.9163 93.1104 93.3986 93.0109 92.9583 93.0588 93.0253 93.0161 93.0665 93.2139 93.0843
75.4126 75.4334 75.4474 75.4297 75.4719 75.4857 75.515 75.5383 75.3328 75.5359 75.4656 75.5299 75.3791 75.2989 75.2309 75.1583 75.2584 75.3042 75.1643 75.197 75.2301 75.5766 75.346 75.3993 75.621 75.4122 75.3429 75.2914 76.4307 75.3017
72.8885 72.9856 72.8455 72.919 72.9431 72.7756 73.657 73.3056 73.082 73.8425 73.1682 73.6508 73.183 73.0683 72.9704 73.1574 73.1322 72.9559 73.1567 73.0051 73.401 73.229 72.7709 73.0745 73.3489 72.8026 72.8869 73.0601 73.4018 73.3489
65.6658 65.7008 65.6663 65.7144 65.6973 65.623 65.8836 65.8428 65.8166 65.9777 65.7778 66.0108 65.727 65.7479 65.7265 65.7948 65.7649 65.7615 65.7913 65.7277 65.8036 66.0877 65.7089 65.7316 65.9597 65.7625 65.7845 65.7009 65.7449 65.9224
137.417 137.463 137.515 137.319 137.5 136.575 137.164 136.674 136.695 137.216 136.412 137.176 136.6 136.73 136.389 136.212 136.367 136.404 136.817 136.414 136.502 136.747 136.528 136.446 137.144 136.425 136.335 136.484 137.48 136.3
5.73275 5.73117 5.72914 5.73448 5.73191 5.71755 5.92941 5.91795 5.91854 5.94517 5.92315 5.92677 5.9082 5.90424 5.8925 5.90578 5.91366 5.90347 5.92089 5.89839 5.92547 5.93004 5.90289 5.90375 5.91706 5.90695 5.9052 5.89753 5.92045 5.91969
4.53238 4.53355 4.5377 4.53024 4.54031 4.24709 4.63898 4.60917 4.65885 4.65945 4.57057 4.65224 4.58491 4.62147 4.61081 4.60105 4.60402 4.60667 4.63402 4.62771 4.63125 4.58954 4.6031 4.58944 4.64536 4.60385 4.6042 4.61709 4.56551 4.62626
4.57743 4.57192 4.57904 4.5762 4.57625 4.49314 4.63037 4.5642 4.61287 4.64053 4.61865 4.6601 4.63653 4.64587 4.59522 4.63376 4.63716 4.617 4.62205 4.62968 4.63992 4.62021 4.61019 4.62112 4.61461 4.56523 4.61816 4.58294 4.59084 4.639
4.50983 4.51234 4.49863 4.50618 4.51736 4.46891 4.76754 4.75564 4.71472 4.79326 4.73845 4.80595 4.72775 4.71414 4.71342 4.72345 4.74268 4.72725 4.75341 4.73473 4.73444 4.81034 4.74301 4.73677 4.79591 4.71545 4.70675 4.73318 4.75137 4.72031
4.27469 4.27839 4.27234 4.28134 4.28847 4.26082 4.38673 4.36276 4.35433 4.39495 4.34423 4.44008 4.34576 4.34958 4.3451 4.35094 4.34168 4.36216 4.36094 4.35688 4.36159 4.47684 4.37351 4.35989 4.44574 4.34337 4.35292 4.33179 4.42026 4.35313
7.61167 7.62193 7.61104 7.6171 7.62427 7.47499 7.60999 7.55244 7.4613 7.5325 7.45456 7.6068 7.44568 7.43584 7.45868 7.45057 7.46431 7.4594 7.54408 7.45549 7.39384 7.63668 7.48487 7.47176 7.64355 7.46513 7.49248 7.43793 7.70951 7.44348
93.684 93.6274 93.7117 93.6622 93.7718 93.9044 94.0632 94.2016 94.2168 93.8843 93.9334 94.1881 94.0641 94.0967 94.0342 94.0724 93.9812 94.138 94.0833 94.0745 94.1059 94.0392 94.0927 94.0328 94.0482 94.0868 94.0599 94.1336 94.3426 94.009
75.5412 75.6042 75.5114 75.616 75.5243 75.4551 75.603 75.6744 75.7214 75.6773 75.5283 75.617 75.5352 75.3242 75.4577 75.3583 75.4046 75.6114 75.542 75.4872 75.3913 75.4842 75.6389 75.587 75.8742 75.5701 75.5135 75.5526 75.6574 75.4699
72.0022 72.0308 72.0281 72.0307 71.9376 72.2403 71.713 71.7304 72.0123 71.8657 71.7554 71.6677 71.8192 71.7801 71.8359 71.9871 72.0383 71.6573 71.8876 71.8577 71.8121 71.8583 71.618 71.8919 71.7457 72.0871 71.9639 72.0897 71.945 72.0761
96.714 96.7823 96.9827 96.662 96.8578 97.1006 96.2172 96.1329 97.021 96.5048 96.0891 96.1825 96.3049 96.5808 95.7617 95.5172 95.8042 95.9221 95.7592 96.0281 96.1888 96.3602 96.1909 96.2229 96.6337 95.8684 95.9246 96.1109 99.1453 95.5779
64.8083 64.7711 64.7876 64.8221 64.8041 64.8979 64.7636 64.9133 64.7856 64.6756 64.7019 64.8628 64.7186 64.7542 64.8214 64.8537 64.8415 64.769 64.8832 64.7771 64.8267 64.8936 64.6991 64.804 64.9572 64.9412 64.9487 64.7759 64.524 65.0604
141.478 141.553 141.543 141.495 141.531 141.108 141.349 141.286 141.316 141.443 140.983 141.199 140.949 140.936 141.03 140.989 141.103 141.062 141.135 141.082 140.935 141.369 141.006 141.087 141.243 141.189 141.071 141.011 142.079 141.172
5.58032 5.58056 5.57323 5.58165 5.58416 5.59067 5.68845 5.67804 5.67094 5.67957 5.65454 5.69903 5.65581 5.66365 5.64268 5.6463 5.64114 5.65945 5.66987 5.65497 5.6757 5.66493 5.68071 5.65124 5.70463 5.67474 5.66762 5.6687 5.62807 5.67003
4.37876 4.38056 4.38341 4.38698 4.39597 4.17499 4.38636 4.38267 4.44244 4.39699 4.39539 4.37849 4.37045 4.45835 4.40162 4.38586 4.39757 4.40375 4.39704 4.40374 4.47147 4.41061 4.39036 4.38168 4.40891 4.38971 4.40484 4.43718 4.39896 4.45955
4.44649 4.44375 4.44619 4.44949 4.45155 4.47694 4.49464 4.48418 4.47004 4.49293 4.48097 4.48677 4.47847 4.46094 4.46901 4.4811 4.47751 4.48949 4.489 4.48081 4.48144 4.48951 4.50046 4.48884 4.46757 4.49763 4.4898 4.46689 4.46875 4.5047
5.26291 5.27391 5.31751 5.23804 5.30963 5.08359 5.05664 5.04528 5.15674 5.02449 5.02777 5.06868 5.09459 5.1485 5.01258 4.92608 4.98054 5.04199 4.9589 5.07826 5.01971 5.00347 5.07852 5.09994 5.16536 5.04656 5.08536 5.07195 5.64926 4.97163
4.51421 4.52119 4.51222 4.52193 4.52042 4.38146 4.6016 4.55865 4.53778 4.61526 4.58952 4.57775 4.56189 4.56097 4.56096 4.56593 4.58201 4.57414 4.58308 4.57205 4.58325 4.56231 4.61839 4.56331 4.68232 4.56834 4.54291 4.56519 4.75 4.54044
4.17489 4.17333 4.17806 4.1777 4.18251 4.16835 4.52736 4.53026 4.50527 4.52561 4.52855 4.53766 4.53427 4.52173 4.50894 4.51687 4.50613 4.55392 4.52939 4.5387 4.52892 4.54019 4.58691 4.55354 4.48319 4.52686 4.53375 4.52298 4.50761 4.54526
7.61394 7.60985 7.60631 7.61293 7.62038 7.58754 7.6752 7.69368 7.66469 7.64751 7.62996 7.67288 7.64049 7.64651 7.65751 7.62434 7.64056 7.64328 7.63823 7.65849 7.62317 7.65063 7.62381 7.64845 7.65895 7.66268 7.6529 7.65348 7.75871 7.63563
93.6175 93.6435 93.5982 93.7164 93.7185 94.3825 94.2241 94.2915 94.6278 94.1037 94.1509 94.1908 94.1099 94.1901 94.1523 94.1115 94.0382 94.4684 94.2749 94.2411 94.2824 93.8809 94.3193 93.9226 94.167 94.0658 94.0995 93.9161 94.6591 93.9183
75.525 75.4953 75.5941 75.5251 75.5623 75.2967 75.2867 75.8704 75.6815 75.9388 75.3537 75.4804 75.6608 75.9865 75.6824 75.3048 75.6192 75.487 75.5913 75.3 75.6444 76.059 75.3785 75.7066 75.9233 75.4166 75.4668 76.1968 76.0692 76.0587
72.7197 72.7738 72.7969 72.5758 72.6286 72.666 71.8781 72.3553 71.8372 72.4611 72.2541 72.1777 72.1244 71.6694 71.9823 72.256 72.62 71.6757 71.8153 72.0231 71.9125 72.6618 71.9325 72.6313 73.0714 72.9305 72.8537 72.5349 72.1434 72.8006
98.2323 98.1262 98.2065 98.1804 98.1556 98.4259 97.1728 97.6563 99.7532 97.9865 97.1568 96.9999 97.2554 97.7947 97.0521 97.221 97.5589 97.3342 97.3767 97.518 98.4265 97.5215 97.4735 97.2265 98.1738 97.3663 97.175 98.5067 99.0887 96.906
64.8621 64.8598 64.8825 64.8946 64.9166 64.7503 64.9179 64.9581 64.8897 64.7834 64.923 64.9167 64.9446 65.0729 64.8918 64.9051 64.9429 64.5865 64.7687 64.7614 64.8665 64.8878 64.6847 65.003 64.6801 65.1455 65.1178 64.7172 64.9163 65.1964
141.944 141.988 141.936 141.926 141.873 141.736 141.722 141.869 142.241 141.903 141.649 141.683 141.749 141.857 141.594 141.561 141.713 141.414 141.573 141.533 142.064 141.879 141.404 141.518 141.434 141.805 141.821 142.109 141.745 141.799
5.54984 5.55946 5.55642 5.55618 5.5553 5.57376 5.60779 5.6211 5.65216 5.62603 5.60415 5.61764 5.61869 5.6513 5.62025 5.60204 5.61681 5.62138 5.62512 5.60539 5.62754 5.62765 5.62363 5.61725 5.64024 5.6147 5.61924 5.63896 5.68831 5.63519
4.32844 4.38399 4.35265 4.36623 4.34411 4.31152 4.38379 4.35046 4.41346 4.33181 4.39165 4.42274 4.38977 4.4775 4.405 4.3915 4.37367 4.37985 4.39527 4.3703 4.47505 4.2825 4.39907 4.36116 4.38072 4.38006 4.39885 4.39921 4.46143 4.32437
4.3881 4.3962 4.39143 4.39557 4.39219 4.39994 4.43259 4.40666 4.39198 4.39647 4.4201 4.41664 4.4161 4.4208 4.40153 4.40579 4.41893 4.44238 4.4243 4.43271 4.43379 4.43085 4.45925 4.4426 4.45768 4.43628 4.4334 4.39878 4.42608 4.44794
5.56322 5.57488 5.55936 5.57326 5.56154 5.55517 5.38839 5.43691 5.63791 5.44499 5.37253 5.343 5.37566 5.39926 5.37729 5.36016 5.39825 5.39539 5.37615 5.40576 5.44659 5.43655 5.3801 5.38381 5.44041 5.44974 5.43979 5.46877 5.54677 5.38841
4.5371 4.54633 4.54431 4.53834 4.54042 4.46338 4.53494 4.47678 4.72441 4.5207 4.53036 4.54453 4.47718 4.62381 4.5394 4.5245 4.51913 4.60423 4.55242 4.5492 4.71457 4.48923 4.59083 4.50105 4.63456 4.48888 4.50232 4.80315 4.70234 4.55729
4.20725 4.21302 4.21484 4.21317 4.21332 4.18323 4.56288 4.5587 4.62293 4.5511 4.54481 4.54265 4.54555 4.53918 4.5294 4.5284 4.54067 4.61159 4.56793 4.59155 4.63665 4.56385 4.6313 4.5463 4.5585 4.55727 4.54972 4.60483 4.55881 4.55428
7.75263 7.75443 7.74838 7.75187 7.7549 7.69901 7.75869 7.75291 7.79034 7.76325 7.72715 7.73421 7.73195 7.73367 7.72805 7.71966 7.72662 7.70609 7.71682 7.71513 7.7324 7.75189 7.6873 7.70623 7.77245 7.74723 7.74249 7.74339 7.69928 7.72574
93.6749 93.6702 93.637 93.7014 93.6704 93.8472 93.8073 93.2742 93.5966 93.2775 93.5238 93.7436 93.3668 93.3676 93.6134 93.8213 93.3029 94.0263 93.7008 93.9246 93.6562 92.0552 93.7489 93.1436 93.4329 93.1972 93.3191 93.0339 93.6824 92.3229
74.3749 74.3519 74.3714 74.5889 74.5895 75.0284 75.8109 75.7619 75.6488 75.277 75.7519 75.2632 76.0042 76.2251 75.3626 75.4584 75.4167 75.7618 75.7447 75.8119 75.4037 76.3353 75.4276 75.4675 76.0183 75.702 75.4589 75.1304 75.6537 76.0066
72.8533 72.7718 72.7695 72.9321 72.967 73.3092 72.3522 72.7683 72.4903 72.6384 71.5012 72.5284 71.2794 73.8921 72.3276 72.3635 72.8751 72.5985 72.4115 71.8795 72.5562 75.1737 72.4781 72.8279 73.7112 74.3655 74.0877 73.2326 71.8596 74.3088
104.98 104.735 104.834 104.919 104.982 105.235 103.842 105.143 104.62 103.479 104.033 103.793 104.02 104.693 103.962 103.628 104.189 103.369 103.547 103.732 103.314 104.43 103.315 103.168 103.606 104.068 103.741 104.736 104.548 103.186
64.9309 64.9841 64.9208 65.0183 65.0042 65.0435 64.8515 64.731 64.7124 64.5078 64.8131 64.7864 64.9698 64.9043 64.7489 64.7229 64.6958 65.0252 64.9106 64.9674 64.9435 64.6219 64.9896 64.7854 64.8154 65.6242 65.1878 64.7516 64.8846 65.799
142.423 142.441 142.425 142.391 142.419 142.323 142.154 142.64 142.287 142.289 142 142.009 143.093 142.752 141.947 141.926 142.186 141.609 141.626 141.581 141.844 143.228 141.483 142.08 142.706 142.953 142.865 142.321 142.021 143.104
5.53706 5.53955 5.54025 5.55977 5.55805 5.58567 5.5939 5.58049 5.59219 5.55729 5.59282 5.57007 5.60685 5.62228 5.55887 5.56674 5.58417 5.54431 5.5655 5.57696 5.56439 5.69229 5.51073 5.52853 5.32499 5.57462 5.5767 5.55828 5.59787 5.50867
4.43064 4.43468 4.43864 4.55002 4.54852 4.34878 4.49772 4.49201 4.37876 4.54605 4.48975 4.46721 4.39504 4.45873 4.43001 4.39797 4.44427 4.319 4.38309 4.37667 4.38232 4.33238 4.3449 4.37919 4.22662 4.37816 4.35977 4.40636 4.4459 4.29061
4.46674 4.47785 4.47316 4.45604 4.45521 4.44186 4.60115 4.5689 4.57841 4.50475 4.59468 4.56767 4.59495 4.58967 4.54206 4.54801 4.58184 4.58784 4.5768 4.58782 4.62099 4.57233 4.6071 4.60938 4.57992 4.50454 4.5029 4.57448 4.6063 4.54877
5.59022 5.56432 5.56647 5.56746 5.57601 5.48983 5.41759 5.61937 5.49245 5.6366 5.43421 5.40182 5.43475 5.53248 5.41971 5.39789 5.46886 5.33999 5.36569 5.34297 5.44019 5.62433 5.36742 5.37499 5.55752 5.89731 5.82466 5.48023 5.44311 5.65907
4.30305 4.24664 4.27288 4.31259 4.31561 4.3954 4.56657 4.63178 4.6395 4.74284 4.59796 4.61615 4.546 4.77009 4.68373 4.59311 4.59973 4.66901 4.70475 4.57056 4.62928 4.50974 4.57406 4.54627 4.57803 4.40722 4.52615 4.6127 4.66597 4.60095
4.29922 4.30682 4.3027 4.29849 4.29588 4.25605 4.37777 4.35366 4.37624 4.31792 4.37528 4.35646 4.32599 4.36171 4.33398 4.35771 4.36498 4.37734 4.34205 4.38379 4.38865 4.36959 4.37043 4.35845 4.29001 4.38989 4.3897 4.36265 4.37732 4.40761
7.9327 7.91899 7.91859 7.89869 7.89053 7.83785 7.83653 7.90161 7.86469 7.88143 7.84322 7.83142 7.79733 7.87938 7.84359 7.83794 7.85416 7.78092 7.78827 7.78885 7.87809 7.97955 7.77527 7.78471 7.87396 7.96271 7.90027 7.85337 7.83056 7.98524
93.8461 93.8117 93.7502 93.6199 93.6392 92.8826 92.3486 92.3015 92.5172 92.688 92.4357 93.1763 92.0276 93.1041 92.9539 92.6777 92.4823 91.9477 92.6384 92.9722 92.4385 92.4916 92.3764 92.121 92.0236 92.455 92.3656 92.7865 92.5672 92.3452
76.2082 76.147 76.0459 76.2807 76.2727 76.041 76.1415 75.7712 76.2425 76.5306 75.9066 75.7128 76.1136 76.158 75.8346 76.1822 76.2879 76.0953 76.4969 76.3308 76.0861 75.699 75.7663 76.1595 76.3696 75.7736 76.4546 75.9497 75.8959 76.1795
73.0803 73.0218 73.0206 73.0153 72.9988 73.9502 72.8725 74.2744 73.5165 72.7128 73.0464 72.4361 71.9705 72.9118 72.8804 72.3218 73.5922 74.6172 72.9157 72.5131 74.0434 73.2473 74.2874 74.2193 73.597 74.7269 73.9805 73.3758 73.3188 73.7454
103.944 103.991 103.985 103.161 103.18 103.984 103.721 103.828 103.017 103.031 103.711 103.254 103.262 104.476 103.425 103.25 103.368 104.412 103.741 104.862 102.73 105.413 104.21 102.754 105.301 105.753 105.006 103.63 104.194 104.151
66.0127 65.9574 65.8999 65.6869 65.7024 65.4558 64.3671 64.7567 64.7288 65.14 64.6847 65.0238 64.5316 65.296 65.1534 64.881 65.0996 64.9651 65.0649 65.0978 65.4275 65.6925 65.3443 65.1445 65.0052 64.8656 65.8674 65.6805 64.9379 65.9018
142.378 142.425 142.389 142.999 142.96 142.558 143.199 142.974 142.389 142.715 142.778 142.034 142.494 142.936 141.921 141.889 142.863 142.375 141.411 142.584 142.171 142.461 142.124 142.96 143.103 142.708 143.092 142.141 142.702 142.985
5.65156 5.65098 5.65591 5.66861 5.66878 5.63336 5.57801 5.57381 5.56908 5.64476 5.64725 5.62445 5.68329 5.77529 5.6115 5.62726 5.64891 5.59369 5.98237 5.67327 5.62919 5.66844 5.61604 5.58828 5.60734 5.59542 5.52054 5.67207 5.54451 5.6269
4.58006 4.58379 4.58649 4.54761 4.5508 4.45906 4.19976 4.36294 4.43107 4.28209 4.51649 4.53941 4.48195 4.39519 4.51626 4.42852 4.42944 4.49216 4.21121 4.41869 4.13509 4.59003 4.4346 4.4693 4.2499 4.46121 3.93709 4.54233 4.34432 4.57975
4.50432 4.50133 4.49783 4.51735 4.51382 4.53492 4.74771 4.69325 4.68017 4.73388 4.67031 4.68007 4.69069 4.63918 4.65738 4.65416 4.6963 4.7221 4.6909 4.66582 4.74511 4.71758 4.72748 4.74604 4.69259 4.73366 4.70303 4.67252 4.68058 5.00308
5.60969 5.62028 5.617 5.52661 5.52181 5.77425 5.83754 5.79201 5.73913 5.23007 5.7224 5.48893 5.77463 5.60002 5.37695 5.34593 5.77398 5.72312 5.60828 5.73865 5.60356 5.58805 5.71803 5.53915 5.82409 5.65732 5.66484 5.57833 5.65085 5.70364
4.3414 4.32691 4.31795 4.2163 4.22534 4.24856 4.2058 4.42927 4.40402 4.40024 4.35185 4.46119 4.35546 4.37959 4.46863 4.53732 4.47264 4.49432 4.46353 4.31358 4.55072 4.55721 4.60338 4.46134 4.57916 4.04848 4.3485 4.66128 4.40399 4.6173
4.24752 4.24796 4.2484 4.28177 4.28192 4.22221 4.33664 4.33673 4.32078 4.34465 4.33829 4.35647 4.33483 4.30619 4.3464 4.34334 4.34386 4.35612 4.30517 4.3337 4.33705 4.27166 4.28898 4.32943 4.38785 4.28351 4.35403 4.33196 4.34344 4.43895
7.90592 7.91616 7.91188 7.96728 7.96467 7.94912 8.09305 7.93358 8.05575 7.8281 8.01193 7.90968 8.07813 7.82573 7.86383 7.85628 7.97311 7.94019 7.88468 7.92888 7.90576 7.74665 7.90954 7.87924 8.04358 7.83354 7.87588 7.92119 8.01249 7.97294
92.9354 93.0357 93.0895 92.8377 92.8277 92.1127 92.1318 91.9125 92.2868 92.1869 92.2084 92.1166 92.2283 92.3548 92.0277 91.5557 91.8431 92.0079 92.3859 92.3975 91.8602 90.3033 91.8544 91.9944 91.5728 91.9325 91.7818 92.09 91.7285 91.1876
75.5506 75.5187 75.4518 75.3573 75.352 75.6602 75.8043 75.5663 76.1539 74.8495 75.714 75.45 75.3726 75.6633 74.8563 75.5653 75.9728 75.252 75.5296 75.7915 75.7834 76.0262 75.6814 75.7729 75.3387 75.5466 75.5439 75.3707 75.796 75.9181
73.4772 73.3128 73.1819 73.7792 73.8348 73.5316 73.9342 73.9936 76.5982 73.4334 73.7765 73.811 74.308 73.3513 73.5535 74.0345 74.3839 74.1851 74.1206 72.2292 73.7866 74.976 74.0187 74.0259 74.013 74.2378 74.7307 74.1782 71.7453 75.8293
66.8582 66.9127 67.0241 66.8695 66.8884 66.2233 66.1791 65.8404 69.0375 67.0087 66.1866 66.4404 66.2252 66.9564 66.4316 66.1333 66.0301 65.8018 65.6479 64.816 66.1562 67.7402 66.2707 67.0591 64.6216 65.9817 65.8191 66.8222 65.5519 67.1697
138.434 138.253 138.155 139.15 139.158 138.566 139.476 139.457 138.963 137.389 137.4 137.2 137.255 139.243 137.344 137.31 139.107 138.526 138.008 137.191 138.727 138.927 139.024 138.952 137.919 138.315 139.074 138.156 136.617 140.06
5.73143 5.7376 5.73805 5.82963 5.82434 5.63063 5.92549 5.90029 5.97498 5.84003 5.84166 5.78744 5.79962 5.67413 5.69785 5.68466 6.12808 5.88762 5.86884 5.75789 5.9059 5.98056 5.9114 5.91485 5.91523 5.91765 5.89638 5.89257 5.88138 6.06875
4.68516 4.67932 4.6856 4.75508 4.7758 4.57151 4.60449 4.63802 4.52089 4.68144 4.45626 4.57878 4.62713 4.5744 4.68124 4.53709 4.39175 4.67098 4.68218 4.64158 4.56225 4.55358 4.59495 4.67308 4.22388 4.59569 4.63356 4.57185 4.50204 4.41177
4.56303 4.5613 4.55932 4.56939 4.57073 4.41353 4.62048 4.62273 5.58371 4.59152 4.61784 4.60055 4.56523 4.6367 4.57462 4.61678 4.59976 4.6035 4.63639 4.66174 4.63694 4.77691 4.64304 4.62791 4.89001 4.69476 4.67948 4.619 4.55028 4.98975
4.49852 4.51531 4.54241 4.51057 4.51156 4.44072 4.67977 4.63564 4.89947 4.61956 4.71284 4.74426 4.74093 4.79463 4.74022 4.68881 4.7802 4.62323 4.08988 4.472 4.73274 5.00462 4.75649 4.84325 4.64477 4.64561 4.75608 4.81168 4.5886 5.0321
4.43175 4.43478 4.42361 4.39441 4.38834 4.30167 4.3863 4.31777 4.90848 4.34458 4.34106 4.37257 4.38114 4.81365 4.36589 4.38915 4.34353 4.33309 4.34558 4.34582 4.37602 4.45987 4.36206 4.51684 4.43394 4.33838 4.34706 4.32337 4.35172 4.27644
8.0353 8.00261 7.99198 8.21419 8.22685 7.86549 7.90738 8.00011 7.82427 7.79642 7.92199 8.04669 7.7165 8.1648 8.04955 7.9851 8.08087 8.06244 8.09774 7.56887 8.14779 8.08807 8.12614 8.03423 7.91646 7.90887 8.1141 7.88697 7.6164 7.90441
93.4238 93.4456 93.4387 93.4829 93.4514 93.3599 93.1892 93.5883 93.1398 93.1065 93.2268 93.1587 93.2049 93.356 93.4478 93.2776 93.3126 93.6926 91.4499 92.9415 93.3986 93.1427 93.3469 93.3305 93.2562 93.4345 93.2798 93.0713 93.4382 93.1013
75.0589 75.0577 75.077 75.0829 75.2479 74.9467 75.5935 75.4924 74.9459 75.3447 75.4597 75.3089 75.4592 75.5815 75.3131 75.4097 75.633 75.8607 75.8981 75.9467 75.3016 75.5758 75.5938 75.6194 75.5921 75.4258 75.5817 75.5565 75.4381 75.2729
72.2038 72.2291 72.2267 72.063 72.0616 72.78 72.6346 71.9596 72.6808 72.2506 72.0507 72.3478 72.003 72.2468 72.1966 72.0934 71.9718 72.2507 73.0135 72.3565 71.2049 72.4078 72.2529 71.825 71.9186 72.6805 72.6199 72.1884 71.6671 72.5724
99.0556 99.1109 99.054 98.6383 98.686 101.24 96.9272 97.3823 100.066 99.5537 98.4363 98.4874 99.5614 99.7723 99.2732 97.9365 97.7598 97.3334 100.457 98.323 95.1668 101.182 96.6594 97.3121 98.1439 97.4587 96.1986 99.1771 100.789 97.3789
65.7595 65.7496 65.8004 66.063 66.0923 65.6993 65.1936 64.77 65.1147 64.9441 65.2461 65.057 64.8874 65.2359 65.4048 65.0152 65.3992 65.2743 65.5294 66.7619 64.4243 65.6825 64.9998 64.8027 65.2123 64.7931 64.8838 64.758 65.7398 65.4371
142.029 142.024 142.009 142.013 142.01 142.463 141.341 141.562 142.358 143.003 142.396 142.554 142.565 141.718 142.501 142.978 142.75 141.455 143.224 141.665 141.179 142.768 141.153 141.571 141.22 140.583 141.2 142.774 142.466 142.519
5.02391 4.99729 5.04809 5.39146 5.38896 5.52058 5.3868 5.61548 4.31904 5.62623 5.62382 5.60503 5.62802 5.38541 5.59249 5.60165 5.60213 5.62864 5.73677 5.52066 5.60321 5.66248 5.62036 5.6107 5.6243 5.60215 5.6342 5.61325 5.61344 5.6262
4.51786 4.51556 4.51422 4.52342 4.53606 4.24843 4.43158 4.47229 4.5366 4.4728 4.46111 4.44386 4.4826 4.36611 4.47197 4.42816 4.40867 4.38548 4.32389 4.19679 4.34706 4.39474 4.37458 4.41604 4.48351 4.38505 4.33108 4.48838 4.54116 4.38773
4.38954 4.38886 4.38935 4.40926 4.41153 4.348 4.42776 4.48394 4.38563 4.50764 4.48913 4.48981 4.55068 4.3747 4.49171 4.50179 4.49439 4.47654 4.64831 4.44565 4.49133 4.51203 4.49342 4.5059 4.49147 4.4901 4.48399 4.52438 4.41146 4.51916
5.52574 5.53481 5.52467 5.43496 5.43628 5.7648 5.61629 5.22664 5.76841 6.1012 5.49745 5.54863 5.61985 5.67783 5.54456 5.56101 5.45655 5.09368 5.65522 5.61038 5.61867 6.7504 5.23596 5.01301 5.04603 5.45405 5.39487 5.61558 5.60866 4.88144
4.55024 4.5502 4.55087 4.60547 4.61274 4.478 4.55103 4.55828 4.57413 4.61211 4.65347 4.6476 4.50201 4.69541 4.69706 4.60936 4.59164 4.63675 4.48043 4.99009 4.76876 4.60893 4.59483 4.67054 4.6825 4.55913 4.5449 4.54154 4.82002 4.54959
4.17888 4.18062 4.18372 4.22867 4.2311 4.08784 4.49144 4.54004 4.50918 4.50922 4.44423 4.478 4.49561 4.45289 4.51497 4.50391 4.41766 4.50072 4.58604 4.51696 4.76554 4.82724 4.54528 4.62662 4.43782 4.50729 4.48808 4.49498 4.67283 4.52389
7.57051 7.56975 7.56823 7.57235 7.57384 7.74113 7.51416 7.63211 7.76213 7.70781 7.75813 7.72924 7.73234 7.50369 7.74701 7.80732 7.78291 7.65999 7.70877 7.60424 7.60331 7.70809 7.58489 7.61541 7.55521 7.50621 7.59464 7.72572 7.70842 7.7475
92.3745 92.3857 92.3878 92.4652 92.4048 92.6747 92.6055 93.1269 92.6732 93.2677 93.2931 93.4604 93.2468 92.9071 93.5939 93.6276 93.3 93.4113 93.1133 92.5688 92.9875 93.1539 92.9258 93.3834 93.6373 92.9458 92.779 93.6549 93.7362 93.2043
75.5485 75.5529 75.5224 75.5075 75.5148 75.8495 76.0996 76.0821 76.0419 75.8019 75.9788 75.9008 76.3184 76.438 75.9502 75.7261 76.0325 75.6131 75.8204 75.9076 75.6439 75.8798 75.6587 75.7527 75.7216 75.7779 75.7149 75.8778 75.9416 75.7359
73.1665 73.1935 73.15 73.221 73.2213 73.6163 72.8731 72.8038 72.7782 72.0938 71.5894 72.4595 72.0828 72.3313 71.5804 72.4127 71.7998 71.9325 73.2178 73.6413 72.0759 72.7783 72.4197 72.0331 72.241 72.6528 72.7057 72.5385 72.5874 72.8246
100.417 100.353 100.431 101.637 101.447 101.435 102.747 98.9509 101.607 98.4075 97.1147 98.1258 98.5307 101.318 97.5284 96.8102 94.9888 96.6224 100.034 98.3663 98.1225 99.9862 98.1706 99.66 94.182 98.1806 98.9975 99.3374 99.4662 96.4798
65.931 66.0384 66.0113 66.4647 66.2914 65.1399 65.1453 65.2278 65.2119 65.215 64.4436 65.2312 64.9284 65.8996 64.921 65.2509 64.8106 64.7003 65.6968 64.9578 64.7427 65.1957 64.892 64.6604 64.8665 65.0406 64.9372 65.2022 65.4202 65.2567
142.021 142.023 142.037 142.414 142.274 141.917 142.591 141.969 142.907 141.755 141.254 141.847 142.085 142.124 141.79 141.832 141.329 141.373 142.269 143.33 141.452 141.406 141.456 142.125 141.443 141.306 141.674 141.726 142.23 141.47
5.6919 5.69689 5.69008 5.69664 5.71384 5.59465 5.68091 5.53333 5.62412 5.57151 5.61846 5.60473 5.59994 5.62389 5.51786 5.57647 5.53525 5.50381 5.62615 5.56218 5.54493 5.62632 5.55694 5.5278 5.46869 5.52745 5.57343 5.47983 5.45285 5.58804
4.23335 4.22964 4.24376 4.25875 4.25121 4.1484 4.30026 4.44082 4.39015 4.50052 4.38869 4.41023 4.45728 4.30322 4.43116 4.40307 4.47501 4.44494 4.45469 4.34693 4.53006 4.32437 4.53107 4.44927 4.40978 4.44399 4.48194 4.45637 4.39713 4.47045
4.38506 4.38489 4.38532 4.39361 4.38994 4.38073 4.47944 4.49905 4.46889 4.50876 4.59602 4.51756 4.67452 4.5353 4.51919 4.51994 4.59463 4.48454 4.48976 4.51817 4.46943 4.5039 4.49472 4.5314 4.5307 4.50687 4.49445 4.52389 4.485 4.54062
5.56835 5.56867 5.59557 5.5896 5.61248 5.62077 5.95901 5.49812 5.7138 5.70805 5.31117 5.4464 5.63202 5.75868 5.43977 5.35378 4.94422 5.31349 6.04575 5.62484 5.27024 5.99332 5.40262 5.33633 4.94131 5.40035 5.26311 5.54296 5.7613 5.24637
4.26156 4.27023 4.28211 4.2407 4.32005 6.28723 4.5958 4.4529 4.60308 4.38364 4.55438 4.39869 4.53524 4.76329 4.54227 4.39076 4.53513 4.48516 4.82054 4.6325 4.56213 4.39737 4.597 4.76297 4.45564 4.36163 4.48938 4.55401 4.47909 4.37477
4.219 4.21965 4.21918 4.23631 4.22018 3.65758 4.61283 4.51291 4.57329 4.4958 4.39684 4.50643 4.72819 4.49236 4.4865 4.50465 4.50227 4.4645 4.63086 4.42417 4.54038 4.52226 4.48835 4.76509 4.49225 4.48383 4.46572 4.52916 4.48575 4.50473
7.60065 7.60014 7.61333 7.67155 7.634 7.67364 7.73024 7.55886 7.65899 7.58492 7.7597 7.55394 7.83976 7.69569 7.61608 7.59035 7.64322 7.58921 7.64555 7.61625 7.57529 7.66053 7.62388 7.64064 7.66959 7.59196 7.62666 7.65835 7.60404 7.62605
92.2938 92.3538 92.402 92.3996 92.3669 91.4564 91.6311 91.8459 92.3234 92.2179 92.0375 92.4085 92.8673 91.4563 92.6921 92.3734 92.3363 92.0186 92.097 91.5053 92.2922 91.7107 92.2291 92.2955 92.2189 91.736 92.2082 92.1912 91.8252 92.1144
153.275 153.302 153.287 153.325 153.32 151.788 153.776 152.664 152.152 153.169 153.03 152.475 152.344 152.383 151.803 153.007 152.844 153.556 154.412 155.277 154.128 153.278 153.175 152.675 155.11 154.4 152.695 153.968 152.158 153.11
75.9785 75.9837 75.9705 75.9175 75.9014 75.6381 75.9281 75.4026 75.8686 75.7838 76.1308 75.8988 75.7665 75.2144 75.5917 75.9744 75.7394 76.059 75.9081 76.1289 75.8083 76.2766 75.6443 75.6466 75.7707 75.8957 75.7025 75.9306 75.5569 75.67
73.8797 73.9365 73.8766 73.8647 73.8741 74.2743 73.4881 74.6075 73.214 73.4775 72.6231 72.8385 72.3997 75.5581 73.3897 73.2321 72.9803 73.7333 73.1857 74.4417 72.622 74.8165 73.5668 73.2839 73.7819 73.9208 73.518 73.5607 73.696 74.0555
65.9557 65.9793 65.9749 66.0972 66.0626 65.2286 65.4184 65.8393 65.8936 65.6345 64.8423 65.5704 65.3045 66.3385 65.6828 65.5537 65.495 65.5268 65.9302 65.9697 65.6697 66.1408 65.7956 65.5607 65.7017 65.6577 65.8173 65.6783 65.6108 65.8595
142.803 142.716 142.784 142.904 142.914 141.115 139.864 141.004 140.353 139.403 139.572 139.872 139.678 141.276 139.561 139.862 139.014 138.929 140.437 141.706 138.187 140.983 139.15 139.14 139.426 139.667 138.915 139.996 140.885 139.979
5.9839 5.97412 5.979 5.98512 5.98296 5.807 6.44272 6.3171 6.38862 6.391 6.3987 6.1961 6.30828 6.37318 6.25213 6.19683 6.34591 6.39048 6.39994 6.45996 6.34598 6.42096 6.35763 6.31299 6.19421 6.42725 6.33165 6.38566 6.4268 6.35663
7.70846 7.73646 7.72464 7.51324 7.51166 7.08151 6.96132 6.94852 6.67635 7.13956 6.81939 6.61228 6.70439 6.61292 6.41028 6.88482 6.70322 7.09847 7.21518 7.55253 7.19123 7.23148 6.94458 6.88766 7.52799 7.24392 6.85671 7.34224 6.55199 6.97848
4.54871 4.55633 4.55605 4.55713 4.55711 4.40262 4.61205 4.59205 4.68479 4.69524 4.63641 4.60632 4.76341 4.65101 4.63545 4.52725 4.71349 4.55657 4.72816 4.76207 4.72977 4.81963 4.70793 4.6689 4.5519 4.63709 4.72747 4.6336 4.5932 4.63362
4.67079 4.67744 4.67662 4.67523 4.67308 4.60468 4.87209 4.91637 4.85639 4.91054 4.93472 4.87095 4.92436 4.88611 4.83788 4.87249 4.84595 4.86422 4.85942 4.91282 4.86734 5.01248 4.85252 4.8464 4.85736 4.87796 4.90968 4.9262 4.8672 4.88625
4.49328 4.50659 4.50885 4.51013 4.51462 4.69546 4.71033 4.47675 4.50846 4.687 4.76776 4.6976 4.559 4.68381 4.5781 4.65271 4.63395 4.59991 4.47923 4.60882 4.53798 4.553 4.57258 4.53729 4.51656 4.6321 4.49532 4.40704 4.60765 4.52022
4.26582 4.26716 4.26901 4.27394 4.27383 4.17089 4.44404 4.483 4.4785 4.47844 4.53874 4.47511 4.51047 4.43574 4.47422 4.46059 4.48748 4.43749 4.4644 4.44941 4.44497 4.46615 4.45281 4.48909 4.45461 4.44142 4.46778 4.47644 4.41681 4.46408
8.74321 8.7348 8.74966 8.79351 8.76287 8.19389 8.21504 8.20056 8.33864 8.11271 8.26025 8.23841 8.01501 8.07698 8.32225 8.19804 8.09599 8.08975 8.09251 8.14169 7.90043 7.77915 7.95592 8.09287 8.21088 7.97094 7.99896 7.98748 8.30082 8.15095
91.9708 91.9795 91.9408 92.0605 92.0525 92.3356 91.6721 91.157 92.3 91.1787 91.7608 92.1596 92.3197 91.7484 92.3025 91.6645 92.4455 91.5277 92.3132 91.8838 92.1394 90.6286 92.0713 92.0654 91.2585 91.4932 91.6902 91.3291 91.8845 91.8429
153.691 153.755 153.651 153.079 153.03 152.705 152.246 155.123 152.691 153.637 152.865 152.332 152.682 153.394 152.538 152.84 152.754 153.169 152.601 152.935 152.571 155.524 153.817 153.77 154.049 152.986 152.722 153.899 152.678 154.389
75.7497 75.722 75.7508 75.7666 75.7738 75.5338 75.5675 76.1851 75.6802 76.1769 75.809 75.7289 75.7327 75.8199 75.6164 75.8619 75.7155 75.8206 75.6436 75.7137 75.5946 76.1564 75.685 75.6479 75.7346 75.7436 75.7811 76.0641 75.6159 75.8376
73.9175 73.8681 73.9371 73.8206 73.8724 73.4072 73.31 74.5644 73.327 75.2713 73.1373 73.3562 73.3271 73.5774 73.2247 73.0873 72.9746 73.5973 73.5414 73.6142 73.4452 74.6981 73.8441 73.595 73.7246 73.7907 73.7676 73.9728 73.4929 73.9822
65.9491 65.9601 65.954 65.9648 65.972 65.8781 66.0255 66.2987 65.5032 66.9031 65.9912 65.7824 65.9967 66.0257 65.7945 65.8785 65.7981 65.9915 66.2794 66.3522 66.0593 66.4238 66.1495 65.8638 65.5271 66.1354 65.9627 65.8328 65.0531 65.7446
140.467 140.371 140.432 140.395 140.458 140.057 140.13 141.197 139.375 141.247 139.905 139.314 139.507 139.818 139.036 139.816 139.253 140.178 139.666 141.612 138.798 142.37 139.493 139.191 140.243 140.082 139.608 140.412 138.866 139.718
5.9693 5.97063 5.9655 5.9774 5.9818 5.87879 6.23531 6.45678 6.38263 6.26725 6.24184 6.36586 6.34134 6.39901 6.40826 6.35607 6.36802 6.29635 6.19268 6.03505 6.14012 6.51084 6.39002 6.37275 6.41373 6.10055 6.33562 6.16607 6.70662 6.39117
7.67912 7.69684 7.64277 7.38634 7.36859 7.48734 6.78235 7.61336 6.94498 7.07919 6.99132 6.86291 6.92625 7.19764 6.91566 7.00166 6.97883 7.23601 7.10673 6.98035 7.14637 9.36032 7.39226 7.34026 6.81162 7.1532 6.88426 7.41741 6.99998 7.37017
4.6623 4.70292 4.66334 4.65348 4.64089 4.43737 4.68141 4.69531 4.76657 4.69412 4.65216 4.68647 4.74254 4.68397 4.76401 4.60897 4.68587 4.64078 4.72838 4.63763 4.70519 4.78879 4.78405 4.7659 4.78296 4.66471 4.7016 4.61825 4.73229 4.72212
4.64915 4.65362 4.65305 4.64899 4.64722 4.57602 4.69542 4.91677 4.78529 4.90307 4.74444 4.77541 4.814 4.82521 4.80816 4.75512 4.75378 4.77065 4.78865 4.70951 4.7768 4.84397 4.81522 4.81938 4.86886 4.79562 4.80331 4.90695 4.77533 4.82999
4.51239 4.51468 4.52399 4.54649 4.54987 4.4368 4.75698 4.67019 4.61454 4.30296 4.772 4.50454 4.34872 4.7197 4.47903 4.76638 4.57002 4.73668 4.41483 4.44771 4.46877 4.83833 4.41526 4.51679 4.84541 4.70391 4.40756 4.80665 4.29765 4.53775
4.27837 4.27415 4.27752 4.28808 4.28913 4.23734 4.44196 4.4901 4.48237 4.46222 4.44584 4.48806 4.47547 4.49166 4.49277 4.46633 4.50316 4.43251 4.47474 4.49577 4.46624 4.46231 4.46084 4.4677 4.46586 4.42723 4.48801 4.44075 4.43957 4.4566
7.87558 7.8572 7.88117 7.87131 7.89356 7.81125 7.86056 7.93761 7.56129 7.93819 7.87417 7.62407 7.66489 7.85187 7.64495 7.84147 7.62005 7.95068 7.68609 8.16083 7.43158 8.07566 7.65399 7.62852 7.69798 7.95307 7.64622 7.90785 7.53952 7.71948
92.0573 92.1432 92.0209 92.1268 92.1294 92.5015 92.3146 91.9 92.2601 92.1211 91.9996 92.3217 92.2542 92.0095 92.3126 92.0496 92.0422 91.955 92.3233 92.164 92.2322 91.5019 92.2433 92.1854 91.9416 92.0886 92.0412 91.7971 92.3234 92.081
75.6291 75.5951 75.6616 75.6805 75.7015 75.4159 75.4043 75.6468 75.4915 75.5898 75.4871 75.6732 75.4679 75.6295 75.4278 75.7026 75.4768 75.5794 75.5165 75.4968 75.4321 75.6515 75.5018 75.4951 75.5278 75.5477 75.5113 75.487 75.6083 75.4882
73.4195 73.3993 73.3914 73.3058 73.3446 73.0287 72.656 74.1599 73.8593 73.6094 73.569 72.7511 73.4656 73.6494 73.2267 73.6183 73.7189 73.6443 73.5172 73.1417 73.425 73.6414 73.5825 73.2965 73.5534 73.5389 73.4339 73.0594 73.4493 73.7396
66.3788 66.5072 66.3884 66.3263 66.3294 66.4981 65.7629 66.2842 66.1811 66.5115 65.7447 66.0584 66.1986 66.2679 66.179 65.9397 65.752 65.7885 66.2803 65.7474 66.099 66.4874 66.3347 66.1692 66.2072 66.0755 66.0151 65.8918 66.3228 66.2504
137.515 137.463 137.455 137.553 137.529 136.371 135.454 138.193 136.497 138.314 136.516 135.725 136.32 137.075 136.093 136.395 136.474 136.549 136.302 136.147 136.001 138.081 136.667 136.313 136.912 136.033 136.342 136.897 136.647 137.453
5.65931 5.63704 5.6548 5.6744 5.66549 5.61471 5.84414 5.75749 5.78738 5.79362 5.80796 5.84362 5.81188 5.84001 5.81596 5.80454 5.81 5.83344 5.79752 5.8391 5.80797 5.33919 5.76238 5.77253 5.82205 5.82148 5.83885 5.84754 5.79376 5.77712
4.64292 4.63201 4.61666 4.63886 4.64366 4.548 4.70911 4.74629 4.71629 4.75271 4.69506 4.67186 4.68303 4.7039 4.70641 4.70705 4.69447 4.70602 4.68872 4.70383 4.7084 4.70571 4.6892 4.68557 4.71474 4.69667 4.69707 4.73325 4.59707 4.76559
4.54393 4.54248 4.54418 4.54621 4.54968 4.44527 4.535 4.64475 4.56576 4.60199 4.59945 4.52394 4.5817 4.59421 4.56104 4.62964 4.60659 4.591 4.53427 4.57201 4.57597 4.57446 4.55486 4.56067 4.5781 4.5678 4.55791 4.53935 4.52762 4.62056
4.38634 4.27947 4.35512 4.45015 4.44586 4.26601 4.57629 4.35961 4.73785 4.72612 4.82836 4.65077 4.59082 4.69691 4.61127 4.85366 4.81613 4.80236 4.57026 4.75001 4.56868 4.39868 4.35547 4.5474 4.60658 4.60609 4.66395 4.76756 4.41931 4.68593
4.3048 4.28825 4.29583 4.31228 4.31082 4.33413 4.36836 4.36275 4.3858 4.53517 4.35421 4.37725 4.36571 4.44906 4.37013 4.40523 4.36404 4.34464 4.36201 4.36727 4.35628 4.43217 4.33211 4.34593 4.3572 4.35602 4.36425 4.34285 4.33753 4.48956
7.53625 7.48346 7.50159 7.52817 7.54432 7.31133 7.27329 7.74172 7.21823 7.49903 7.1716 7.27338 7.30322 7.54713 7.27749 7.17754 7.15789 7.18024 7.29004 7.29016 7.22587 7.90369 7.28299 7.31336 7.38047 7.30682 7.29232 7.45412 7.37159 7.54975
92.6605 92.7015 92.6089 92.6982 92.5979 93.0584 93.2433 92.8696 93.3229 93.2727 93.0899 93.0069 93.093 93.1444 93.0813 92.7204 93.0004 93.1169 93.1359 93.1196 93.186 92.6294 93.0012 92.9862 93.0355 93.08 93.1474 93.0907 91.5803 93.1008
75.2586 75.1825 75.1192 75.2936 75.1405 75.2669 74.9711 75.0472 75.0452 75.3822 75.0606 74.811 74.9293 74.9346 74.8421 75.3497 74.9843 75.1641 74.8782 74.8307 75.0897 75.24 74.9815 74.907 74.8175 75.0009 74.7196 74.9698 75.3759 75.138
72.8218 72.768 73.1325 73.031 73.1527 72.836 72.671 73.287 73.2869 72.4879 73.0042 73.1223 73.0725 73.1051 73.1734 73.1748 72.9024 73.051 73.3424 73.0215 72.9927 73.1043 73.4127 73.0792 73.0321 73.0248 72.5507 73.0084 73.8779 72.7656
65.9557 65.9134 66.0093 66.0622 65.9973 65.9679 65.9385 66.0217 66.1178 65.962 66.0102 65.9613 65.9866 66.0291 65.9756 65.9666 65.9442 66.0348 66.0436 65.9281 66.0652 65.3375 66.0186 65.9431 65.9584 65.9509 65.8904 65.895 66.0989 65.9223
137.259 137.403 137.427 137.399 137.225 136.422 136.193 136.727 136.807 136.498 136.578 136.502 136.448 136.415 136.338 136.487 136.425 136.453 136.545 136.45 136.184 136.541 136.542 136.377 136.457 136.261 136.17 136.17 138.399 136.199
5.6938 5.69584 5.68605 5.69331 5.68666 5.70376 5.85998 5.87145 5.89217 5.8836 5.87598 5.86536 5.85896 5.86557 5.8586 5.90182 5.86749 5.87995 5.85777 5.85537 5.86756 5.85874 5.86103 5.84052 5.84644 5.85673 5.8425 5.85267 5.79734 5.8544
4.52984 4.53573 4.54504 4.54636 4.53686 4.27439 4.58225 4.62511 4.64529 4.60581 4.61164 4.5775 4.58368 4.58413 4.58955 4.62338 4.59712 4.61709 4.59207 4.59323 4.63341 4.6115 4.60646 4.58538 4.5831 4.59235 4.52905 4.59946 4.56029 4.59308
4.53246 4.5353 4.52327 4.52851 4.51694 4.50327 4.5365 4.58034 4.59883 4.56705 4.59831 4.55588 4.56566 4.54871 4.58301 4.57847 4.56763 4.56997 4.57061 4.57201 4.55381 4.57312 4.57718 4.54023 4.54499 4.53696 4.51812 4.53307 4.60373 4.54323
4.4709 4.46881 4.47642 4.49184 4.47734 4.46979 4.7224 4.74766 4.7459 4.72661 4.75407 4.74805 4.71549 4.72441 4.73608 4.81142 4.75409 4.73602 4.72391 4.72994 4.73497 4.99937 4.70862 4.69004 4.72297 4.71688 4.71846 4.73714 4.71959 4.68794
4.34229 4.3339 4.34442 4.35459 4.33365 4.34396 4.41462 4.3881 4.42703 4.3898 4.40549 4.39562 4.40289 4.39659 4.40838 4.39236 4.40035 4.39875 4.40715 4.40069 4.40786 4.49338 4.39541 4.38895 4.39642 4.3935 4.39957 4.39994 4.4418 4.38557
7.58205 7.61442 7.62298 7.62386 7.53593 7.31416 7.47651 7.42504 7.4466 7.41521 7.44183 7.47762 7.45929 7.4569 7.44796 7.28734 7.41673 7.41101 7.45826 7.45295 7.42951 7.29452 7.43623 7.47829 7.47308 7.4303 7.45684 7.47469 7.68629 7.47064
93.3777 93.4319 93.4149 93.4076 93.4165 93.9687 94.0583 93.9703 94.1963 93.9554 93.9464 94.1334 93.9491 94.0787 93.9337 93.7611 93.9979 93.9707 94.1259 94.084 94.0519 93.747 94.0943 94.0018 94.0256 93.9796 94.0197 94.0253 94.5546 94.0051
75.3743 75.1148 75.233 75.1006 75.3519 75.2 75.3361 75.6449 75.5451 75.5829 75.4019 75.6881 75.5576 75.5006 75.3345 75.3727 75.3538 75.2954 75.4666 75.4395 75.3416 75.5112 75.3746 75.3308 75.4621 75.4978 75.5538 75.3754 75.6253 75.5488
72.538 72.5943 72.6121 72.5841 72.5053 72.0019 72.1928 71.4963 71.7631 71.995 72.1242 71.3254 71.596 71.2443 71.7163 71.5326 71.4075 72.0608 71.7935 71.7279 71.6251 71.159 71.4727 71.3351 72.282 71.4941 71.335 71.648 71.6211 71.5479
103.601 103.816 104.039 104.006 103.839 103.076 103.145 102.803 102.936 103.562 102.632 102.902 102.795 102.762 102.566 102.602 102.462 102.855 102.667 102.694 102.737 102.564 102.625 102.738 103.124 102.732 103.025 102.769 103.759 102.882
141.765 141.725 141.913 141.849 141.986 141.362 141.242 141.295 141.36 141.601 141.107 141.447 141.152 141.268 141.212 141.459 141.083 141.398 141.18 141.101 141.311 141.332 141.305 141.184 141.357 141.336 141.592 141.229 144.359 141.174
5.57238 5.53892 5.55174 5.54687 5.58687 5.58348 5.62677 5.63713 5.65395 5.61622 5.61228 5.62292 5.61263 5.62245 5.60042 5.60532 5.59459 5.62537 5.61369 5.62788 5.62388 5.59247 5.61411 5.59838 5.62955 5.61559 5.59168 5.61936 5.64615 5.61645
4.34497 4.35073 4.34758 4.33661 4.34699 4.26789 4.28714 4.36949 4.34217 4.12805 4.33276 4.3141 4.33011 4.33214 4.37798 4.36471 4.35308 4.32762 4.41383 4.31566 4.38425 4.39755 4.37411 4.36057 4.31099 4.36889 4.3105 4.34799 4.38167 4.34569
4.49159 4.4928 4.49161 4.49367 4.49341 4.52334 4.59979 4.62385 4.63004 4.56074 4.61924 4.60116 4.61013 4.61559 4.61806 4.62051 4.62562 4.62002 4.61762 4.62029 4.62693 4.62103 4.63041 4.61946 4.6092 4.62457 4.59617 4.62329 4.62833 4.60866
5.25603 5.31853 5.34882 5.32212 5.31927 5.03166 5.09803 5.06982 5.09389 5.2463 5.06853 5.0824 5.11036 5.09301 5.03498 4.9934 5.01491 5.067 5.04292 5.04997 5.05376 4.96377 5.04154 5.11328 5.12655 5.10386 5.14678 5.07725 5.60563 5.11619
7.66732 7.61746 7.65756 7.61234 7.72587 7.60182 7.67833 7.68724 7.69294 7.58883 7.60983 7.73933 7.70327 7.74465 7.72351 7.69298 7.67964 7.67989 7.70382 7.68116 7.66042 7.67968 7.73419 7.7401 7.71999 7.73858 7.77244 7.70311 7.96361 7.67997
93.2219 93.2229 93.2682 93.2404 93.2374 93.7085 93.79 93.8338 93.9947 93.1862 93.8629 93.8479 93.5286 93.6913 93.7575 93.815 93.9246 93.8135 93.8974 93.6501 93.9192 93.9382 93.8656 93.7764 93.6991 93.7202 93.669 93.7978 93.9991 93.9939
75.9063 75.9894 75.8988 75.9299 75.9718 76.1516 76.044 75.9985 76.1092 75.9918 76.115 76.1161 75.9166 75.9405 75.9316 76.0261 76.0783 75.9173 76.1679 75.9617 76.0855 75.9762 76.1071 76.0604 76.0686 76.0756 76.0434 76.1453 75.8006 76.0454
72.6164 72.6175 72.5471 72.5778 72.598 72.5986 72.1765 72.108 71.9747 72.3617 72.2069 72.0638 72.2935 72.0991 72.1307 72.1817 72.0769 72.0031 72.2234 72.2515 72.1427 72.0187 72.2394 72.2513 72.2374 72.1191 72.263 72.2355 72.2974 72.0178
97.2137 96.9699 97.09 96.9544 97.0498 96.6133 95.5978 96.3311 96.0445 95.1838 96.2068 96.0922 96.1032 95.7245 95.9311 95.9772 95.9291 95.6157 97.2971 95.9476 96.3717 96.4978 96.4326 95.7804 96.0454 96.1608 95.7954 96.0309 96.522 96.0511
64.666 64.6849 64.6535 64.6165 64.7148 64.569 64.5456 64.8039 64.7865 64.1683 64.7748 64.5409 64.6141 64.7484 64.9178 64.9072 64.9676 64.8048 64.7486 64.5932 64.8991 64.9806 64.8576 64.9638 64.5555 64.8957 64.5878 64.7855 65.2146 64.8108
142.588 142.63 142.649 142.714 142.553 141.987 142.344 142.039 142.069 142.276 142.007 142.11 142.126 142.157 142.052 142.05 141.964 142.1 142.104 142.121 141.984 141.866 142.023 142.104 142.177 142.001 142.21 142.102 142.359 142
5.61813 5.61765 5.61765 5.62014 5.62286 5.64007 5.69375 5.70066 5.70412 5.71542 5.69733 5.70678 5.67966 5.6736 5.65997 5.67019 5.68812 5.67739 5.70612 5.67969 5.68818 5.70008 5.69809 5.67211 5.69842 5.67661 5.69171 5.68347 5.73319 5.70662
4.36998 4.34544 4.37867 4.36852 4.35089 4.1316 4.39445 4.39512 4.37902 4.40046 4.36091 4.38362 4.39798 4.392 4.39522 4.38715 4.35998 4.40767 4.39158 4.39224 4.38464 4.40447 4.34139 4.35667 4.39513 4.39118 4.36567 4.35825 4.32334 4.38606
4.41298 4.41586 4.41135 4.40912 4.41752 4.46095 4.46335 4.44636 4.45277 4.45156 4.45599 4.44632 4.43466 4.44965 4.44343 4.44099 4.44887 4.44934 4.44198 4.447 4.44391 4.44033 4.45568 4.44927 4.44863 4.44377 4.45598 4.44825 4.47627 4.44615
5.7195 5.73238 5.73256 5.74985 5.71769 5.61747 5.63437 5.58224 5.59495 5.66874 5.58174 5.57747 5.58585 5.57154 5.58158 5.57209 5.55315 5.61338 5.59471 5.58713 5.58388 5.55663 5.57902 5.56906 5.63617 5.57332 5.58122 5.57508 5.67718 5.57705
4.33813 4.34098 4.33642 4.33674 4.35215 4.16885 4.32481 4.43151 4.3995 4.23143 4.41906 4.35354 4.46687 4.38027 4.45618 4.46128 4.46889 4.40159 4.52816 4.371 4.48048 4.49658 4.42981 4.44624 4.34145 4.43768 4.34187 4.42534 4.42328 4.43509
4.13822 4.13473 4.1377 4.13854 4.13958 4.1135 4.49583 4.48953 4.50605 4.49818 4.49215 4.49384 4.46571 4.49467 4.48536 4.47843 4.49088 4.49906 4.45161 4.48615 4.47901 4.48108 4.4881 4.48382 4.49275 4.48388 4.49074 4.48125 4.53607 4.48821
7.89063 7.88958 7.89469 7.8984 7.89202 7.89406 7.95486 7.89675 7.91519 8.06159 7.89587 7.91848 7.90953 7.92837 7.89701 7.89206 7.8998 7.92231 7.86025 7.92249 7.88107 7.86349 7.9037 7.91108 7.93116 7.89343 7.94005 7.90563 7.95577 7.90029
92.9152 92.8813 93.0033 92.9733 92.8847 93.4487 93.4414 93.3143 93.5478 93.3312 93.3995 93.5628 93.4011 93.4395 93.2908 93.446 93.4448 93.4851 93.585 93.3389 93.4477 93.4788 93.3628 93.3018 93.3955 93.3751 93.3541 93.3332 92.9214 93.4955
77.0202 77.0059 77.049 77.0414 77.0056 77.0857 77.0278 77.0944 77.0787 77.0662 77.0573 77.0369 77.0393 77.0429 77.0753 77.0506 77.0202 76.984 77.0222 77.0209 77.0828 77.0189 77.0274 77.0125 77.0522 77.0767 77.0331 77.1018 77.0155 77.0301
69.9739 69.9852 69.9306 69.9483 69.9785 69.8972 69.6577 69.5679 69.46 69.7144 69.539 69.499 69.558 69.6542 69.7222 69.6712 69.5745 69.6947 69.5798 69.6263 69.4551 69.5878 69.4317 69.6815 69.4802 69.4458 69.6474 69.5767 69.5419 69.3436
64.7234 64.6887 64.7512 64.7315 64.7001 64.6356 64.6945 64.6937 64.7327 64.7443 64.6111 64.6671 64.666 64.709 64.6959 64.6438 64.7079 64.7204 64.6254 64.6404 64.6374 64.7361 64.7177 64.6687 64.6728 64.7213 64.6532 64.663 64.8326 64.6953
142.157 142.132 142.108 142.153 142.128 141.656 141.802 141.812 141.713 141.867 141.652 141.72 141.753 141.745 141.712 141.66 141.687 141.776 141.79 141.724 141.689 141.786 141.732 141.71 141.696 141.689 141.756 141.713 142.035 141.623
5.63505 5.63394 5.63449 5.63702 5.63475 5.65659 5.69948 5.69158 5.68438 5.69588 5.68209 5.6919 5.68623 5.67367 5.67946 5.67862 5.67631 5.67652 5.7044 5.67805 5.68588 5.68756 5.68226 5.67877 5.68979 5.68058 5.68402 5.68768 5.68726 5.67939
4.18943 4.20123 4.17826 4.19074 4.1978 4.11544 4.19085 4.19941 4.18843 4.1998 4.17783 4.19011 4.19417 4.17508 4.17589 4.18369 4.179 4.18243 4.19341 4.17938 4.19015 4.18983 4.17787 4.17518 4.19872 4.18077 4.18286 4.17305 4.22952 4.18519
4.31068 4.31123 4.31218 4.31216 4.31114 4.30586 4.33524 4.32916 4.32504 4.3331 4.32157 4.32733 4.32846 4.32301 4.32809 4.32359 4.32747 4.32475 4.3343 4.32526 4.32334 4.32906 4.33315 4.33076 4.32993 4.32605 4.3302 4.32964 4.34122 4.32563
4.42304 4.43432 4.40073 4.40421 4.43461 4.28934 4.36684 4.43583 4.37914 4.37858 4.42388 4.37906 4.43839 4.38108 4.38273 4.40393 4.38511 4.39875 4.39781 4.42949 4.456 4.38844 4.41469 4.39683 4.43137 4.3879 4.41062 4.38669 4.54668 4.40516
4.15005 4.1481 4.15157 4.15267 4.15108 4.15525 4.49519 4.48953 4.49514 4.48921 4.49542 4.49991 4.48762 4.48966 4.48004 4.48002 4.49076 4.48486 4.50875 4.48762 4.48932 4.49465 4.51118 4.49339 4.49354 4.49653 4.49869 4.50013 4.51166 4.49601
7.75833 7.75848 7.76077 7.76279 7.75815 7.77656 7.77839 7.76631 7.76359 7.77757 7.75592 7.77145 7.76412 7.7644 7.75995 7.75128 7.7599 7.76683 7.78275 7.762 7.75781 7.77468 7.77231 7.75654 7.76283 7.76611 7.7641 7.76143 7.76936 7.76466
