92.2218 92.1948 92.1825
75.3069 75.2019 75.1753
73.103 73.2562 73.246
82.9405 83.0409 83.0572
66.497 66.49 66.4845
138.072 138.004 137.949
11.9092 12.1127 12.1124
5.60283 5.60524 5.61515
4.4201 4.50931 4.51149
4.47699 4.49568 4.50235
4.4206 4.41716 4.41955
4.2668 4.25421 4.24989
7.79364 7.7742 7.75031
146.131 146.254 146.265
92.452 92.6869 92.6819
153.991 154.176 154.163
75.9554 75.9585 75.9596
73.1452 72.9427 73.0282
82.6711 82.6186 82.6096
65.6654 65.5853 65.5736
140.796 140.353 140.441
5.92784 5.94279 5.92949
7.94571 8.00391 7.96942
4.29605 4.29883 4.29718
4.67932 4.67529 4.67945
4.46152 4.46265 4.46361
4.50097 4.49605 4.47844
4.24507 4.24958 4.24314
8.04365 7.99828 8.01156
93.1351 93.1913 93.2009
75.4859 75.5292 75.5325
72.9282 72.7017 72.8447
82.1904 82.185 82.2147
99.2438 99.0042 99.0794
65.5049 65.4938 65.5063
140.819 140.847 140.768
4.96136 4.95695 4.96514
4.49081 4.4282 4.45489
4.39895 4.38418 4.38697
4.32857 4.32926 4.32931
5.73674 5.67765 5.6707
4.12621 4.09882 4.08954
4.17778 4.15499 4.16738
7.59814 7.56231 7.56982
92.5283 92.5886 92.61
75.5597 75.4295 75.4505
72.4167 73.4055 73.4924
82.3517 82.4706 82.5947
65.9166 65.965 66.0172
136.11 136.791 136.892
11.8243 12.0349 12.0491
5.60342 5.609 5.60021
4.49876 4.48845 4.49519
4.52828 4.57252 4.55464
4.46475 4.4475 4.45822
4.38882 4.37162 4.36881
4.28543 4.27407 4.26914
7.37165 7.5215 7.53172
146.245 146.317 146.305
92.9716 93.0544 93.1143
154.117 153.917 153.991
74.9486 74.8909 74.9034
73.6468 73.4483 73.4579
82.7447 82.7758 82.8048
65.8727 65.9294 65.9614
139.804 140.045 140.008
5.87266 5.83535 5.83044
7.7885 7.63415 7.66219
4.22441 4.36365 4.37146
4.62609 4.65117 4.64932
4.47219 4.46902 4.47186
4.46523 4.45769 4.43979
4.31427 4.31664 4.31165
7.93004 7.90864 7.89607
93.0035 92.9863 92.9128
75.1221 75.1802 75.3068
73.0892 73.1218 73.0435
103.505 103.44 103.392
65.46 65.4962 65.4747
140.855 140.918 140.948
5.37881 5.42337 5.41785
4.41756 4.42027 4.38143
13.478 13.3306 13.4087
4.44505 4.45478 4.46836
4.35205 4.35064 4.35761
5.22938 5.22326 5.18956
4.17617 4.27252 4.28357
4.21409 4.22144 4.20447
7.42587 7.5765 7.55255
163.554 163.555 163.402
92.3205 92.4664 92.411
153.749 153.72 153.747
75.7558 75.4857 75.4413
74.3053 74.1805 74.3075
83.387 83.1972 83.1906
66.1545 66.3441 66.3238
140.807 140.718 140.717
5.88043 5.86581 5.87183
7.46078 7.2944 7.38929
4.30012 4.31302 4.32654
4.59542 4.57409 4.57477
4.49531 4.49269 4.48651
4.29197 4.41784 4.42461
4.34889 4.32448 4.3095
8.24233 8.22101 8.21386
92.9207 93.1515 93.1324
75.3711 75.1005 75.0839
73.8049 73.4578 73.5803
83.3073 82.8362 82.8333
103.752 103.23 103.216
64.91 65.1831 65.1751
142.11 142.022 142.043
5.44502 5.35752 5.36449
4.26702 4.24378 4.24724
13.2185 13.7011 13.7106
4.39438 4.39123 4.37608
4.39589 4.38023 4.38385
5.48807 5.41146 5.42424
4.39851 4.11163 4.08655
7.73921 7.67755 7.69032
92.6508 92.99 92.9606
75.9924 76.0419 76.0004
73.5438 73.4149 73.348
83.2193 82.8865 82.8581
97.78 98.0678 98.1463
65.0761 65.5509 65.5081
142.228 142.22 142.202
5.56604 5.53757 5.53259
4.47109 4.42324 4.47219
4.4489 4.44309 4.44888
4.33623 4.3576 4.34996
5.76249 5.7757 5.77813
4.17547 4.28698 4.27698
4.16824 4.16628 4.1646
7.85135 7.82108 7.8156
91.7856 91.8525 91.7965
75.9018 76.0658 76.0909
74.3853 74.5957 74.4896
83.3314 83.6705 83.6045
66.1417 66.0892 66.0831
137.287 137.877 137.85
5.78692 5.73445 5.78567
4.45625 4.33581 4.33159
4.50875 4.5427 4.54099
4.38664 4.41303 4.41169
4.40647 4.39941 4.40525
4.21154 4.18601 4.19269
7.70975 7.73497 7.76102
92.3215 92.226 92.2129
155.199 155.72 155.758
76.2023 76.1897 76.1618
73.9672 73.85 73.944
83.3176 83.4341 83.4612
66.1586 66.2013 66.098
140.555 140.445 140.456
5.95122 5.94092 5.95499
8.0851 8.14185 8.10096
4.24875 4.25602 4.25689
4.65189 4.69308 4.70132
4.45949 4.45438 4.45653
4.41049 4.3697 4.38515
4.2493 4.23629 4.23263
7.97708 7.9786 7.98079
92.5212 92.2412 92.264
75.8375 75.8181 75.7808
74.1804 74.7711 74.6493
83.1074 83.3994 83.3683
66.5495 66.5634 66.4531
138.165 138.51 138.352
5.33166 4.54859 4.62428
4.2636 4.2331 4.23143
4.39671 4.41565 4.41888
4.46349 4.46307 4.45344
4.54726 4.52693 4.54252
4.26535 4.15916 4.16271
7.73017 7.7845 7.77563
93.2759 93.063 93.0535
75.809 75.6115 75.5664
72.8112 72.3792 72.534
83.03 82.9265 82.9359
98.3492 97.531 97.3416
66.9392 65.3612 65.3304
142.535 141.483 141.41
5.53632 5.5352 5.52619
4.09308 4.16121 4.16378
4.4368 4.36424 4.35506
4.27347 4.28302 4.29518
5.39556 5.13751 5.09074
4.35996 4.33327 4.33579
7.60127 7.54765 7.53064
92.0379 91.9617 92.0601
154.491 155.471 155.377
76.064 75.6782 75.6348
76.2654 75.5465 75.7481
83.109 83.3007 83.4441
65.6164 65.2725 65.3626
141.744 140.022 140.226
5.69268 5.67966 5.6668
7.91039 7.65137 7.66757
3.94344 3.73596 3.73759
4.62477 4.55588 4.57848
4.5623 4.48023 4.46979
4.5704 4.50188 4.45614
4.10317 4.18907 4.16669
8.30437 8.11411 8.15113
92.9811 92.9014 92.87
75.8457 75.9955 75.9744
74.4149 73.4503 73.399
84.6263 84.2502 84.1372
107.365 106.235 106.245
66.2404 66.417 66.5031
143.035 142.842 142.896
5.40899 5.44919 5.43569
4.40682 4.13442 4.13433
4.40809 4.41162 4.42006
4.24829 4.21671 4.19888
5.62046 5.42428 5.46754
3.48654 3.15527 3.18094
3.601 3.6871 3.68408
7.70803 7.7701 7.7699
92.7389 92.6321 92.5655
75.6532 75.5334 75.5132
74.4866 73.8876 73.9425
83.5603 83.0751 83.1155
98.5945 97.9672 98.1344
65.9224 65.6291 65.6299
141.638 141.661 141.8
5.86577 5.65888 5.65767
4.16274 4.16411 4.1679
4.40067 4.38365 4.388
4.322 4.32213 4.31581
5.33009 5.35023 5.35758
4.17854 4.10074 4.07195
4.05708 4.09896 4.09689
7.70849 7.67927 7.68864
91.3561 91.4252 91.4383
154.616 154.735 154.738
75.639 75.4837 75.4941
75.3892 75.2924 75.2652
84.0737 83.9842 83.9714
65.9547 65.8587 65.7162
140.635 140.73 140.657
5.8229 5.80232 5.81771
7.91571 7.91801 7.90409
4.42017 4.47342 4.47086
4.64451 4.63569 4.63478
4.43336 4.42216 4.4227
4.3196 4.31742 4.31064
4.18204 4.17886 4.19398
8.12254 8.1286 8.13547
91.3166 91.2569 91.214
155.437 155.458 155.464
76.1129 76.1382 76.1129
75.0803 75.5907 75.6925
83.6191 83.765 83.7613
66.2567 66.3635 66.3306
140.894 140.995 141.008
5.80224 5.86156 5.84216
8.31138 8.18846 8.20857
4.34049 4.38357 4.39591
4.69514 4.71246 4.72609
4.44099 4.46686 4.45802
4.44119 4.33768 4.34357
4.18187 4.21094 4.20907
7.96207 7.91449 7.92184
91.6071 91.6366 91.5784
75.797 75.9104 75.9357
74.0821 74.1473 74.0489
83.473 83.5983 83.5796
66.7126 66.6945 66.6746
138.777 138.573 138.518
5.09394 5.30394 5.31554
4.27527 4.30187 4.29103
4.46004 4.44129 4.42657
4.3664 4.40462 4.38929
4.21513 4.21646 4.22378
4.17088 4.19984 4.2037
7.74783 7.75809 7.75755
91.4188 91.8329 91.7751
155.083 155.104 155.152
76.1995 76.1363 76.115
73.9126 73.6541 73.7811
83.4142 83.3599 83.3461
66.1128 66.2461 66.2258
140.27 140.286 140.491
5.96805 5.96155 5.94061
8.16026 8.09713 8.11074
4.24358 4.27017 4.2696
4.66937 4.69029 4.69328
4.47492 4.46977 4.47701
4.40305 4.40177 4.41136
4.25826 4.26885 4.26498
8.03171 8.06641 8.1163
92.0773 92.3829 92.4142
75.3005 75.3893 75.4044
75.0865 75.378 75.5695
83.724 83.6614 83.6648
139.144 139.303 139.377
5.23893 5.10857 5.07981
4.23832 4.23889 4.2344
4.34364 4.40408 4.40049
4.47784 4.52954 4.52084
4.43294 4.44365 4.43355
7.75525 7.7902 7.78935
92.3165 92.621 92.5869
76.1742 75.8402 75.901
73.5401 74.6913 74.7368
83.5357 83.8194 83.8779
104.693 104.623 104.665
65.2667 65.6595 65.5946
142.14 142.082 142.042
5.12819 4.94664 5.01216
4.06725 4.40623 4.42309
4.40717 4.39801 4.38999
4.2773 4.1959 4.21947
5.65119 5.6193 5.60958
4.1661 4.06151 4.04804
4.08349 4.12707 4.12033
7.75444 7.70739 7.70033
89.099 89.9468 90.0329
76.1032 76.237 76.2253
75.5595 75.6489 75.6383
83.8476 83.9254 83.9394
65.5561 65.3917 65.479
139.195 139.569 139.595
5.80606 5.74934 5.76001
4.24411 4.36348 4.36019
4.63781 4.6782 4.67424
4.3862 4.42443 4.43203
4.03407 3.94028 3.97034
4.23043 4.22829 4.21744
7.53496 7.45043 7.45925
90.1925 90.5638 90.5907
154.994 155.248 155.153
75.7204 75.7429 75.755
75.2548 75.4383 75.3471
83.7611 83.7361 83.6605
142.916 142.779 142.804
5.78663 5.75845 5.76932
8.02388 8.10212 8.0619
4.34112 4.35828 4.37587
4.7219 4.7243 4.71653
4.41862 4.42511 4.42639
4.45367 4.36986 4.41137
8.48526 8.37839 8.3632
91.7369 92.1516 92.1727
153.752 153.772 153.721
74.9135 74.9229 74.9586
74.2441 74.0903 74.0975
83.4486 83.3151 83.3017
66.0054 65.7725 65.765
141.611 141.467 141.493
5.76158 5.73727 5.7564
7.57958 7.56328 7.5547
4.34552 4.32749 4.34378
4.51892 4.48905 4.49359
4.44323 4.44347 4.43201
4.5328 4.51047 4.50908
4.28726 4.27975 4.2936
8.12117 8.11093 8.09316
92.8855 92.8873 92.8085
75.2586 75.3315 75.4381
72.6704 72.355 72.3896
82.9326 82.8884 82.9979
103.772 103.724 103.735
65.428 65.2364 65.1718
140.685 140.291 140.301
5.41649 5.44645 5.44727
4.35152 4.24527 4.23833
13.2156 13.0418 13.1126
4.42182 4.47326 4.49156
4.33841 4.35556 4.35612
5.07533 5.15635 5.16636
4.20513 4.24647 4.25537
4.20045 4.23452 4.24706
7.45298 7.42593 7.44496
163.105 162.313 162.585
92.4196 92.4538 92.388
153.41 153.663 153.668
75.4498 75.7152 75.7002
73.7625 73.3269 73.2759
82.8458 82.992 83.0429
66.3419 66.1221 66.0441
140.189 140.065 140.147
5.88079 5.90345 5.89607
7.49522 7.44718 7.39406
4.35205 4.30125 4.29596
4.62074 4.55573 4.56262
4.52102 4.5102 4.49964
4.4829 4.44612 4.43
4.3141 4.33162 4.32976
8.10269 8.19647 8.22931
93.394 93.3937 93.4219
75.1865 75.2447 75.2043
72.8251 72.6887 72.4492
82.7134 82.6751 82.6078
103.611 103.823 103.855
64.7619 64.7231 64.672
141.486 141.415 141.381
5.44497 5.39733 5.39252
4.32105 4.33435 4.34684
13.2892 13.5872 13.4371
4.44404 4.42251 4.4231
4.40272 4.4032 4.40267
5.38508 5.51238 5.50626
4.35131 4.42081 4.40785
4.20327 4.21223 4.22598
7.78232 7.71046 7.70056
160.714 161.235 161.057
92.6955 92.5979 92.5906
75.9139 75.8158 75.8458
73.8348 73.8598 73.8654
83.3282 83.367 83.3167
97.7575 97.594 97.6471
64.5361 64.5168 64.6127
140.937 141.349 141.434
5.62977 5.63031 5.6258
4.41922 4.46924 4.52282
4.46326 4.46458 4.46471
4.37194 4.37849 4.3706
5.61898 5.67691 5.66609
4.07487 4.09835 4.09652
4.16563 4.17694 4.18006
7.71678 7.77686 7.77526
92.9501 92.9536 92.8943
75.4707 75.3059 75.2938
72.9282 73.22 73.016
82.784 82.8722 82.8838
66.1168 66.1001 66.0467
137.277 137.338 137.236
12.3286 12.2366 12.2917
5.66827 5.66097 5.67087
4.3476 4.37921 4.3664
4.49851 4.50737 4.51046
4.51712 4.48381 4.48769
4.41182 4.42302 4.43064
4.2848 4.28889 4.31446
7.64596 7.61588 7.6141
148.109 147.982 148.114
93.4596 93.5546 93.57
75.6884 75.6229 75.5644
71.8607 72.0464 72.1791
82.8255 82.6798 82.7222
102.278 102.401 102.34
64.9624 64.8609 64.913
141.414 141.513 141.421
5.6066 5.60583 5.60215
4.3821 4.42036 4.35016
14.1318 13.968 14.0685
4.53638 4.53427 4.52375
4.40076 4.41017 4.41083
5.01604 5.04098 5.03878
4.3477 4.36655 4.35132
4.21691 4.2273 4.22334
7.7685 7.84495 7.84445
164.605 164.474 164.29
92.6296 92.7149 92.7119
76.8724 76.8428 76.8657
70.474 70.4475 70.2628
82.6397 82.5995 82.6211
98.2743 98.3004 97.9699
64.8093 64.9711 64.994
141.503 141.496 141.392
5.64623 5.64321 5.63753
4.08822 4.08315 4.07795
4.32798 4.32985 4.32679
4.33992 4.33623 4.3394
5.65781 5.66049 5.64994
4.23023 4.25733 4.25363
4.16913 4.16083 4.1545
7.84554 7.81664 7.84038
