92.3522 92.3568 92.3663 92.349 92.3429 92.3465 92.3588 92.374 92.466 92.3167 92.2801 92.2884 92.3373 92.2303 92.2887 92.3526 91.9934 91.993 92.039
75.4107 75.4575 75.4295 75.423 75.4298 75.4283 75.4278 75.3915 75.4406 75.5043 75.496 75.3947 75.4295 75.4974 75.385 75.4076 75.674 75.6732 75.4823
72.6881 72.4205 72.4553 72.4356 72.4707 72.5249 72.5349 72.4102 73.4514 73.2439 73.2996 73.2314 73.5103 73.0315 72.8259 73.1571 73.3442 73.6514 73.5221
82.7781 82.6801 82.6689 82.6521 82.6714 82.7039 82.723 82.657 82.8466 82.8363 82.8353 82.8465 82.9023 82.7766 82.8811 82.906 82.7287 82.9259 82.7963
137.992 137.782 137.803 137.727 137.755 137.8 137.901 137.695 138.746 138.521 138.569 138.426 139.029 138.4 138.377 138.412 138.289 138.326 138.313
12.4861 12.6878 12.6001 12.6165 12.6242 12.6413 12.6333 12.5778 12.3455 12.4188 12.5523 12.4867 12.1734 12.4994 12.4007 12.2495 12.4916 12.3898 12.3252
5.74415 5.74035 5.73806 5.73635 5.73818 5.73901 5.74207 5.73756 5.72967 5.72673 5.72423 5.71456 5.73851 5.72699 5.72462 5.70641 5.70684 5.87169 5.87899
4.73007 4.72331 4.7507 4.73301 4.73983 4.74098 4.73022 4.76307 4.54786 4.5736 4.56816 4.54463 4.62657 4.56807 4.66684 4.60003 4.36684 4.70279 4.71793
4.55331 4.54053 4.54302 4.54082 4.53669 4.54473 4.54457 4.53854 4.50684 4.4821 4.49179 4.48037 4.5039 4.4884 4.45557 4.49136 4.48791 4.63707 4.60699
4.50385 4.50619 4.51007 4.50921 4.50665 4.50785 4.50536 4.51018 4.48006 4.49271 4.46993 4.45055 4.43591 4.4637 4.45865 4.48476 4.4734 4.54069 4.54368
7.87819 7.89693 7.94368 7.91987 7.90385 7.90864 7.86364 7.92583 7.78026 7.7657 7.8218 7.71935 7.83838 7.80222 7.8013 7.82879 7.97733 8.27097 8.02576
145.518 146.006 145.853 145.776 145.979 145.761 145.994 145.704 145.83 146.002 145.828 145.841 145.413 145.794 145.775 145.458 144.707 145.858 145.682
92.7521 92.7383 92.6713 92.7464 92.6573 92.7289 92.716 92.7551 92.7573 92.745 92.6541 92.5703 92.7429 92.7779 92.5855 92.3151 92.3543 92.0713 92.2149
75.4264 75.4007 75.4576 75.4133 75.4311 75.4428 75.43 75.4376 75.4502 75.4019 75.4366 75.4033 75.4922 75.3889 75.5141 75.6207 75.6823 75.5933 75.4829
73.3875 73.3345 73.2587 73.2663 73.1624 73.2753 73.3065 73.2816 73.2974 72.623 72.9726 72.8115 73.3033 73.2193 72.7153 73.7395 73.4436 73.9831 73.2008
82.5753 82.5573 82.5245 82.5324 82.5106 82.5211 82.5609 82.5561 82.3515 82.186 82.382 82.4879 82.3335 82.3199 82.5042 82.632 82.8354 82.5863 82.3553
66.1251 66.1002 66.0993 66.1085 66.1116 66.1406 66.1005 66.1505 66.1231 66.0442 66.0197 66.0621 66.0764 66.0298 66.0104 66.1607 66.0297 66.3412 65.9367
136.589 136.566 136.387 136.458 136.341 136.437 136.544 136.309 136.971 136.491 136.787 136.519 136.873 136.897 136.667 136.9 136.63 136.601 136.312
12.3381 12.4415 12.2724 12.4549 12.481 12.1904 12.2726 12.3169 12.7095 12.3976 12.7003 12.6816 12.9219 12.7833 12.1912 12.6342 12.3013 12.5126 12.404
5.78862 5.78298 5.79518 5.78464 5.7866 5.79228 5.78359 5.79837 5.75611 5.73428 5.7383 5.73179 5.77947 5.74589 5.75437 5.79617 5.74007 5.92007 5.91464
4.78209 4.79227 4.77331 4.78092 4.79176 4.78565 4.77605 4.78551 4.5594 4.5203 4.54501 4.55883 4.57942 4.57119 4.37332 4.39714 4.30502 4.7458 4.70813
4.61263 4.61082 4.61323 4.6103 4.60538 4.60738 4.61362 4.62318 4.54483 4.5178 4.54972 4.51565 4.55258 4.53541 4.53927 4.53035 4.5212 4.63656 4.61915
4.50888 4.515 4.51694 4.51343 4.51501 4.5139 4.5117 4.51443 4.50901 4.4967 4.50175 4.45129 4.49709 4.48925 4.46691 4.46068 4.49096 4.56766 4.55763
4.42538 4.43879 4.43926 4.42721 4.43967 4.43021 4.43226 4.42616 4.43436 4.40647 4.41981 4.43031 4.41284 4.42327 4.43052 4.44734 4.41 4.82365 4.73428
4.30657 4.31169 4.31304 4.31147 4.31248 4.30761 4.31068 4.31425 4.30902 4.30305 4.31887 4.30956 4.29252 4.30741 4.38978 4.25522 4.27905 4.41684 4.40343
7.27634 7.28642 7.24832 7.27607 7.27939 7.27149 7.28873 7.24895 7.37586 7.44365 7.43391 7.39725 7.40438 7.41363 7.42734 7.4645 7.43178 7.45785 7.4127
146.036 146.027 145.924 146.145 146.169 145.619 145.816 145.865 146.671 146.401 147.684 147.123 147.082 146.771 145.258 147.154 147.389 145.87 145.969
93.3577 93.3415 93.3557 93.3172 93.3355 93.387 93.3538 93.3544 93.0445 93.0117 92.9781 93.0357 93.1463 92.9728 93.0523 93.0701 92.7181 92.8973 92.7279
75.1045 75.0977 75.1443 75.0509 75.0973 75.0262 75.0741 75.0409 75.1937 75.4489 74.9141 74.8993 75.0363 74.7546 75.3477 74.6798 74.7744 75.0768 75.3479
73.4877 73.5408 73.3831 73.5119 73.351 73.488 73.5117 73.5544 73.4618 73.0908 72.9461 72.9856 73.5873 73.5757 73.0082 73.5008 73.4707 73.6367 73.339
82.644 82.6646 82.6217 82.6361 82.6217 82.6185 82.6708 82.671 82.6457 82.6893 82.6366 82.5201 82.4527 82.5898 82.6236 82.6874 82.6603 82.6879 82.8197
136.286 136.254 136.154 136.279 136.085 136.196 136.252 136.261 137.184 136.743 136.774 136.638 136.762 136.903 136.787 136.995 137.01 136.733 136.747
11.6257 11.5944 11.543 11.6164 11.5633 11.6284 11.6586 11.6401 11.3525 11.2436 11.4292 11.4302 11.533 11.4243 11.5129 11.3251 11.2733 11.1007 11.1239
5.80558 5.81367 5.80489 5.80593 5.79777 5.7966 5.80562 5.79963 5.7064 5.71491 5.68238 5.67934 5.71364 5.67724 5.69772 5.63825 5.62645 5.88465 5.90338
4.61058 4.62743 4.62212 4.62446 4.61369 4.61053 4.61749 4.61609 4.27792 4.26105 4.29962 4.27704 4.28338 4.30304 4.28528 4.38714 4.32489 4.66749 4.62512
4.52666 4.53799 4.52567 4.5348 4.52633 4.52495 4.52321 4.52976 4.50248 4.48814 4.49924 4.44078 4.50215 4.51748 4.4575 4.46458 4.45436 4.56925 4.60658
4.50442 4.50711 4.51064 4.50817 4.50942 4.50436 4.5017 4.50399 4.51067 4.50269 4.49096 4.5026 4.47793 4.44996 4.46704 4.43663 4.41859 4.5445 4.54712
4.46316 4.46571 4.46697 4.46691 4.45525 4.45095 4.46165 4.45583 4.47313 4.48382 4.45799 4.43932 4.46019 4.44828 4.43696 4.44173 4.39907 4.78352 4.75875
4.32894 4.33588 4.33434 4.33045 4.33055 4.32518 4.32438 4.32636 4.30741 4.32501 4.33453 4.3375 4.35919 4.28849 4.31585 4.37235 4.26937 4.42291 4.42833
7.28581 7.26024 7.27613 7.26806 7.28172 7.28935 7.27973 7.27158 7.40169 7.40276 7.41352 7.49028 7.45601 7.37745 7.38742 7.43978 7.54677 7.45354 7.46453
146.935 147.084 146.959 147.289 146.995 147.102 146.848 146.775 147.031 147.105 147.163 146.591 147.012 146.883 147.036 146.404 144.629 146.759 147.263
93.8644 93.8909 93.8647 93.9063 93.8875 93.9501 93.9007 93.9701 93.3357 93.4063 93.5375 93.4595 93.5516 93.5136 93.3069 93.3506 93.2544 93.495 93.0804
75.6349 75.6868 75.6396 75.672 75.6111 75.6691 75.6836 75.69 75.7425 75.7312 75.7147 75.5919 75.5263 75.6547 75.4936 75.4805 75.2691 75.5845 75.4347
72.6055 72.4835 72.5794 72.6156 72.5077 72.5703 72.4415 72.4006 72.2084 72.1938 72.2022 72.5986 72.2348 73.0891 72.3703 72.7812 71.8602 72.1727 72.472
82.4946 82.4401 82.4824 82.4404 82.4932 82.4648 82.4038 82.4247 82.5126 82.591 82.5392 82.5533 82.4694 82.62 82.447 82.6634 82.9865 82.2632 82.6146
103.02 102.972 103.01 102.908 103.023 102.941 103.011 102.956 103.223 103.036 102.912 103.147 103.414 103.227 103.248 103.462 103.311 103.051 102.905
140.994 140.995 141.048 140.979 141.068 140.988 140.952 140.982 141.14 140.938 140.928 141.045 141.002 141.194 141.514 141.294 140.964 141.261 141.139
5.6787 5.69215 5.67822 5.6926 5.68028 5.68825 5.69444 5.69177 5.60352 5.6078 5.62073 5.63944 5.67178 5.65992 5.65906 5.62332 5.62441 5.65605 5.58599
4.53384 4.53415 4.54702 4.53953 4.54913 4.54016 4.52444 4.54037 4.42675 4.40849 4.40031 4.24867 4.26602 4.282 4.32653 4.34004 4.3546 4.53148 4.51982
13.2409 13.2564 13.4542 13.1261 13.339 13.3101 13.2917 13.6582 13.7692 13.7081 13.7892 13.7046 13.4039 13.4572 13.4181 13.4944 13.6795 13.5116 13.6189
4.58899 4.59689 4.59064 4.59342 4.59116 4.59022 4.59021 4.58867 4.53135 4.5272 4.54289 4.55624 4.56758 4.55036 4.59184 4.56951 4.54897 4.71782 4.70915
4.44584 4.45062 4.44863 4.45111 4.44604 4.44742 4.44758 4.44874 4.43321 4.43073 4.4229 4.3774 4.41101 4.46278 4.38655 4.41605 4.46559 4.48524 4.4869
5.01866 5.05146 5.03721 5.03531 5.04375 5.03514 5.01858 5.03617 5.21543 5.03019 5.05703 5.12567 5.30133 5.11649 4.97674 5.30283 5.21294 4.96843 4.91435
4.37679 4.38625 4.38098 4.38258 4.36749 4.37095 4.37513 4.37446 4.37237 4.38182 4.36758 4.35075 4.36914 4.33899 4.38984 4.33442 4.34851 4.6173 4.64004
7.63465 7.63959 7.63208 7.63222 7.64248 7.65262 7.64454 7.65716 7.66668 7.58713 7.63145 7.67724 7.71175 7.69187 7.64331 7.76148 7.70542 7.66074 7.56038
162.01 162.117 162.643 162.184 162.25 162.327 161.985 162.546 160.935 161.526 161.267 160.358 160.489 161.341 162.591 161.872 162.656 161.688 161.028
92.8824 92.8517 92.9684 92.8922 92.921 92.8773 92.9221 92.9371 92.2452 92.249 92.253 92.5178 92.5717 92.5934 92.4131 92.7311 92.5236 92.488 92.1188
75.1733 75.126 75.171 75.1432 75.1696 75.0805 75.174 75.1822 75.1789 75.5792 75.6125 75.5324 75.6484 75.5699 75.5559 75.5411 75.8889 75.0975 75.4039
74.0209 73.9542 73.9453 73.9774 73.8988 73.9971 73.8438 73.7373 73.6169 73.6751 73.6667 72.8938 72.9337 73.1835 72.6153 73.0947 72.7541 73.9427 73.1612
82.9527 82.8958 82.8525 82.8465 82.9185 82.9544 82.8351 82.9028 82.9951 83.1838 83.1461 82.8413 82.6253 82.8147 82.6784 82.5121 82.6047 83.041 83.0815
137.385 137.352 137.121 137.261 137.448 137.429 137.156 137.311 137.544 137.375 137.357 137.35 137.203 137.463 136.974 137.307 136.625 137.378 137.657
12.2364 12.1648 12.2726 12.3082 12.3499 12.3493 12.3426 12.2657 12.0248 11.8444 12.0849 11.6702 11.5818 11.2904 11.8534 11.6972 12.2035 12.2211 12.0959
5.7018 5.70207 5.69646 5.70288 5.70247 5.70582 5.6929 5.69834 5.68214 5.68707 5.68293 5.66699 5.69625 5.68144 5.68944 5.67574 5.67016 5.84165 5.8595
4.56941 4.55776 4.5724 4.55856 4.57583 4.58357 4.57542 4.59302 4.32894 4.33682 4.34038 4.32337 4.29897 4.31107 4.29958 4.33949 4.23499 4.60001 4.61966
4.5455 4.54736 4.53505 4.54321 4.54048 4.54176 4.5373 4.52333 4.51065 4.48825 4.47926 4.49335 4.50758 4.52091 4.51224 4.49303 4.47524 4.54736 4.55553
4.55143 4.55073 4.54783 4.55221 4.55346 4.54939 4.55766 4.55074 4.51847 4.52421 4.50793 4.50589 4.52643 4.51834 4.51931 4.54394 4.52606 4.55883 4.55306
7.74164 7.75734 7.73286 7.74007 7.76731 7.74839 7.73501 7.74796 7.68829 7.66209 7.67164 7.71521 7.74821 7.72609 7.71656 7.72177 7.80321 7.84344 7.79924
145.16 145.136 144.933 145.507 145.196 145.17 145.123 145.237 146.88 146.749 146.902 146.437 146.392 146.654 147.588 146.793 146.534 146.106 147.184
93.6208 93.5881 93.6081 93.5701 93.7295 93.7914 93.6454 93.7947 93.1368 93.2218 93.2593 92.9488 93.0077 92.883 92.7042 92.9868 93.0014 92.9955 92.7539
75.3868 75.4682 75.5657 75.4486 75.2704 75.2794 75.4106 75.3353 75.0161 75.0542 74.9999 74.9845 75.1046 75.1596 74.9284 75.0853 74.93 75.9089 75.6014
73.5764 73.3253 72.9583 73.1061 73.3765 73.3241 73.3562 73.0219 72.1877 73.0592 72.7024 72.678 72.6943 72.5901 72.5668 72.6434 72.768 73.4383 70.7791
82.5467 82.4465 82.4697 82.5382 82.5061 82.4979 82.5476 82.3844 82.931 82.9426 82.7417 82.5255 82.9672 82.6385 82.6366 82.9712 82.8565 82.9092 82.0439
102.712 102.742 102.775 102.708 102.938 102.905 102.596 102.854 101.977 102.467 102.243 102.953 103.047 102.874 102.967 103.431 104.046 103.756 103.338
141.545 141.465 141.413 141.358 141.601 141.613 141.634 141.66 141.157 141.561 141.355 141.309 141.312 141.219 141.48 141.146 141.34 141.572 140.98
5.54643 5.53735 5.534 5.53716 5.54509 5.55237 5.55153 5.55652 5.48128 5.52469 5.51449 5.56594 5.53282 5.55141 5.56688 5.518 5.5114 5.57782 5.36707
4.52233 4.48521 4.46834 4.46612 4.53792 4.54744 4.50635 4.52109 4.46375 4.40459 4.42924 4.45467 4.41679 4.40996 4.43639 4.36282 4.47509 4.29408 4.42976
11.6633 11.8727 11.8621 12.1363 11.5431 11.5225 12.2847 12.1738 13.5322 13.3676 13.3711 13.6547 13.3941 13.1726 13.584 13.4048 13.6125 13.2672 12.7842
4.62063 4.63444 4.63066 4.62119 4.6124 4.60628 4.62597 4.62069 4.44661 4.53937 4.53777 4.59108 4.59634 4.62457 4.58764 4.59456 4.58339 4.69416 4.7478
4.41461 4.41686 4.41535 4.41081 4.41474 4.41616 4.4136 4.42112 4.3972 4.37899 4.39042 4.45422 4.43038 4.41229 4.44351 4.41918 4.39722 4.43169 4.443
4.98368 4.99537 4.99576 4.96901 5.03642 5.0538 4.89736 4.98905 5.10451 4.9908 4.96475 5.04106 5.15604 5.12599 5.14762 5.26778 5.27114 5.23413 4.92052
4.34656 4.34089 4.34588 4.35423 4.3403 4.35856 4.35427 4.34316 4.26297 4.29939 4.30786 4.3825 4.36464 4.34444 4.38272 4.33401 4.35364 4.59314 4.58535
7.64879 7.65447 7.65006 7.65185 7.65499 7.66311 7.63114 7.63479 7.62566 7.59978 7.58072 7.71012 7.65031 7.6905 7.75415 7.65475 7.61969 7.69125 7.58096
165.811 165.482 165.523 165.358 166.282 166.51 165.405 166.054 164.8 165.311 165.126 164.755 164.432 164.999 164.926 164.788 162.243 161.61 162.351
92.92 92.8733 92.7014 92.8654 93.1702 93.2349 92.0691 92.2904 92.4527 92.2531 92.3506 92.3164 92.3089 92.2407 92.1397 92.6071 92.5024 91.5649 91.8579
154.283 154.244 154.192 154.143 154.375 154.186 153.908 153.945 154.059 154.352 154.213 154.425 154.141 154.416 154.242 154.103 154.674 154.848 154.726
75.9156 75.943 75.8308 76.0993 76.0632 76.0947 75.7449 75.1718 75.8969 75.3708 75.3866 75.4679 75.2494 75.3422 75.7499 75.5627 75.4538 75.3376 76.2295
72.7725 72.9933 72.8638 72.8838 72.7269 72.6759 71.723 71.7919 73.8238 73.884 73.9716 73.525 73.6729 73.5483 74.0191 73.1202 73.311 74.6442 73.3496
82.0513 82.3779 82.1473 82.2426 82.0023 81.8372 81.3434 81.4064 82.8417 82.7347 82.7078 83.1158 83.1464 83.1276 83.2482 83.0176 83.0341 84.1482 83.0574
138.747 138.71 138.865 139.253 138.596 138.741 140.049 139.786 140.951 139.915 139.933 139.569 139.389 139.518 140.094 140.736 140.499 142.046 142.21
5.95082 5.93404 5.93525 5.9616 5.98146 5.96854 5.91847 5.94112 5.86532 5.86101 5.83466 5.91246 5.88614 5.91239 5.87072 5.86015 5.87683 6.48671 6.4404
7.45038 7.46206 7.41815 7.42424 7.5007 7.40499 7.65135 7.43199 7.76425 7.67833 7.6837 7.65433 7.37083 7.55522 7.47754 7.71545 7.92361 7.62762 7.59579
4.47269 4.47676 4.48609 4.47419 4.46681 4.46579 4.63637 4.73432 4.27268 4.31616 4.34611 4.17731 4.23085 4.39239 4.2672 4.54688 4.52575 4.64118 4.63321
4.68447 4.69146 4.69106 4.72196 4.71145 4.72887 4.75264 4.73447 4.73795 4.68408 4.70292 4.60996 4.61098 4.61441 4.65762 4.57533 4.54921 4.82154 4.93175
4.54053 4.5379 4.53862 4.54733 4.54812 4.55591 4.55985 4.54753 4.47657 4.49173 4.49559 4.49587 4.49635 4.49917 4.50704 4.46947 4.46951 4.66419 4.62442
4.47396 4.53198 4.49981 4.54526 4.55228 4.54557 4.48471 4.59318 4.29085 4.26853 4.28535 4.30629 4.29709 4.30726 4.27432 4.2714 4.30138 4.58195 4.61635
8.08543 8.05699 8.08196 8.17116 8.0927 8.11091 8.24326 8.14263 8.27043 8.16422 8.15361 8.03539 8.08992 8.07954 8.16428 8.25066 8.18427 8.3535 8.0323
93.2543 93.2725 93.2221 93.4344 93.366 93.4922 93.1304 93.2415 93.1012 93.5109 93.423 92.9414 93.0569 93.092 92.846 93.118 93.139 93.6901 93.1496
75.0497 75.0466 75.1062 74.9375 74.9241 74.8809 75.3593 75.5248 74.8673 74.5958 74.8052 75.1032 75.1891 75.098 75.4542 74.7904 74.8608 75.0427 75.7741
74.6223 74.4828 74.4831 72.96 73.3696 73.1623 72.3243 72.4513 73.1339 72.8624 72.7482 73.2278 73.4559 73.496 73.3581 71.8948 72.7148 72.3844 73.5161
83.8331 83.6219 83.9186 82.9696 83.2016 83.091 81.3694 81.2469 82.9558 83.5816 83.6945 83.1877 83.3646 83.518 82.8392 82.2601 82.7513 82.8339 82.8732
101.059 101.419 101.144 101.144 101.387 101.189 99.7166 100.869 101.076 99.3422 99.539 98.7281 98.3935 98.5055 98.9512 101.471 100.509 98.1252 98.5377
143.325 143.384 143.27 143.423 143.551 143.499 143.164 143.406 141.875 141.522 141.665 141.613 141.482 141.639 141.547 141.492 141.589 140.84 142.538
4.05851 4.14663 4.19184 4.68735 4.53438 4.65481 5.2659 5.07124 4.62369 5.06738 5.0313 4.75458 4.99174 4.78506 4.45544 4.45422 4.6131 5.49482 4.87109
4.40457 4.42539 4.41235 4.4376 4.42083 4.43253 4.45327 4.42236 4.16182 4.21864 4.22925 4.10936 4.16075 4.12037 3.98661 4.19191 4.17437 4.41714 4.36835
4.30755 4.30464 4.30851 4.31136 4.31876 4.32118 4.34064 4.33411 4.31099 4.26533 4.26252 4.3001 4.30177 4.29826 4.36144 4.26869 4.27656 4.37093 4.31378
4.2504 4.26562 4.25847 4.30952 4.30269 4.30222 4.47157 4.45388 4.37796 4.17717 4.14745 4.27748 4.30857 4.25945 4.38647 4.03789 4.20704 4.39814 4.37028
5.9829 6.1002 5.96754 5.99339 6.10217 6.01676 5.85061 6.18741 5.92311 5.57336 5.60815 5.77264 5.66172 5.6677 5.8308 7.06033 6.46108 5.17623 5.35975
4.65818 4.41498 4.83709 4.50051 4.50944 4.54158 4.63451 4.6633 4.95156 3.50876 3.62447 4.64879 4.70791 4.71306 4.60325 3.43128 4.22015 4.21599 4.18266
4.28486 4.22236 4.29674 4.3931 4.38167 4.41056 4.25079 4.26205 4.32063 4.19732 4.23134 4.308 4.28236 4.23744 4.51346 4.03587 4.29094 4.6121 4.56348
7.57098 7.55452 7.57943 7.56223 7.5634 7.55378 7.56558 7.53151 7.6174 7.47299 7.49012 7.44558 7.40479 7.40354 7.42067 7.62262 7.552 7.34403 7.54904
91.5248 91.1862 91.2064 91.5865 91.5235 91.3312 90.7265 90.3326 91.0395 91.2288 91.1407 90.801 90.8755 91.3218 90.6488 90.6213 90.8887 93.7455 92.8513
75.3147 75.2387 75.1966 75.3629 74.8452 74.5685 75.1324 75.1885 74.9323 74.8844 74.8596 75.0925 74.961 75.0654 74.9593 74.8935 75.1232 75.17 76.1923
75.6637 75.6039 75.8728 74.9778 75.037 74.7552 74.9601 75.7142 76.3874 76.832 76.5351 77.4221 76.6573 76.5392 76.6998 77.1284 76.1842 72.1479 74.0566
84.1375 83.9412 84.3905 83.3779 83.8656 83.7077 84.5206 85.3497 84.5333 83.8342 83.7856 84.6579 84.283 84.1324 85.2552 84.302 83.3495 82.6199 83.289
105.222 105.414 105.652 105.122 105.838 105.467 106.525 106.613 105.684 105.687 106.112 104.168 104.839 104.637 103.842 104.584 104.034 104.428 104.698
143.004 143.035 143.061 142.962 142.977 142.957 142.816 142.966 143.186 142.936 142.974 142.911 143.223 143.096 143.028 143.042 143.044 141.826 143.181
5.70566 5.78448 5.7709 5.73852 5.68003 5.76772 5.7971 5.80393 5.91822 5.86762 5.83525 5.67638 5.77313 5.65394 5.76011 5.93367 5.98416 5.49712 5.39578
4.36315 4.3736 4.37533 4.37992 4.35838 4.38538 4.41836 4.39504 4.47319 4.53688 4.54587 4.52067 4.48617 4.54872 4.53625 4.57715 4.53426 4.43626 4.39024
4.29469 4.30373 4.2941 4.30338 4.26108 4.2581 4.3061 4.29164 4.26467 4.27534 4.30186 4.36926 4.31887 4.29546 4.36329 4.46264 4.40291 4.51553 4.58942
4.37825 4.3963 4.36456 4.39298 4.38093 4.36183 4.42464 4.32782 4.24571 4.44937 4.42035 4.24905 4.37375 4.38052 4.25091 4.43191 4.40934 4.4461 4.51815
5.35749 5.40309 5.39082 5.47204 5.5238 5.50292 5.02121 4.9064 5.55069 5.56158 5.59338 5.58511 5.61712 5.62227 5.59408 5.60354 5.62346 5.42195 5.6599
3.61586 3.88126 3.38186 4.01443 3.3385 3.30881 4.12325 4.09308 3.98607 4.14 4.10081 4.1187 3.9813 4.06904 4.06692 3.97389 4.21452 4.42344 4.39979
7.57052 7.56736 7.56004 7.61949 7.61593 7.62747 7.48722 7.5592 7.71756 7.74928 7.74151 7.73015 7.74479 7.73441 7.74395 7.74232 7.73785 7.7091 7.71177
92.0293 91.9927 92.0459 91.7534 92.2321 92.3572 91.896 91.4646 92.1817 92.1987 92.1347 92.2419 92.4254 92.2322 92.1931 92.1606 92.1567 92.7115 90.4601
75.5257 75.5087 75.4757 76.273 75.8855 75.5255 76.0532 75.4571 75.5191 75.1454 75.0714 75.5975 75.3344 75.4353 75.6295 75.7041 75.6738 75.8319 75.8528
75.8784 76.0515 75.5915 76.3421 75.0335 74.5727 75.8108 75.7152 77.0422 77.5273 77.6992 76.3459 76.2623 75.8712 76.3198 77.7938 77.2411 72.8939 73.9072
84.9802 85.0243 84.8862 84.9951 83.9488 83.573 84.0179 84.2338 85.1043 85.0248 85.1045 84.4715 84.8465 84.8223 84.5362 84.6086 84.5528 82.7715 83.1053
106.574 106.366 106.561 105.247 105.422 105.477 104.656 104.271 106.359 106.437 106.536 106.982 107.139 107.185 106.851 106.36 106.408 104.74 104.992
64.2082 64.0445 64.0679 64.5963 65.4311 65.877 67.6016 66.7181 64.5417 64.7515 65.0024 65.1649 64.7825 64.7423 65.3412 65.4156 65.2459 66.0937 67.4163
143.347 143.335 143.331 143.343 143.361 143.195 143.06 143.434 143.352 143.568 143.531 143.382 143.293 143.19 143.37 142.935 142.994 142.494 143.98
5.60139 5.59996 5.59217 5.5901 5.58173 5.57256 5.53878 5.64865 5.6399 5.59943 5.62521 5.57249 5.5374 5.54908 5.58109 5.59506 5.55619 5.65429 5.45066
4.45157 4.45026 4.45215 4.4214 4.39414 4.39888 4.30324 4.38892 4.35882 4.54555 4.54542 4.23327 4.21772 4.2174 4.20279 4.38409 4.23766 4.43993 4.31801
4.43027 4.42063 4.41728 4.50554 4.47115 4.43739 4.51827 4.4899 4.37344 4.28599 4.31595 4.44736 4.41049 4.40835 4.43258 4.46296 4.49649 4.5983 4.57198
4.39808 4.40395 4.38856 4.42289 4.38116 4.39083 4.14768 4.21868 4.42283 4.39589 4.40227 4.37696 4.38122 4.37443 4.37264 4.39508 4.38988 4.44874 4.40838
5.72628 5.73732 5.763 5.59611 5.77865 5.62212 6.00312 5.94716 5.80801 5.81345 5.80619 5.79485 5.74188 5.74992 5.76429 5.78275 5.8333 5.89347 5.80598
1.61355 1.40504 1.47289 1.98952 3.21871 3.63861 3.93112 3.99458 3.02693 3.64152 3.63314 4.26847 3.46085 3.60714 4.27279 4.30601 4.35435 4.58484 4.58021
4.03308 4.03741 4.01436 4.12656 4.10308 4.135 4.21619 3.7748 3.92137 3.96911 3.98769 4.19821 4.1615 4.12937 4.18409 4.04847 4.1285 4.32479 4.39347
7.78565 7.79329 7.80471 7.69627 7.72347 7.81908 7.72355 7.83694 7.82461 7.85966 7.87631 7.82337 7.81038 7.79523 7.78359 7.80954 7.80024 7.63414 7.76544
91.2474 91.1868 91.2791 89.5584 91.2099 91.1391 89.9474 90.8463 91.0867 91.1929 91.2195 91.5356 91.1392 91.264 91.4311 90.9851 91.2429 90.8088 91.2381
153.47 154.007 153.179 154.281 154.416 154.526 154.979 154.839 151.246 153.134 152.86 152.853 152.871 152.826 152.461 153.892 152.997 154.328 157.529
76.0597 76.0678 75.9782 76.1236 76.0074 75.913 75.4091 76.0899 75.7268 75.661 75.7101 75.7211 75.7437 75.5741 75.7038 75.2121 75.4706 75.6069 75.9648
76.0692 76.2504 75.9983 77.2966 76.4338 76.3885 76.4761 77.02 75.6591 75.5322 75.7118 74.4427 75.9299 75.638 74.6659 74.0754 74.3181 75.5601 73.9477
83.8687 83.9151 83.8056 84.2725 83.9768 83.8802 84.2135 84.3712 84.0105 83.911 83.9981 83.5565 83.8829 83.7829 83.7567 84.0362 83.9102 82.97 84.016
66.7951 66.7524 66.8994 67.0093 66.5601 66.5288 66.3985 66.1912 66.4637 66.6454 66.6582 66.3591 66.3986 66.3267 65.8096 66.1501 66.3107 66.7162 67.7589
140.407 140.924 140.292 141.534 140.949 140.943 140.309 141.406 138.857 139.686 139.519 139.12 139.496 139.388 139.726 138.67 138.496 141.745 142.971
5.94339 5.94853 5.93336 5.88765 5.95889 5.95442 5.88481 5.9584 5.80993 5.8597 5.86702 5.81324 5.88326 5.8556 5.87352 5.62386 5.84956 6.7569 6.59844
8.00187 7.93431 8.04885 7.99425 7.92293 7.93742 7.98272 7.97606 8.81841 8.13253 8.19123 8.17208 8.20844 8.20916 8.31753 8.25182 8.18868 7.56509 8.54985
4.57793 4.57305 4.59457 4.69374 4.60255 4.62891 4.76531 4.60707 4.35203 4.2888 4.29904 4.21162 4.31201 4.20392 4.21876 4.30618 4.33982 4.6044 4.53079
4.83537 4.83381 4.81596 4.80394 4.83305 4.73865 4.6845 4.77416 4.69774 4.71877 4.71681 4.65389 4.73281 4.70623 4.60246 4.49826 4.59832 4.96453 3.71727
4.48382 4.48555 4.48548 4.4819 4.48606 4.49029 4.46058 4.48967 4.47654 4.46972 4.46576 4.4447 4.45382 4.46973 4.45684 4.46694 4.46518 4.70228 4.57961
4.26979 4.26789 4.27273 4.22916 4.26617 4.26219 4.32285 4.2554 4.23444 4.23786 4.22976 4.25048 4.23982 4.26624 4.23221 4.22428 4.21868 4.46779 4.57917
8.04347 8.07114 8.04826 8.17783 8.04431 8.04689 8.256 8.48976 7.71498 8.00798 7.95899 7.93307 7.96609 7.9092 8.05032 7.57781 7.63425 8.27609 8.32828
91.6534 91.7881 91.4203 91.609 91.7814 91.9785 91.971 92.0288 91.6815 91.5543 91.5622 91.9042 91.647 91.6005 92.1704 91.7141 91.714 91.73 91.4793
154.276 154.351 154.226 154.355 154.42 154.481 154.202 154.271 154.137 153.608 153.748 152.803 153.548 153.319 153.181 153.244 153.684 153.194 153.767
75.2495 75.2207 75.1809 75.1826 75.2762 75.2998 75.3195 75.2447 75.2522 75.2408 75.3251 75.2912 75.2339 75.2367 74.7066 75.0146 75.1521 75.1974 75.0177
75.1844 74.8955 75.621 75.1081 74.9691 74.6126 74.8829 74.7933 74.2318 74.582 74.532 73.9062 74.528 74.4454 73.8286 73.7914 73.7603 73.6647 73.5809
140.776 140.729 140.807 140.949 141.061 141.073 140.692 140.615 139.379 139.675 139.59 139.106 139.739 139.862 139.479 139.711 139.524 141.191 141.404
5.85989 5.89062 5.83181 5.91141 5.91495 5.88417 5.93099 5.92749 5.24111 5.05756 5.05245 5.12163 5.2401 5.26682 5.46155 4.29889 5.2159 6.36399 6.4226
7.87086 7.85251 7.87898 7.88372 7.84933 7.82854 7.81825 7.82891 7.83668 7.8986 7.87227 7.80442 7.93651 7.84303 8.03477 7.37399 7.47143 7.19408 7.35
4.64353 4.67665 4.60992 4.63727 4.63526 4.6657 4.67032 4.6859 4.30684 4.31876 4.31192 4.26911 4.27106 4.29746 4.51881 4.33186 4.3161 4.63169 4.50569
4.64026 4.63558 4.65999 4.62511 4.63218 4.6288 4.62594 4.65182 4.58418 4.62177 4.60536 4.59053 4.56676 4.57314 4.62996 4.55692 4.44061 4.80445 4.83715
4.49959 4.50158 4.49548 4.51358 4.5061 4.50013 4.52237 4.52184 4.4577 4.46125 4.45734 4.44709 4.45631 4.44221 4.43939 4.42966 4.40827 4.63777 4.6304
8.08539 8.0964 8.09134 8.0321 8.09011 8.10373 7.62115 8.3211 7.89508 8.0003 7.98651 7.90083 7.98298 7.92329 7.90146 7.86351 7.64143 8.15319 8.19379
93.5159 93.496 93.5165 93.5187 93.4872 93.4709 93.5378 93.5347 93.1454 93.0163 93.0411 93.1466 93.0963 92.9974 93.0609 93.1083 93.3841 93.5241 92.9472
99.7821 99.6155 99.8716 99.9423 99.54 99.5108 99.5037 99.6348 98.0454 98.0686 98.3534 98.7975 98.9502 98.8249 98.2341 98.9678 100.137 98.5716 98.0147
139.71 139.589 139.62 139.62 139.625 139.712 139.63 139.591 140.247 140.206 140.159 140.162 140.241 140.472 140.357 140.412 140.584 140.775 140.533
5.54538 5.53404 5.55677 5.55819 5.53933 5.52312 5.53921 5.54515 5.49218 5.49749 5.49745 5.50798 5.51726 5.52055 5.5414 5.5174 5.56678 5.58975 5.58592
4.52682 4.5337 4.53114 4.52407 4.54816 4.52834 4.54838 4.55545 4.2023 4.22432 4.26657 4.23693 4.23312 4.21033 4.21587 4.31218 4.28939 4.5794 4.33466
4.43631 4.43999 4.43697 4.43394 4.44946 4.43845 4.45324 4.44542 4.46113 4.48435 4.48217 4.47733 4.46108 4.46382 4.45874 4.44189 4.43754 4.49394 4.49393
5.25742 5.28543 5.17155 5.24568 5.21885 5.24068 5.29671 5.29562 5.10859 5.05622 5.15175 5.06718 5.03454 5.06241 4.64231 5.25134 5.19874 4.9468 4.95819
4.30004 4.31287 4.30388 4.31263 4.32648 4.32952 4.34824 4.31423 4.44521 4.42652 4.42985 4.40713 4.36707 4.38041 4.3408 4.55748 4.48987 4.48009 4.62807
4.21434 4.21446 4.21404 4.21733 4.2217 4.21974 4.23125 4.21973 4.21282 4.18529 4.16606 4.1915 4.17849 4.19107 4.22172 4.19313 4.21901 4.55424 4.59034
7.28589 7.27648 7.23412 7.27563 7.26473 7.27982 7.26288 7.28438 7.40019 7.3867 7.38429 7.38531 7.36042 7.3773 7.26066 7.17964 7.22903 7.41884 7.44369
92.692 92.6128 92.8176 92.7742 92.7056 92.6434 92.5468 92.8088 92.7373 92.8106 92.8053 93.0713 92.8805 92.9931 92.8267 93.0716 93.1623 92.9476 92.6226
74.736 74.7576 74.738 74.7413 74.701 74.5861 74.7883 74.5869 75.4648 75.4318 75.5028 75.389 75.3964 75.3872 75.0719 74.727 74.5088 75.0973 75.3403
74.3891 74.4354 74.218 74.3057 74.342 74.299 74.3805 74.174 73.4285 73.3788 73.163 72.6932 73.1491 72.902 73.6221 73.1288 73.4845 73.5727 73.4553
83.1848 83.1478 83.1255 83.1248 83.1268 83.1096 83.1368 82.9268 82.6993 82.8177 82.6933 82.5195 82.5222 82.518 82.6345 82.2858 82.5977 82.7832 83.1397
138.027 137.85 138.077 138.023 137.778 137.632 137.796 137.558 135.972 136.416 136.287 135.846 136.089 136.099 135.902 136.628 136.908 136.532 136.97
12.8158 12.8319 12.7666 12.7797 12.9029 12.9359 12.7835 12.9082 13.0233 12.9844 13.0634 13.2478 13.1394 13.0797 13.0377 12.8513 13.3804 13.2269 12.8816
5.6561 5.65388 5.65588 5.65831 5.64741 5.64314 5.66076 5.63847 5.59808 5.61588 5.5976 5.58009 5.58212 5.5815 5.5481 5.50761 5.52417 5.81642 5.85412
4.68531 4.68181 4.69265 4.68736 4.68027 4.68526 4.68978 4.67478 4.26947 4.28786 4.2721 4.26529 4.27371 4.25119 4.28744 4.34562 4.31434 4.63061 4.56418
4.59138 4.59972 4.58179 4.58772 4.59489 4.58884 4.60484 4.58856 4.45141 4.45307 4.44057 4.45777 4.46089 4.44419 4.48499 4.48466 4.48053 4.5488 4.58094
4.53129 4.53184 4.52653 4.52825 4.53093 4.527 4.52962 4.53132 4.50162 4.47742 4.50473 4.49222 4.46632 4.47472 4.49158 4.49754 4.50714 4.54566 4.57047
4.49104 4.4884 4.46547 4.47565 4.47211 4.48022 4.50829 4.43191 4.49935 4.45206 4.37218 4.4384 4.42393 4.43489 4.42135 4.34985 4.29452 4.82075 4.86723
4.33709 4.33789 4.33361 4.34015 4.32994 4.33404 4.32565 4.34357 4.35022 4.29312 4.31988 4.35493 4.35614 4.35838 4.28901 4.27514 4.27356 4.43195 4.56273
7.70176 7.68322 7.69971 7.69941 7.66722 7.66253 7.6384 7.69197 7.67744 7.70794 7.71792 7.73113 7.72396 7.77266 7.74317 7.73374 7.71518 7.7469 7.81449
146.79 146.961 147.002 146.926 146.847 146.873 147.02 146.789 147.456 147.624 147.499 147.939 147.907 147.714 146.695 146.872 147.416 146.369 147.361
94.0481 94.0142 93.9975 94.0384 94.0095 93.9729 94.0293 94.0521 93.5425 93.6158 93.6418 93.7996 93.8026 93.5879 94.0146 94.1617 94.112 93.8105 93.0404
74.8587 74.7587 74.8256 74.7367 74.8004 74.8406 74.8293 74.8547 75.1883 74.9501 74.9568 74.6014 74.78 74.6563 74.956 75.0256 74.9509 75.2125 75.2836
102.763 102.769 102.639 102.726 102.699 102.659 102.652 102.664 103.823 103.855 103.701 103.86 103.794 103.666 103.291 103.518 103.604 103.144 103.462
141.002 140.991 140.93 140.992 140.997 141.084 140.918 141.039 141.436 141.618 141.252 141.554 141.484 141.405 141.364 141.266 141.298 141.521 142.022
5.54992 5.54813 5.53897 5.54417 5.54551 5.54102 5.55513 5.54638 5.57493 5.5048 5.49623 5.47889 5.51059 5.48171 5.53827 5.51726 5.50859 5.58753 5.53849
4.45252 4.444 4.45192 4.43763 4.45059 4.45503 4.44842 4.45798 4.37267 4.35829 4.35801 4.34169 4.32243 4.3167 4.38378 4.39329 4.38534 4.4442 4.37233
14.185 14.1687 14.1224 14.3414 14.1559 14.1372 14.0566 14.0318 12.5941 12.9919 13.2531 13.1044 13.0648 12.94 12.6983 12.7574 13.3901 13.5718 13.6314
4.45787 4.4557 4.4575 4.45722 4.45895 4.45669 4.45796 4.45965 4.41958 4.39725 4.41289 4.44337 4.38912 4.41343 4.4145 4.48429 4.48663 4.47516 4.48664
5.03441 5.04989 5.02212 5.03364 5.03597 5.00439 5.05789 5.03512 5.28778 5.30128 5.37225 5.44784 5.30234 5.24603 5.18176 5.13864 5.28602 5.08111 5.05725
7.63007 7.62936 7.63727 7.62777 7.63513 7.67744 7.61698 7.67322 7.65033 7.6805 7.66035 7.67948 7.7228 7.66826 7.7259 7.69934 7.71688 7.68786 7.75335
165.545 165.687 165.074 165.407 165.185 165.509 164.994 165.358 160.277 160.767 160.121 160.283 160.568 160.196 160.779 161.316 161.217 162.289 162.22
93.6538 93.6414 93.6659 93.6287 93.6244 93.586 93.6079 93.6234 93.195 93.3685 93.3682 93.5589 93.5092 93.4029 93.3794 93.5729 93.4344 93.25 92.7282
74.9865 74.9628 74.9242 75.0073 75.0182 74.9917 75.0577 75.0507 75.1152 74.8491 74.8954 74.8324 75.1377 75.1999 75.1754 75.1223 75.3775 75.1219 75.3324
73.1006 73.1523 72.8651 73.2424 73.0141 73.0113 72.9616 72.9655 74.605 74.3719 74.0973 73.4022 73.3075 72.9339 73.2713 72.6631 72.5615 73.0268 73.5628
82.7062 82.7217 82.5653 82.7463 82.6714 82.7161 82.6753 82.693 83.6974 83.526 83.4022 83.3414 83.2416 83.2875 83.3453 83.3903 83.3857 82.9167 83.5584
103.397 103.384 103.497 103.418 103.353 103.389 103.351 103.437 104.043 104.115 103.998 103.824 103.562 103.426 104.136 104.091 104.078 103.637 104.311
65.9305 65.9728 66.0614 65.9753 66.0232 65.9773 65.9615 65.9181 65.098 65.251 65.2431 65.1119 65.441 65.3257 64.9568 64.9013 64.9251 65.3018 64.8399
142.01 142.026 141.993 142.072 141.978 142.026 142.002 142.033 142.9 142.722 142.747 142.336 142.266 142.362 142.649 142.574 142.668 142.665 142.674
5.56051 5.55743 5.54829 5.55047 5.55932 5.55886 5.56265 5.56654 5.57734 5.54465 5.55721 5.52228 5.53872 5.52713 5.53855 5.52707 5.55113 5.52558 5.57265
4.39872 4.40379 4.39958 4.41157 4.4066 4.40913 4.41002 4.4045 4.35687 4.34642 4.35228 4.21934 4.25209 4.23482 4.24064 4.22873 4.25645 4.40142 4.41499
4.49137 4.48599 4.49626 4.4843 4.49688 4.49557 4.49506 4.49375 4.43898 4.45566 4.45649 4.46188 4.46644 4.49936 4.49867 4.48838 4.49947 4.59023 4.5789
4.47745 4.47781 4.4775 4.4749 4.48093 4.47653 4.47649 4.47702 4.42611 4.40925 4.45252 4.44397 4.45593 4.41807 4.43427 4.46874 4.41997 4.49754 4.49206
5.50324 5.50767 5.50828 5.50396 5.5036 5.50182 5.5137 5.51311 5.6001 5.57766 5.60285 5.57591 5.59931 5.60845 5.60971 5.60828 5.61114 5.57866 5.58337
4.55624 4.55437 4.62422 4.54593 4.61126 4.5973 4.55998 4.56616 4.1513 4.19823 4.19075 4.27509 4.27231 4.25366 4.08288 4.12069 4.13941 4.53498 4.51995
7.90024 7.89902 7.90596 7.90099 7.9002 7.90443 7.90359 7.90954 7.90353 7.90524 7.93446 7.93338 7.947 7.97485 7.9726 7.98535 7.98492 7.97758 7.8894
162.587 162.806 162.562 162.657 162.434 162.646 162.404 162.608 163.395 163.467 163.466 163.448 163.455 163.249 163.08 163.359 162.394 163.408 161.097
93.2643 93.2449 93.2718 93.1966 93.2183 93.2366 93.2335 93.2385 93.0256 93.2215 93.1213 93.1127 92.9017 92.8694 93.1268 93.2716 92.8156 92.7036 92.2439
75.7059 75.7168 75.6593 75.6713 75.6558 75.6714 75.6678 75.7079 75.5234 75.2858 75.4103 75.4313 75.4569 75.3893 75.3799 75.2813 75.6023 75.9407 75.9536
72.6799 72.4368 72.3315 72.4897 72.382 72.2677 72.4015 72.296 73.9811 73.0321 73.3238 72.7287 72.7051 73.1371 73.2501 72.932 72.6295 73.2927 74.319
82.6304 82.617 82.545 82.6549 82.6279 82.6015 82.6321 82.5896 83.0237 82.8011 82.783 82.4102 82.6616 82.5573 82.5459 82.5864 82.756 82.6321 83.3733
103.634 103.613 103.722 103.671 103.651 103.672 103.668 103.707 103.949 103.888 103.828 104.016 103.837 103.892 104.185 104.257 103.707 103.972 103.987
142.229 142.207 142.213 142.25 142.215 142.23 142.231 142.241 142.216 142.299 142.266 142.099 142.059 142.229 142.334 142.263 142.027 142.481 142.507
5.51654 5.52409 5.51571 5.52646 5.53081 5.52819 5.52385 5.52517 5.57381 5.54599 5.54156 5.5585 5.56392 5.57969 5.58473 5.575 5.62732 5.55806 5.60935
4.54856 4.55325 4.57279 4.57089 4.58637 4.57862 4.57948 4.5611 4.52236 4.56298 4.56377 4.52309 4.64358 4.69253 4.52208 4.51756 4.31594 4.42178 4.40735
13.3617 13.3686 13.3232 13.1515 13.3004 13.2781 13.2179 13.3281 12.9953 13.0489 13.051 12.9397 12.9108 12.9561 12.7982 13.0441 12.9482 13.0776 13.344
4.57683 4.57936 4.58393 4.57962 4.58614 4.58502 4.58099 4.58218 4.51942 4.53492 4.52313 4.54399 4.53384 4.52235 4.53644 4.50263 4.58239 4.6767 4.65062
4.46277 4.4653 4.46701 4.46295 4.46956 4.46853 4.46554 4.46534 4.43138 4.44666 4.44864 4.48302 4.46549 4.42945 4.48242 4.43887 4.47163 4.47713 4.48911
5.58967 5.6159 5.60444 5.63709 5.60439 5.62311 5.62855 5.63033 5.72267 5.73538 5.71663 5.68651 5.64497 5.64232 5.59375 5.62295 5.61189 5.59206 5.69926
7.95314 7.95766 7.96366 7.9604 7.95859 7.96667 7.96689 7.9699 7.92813 7.95974 7.95629 7.95662 7.92597 7.93647 7.93314 7.92426 7.91744 7.94202 7.94412
164.047 163.943 163.97 163.845 163.804 163.802 163.893 163.907 161.297 163.203 162.806 162.37 162.069 162.34 162.558 162.812 163.22 163.415 160.295
92.5338 92.5315 92.5779 92.5931 92.5848 92.5444 92.5824 92.5173 92.6275 92.4373 92.506 92.4296 92.4352 92.3449 92.6941 92.5842 92.4446 92.4454 92.2491
75.2607 75.3524 75.295 75.1733 75.2472 75.2934 75.2137 75.2694 75.3752 75.5149 75.5097 75.5731 75.5009 75.4804 75.3517 75.4879 75.2386 75.1512 75.6039
73.2903 72.9188 73.0832 73.2894 73.119 73.1716 73.1686 73.2315 73.2018 72.9773 73.0459 72.8986 72.9069 73.2082 73.0407 73.2885 72.7175 73.277 72.6728
82.4273 82.2904 82.3132 82.3454 82.3219 82.3452 82.3494 82.3798 82.6234 82.5581 82.4698 82.3708 82.4787 82.4101 82.3032 82.3721 81.7755 82.4907 82.9652
136.593 136.404 136.327 136.28 136.315 136.391 136.32 136.478 137.061 137.039 136.971 137.022 136.87 137.069 136.997 136.852 136.465 137.136 136.273
12.611 12.5655 12.6167 12.5952 12.612 12.6155 12.6452 12.6684 12.0266 12.1882 12.2626 12.2189 12.2347 12.2288 12.3413 12.3241 12.1423 12.168 12.3057
5.6562 5.65879 5.64501 5.65773 5.64774 5.65414 5.65042 5.65376 5.66975 5.63421 5.62757 5.63608 5.6103 5.62311 5.65119 5.61815 5.63183 5.84914 5.89843
4.60314 4.59815 4.59137 4.59039 4.59352 4.58404 4.60848 4.60232 4.23921 4.26041 4.25825 4.23915 4.25665 4.25836 4.27707 4.25625 4.24441 4.50056 4.52925
4.57542 4.55478 4.56875 4.59226 4.57852 4.58515 4.57878 4.57922 4.57443 4.54496 4.5347 4.54099 4.51709 4.54785 4.52964 4.51998 4.5822 4.60183 4.56534
4.53537 4.53561 4.53961 4.54037 4.54136 4.54407 4.53728 4.53933 4.50296 4.50434 4.51535 4.51852 4.50522 4.46611 4.48756 4.50905 4.53452 4.56712 4.56762
4.44836 4.46987 4.47688 4.49932 4.49822 4.4727 4.48297 4.45176 4.36823 4.36515 4.37002 4.35991 4.42822 4.41016 4.41414 4.40566 4.55684 4.85141 4.70058
7.67997 7.68665 7.69109 7.67432 7.69136 7.70534 7.68488 7.69693 7.68622 7.71134 7.69771 7.7212 7.68876 7.66249 7.6739 7.66505 7.6986 7.82429 7.853
146.29 146.19 146.381 146.145 146.239 146.283 146.427 146.402 146.823 146.958 146.929 147.043 146.647 146.917 147.42 147.356 147.691 146.858 146.747
94.096 94.1355 94.0967 94.0969 94.0681 94.0719 94.1311 94.0997 94.0151 94.1639 94.1496 94.2135 94.0215 93.9354 94.2109 94.1621 93.9631 93.288 92.4502
75.3436 75.5735 75.4565 75.3541 75.4155 75.4382 75.402 75.3673 75.6177 75.038 74.991 75.1035 75.0751 75.1793 74.9052 75.0852 75.1122 75.5995 75.3408
71.988 71.8092 71.7657 71.9682 71.9035 71.8173 71.9518 71.8263 72.5299 72.0355 72.1301 71.9426 71.7545 71.8903 71.8717 72.0434 72.1735 72.1987 73.7126
82.4255 82.3943 82.441 82.4294 82.4447 82.4533 82.419 82.4076 82.5394 82.322 82.3913 82.2869 82.4251 82.504 82.1346 82.1369 82.4879 82.8602 83.1833
96.3508 95.8648 96.2111 96.4835 96.34 96.2691 96.1613 96.3009 96.7653 96.8968 96.8066 97.1084 96.7591 96.7158 96.6818 97.7038 96.663 96.0532 96.1013
140.885 141.05 140.909 140.808 140.888 140.919 140.866 140.832 140.608 140.66 140.702 140.689 140.685 140.877 140.469 140.885 140.825 141.506 141.598
5.52968 5.54933 5.5271 5.52734 5.52773 5.52992 5.5253 5.52633 5.54905 5.52686 5.50871 5.51025 5.50704 5.5199 5.50248 5.51866 5.53086 5.60459 5.66334
4.40663 4.49482 4.39776 4.40315 4.40496 4.41101 4.39999 4.40262 4.16014 4.32798 4.3295 4.27356 4.30836 4.31983 4.18777 4.20731 4.22455 4.38863 4.47236
4.43881 4.34699 4.4422 4.4434 4.44168 4.44535 4.44377 4.44776 4.4189 4.41816 4.40105 4.41513 4.3969 4.4001 4.43047 4.40055 4.42562 4.42868 4.4133
4.39248 4.3898 4.39361 4.39331 4.39284 4.394 4.3893 4.39511 4.36504 4.38055 4.36215 4.38593 4.37967 4.35932 4.36558 4.37906 4.379 4.42827 4.47024
4.95009 4.87268 4.94173 4.96512 4.95086 4.9365 4.94912 4.95662 5.19472 5.14923 5.16392 5.21006 5.17839 5.12647 5.10838 5.2356 5.08523 4.84626 5.15847
4.42247 4.4353 4.40256 4.40482 4.41301 4.41082 4.4001 4.41169 4.4467 4.46104 4.40751 4.43317 4.44882 4.41267 4.40094 4.4451 4.44501 4.65367 4.70136
7.58754 7.59139 7.6035 7.58122 7.59097 7.59182 7.59651 7.59489 7.60335 7.56529 7.58104 7.57554 7.60159 7.59545 7.52636 7.59659 7.58615 7.5643 7.64199
94.348 94.2165 94.3928 94.4342 94.4294 94.4371 94.3855 94.4421 94.0336 94.2919 94.2837 94.446 94.2921 93.9909 94.4451 94.4258 94.1518 92.9714 92.7327
75.4951 75.6309 75.4491 75.464 75.5643 75.5107 75.4242 75.5306 74.9904 75.1601 74.9704 74.9615 75.0235 75.2677 75.5822 75.366 75.1221 75.3008 75.0347
72.7529 72.4705 72.6672 72.4781 72.3519 72.4448 72.6772 72.1959 73.2204 72.9678 73.4333 72.0901 72.9616 72.9444 71.1379 72.446 73.0684 73.51 73.8942
82.1988 82.4874 82.149 82.1207 82.0873 82.067 82.2224 81.9968 83.0616 82.207 82.3714 81.9975 82.1818 82.3824 81.2321 81.7869 82.4997 83.2453 83.6217
102.447 101.613 102.475 102.53 102.509 102.298 102.405 102.617 101.868 102.173 102.414 101.813 102.429 102.622 102.948 104.076 100.897 105.149 105.752
141.68 142.49 141.627 141.567 141.614 141.588 141.619 141.534 141.942 141.814 141.95 141.694 141.863 141.885 141.678 141.977 141.888 142.803 143.562
5.49776 5.48525 5.48297 5.47641 5.48313 5.48015 5.49394 5.49678 5.57264 5.50809 5.50065 5.54863 5.49784 5.53316 5.51003 5.50085 5.52432 5.57393 5.2707
3.92059 3.97929 3.91618 3.97549 3.90554 3.95188 3.93349 3.9336 4.2151 4.17794 4.24767 4.1786 4.13949 4.20089 3.94157 4.08446 3.9733 4.48516 4.44369
11.673 11.6696 11.6564 11.673 11.7023 11.6562 11.671 11.6218 11.804 11.7176 11.7445 11.6951 11.667 11.6877 11.7334 11.5683 11.7535 12.7437 11.4051
4.54269 4.5888 4.55503 4.54788 4.5515 4.5582 4.54574 4.55117 4.47536 4.47207 4.46791 4.44866 4.45136 4.47313 4.47688 4.41262 4.43146 4.53631 4.62175
4.36739 4.47123 4.38069 4.36284 4.3426 4.36769 4.36275 4.36253 4.33245 4.3342 4.30437 4.27578 4.31899 4.30859 4.41671 4.32805 4.41019 4.46685 4.52315
5.33151 5.25328 5.33776 5.33682 5.34068 5.31288 5.3248 5.34706 5.34515 5.39417 5.40944 5.40663 5.42425 5.46598 5.46377 5.54553 5.28192 5.55969 5.68949
4.42444 4.08245 4.40055 4.42117 4.49913 4.4084 4.43067 4.42002 4.37797 4.2911 4.30822 4.28051 4.34474 4.33674 4.27244 4.29299 4.30296 4.67826 4.38897
7.87434 7.86507 7.90002 7.88958 7.88816 7.89905 7.89053 7.90719 7.87678 7.88493 7.87635 7.87929 7.88057 7.88758 7.91136 7.92383 7.88866 7.88171 7.76797
90.7027 90.5912 90.6075 90.6315 90.2462 90.7364 90.8131 90.4496 90.9732 91.0845 91.0982 91.1149 90.9332 90.9333 91.3831 91.4956 90.5493 91.0611 92.6684
75.3204 75.2477 75.2434 75.3501 75.2044 75.3084 75.2338 75.4808 74.8042 74.6554 74.7518 74.9407 74.823 74.709 75.3287 75.3918 75.2627 75.8995 75.2607
84.3269 84.4057 84.3661 84.245 84.3699 84.3682 84.3004 84.2506 84.217 84.505 84.4238 84.4097 84.5228 84.3946 84.0972 84.1382 84.0554 83.006 83.5847
105.625 105.596 105.315 105.39 105.449 105.272 105.333 105.373 105.595 105.574 105.755 105.724 105.625 105.491 105.873 105.752 105.684 106.657 106.241
68.3124 68.4056 68.5091 68.496 68.5058 68.1871 68.4015 68.4526 66.9015 66.8414 67.1509 67.3002 66.9973 67.1561 67.6894 67.0072 67.6665 67.1353 64.8092
144.864 144.808 144.69 144.937 144.864 144.727 144.782 144.823 144.216 144.085 144.019 144.086 143.956 143.964 144.023 143.931 144.278 144.371 143.222
5.85064 5.86929 5.87754 5.8601 5.94251 5.85092 5.83759 5.9072 5.86949 5.83848 5.89656 5.87085 5.91886 5.94774 5.90157 5.8293 6.01172 5.83066 5.54707
4.67125 4.68042 4.66493 4.62965 4.6827 4.69814 4.70902 4.54444 4.38286 4.40626 4.37477 4.38562 4.38464 4.42053 4.21533 4.29198 4.30581 4.41092 4.4451
4.24024 4.25843 4.274 4.27603 4.24829 4.24039 4.25066 4.31082 4.36207 4.33201 4.34618 4.35111 4.33477 4.3316 4.41757 4.42096 4.39951 4.56881 4.57187
4.40261 4.40403 4.40382 4.40686 4.38977 4.40432 4.4037 4.40922 4.39174 4.38071 4.38009 4.38568 4.40768 4.41746 4.41916 4.37291 4.37545 4.51854 4.4814
5.98646 5.96089 5.91899 5.99311 5.97252 5.9064 5.9433 5.96633 5.84379 5.82371 5.81328 5.83203 5.81659 5.82244 5.81877 5.79276 5.85911 5.72823 5.63524
5.07442 5.18458 5.17925 5.22869 5.02145 5.0906 5.1617 5.0313 4.51532 4.55238 4.57546 4.54259 4.58818 4.51801 4.56701 4.51022 4.66881 4.78062 4.54351
4.11108 4.11537 4.09288 4.07064 4.09023 4.11361 4.08987 4.11883 4.22706 4.22213 4.25107 4.25928 4.20705 4.20406 4.29075 4.2614 4.33921 4.25278 4.3191
8.14903 8.13129 8.10139 8.14212 8.15325 8.12483 8.11786 8.14185 7.95176 7.97787 7.94289 7.93601 7.92028 7.95949 7.94163 7.93721 7.957 7.902 7.95071
90.8103 90.7416 90.8783 90.904 92.0977 90.8848 90.9397 90.9252 92.1646 91.7036 91.8411 91.7721 91.7692 91.836 91.6096 91.0674 91.4318 92.4844 92.652
76.5201 76.5707 76.5546 76.5512 76.5555 76.5376 76.5386 76.6097 76.3272 76.4443 76.4976 76.4086 76.4351 76.4661 76.4335 76.5037 76.6107 75.9378 75.9993
75.4123 75.5325 75.4637 75.4191 75.394 75.3772 75.4529 75.4933 75.2737 75.1679 75.2082 75.1588 75.1019 75.0575 74.8762 75.001 74.888 73.8899 73.046
83.738 83.8206 83.6934 83.5342 83.9876 83.6402 83.7246 83.7317 83.0363 83.0882 82.997 82.99 83.2084 82.9346 82.6025 82.4825 82.2492 83.3686 83.364
98.5495 98.9433 98.7907 98.7559 98.9623 98.5297 98.7172 98.7167 98.5627 98.0952 98.5778 99.0905 98.3732 98.4151 99.9815 99.7813 100.339 99.6555 99.1026
143.237 143.34 143.287 143.299 143.285 143.204 143.251 143.141 143.448 143.306 143.351 143.326 143.317 143.428 143.458 143.376 143.542 142.989 141.857
5.89493 5.92496 5.89759 5.88612 5.74995 5.88866 5.88523 5.92637 5.74105 5.77617 5.79652 5.83043 5.77327 5.77817 5.87904 5.90929 5.89302 5.62089 5.72913
4.3327 4.30597 4.31762 4.32302 4.23735 4.32299 4.31765 4.30608 4.41158 4.392 4.40847 4.45759 4.40659 4.4106 4.33133 4.17937 4.43196 4.41996 4.63696
4.5047 4.50302 4.50832 4.50842 4.41483 4.50325 4.50556 4.50733 4.52917 4.51577 4.5172 4.52553 4.49924 4.50752 4.52569 4.51425 4.5444 4.51535 4.52934
4.03066 4.05357 4.04963 4.08448 4.16145 4.07611 4.05032 4.09969 4.03598 4.0241 4.00055 3.93846 4.09405 4.05437 4.15534 4.24065 4.35626 4.40357 4.42711
6.41093 6.43107 6.4387 6.41559 6.41554 6.40504 6.41272 6.40321 6.20439 6.23359 6.26039 6.22852 6.29115 6.26403 6.14192 6.04437 6.13526 5.72983 5.56043
3.46422 3.4534 3.57025 3.65162 3.18714 3.59726 3.52471 3.70799 3.94286 3.94237 4.00734 4.00511 4.00515 3.98179 4.10278 4.2567 4.03835 4.41185 4.32838
7.84565 7.83373 7.84863 7.85633 7.83697 7.85139 7.84355 7.84567 7.90334 7.89415 7.88628 7.89828 7.91106 7.90584 7.88715 7.88337 7.86274 7.88215 7.71051
92.3625 92.4204 92.3885 92.4064 92.4856 92.3706 92.4053 92.4475 91.77 91.9716 92.0308 91.9021 91.9823 91.9685 92.1174 92.1504 92.3762 91.1261 92.4422
75.3867 75.3854 75.3794 75.3659 75.3497 75.3702 75.3938 75.3701 75.8327 75.7155 75.7348 75.5476 75.7043 75.6799 75.8483 75.8908 75.7303 75.9405 75.7612
75.9117 75.9478 75.8091 75.7923 75.8123 75.8537 75.9441 75.8319 75.7647 75.4834 75.5404 75.2209 75.2427 75.7964 75.0701 75.5099 75.5067 73.3458 73.1296
84.8241 84.7963 84.774 84.7675 84.8333 84.768 84.7738 84.7735 84.4762 84.404 84.3191 84.385 84.5002 84.313 84.6092 84.6029 84.7074 83.1094 82.0674
67.6734 67.7007 67.712 67.7613 68.3664 67.7285 67.7373 67.7184 66.7107 66.8308 66.9002 66.8473 66.9239 66.7223 67.8763 67.6755 68.0283 66.3339 66.2015
141.729 141.757 141.641 141.535 142.007 141.582 141.658 141.548 141.462 141.47 141.162 141.1 141.131 141.177 140.672 140.761 141.404 137.83 136.121
9.41988 9.33985 9.40312 9.35806 9.44201 9.31794 9.43629 9.43801 8.89481 8.54656 8.80855 9.21502 8.75473 8.90473 8.64825 8.92895 8.57343 11.0963 10.7157
5.91752 5.92067 5.91972 5.91707 5.91287 5.91705 5.91704 5.92174 5.9837 5.94516 5.94452 5.92328 5.93841 5.9452 5.84722 5.85238 5.88052 5.97499 5.87623
4.81873 4.83248 4.82246 4.82863 4.8336 4.82778 4.82867 4.82569 4.65773 4.65905 4.70413 4.72717 4.57765 4.70471 4.36149 4.36178 4.39306 4.71091 4.62891
5.30354 5.3163 5.28529 5.26509 5.28419 5.28674 5.3498 5.25265 4.80024 4.82401 4.85574 4.76585 4.82778 4.8243 4.99004 4.98325 5.06385 4.71841 4.60883
4.4681 4.46992 4.46973 4.46862 4.46058 4.46942 4.46503 4.46602 4.44426 4.45803 4.44798 4.47508 4.46772 4.44584 4.45985 4.48542 4.46052 4.53883 4.53496
4.59187 4.58873 4.59357 4.59729 4.5662 4.59663 4.59502 4.58878 4.5051 4.47945 4.48318 4.4877 4.50668 4.471 4.5978 4.57083 4.59436 4.80589 4.47047
8.04938 8.04773 8.0304 8.01832 8.0962 8.02683 8.03408 8.02281 7.98718 7.96451 7.94327 7.92774 7.9356 7.95931 7.86853 7.88323 7.95779 7.6735 7.72256
142.408 142.178 142.25 142.239 142.324 142.216 142.299 142.329 143.563 143.451 143.771 144.111 143.747 143.652 142.876 143.519 143.171 145.269 145.123
93.0292 93.0806 93.0474 93.1168 93.131 93.0581 93.0848 93.1557 92.8517 92.8392 92.9224 92.8585 92.6485 92.9254 92.5814 92.4695 92.5317 92.1806 92.5824
136.108 136.074 136.097 136.068 136.123 136.056 135.961 136.078 136.974 136.765 136.671 136.144 136.607 136.536 136.954 137.397 137.3 137.661 136.238
12.6254 12.6216 12.6147 12.6955 12.6469 12.6763 12.7274 12.6471 12.6464 13.0123 13.0917 12.8342 13.0921 13.1044 13.3013 13.1409 12.8651 13.2733 12.1663
5.31942 5.34502 5.32522 5.30423 5.27943 5.26811 5.29046 5.27613 5.61976 5.56896 5.57036 5.56616 5.6059 5.6257 5.09119 5.45953 5.39331 5.85095 5.84786
4.6164 4.62191 4.61481 4.61606 4.60373 4.61329 4.61888 4.6013 4.26408 4.24314 4.23841 4.25918 4.24973 4.22441 4.27103 4.24416 4.26613 4.57038 4.51638
4.51303 4.52043 4.52466 4.51266 4.521 4.51413 4.50649 4.51233 4.53445 4.50569 4.53387 4.51063 4.54064 4.55973 4.50458 4.52153 4.52651 4.64678 4.59373
4.50525 4.50552 4.50295 4.5108 4.5099 4.50491 4.50459 4.51014 4.47241 4.46565 4.46055 4.45556 4.47424 4.46385 4.46751 4.37934 4.40119 4.58058 4.53504
7.44415 7.42202 7.39967 7.3818 7.42728 7.4084 7.44911 7.44939 7.59003 7.53547 7.53122 7.41008 7.51756 7.59094 7.58475 7.67313 7.65115 8.17867 7.51819
147.412 147.463 147.533 147.591 147.53 147.517 147.713 147.446 147.852 148.323 148.615 148.664 148.529 148.407 148.936 148.622 147.663 148.585 146.649
93.8135 93.8121 93.8114 93.8336 93.7885 93.8233 93.847 93.795 93.5839 93.5484 93.5172 93.6003 93.6183 93.6785 93.5977 93.5694 93.4865 93.151 93.0481
75.6975 75.7446 75.7128 75.7071 75.6993 75.7046 75.7315 75.6391 75.3384 75.4975 75.5786 75.44 75.4105 75.5763 75.4166 75.4668 75.3203 75.6014 75.6288
72.1134 72.0494 72.0954 72.2205 72.1194 72.0621 72.0104 72.2175 72.9196 72.5242 72.5647 72.808 72.5781 72.7117 72.559 72.7629 72.9362 72.5126 72.8316
82.2757 82.2472 82.2627 82.2669 82.2862 82.2798 82.2641 82.3093 82.75 82.5573 82.6722 82.6594 82.6678 82.66 82.6597 82.5967 82.4386 82.7402 82.9002
96.3405 96.2891 96.3811 96.4102 96.4629 96.2556 96.0562 96.4247 97.0432 97.1538 96.9392 97.3203 97.3598 97.211 97.4533 97.7307 99.295 97.1495 97.7647
140.644 140.467 140.612 140.587 140.515 140.561 140.586 140.679 140.668 140.664 140.511 140.523 140.555 140.375 140.908 140.882 140.462 140.316 140.556
5.56503 5.57388 5.57044 5.57224 5.56174 5.56881 5.5638 5.55264 5.51549 5.5379 5.5248 5.50802 5.52049 5.50406 5.53058 5.55392 5.48569 5.54439 5.55767
4.53889 4.52341 4.52474 4.51849 4.52889 4.52367 4.52282 4.53026 4.21892 4.22707 4.20154 4.23648 4.23295 4.19099 4.38001 4.24136 4.39464 4.46591 4.3525
4.51019 4.51117 4.50435 4.5134 4.50905 4.50883 4.50771 4.50892 4.47746 4.44959 4.46004 4.45022 4.44945 4.46666 4.46984 4.46391 4.458 4.49618 4.50619
4.31581 4.31932 4.31864 4.31601 4.31918 4.31975 4.31614 4.31262 4.30202 4.30041 4.29975 4.31142 4.30961 4.30428 4.28554 4.29365 4.28683 4.38575 4.3873
5.19133 5.18774 5.1972 5.16115 5.19713 5.19525 5.16779 5.18324 5.24913 5.30352 5.27517 5.28179 5.38589 5.2797 5.20653 5.42373 5.53073 5.15717 5.37025
7.57003 7.56022 7.56884 7.56182 7.55842 7.57199 7.56957 7.55586 7.55227 7.5597 7.54079 7.53332 7.54824 7.50731 7.53845 7.57719 7.54225 7.45101 7.55624
92.8964 92.8673 92.864 92.8814 92.8778 92.8431 92.8369 92.8502 92.4675 92.661 92.5941 92.7613 92.567 92.39 92.6656 92.4721 92.1455 92.0646 91.6554
151.967 152.159 152.006 152.165 152.064 152.135 152.043 152.219 153.412 152.55 152.719 152.927 152.335 152.144 152.935 152.68 152.93 152.63 153.498
76.0098 76.0099 76.0229 76.0084 76.0176 76.0377 76.0164 76.0204 75.8452 75.8212 75.7038 75.6114 75.8722 75.8211 75.7289 75.533 75.6661 75.8346 75.6457
72.7863 72.7796 72.7395 72.9019 72.8682 72.6887 72.6495 72.6929 73.4821 73.3097 73.6611 73.8407 73.7986 73.6864 73.6071 73.6306 73.8915 73.2157 73.9308
81.935 81.9763 81.9694 81.972 81.9684 81.9349 81.9503 81.9799 82.3913 82.2011 82.3027 82.5578 82.2873 82.4821 82.6487 82.3426 82.806 82.7208 83.2159
138.19 138.28 138.363 138.352 138.327 138.219 138.281 138.48 139.082 138.745 139.042 139.191 138.869 139.189 139.443 139.309 140.227 139.247 140.531
5.92197 5.92536 5.92251 5.92659 5.91533 5.93087 5.93146 5.92203 5.84067 5.90216 5.87089 5.84742 5.86751 5.88246 5.85057 5.88019 5.84447 6.39843 6.33763
6.49033 6.51852 6.49365 6.53046 6.52939 6.55506 6.49707 6.55915 7.19786 6.80831 6.87676 6.88222 6.84122 6.79481 6.84433 6.91373 7.01387 6.53958 7.09129
4.60433 4.60469 4.60689 4.60997 4.60049 4.60178 4.60688 4.6051 4.2282 4.37766 4.46605 4.51121 4.43724 4.42344 4.40645 4.40514 4.41573 4.68895 4.69568
4.67277 4.67082 4.67015 4.67746 4.67723 4.67227 4.66456 4.67356 4.68161 4.6316 4.6475 4.62527 4.65268 4.642 4.63461 4.6138 4.61845 4.8081 4.89574
4.48594 4.48691 4.48657 4.48908 4.48627 4.48599 4.48496 4.48344 4.44156 4.45199 4.45161 4.43922 4.45629 4.45489 4.43954 4.44433 4.42881 4.56321 4.56453
7.82429 7.84952 7.85178 7.83159 7.85353 7.84026 7.83816 7.85405 7.99027 7.94069 7.99569 8.00436 7.96152 7.97773 7.96002 7.90916 8.01165 7.81382 7.96144
92.1688 92.187 92.1774 92.2197 92.1088 92.1487 92.1846 92.1498 92.1045 92.3538 92.2397 92.0943 92.1539 92.3663 92.0311 92.2949 92.0193 91.8226 91.6108
151.894 151.978 152.029 151.822 151.979 152.047 152.042 152.114 153.172 152.317 152.53 152.774 152.644 152.679 153.212 153.081 153.436 152.544 153.802
75.5087 75.4891 75.502 75.4466 75.5529 75.5678 75.5175 75.6036 75.5484 75.5143 75.6175 75.6107 75.4727 75.4464 75.7657 75.5988 75.8283 75.6281 75.7182
73.705 73.673 73.7679 73.6792 73.7772 73.6305 73.5454 73.5903 74.0662 73.7651 73.8844 73.6675 73.9248 73.9598 73.4819 73.4454 72.8421 73.3378 74.1081
82.771 82.7597 82.8002 82.7546 82.8086 82.7649 82.7168 82.7697 82.8021 82.7555 82.7158 82.8623 82.7586 82.8833 82.8193 82.8266 82.7433 82.6503 83.099
138.561 138.66 138.646 138.781 138.654 138.661 138.621 138.768 139.429 138.895 139.109 139.27 138.956 138.924 139.089 138.872 139 138.939 140.533
5.85183 5.84476 5.85718 5.84432 5.85091 5.84738 5.84828 5.84641 5.73223 5.76763 5.76302 5.76339 5.7546 5.75929 5.74073 5.7462 5.739 6.30912 6.35139
6.94336 6.93039 6.98618 6.87677 6.98337 7.00292 6.99153 7.03322 7.33717 7.16189 7.28001 7.32 7.14819 7.24198 7.40031 7.43061 7.44281 6.8403 7.15146
4.57894 4.58231 4.58513 4.58257 4.58557 4.56979 4.57831 4.57791 4.40045 4.22995 4.24647 4.23406 4.25354 4.22942 4.19763 4.33134 4.17664 4.68472 4.64444
4.57879 4.5812 4.5839 4.57521 4.59102 4.58578 4.57488 4.58847 4.61589 4.58595 4.62227 4.6152 4.58853 4.57384 4.60008 4.59837 4.54005 4.79933 4.88577
4.46951 4.46963 4.47253 4.46975 4.47033 4.46894 4.46741 4.46826 4.41596 4.43693 4.43059 4.42816 4.43857 4.42132 4.49237 4.41038 4.4483 4.55743 4.56374
7.5389 7.56612 7.54832 7.58172 7.55505 7.57626 7.55934 7.58663 7.78899 7.66836 7.7425 7.74958 7.64453 7.68549 7.77873 7.72357 7.7774 7.59584 7.79779
92.7533 92.7942 92.7923 92.7985 92.6932 92.6798 92.7532 92.7038 92.7437 92.672 92.6426 92.6486 92.6697 92.6205 92.2578 92.4764 92.2685 92.3619 91.7791
153.683 153.626 153.741 153.683 153.734 153.705 153.72 153.672 153.965 153.817 153.714 153.583 153.627 153.708 153.109 153.031 153.211 153.649 154.358
75.3968 75.4059 75.3791 75.4188 75.4095 75.3754 75.4088 75.3987 75.4593 75.2071 75.2357 75.2947 75.2548 75.1478 75.3269 75.0108 74.686 75.2609 75.584
72.6942 72.6296 72.7735 72.6768 72.7322 72.7495 72.6734 72.7582 73.377 73.3686 73.3124 73.3284 73.166 73.1612 73.1441 73.6188 73.1047 73.3291 73.413
82.3006 82.2507 82.3101 82.2712 82.3569 82.3649 82.3035 82.3754 82.3709 82.2498 82.3401 82.2334 82.2491 82.3057 82.4379 82.4508 82.4551 82.4185 82.5626
138.429 138.399 138.493 138.358 138.432 138.456 138.499 138.58 139.314 139.08 139.128 139.306 139.11 139.057 139.604 139.466 139.148 139.496 140.625
5.89559 5.89672 5.89956 5.89428 5.89853 5.89989 5.90024 5.89069 5.77697 5.8337 5.80995 5.81485 5.76763 5.80948 5.82674 5.76223 5.65982 6.32095 6.31328
7.76847 7.7346 7.79387 7.78973 7.78276 7.74611 7.80473 7.74319 7.69285 7.74174 7.74242 7.55603 7.61822 7.62722 7.27689 7.24936 7.22462 7.32271 7.40153
4.54565 4.54572 4.54923 4.54408 4.53958 4.53603 4.54286 4.54092 4.26695 4.26704 4.26083 4.25879 4.25512 4.24897 4.25153 4.48772 4.50016 4.67945 4.58876
4.55437 4.55995 4.55973 4.55966 4.55139 4.55613 4.56485 4.55516 4.59933 4.56117 4.56788 4.58241 4.57623 4.55718 4.57521 4.57459 4.53803 4.75174 4.79603
7.62854 7.6498 7.62729 7.63588 7.59272 7.59513 7.65235 7.60663 7.86444 7.75926 7.78186 7.81053 7.78208 7.74165 7.86352 7.84778 7.77968 7.58604 8.0228
93.8424 93.8332 93.8494 93.8864 93.8257 93.7904 93.8132 93.8409 93.5832 93.518 93.5535 93.7145 93.6582 93.5605 93.7897 94.0751 93.9373 93.5959 93.5005
74.846 74.9395 74.8623 74.8686 74.8144 74.8797 74.9407 74.8946 75.6317 75.3881 75.3891 75.3586 75.5244 75.2627 75.2867 75.2976 75.2869 75.1034 75.2339
72.6014 72.6061 72.6543 72.6128 72.5909 72.5764 72.5678 72.559 72.7338 72.4269 72.6785 72.4003 72.0046 72.1418 71.526 71.762 72.0652 72.8688 72.1549
82.5622 82.5767 82.5577 82.5198 82.5526 82.5508 82.5476 82.5014 82.6861 82.7439 82.7967 82.472 82.4239 82.5235 82.2222 82.1407 82.2851 82.2931 82.7501
97.3437 97.3868 97.4108 97.4132 97.2713 97.2829 97.3187 97.247 97.46 97.4128 97.2535 97.2162 97.4414 97.1452 97.358 98.3926 97.3042 97.9999 96.6226
140.464 140.472 140.491 140.429 140.459 140.452 140.427 140.445 140.679 140.074 140.167 140.305 140.517 140.052 140.277 140.398 140.143 140.762 140.95
5.42187 5.4245 5.41918 5.42014 5.41681 5.42176 5.42343 5.42673 5.43864 5.47098 5.46434 5.46505 5.46943 5.47395 5.47963 5.48089 5.46341 5.52646 5.48638
4.28273 4.28266 4.28277 4.28879 4.28293 4.28551 4.28254 4.29134 4.1764 4.17176 4.17158 4.16896 4.16748 4.18616 4.19408 4.22224 4.22037 4.34902 4.35412
4.34552 4.34627 4.3516 4.34768 4.34633 4.34564 4.34693 4.34948 4.38515 4.35942 4.37541 4.39811 4.39421 4.39203 4.41133 4.40007 4.38945 4.38961 4.36298
4.38565 4.38855 4.385 4.38602 4.38525 4.38639 4.38616 4.38762 4.37779 4.37661 4.37868 4.36413 4.38834 4.39086 4.3775 4.41535 4.37311 4.44746 4.41957
5.21922 5.25835 5.21603 5.23779 5.19824 5.20447 5.26718 5.20299 5.27005 5.20002 5.17471 5.10262 5.10375 5.02026 5.06486 4.8925 4.78786 5.31538 5.08561
7.39442 7.40416 7.39684 7.37961 7.38392 7.38778 7.39406 7.37812 7.50235 7.45136 7.47023 7.41136 7.44702 7.38609 7.37325 7.34319 7.42133 7.45559 7.44504
92.7436 92.7061 92.7486 92.6457 92.7238 92.6487 92.7456 92.7257 91.7576 91.5469 91.2643 91.4757 91.0976 91.604 91.1722 91.0665 91.7494 92.979 93.447
75.3621 75.3314 75.2773 75.4745 75.3677 75.3457 75.2853 75.4364 75.4072 75.4171 75.2466 74.5354 75.1335 75.212 74.429 75.2545 74.6375 75.8283 75.3524
74.6564 74.6626 74.6625 74.6205 74.6673 74.5425 74.4807 74.6024 75.1231 74.0438 74.1269 73.6118 74.0223 73.7624 73.4964 73.4828 73.2016 72.7652 72.0221
82.4318 82.4709 82.5287 82.4067 82.4008 82.3724 82.3392 82.2878 82.8359 82.0521 82.0861 81.6455 82.4932 82.0559 81.3624 81.67 80.1316 82.049 81.9766
104.709 104.788 104.715 104.772 104.673 104.666 104.447 104.448 103.532 103.054 102.83 102.66 103.359 102.833 102.551 103.95 103.591 104.619 103.79
65.4312 65.4027 65.5065 65.5008 65.4445 65.3863 65.3734 65.4668 65.9641 65.6632 65.9982 65.3036 65.6943 65.5011 65.1027 65.8289 65.6371 64.8929 64.8958
142.502 142.521 142.541 142.475 142.475 142.471 142.352 142.336 142.257 142.239 142.215 142.112 142.32 142.079 142.075 142.165 141.974 141.573 141.977
5.55009 5.54861 5.54907 5.55195 5.5465 5.54376 5.55728 5.55487 5.77951 5.86748 5.93855 5.93102 5.95773 5.8848 5.98583 6.11024 6.15973 5.52017 5.50309
4.32158 4.32957 4.33639 4.3163 4.32369 4.32469 4.32245 4.30977 4.38606 4.39477 4.36082 4.27081 4.38393 4.35312 4.16946 4.18801 4.14592 4.29781 4.36372
11.4509 11.4149 11.5783 11.5404 11.7373 11.8484 11.7409 11.7768 11.9169 11.5609 11.698 11.7896 11.4654 11.8443 11.3968 11.2688 11.3983 12.6606 12.4094
4.52725 4.52348 4.52277 4.54126 4.53075 4.5208 4.51926 4.54003 4.48908 4.45122 4.46193 4.48215 4.47636 4.47082 4.55648 4.49705 4.49389 4.69096 4.63549
4.44129 4.44365 4.4309 4.43692 4.43933 4.44594 4.44184 4.44831 4.39326 4.44116 4.41393 4.47165 4.39532 4.42616 4.4425 4.53107 4.71332 4.48467 4.4656
5.63854 5.64732 5.64255 5.63276 5.61742 5.61274 5.66065 5.62772 5.45482 5.47587 5.46587 5.43847 5.46773 5.36439 5.43566 5.54709 5.46059 5.55374 5.44097
4.08119 4.08074 4.10651 4.10962 4.09 4.08234 4.09503 4.11886 4.30672 4.28148 4.27452 4.44223 4.40707 4.38285 4.50416 4.4114 4.50411 4.4438 4.55489
7.82392 7.8214 7.82016 7.80237 7.81603 7.81029 7.80812 7.79987 7.78712 7.81668 7.80397 7.72817 7.7865 7.74312 7.7408 7.79093 7.75849 7.78597 7.7625
92.4196 92.4059 92.4258 92.2481 92.3876 92.4375 92.3717 92.2687 91.6063 91.3405 91.5912 91.1932 91.4172 91.3492 91.4064 92.005 91.9805 91.909 92.2722
153.504 153.395 153.457 153.477 153.596 153.488 153.497 153.6 154.203 153.972 153.903 154.053 153.958 154.269 154.109 154.176 153.59 153.905 153.303
75.0025 74.9516 74.9943 74.9488 75.0077 74.9197 75.0132 74.9662 75.576 75.8134 75.6451 75.7708 75.8864 75.6498 75.737 75.729 75.5251 75.4738 76.0997
73.813 73.917 73.7159 73.7655 73.801 73.7865 73.5299 73.4952 73.7917 73.3459 73.6494 73.0369 73.4547 73.5215 73.345 72.7944 72.8246 74.0605 72.3678
82.669 82.6365 82.6492 82.7071 82.6643 82.5839 82.3665 82.5215 83.0532 82.6773 82.5593 82.4414 82.6459 82.8161 82.4569 80.5618 80.974 83.0362 80.7132
66.1462 66.144 66.1815 65.7753 66.1252 66.1643 66.1333 65.8976 65.0409 64.9021 65.3045 65.0213 64.9278 65.0966 65.0079 64.1684 63.5911 65.4527 65.7424
141.02 141.072 140.991 140.972 141.076 141.065 140.978 140.945 140.788 140.224 140.437 140.392 140.586 140.444 140.696 140.513 140.547 140.998 139.436
5.91158 5.88874 5.8972 5.91454 5.91075 5.89871 5.93173 5.93452 5.9219 5.95354 5.90993 5.98705 5.94338 5.99351 5.9606 5.89867 5.91714 6.41317 6.35895
7.09769 7.14215 7.12826 7.19185 7.07057 7.06017 7.24596 7.13269 7.68499 7.15951 7.27509 7.56366 7.49037 7.55631 7.60513 7.6106 7.35038 7.22572 7.0335
4.44724 4.4522 4.45149 4.45865 4.45077 4.45247 4.45513 4.45659 4.16806 4.16468 4.17307 4.24578 4.25453 4.27439 4.27005 4.25247 4.23573 4.62871 4.55354
4.57455 4.58599 4.5689 4.56571 4.57003 4.57012 4.56978 4.55346 4.60718 4.58594 4.6019 4.53311 4.55409 4.57092 4.55316 4.58279 4.55226 4.83734 4.82658
4.51405 4.51944 4.51234 4.51666 4.51998 4.51631 4.52284 4.52837 4.48167 4.47058 4.46001 4.51387 4.50835 4.50348 4.53088 4.73912 4.64508 4.6122 4.74722
8.39501 8.36603 8.38264 8.43926 8.38958 8.32019 8.32236 8.37135 8.21459 8.11599 8.15775 8.02707 8.08031 8.1122 8.01939 8.21035 8.09146 8.29549 8.32098
93.1188 93.137 93.1383 93.125 93.1771 93.2099 93.0733 93.0953 93.1677 93.1584 93.2697 93.0329 93.0653 93.0816 93.1486 93.4255 93.3114 92.8785 93.5744
75.7352 75.7407 75.7321 75.7985 75.7689 75.7401 75.7119 75.7213 75.1658 75.5046 75.4916 75.4378 75.4732 75.4794 75.329 75.2106 75.4841 75.7441 75.7458
72.046 72.0899 71.956 71.9829 72.1534 72.1013 71.9964 71.9966 72.988 72.3742 72.4299 72.8042 72.7872 72.8702 72.0539 72.5482 72.2005 72.119 72.3147
82.6926 82.6634 82.689 82.6595 82.6619 82.6118 82.5872 82.4995 82.6192 82.5451 82.491 82.4786 82.6028 82.5758 82.1002 82.2001 82.2311 82.7709 81.9098
96.9214 97.1836 96.6557 97.0431 97.2328 97.2308 96.9526 97.0935 98.0441 97.512 97.7308 98.5942 98.2904 98.0447 99.1844 98.4917 97.6036 97.31 97.2252
139.919 139.814 139.916 139.779 139.785 139.662 139.944 139.783 140.42 140.602 140.347 140.482 140.659 140.214 140.777 140.322 140.163 140.224 141.279
5.43305 5.43524 5.43494 5.4406 5.43946 5.43378 5.45592 5.44514 5.36399 5.34199 5.359 5.35919 5.35454 5.36315 5.17578 5.3373 5.35908 5.48658 5.14908
4.54692 4.53353 4.54979 4.51281 4.52514 4.53034 4.53001 4.56019 4.44369 4.33185 4.32968 4.37532 4.37812 4.3471 4.41716 4.40384 4.35725 4.47924 4.41082
4.44421 4.44226 4.44691 4.44735 4.44466 4.43586 4.45247 4.45154 4.38391 4.40522 4.39975 4.39005 4.40229 4.40668 4.35947 4.39463 4.40735 4.4429 4.45783
4.32173 4.32554 4.32015 4.32369 4.32718 4.3249 4.32615 4.3343 4.2975 4.30271 4.31161 4.34378 4.30863 4.33502 4.28793 4.30736 4.31894 4.3692 4.45729
4.87318 4.89382 4.84251 4.89269 4.94587 4.97056 4.915 4.95319 5.38015 5.38352 5.39452 5.58832 5.58227 5.56459 6.13308 5.52646 5.35 5.1189 5.45867
7.30987 7.30757 7.31224 7.32045 7.31659 7.30818 7.31486 7.31573 7.37761 7.41428 7.42062 7.54627 7.56282 7.49882 7.58479 7.47535 7.34628 7.32535 7.50344
93.4546 93.4548 93.605 93.3542 93.5122 93.4896 93.4422 93.6681 92.9438 93.0211 92.9914 92.9841 92.9912 93.0417 92.8354 93.3934 92.9971 92.9484 93.0467
153.828 153.818 153.643 153.863 153.813 153.729 153.734 153.604 153.911 153.913 154.031 153.956 153.973 153.846 153.697 153.62 154.186 153.58 153.903
75.2494 75.231 75.2636 75.2443 75.2429 75.2159 75.2659 75.2849 75.8768 75.5911 75.6495 75.4356 75.4344 75.5796 75.8936 75.0455 75.4949 75.227 75.372
73.1078 73.0869 72.9521 72.9765 73.0576 73.1369 72.9452 73.0528 73.2737 73.2643 73.0816 73.3054 73.1351 72.8328 73.1246 73.266 72.9841 72.8982 72.6817
82.4785 82.5204 82.3191 82.5778 82.4653 82.4884 82.3878 82.2909 82.8088 82.725 82.6409 82.6587 82.6206 82.521 82.8405 82.4506 82.5362 82.6496 82.0955
138.897 138.985 138.713 139.022 139.095 139.111 138.982 138.846 139.978 139.394 139.59 139.829 139.809 139.391 139.961 139.568 139.404 139.442 139.095
5.95068 5.95358 5.95617 5.9585 5.95335 5.95618 5.9596 5.96986 5.89691 5.90237 5.91128 5.91828 5.87578 5.89591 5.90785 5.90358 5.87273 6.41026 6.35325
7.27351 7.33891 7.22044 7.3631 7.29698 7.2615 7.22552 7.16427 7.40263 7.49929 7.60263 7.37838 7.38717 7.45741 7.38868 7.55427 7.62915 7.0426 7.08023
4.55995 4.55763 4.55382 4.55946 4.56352 4.56445 4.55327 4.56418 4.18038 4.20347 4.20596 4.21507 4.20585 4.20946 4.19237 4.42839 4.20691 4.65304 4.63918
7.94577 7.95986 7.92016 7.97106 7.98038 7.98404 7.95417 7.92416 8.14833 8.0299 8.01537 8.03637 7.99091 8.01027 8.13898 8.09093 8.21859 8.01963 7.91944
93.9992 94.0145 94.1568 94.0483 94.1205 94.0588 94.0112 94.1429 93.507 93.7942 93.7262 93.6082 93.8809 93.6913 93.6798 93.5216 93.2338 93.8137 93.5401
75.3432 75.2879 75.3394 75.2652 75.3807 75.319 75.3204 75.366 74.9657 75.183 75.1377 75.116 75.1676 75.183 75.2214 75.1555 74.8189 75.3962 75.2809
71.7764 71.6522 71.7504 71.5549 71.6414 71.7224 71.6259 71.757 72.9754 71.805 72.4169 72.1117 72.13 72.0232 72.8914 71.9674 72.5516 71.6119 71.6657
82.2549 82.233 82.1727 82.1735 82.1605 82.2196 82.2114 82.2113 82.8761 82.0642 82.2657 82.4701 82.3741 82.1999 82.6756 82.2444 82.1182 82.1356 82.3353
103.209 103.189 103.109 103.226 103.167 103.149 103.227 103.241 103.931 103.36 103.315 103.398 103.554 103.578 104.054 104.764 106.149 103.493 103.244
140.678 140.592 140.474 140.596 140.627 140.622 140.662 140.504 141.858 141.48 141.683 141.624 141.474 141.63 141.934 141.718 141.45 140.821 140.826
5.47278 5.46017 5.4771 5.45787 5.47234 5.46905 5.47559 5.48505 5.38771 5.43529 5.43505 5.48859 5.4809 5.46951 5.41785 5.05942 4.94774 5.44044 5.43529
4.34965 4.34488 4.3245 4.33915 4.33572 4.34558 4.35786 4.34581 4.25898 4.18743 4.21157 4.22581 4.18341 4.22401 4.21322 4.3099 4.63496 4.33529 4.31906
12.1202 12.124 12.1551 12.1022 12.1647 12.0987 12.1653 12.1196 11.2733 11.4349 11.6456 11.5413 11.4891 11.4228 11.243 11.3946 10.86 11.4376 11.3466
4.45661 4.45356 4.45135 4.45591 4.45461 4.45073 4.45953 4.45523 4.41524 4.43783 4.43618 4.43933 4.4462 4.46513 4.43688 4.37719 4.43293 4.53709 4.55093
4.41739 4.41481 4.41532 4.4163 4.41857 4.41982 4.41711 4.42222 4.39345 4.38018 4.38141 4.38579 4.41959 4.37134 4.39566 4.43002 4.33847 4.43044 4.44281
5.22664 5.22701 5.20673 5.22814 5.20704 5.21211 5.22916 5.2273 5.54593 5.33989 5.39497 5.29294 5.24058 5.26613 5.42456 5.94229 6.45713 5.31823 5.16885
7.44548 7.43519 7.42228 7.4354 7.42581 7.42973 7.47928 7.43329 7.77089 7.63248 7.66684 7.6333 7.63682 7.65185 7.7015 7.77045 7.87709 7.46203 7.48382
158.946 159.088 159.217 159.003 159.087 159.235 159.177 159.34 155.848 156.996 156.576 156.525 157.363 157.506 156.541 157.771 158.189 158.316 158.002
94.069 94.0633 94.0745 94.0615 94.1204 94.0594 94.0832 94.085 93.628 93.6817 93.7893 93.8799 93.9204 93.7881 93.5452 93.761 93.6934 93.9211 93.601
76.0499 76.0196 76.068 76.0552 76.0273 76.0605 76.025 76.0852 76.2928 75.8845 75.9413 75.8332 75.7986 75.8359 76.1661 75.7785 75.7472 76.0808 76.1215
72.0118 71.8578 71.9526 71.9995 72.0768 71.982 71.9803 71.9522 72.8594 72.6643 72.6096 72.774 72.7745 72.7045 73.0507 72.6162 73.23 72.0661 72.1045
82.4769 82.4489 82.4961 82.4491 82.4573 82.485 82.455 82.4954 82.7241 82.5766 82.5917 82.5321 82.6242 82.647 82.8771 82.687 82.7997 82.3718 82.7209
95.6659 95.3376 95.5565 95.4216 95.6994 95.4527 95.607 95.5751 96.1496 97.0642 97.1149 97.058 96.8809 96.9274 97.011 97.0701 97.0581 96.3949 95.493
142 141.967 142.044 141.97 142.007 142.054 141.998 141.992 141.861 141.888 141.873 142.051 141.917 141.957 142.055 142.297 142.359 141.96 142.16
5.68464 5.67742 5.69026 5.67666 5.69271 5.67446 5.68404 5.68281 5.61878 5.6408 5.62138 5.6327 5.62243 5.62171 5.6104 5.58383 5.61058 5.70046 5.66484
4.36682 4.37251 4.37439 4.3574 4.37357 4.38815 4.38144 4.37898 4.15513 4.15596 4.1462 4.17243 4.16313 4.15258 4.13627 4.19207 4.1822 4.37576 4.35212
4.43957 4.43642 4.43827 4.44331 4.44217 4.44288 4.44109 4.44178 4.44772 4.42788 4.43079 4.43358 4.42958 4.42746 4.43447 4.42483 4.4536 4.4402 4.43845
5.61888 5.60767 5.63707 5.60553 5.62558 5.62463 5.61345 5.62674 5.64216 5.64658 5.66586 5.68578 5.64506 5.6432 5.63945 5.70174 5.77905 5.59896 5.58778
4.39293 4.38345 4.38452 4.39069 4.37535 4.38296 4.39694 4.38512 4.26432 4.27669 4.27345 4.25429 4.30067 4.25722 4.12332 4.17031 4.19901 4.49681 4.44085
7.93372 7.93788 7.94688 7.93867 7.94736 7.94026 7.93399 7.93739 7.8518 7.83437 7.82992 7.86672 7.84074 7.85775 7.85656 7.88999 7.85665 7.87768 7.91739
93.4907 93.4816 93.5533 93.4232 93.5287 93.6453 93.5081 93.5235 93.196 93.2381 93.2973 93.2605 93.2895 93.2694 93.224 93.401 93.044 93.3366 92.6254
77.0779 77.0827 77.0723 77.0551 77.0696 77.0967 77.0705 77.0544 76.9423 76.9419 77.0077 76.9642 77.0389 77.0644 76.9605 76.9343 77.092 77.0608 76.8511
69.5187 69.4436 69.5021 69.4797 69.5602 69.4411 69.4655 69.4691 70.0425 69.7256 69.936 70.259 69.8638 70.0046 70.169 70.192 70.1735 69.6808 70.6457
82.0928 82.0992 82.0759 82.1222 82.0894 81.9297 82.0531 82.0577 82.4327 82.3452 82.3115 82.4444 82.4154 82.3111 82.4222 82.3428 82.4015 82.065 82.0557
97.4845 97.1431 97.4646 97.475 97.572 97.3628 97.3828 97.4531 98.2374 99.0233 98.9715 99.3079 98.4879 98.5527 98.7961 99.3593 99.3285 97.9974 98.4167
141.695 141.665 141.761 141.607 141.74 141.698 141.718 141.638 141.255 141.389 141.574 141.732 141.595 141.699 141.525 141.756 141.646 141.772 142.1
5.64948 5.6467 5.65541 5.64355 5.65339 5.65916 5.64829 5.65056 5.62741 5.63086 5.63463 5.63721 5.63586 5.63814 5.63764 5.63892 5.64283 5.67211 5.73524
4.16472 4.17255 4.16219 4.17305 4.16144 4.16782 4.16575 4.17174 4.08776 4.09776 4.08919 4.09501 4.10618 4.1 4.08496 4.10328 4.02817 4.20166 4.16048
4.32146 4.31721 4.32087 4.31459 4.32405 4.32765 4.32047 4.31834 4.308 4.30942 4.29853 4.31625 4.30926 4.30865 4.3208 4.31557 4.32793 4.32399 4.31855
4.34151 4.34108 4.33768 4.34509 4.34064 4.34628 4.33944 4.34395 4.32837 4.34236 4.32634 4.30981 4.33046 4.3108 4.33373 4.33661 4.33079 4.37506 4.3418
5.49969 5.48382 5.50222 5.48718 5.50186 5.49825 5.49081 5.50251 5.63505 5.60907 5.64033 5.63731 5.58371 5.61812 5.64218 5.63563 5.61484 5.52698 5.50368
7.76403 7.76648 7.76979 7.75252 7.76639 7.76921 7.76456 7.75811 7.7284 7.69965 7.72561 7.734 7.72471 7.73408 7.7295 7.7286 7.73995 7.74722 7.74711
