92.2844 92.2844 92.0854 92.0854 92.4654 92.4654 92.503 92.503 91.8688 91.8688 92.3843 92.3843 92.2802 92.2802 91.9751 91.9751 91.9698 91.9698 91.7895 91.7895 92.0056 92.0056 91.954 91.954 91.8615 91.8615 91.9759 91.9759 91.951 91.951
91.9913 91.9913 91.9581 91.9581 91.9645 91.9645 91.9354 91.9354 91.9315 91.9315 91.9703 91.9703 91.8395 91.8395 91.9406 91.9406 91.9821 91.9821 91.9217 91.9217 91.9596 91.9596 91.9596 91.9596 91.8853 91.8853 91.8678 91.8678 91.9403 91.9403
139.223 139.707 139.395 138.892 138.025 138.649 138.466 139.114 138.747 139.361 138.96 139.055 137.309 139.304 139.414 139.088 138.914 139.008 138.907 139.162 139.018 137.888 138.636 139.016 139.166 138.678 138.778 138.953 139.302 138.623
12.1148 12.1572 11.8582 12.2741 12.1982 12.0852 12.6311 12.3639 12.3463 12.3603 12.376 12.3561 12.3415 11.9357 12.4245 12.3561 12.3676 12.3566 12.3154 12.3415 12.343 12.3532 12.3559 12.3438 12.3457 12.3776 12.3709 12.3589 12.3148 11.9208
5.75594 5.74608 5.76848 5.70627 5.75933 5.72342 5.74127 5.90426 5.90655 5.9158 5.90272 5.91261 5.90391 5.90319 5.90346 5.89987 5.90221 5.9068 5.89588 5.92248 5.89926 5.89487 5.89052 5.89666 5.89508 5.88986 5.88858 5.90209 5.89966 5.89657
4.63411 4.59806 4.41497 4.49235 4.2936 4.22886 4.25259 4.67845 4.70844 4.62334 4.64407 4.70881 4.59411 4.69423 4.7774 4.72784 4.71793 4.70963 4.72868 4.72576 4.7075 4.73148 4.71353 4.74282 4.72543 4.69944 4.6534 4.65008 4.67512 4.68669
4.2163 4.24487 4.22665 4.24279 4.25687 4.2419 4.2341 4.70816 4.71015 4.69778 4.70644 4.70684 4.70819 4.70515 4.70755 4.71501 4.71386 4.70898 4.71471 4.7061 4.71118 4.72212 4.71788 4.7144 4.70749 4.71546 4.71143 4.69839 4.70346 4.71441
7.81215 7.92337 7.76976 7.79254 7.86061 7.83392 7.91296 8.0583 8.05965 8.04116 8.10933 8.00481 8.01826 7.98673 8.03755 8.0376 8.07713 8.01502 8.14625 8.00489 8.05493 8.59341 8.08448 8.09671 8.02866 8.02988 8.09992 8.04951 7.98342 8.11824
145.197 145.701 144.241 145.457 144.38 146.48 146.864 144.917 145.03 144.896 145.015 144.884 145.119 145.196 145.497 144.954 145.023 144.906 145.066 144.662 145.04 145.567 145.249 144.881 144.801 145.269 145.534 145.222 145.193 144.791
92.3953 92.2444 92.6964 92.1216 92.1652 92.5246 92.4625 92.3841 92.3703 92.4114 92.3285 92.3263 92.4463 92.1626 92.1316 92.3161 92.3144 92.3511 92.262 92.309 92.3182 92.2264 92.3205 92.33 92.2994 92.3058 92.2805 92.2706 92.2009 92.2187
75.6298 75.7958 75.4403 75.7093 75.725 75.189 75.2387 75.6565 75.5856 75.645 75.8314 75.5925 75.9092 75.5951 75.6522 75.5952 75.6568 75.5774 75.593 75.8637 75.5569 75.6812 75.5139 75.5834 75.5612 75.5654 75.6124 75.7631 75.5266 75.7037
74.0411 73.5263 74.3061 74.0482 73.4228 74.4378 74.1716 73.8205 73.4088 73.5086 74.3312 73.3377 73.4128 73.6934 73.5477 73.6064 73.3777 73.3794 73.6066 73.5808 73.491 73.5533 73.6486 73.4647 73.4094 73.6309 74.1218 73.9136 73.7286 73.5315
82.8252 82.8288 82.7436 83.0433 82.804 83.1539 82.9946 82.722 82.5067 82.54 82.7915 82.5278 82.5437 82.8154 82.6907 82.6399 82.4794 82.5318 82.6694 82.6891 82.5885 82.6868 82.6273 82.5591 82.538 82.6321 82.8424 82.7725 82.7282 82.7897
66.1218 65.9708 66.1294 66.0204 65.9577 66.4892 66.4523 66.048 65.9423 66.1002 66.2524 65.9077 66.1197 65.9919 65.9249 65.9754 65.9099 65.9515 65.9942 65.9363 65.9634 65.8775 65.9764 65.971 66.0746 66.0054 66.0774 66.0788 66.0643 65.9945
138.248 137.68 137.754 137.236 137.127 137.718 137.665 136.955 136.598 137.084 137.272 136.755 136.828 137.202 136.976 136.746 136.666 136.665 136.743 136.941 136.729 136.654 136.67 136.669 136.639 136.658 137.072 137.034 136.983 136.965
12.3531 12.4138 12.8981 12.4037 12.0925 12.9101 12.5292 12.5086 12.4831 12.5161 12.5465 12.5065 12.5593 12.3202 12.561 12.5163 12.5191 12.5199 12.5087 12.5179 12.5267 12.5426 12.5281 12.5194 12.4651 12.5166 12.5033 12.518 12.499 12.3162
5.75001 5.78209 5.76323 5.74204 5.76775 5.23169 5.40983 5.95651 5.93794 5.93857 5.96477 5.93483 5.93188 5.92771 5.93653 5.93775 5.92598 5.93536 5.94731 5.94707 5.93474 5.92733 5.9211 5.94244 5.94733 5.91936 5.92608 5.92899 5.93112 5.93607
4.62671 4.6287 4.442 4.38913 4.39692 4.42604 4.46007 4.74735 4.69153 4.73178 4.81916 4.69199 4.67661 4.71227 4.70777 4.71177 4.70433 4.69896 4.71617 4.58483 4.71532 4.66195 4.70529 4.71082 4.74561 4.70511 4.71978 4.65554 4.71687 4.62838
4.57436 4.63778 4.52964 4.62108 4.52532 4.49947 4.47284 4.67281 4.62714 4.57425 4.70186 4.61165 4.57463 4.64428 4.66177 4.65065 4.60356 4.61622 4.65454 4.67033 4.63404 4.65398 4.66829 4.64119 4.63408 4.65326 4.6808 4.64027 4.6332 4.60589
4.50714 4.49812 4.4572 4.43451 4.45968 4.46203 4.4765 4.53555 4.5393 4.53697 4.54867 4.53053 4.53337 4.54047 4.55517 4.53543 4.5528 4.5368 4.52671 4.53105 4.537 4.53921 4.53978 4.53814 4.53849 4.53737 4.52024 4.52679 4.52945 4.51931
4.30459 4.3975 4.30424 4.29987 4.34577 4.18071 4.21612 4.69661 4.65595 4.68676 4.71486 4.67366 4.72622 4.68965 4.70774 4.68439 4.6875 4.6726 4.67264 4.68677 4.67939 4.68648 4.67705 4.6775 4.66537 4.67207 4.70089 4.67756 4.6867 4.64443
4.40207 4.25898 4.28264 4.17215 4.20739 4.33963 4.31183 4.37868 4.35903 4.40066 4.38785 4.34319 4.41725 4.35842 4.34081 4.35103 4.34374 4.34931 4.34577 4.3506 4.34771 4.34215 4.36084 4.34573 4.35074 4.35423 4.38227 4.37758 4.36781 4.34915
7.60979 7.60979 7.48229 7.48229 7.58018 7.58018 7.50677 7.50677 7.4427 7.4427 7.70029 7.70029 7.6542 7.6542 7.47041 7.47041 7.45031 7.45031 7.55417 7.55417 7.55622 7.55622 7.41074 7.41074 7.58561 7.58561 7.47517 7.47517 7.40832 7.40832
7.39606 7.39606 7.39761 7.39761 7.41306 7.41306 7.39583 7.39583 7.46612 7.46612 7.43872 7.43872 7.33421 7.33421 7.4418 7.4418 7.37044 7.37044 7.47042 7.47042 7.4515 7.4515 7.5217 7.5217 7.49471 7.49471 7.45285 7.45285 7.46403 7.46403
145.91 145.946 146.753 146.203 146.135 146.43 145.868 146.437 146.254 146.093 145.158 146.262 146.065 145.54 146.473 146.416 146.355 146.364 146.335 146.575 146.381 146.481 146.667 146.372 146.295 146.579 146.067 146.508 146.061 145.77
92.3075 92.572 92.3619 92.2058 92.5004 92.6381 92.3889 92.6758 92.5887 92.7146 93.2499 92.5928 92.4282 92.5984 92.5447 92.5691 92.4761 92.5682 92.5236 92.5897 92.5334 92.4804 92.4239 92.5595 92.6182 92.5117 92.5268 92.4458 92.5672 92.5451
75.8434 76.0109 75.8088 75.7126 75.5091 75.6682 75.7035 75.7577 75.5604 75.6389 75.825 75.541 75.8548 75.5581 75.6983 75.5641 75.5461 75.5314 75.8497 75.6977 75.5869 75.638 75.53 75.7668 75.8579 75.5111 75.6577 75.6404 75.5559 75.7524
73.895 74.5138 73.6898 73.0749 73.8205 73.4889 73.3705 73.4005 73.0382 72.4042 72.2722 73.2972 73.2604 73.2834 73.6296 73.2423 73.1463 73.3632 72.911 73.5948 73.0768 73.5642 73.1552 73.495 73.1468 73.454 73.4518 73.6964 73.1819 73.4899
82.7039 82.8218 82.4435 82.5148 82.4661 82.4517 82.5009 82.2881 82.2483 82.0589 81.6163 82.3104 82.3591 82.4531 82.5394 82.38 82.3506 82.408 82.2908 82.5022 82.2963 82.5655 82.4578 82.4483 82.294 82.4503 82.4358 82.5612 82.2308 82.4681
66.0765 66.2618 66.1199 65.9042 65.9748 66.1761 66.1102 65.9888 65.9703 65.9519 65.949 65.9807 65.9743 66.055 65.9618 66.0085 65.9137 66.0048 65.9151 66.1463 65.9541 66.0191 66.0388 65.9852 66.0044 66.0413 65.9664 66.1753 66.0825 66.1625
137.798 138.032 136.823 136.977 136.432 136.964 136.594 136.386 136.22 135.847 136.99 136.344 136.256 136.456 136.659 136.336 136.366 136.35 136.209 136.819 136.203 136.543 136.268 136.466 136.185 136.343 136.449 136.688 136.093 136.493
11.8019 11.8558 12.6048 12.0277 12.5641 12.4241 12.2236 12.6269 12.4328 12.4046 12.4662 12.4401 12.4432 12.4849 12.4842 12.4328 12.4346 12.4557 12.4488 12.5165 12.442 12.474 12.4352 12.4404 12.4187 12.4701 12.4635 12.4175 12.4025 12.4463
5.75769 5.70053 5.75082 5.74226 5.7239 5.7313 5.73549 5.94983 5.9246 5.95225 5.94336 5.92061 5.93283 5.94802 5.93478 5.93192 5.91907 5.92464 5.92727 5.89417 5.92641 5.91255 5.92852 5.92292 5.93626 5.90481 5.91337 5.93016 5.93442 5.9149
4.62318 4.61423 4.22525 4.39368 4.38603 4.24111 4.24637 4.61786 4.68415 4.69864 4.64451 4.69895 4.65986 4.749 4.65605 4.70997 4.68379 4.70302 4.56145 4.68951 4.6881 4.69095 4.70008 4.62136 4.57762 4.7285 4.65559 4.70668 4.73187 4.72037
4.63147 4.6103 4.62373 4.46226 4.54469 4.66989 4.64612 4.65001 4.60067 4.58612 4.64381 4.62496 4.6128 4.62416 4.66361 4.64079 4.62219 4.64465 4.60613 4.60947 4.61074 4.65387 4.61616 4.64611 4.62412 4.6498 4.63414 4.63335 4.60279 4.56861
4.48327 4.48707 4.46497 4.55669 4.49126 4.45678 4.48593 4.53813 4.53921 4.54309 4.59191 4.5417 4.53387 4.53449 4.54185 4.5333 4.53846 4.52958 4.52873 4.53313 4.5476 4.5173 4.52259 4.51681 4.51548 4.54182 4.54583 4.52636 4.55035 4.52644
4.37795 4.33103 4.32306 4.33084 4.35393 4.31046 4.31581 4.64557 4.63376 4.6198 4.66886 4.63562 4.68437 4.66176 4.64698 4.64801 4.64664 4.64194 4.62224 4.72535 4.6355 4.68306 4.63678 4.62011 4.60066 4.66227 4.65814 4.67185 4.63526 4.69288
4.27308 4.36009 4.26143 4.21677 4.29625 4.27721 4.27103 4.37051 4.36709 4.3676 4.77487 4.36999 4.35065 4.36186 4.36289 4.3659 4.36238 4.37028 4.36149 4.40667 4.36386 4.37101 4.36645 4.36643 4.36476 4.35917 4.35379 4.38631 4.37001 4.37327
7.53694 7.62433 7.3183 7.52467 7.36474 7.36267 7.37946 7.37665 7.41018 7.45086 8.09534 7.4222 7.39954 7.36412 7.40188 7.38733 7.40409 7.40789 7.39649 7.61507 7.38719 7.42002 7.37626 7.41996 7.42255 7.37126 7.35181 7.48815 7.38019 7.47932
145.393 144.65 147.138 145.944 147.513 147.305 147.467 146.087 146.74 146.489 146.619 146.774 146.417 146.586 146.523 146.723 146.773 146.757 146.77 146.426 146.628 146.718 146.67 146.616 146.701 146.819 147.219 146.306 146.834 146.864
92.5175 92.379 92.7525 92.468 92.7073 92.7291 92.5419 92.3064 92.5821 92.7096 92.7564 92.5235 92.417 92.7879 92.6953 92.5291 92.472 92.5714 92.4107 92.3738 92.4683 92.361 92.593 92.4787 92.5544 92.4225 92.3614 92.5972 92.5774 92.3967
75.7229 75.8121 75.473 75.5228 75.3145 75.6514 75.8549 75.921 75.4243 75.7755 75.5076 75.4563 75.6802 75.5146 75.7282 75.4139 75.465 75.4217 75.6475 75.4637 75.5484 75.4188 75.3697 75.7011 75.6603 75.3772 75.415 75.4547 75.4216 75.4785
73.8482 74.0303 73.8113 73.0573 73.4202 74.1762 73.9801 73.4803 72.9636 72.9381 74.0552 73.1087 73.1514 73.1452 74.1867 73.2762 73.1703 73.0371 73.6125 73.2488 72.9333 73.2246 72.9933 73.599 73.9798 73.0264 73.5492 73.3814 72.9567 73.0387
82.8652 82.944 82.6188 82.4989 82.674 82.9154 82.841 82.8394 82.4408 82.4029 82.6347 82.5174 82.4482 82.3297 82.7091 82.5603 82.5179 82.4666 82.738 82.568 82.4831 82.6122 82.4291 82.7051 82.8002 82.5076 82.7746 82.4834 82.3836 82.5362
66.2146 66.2268 66.193 66.1108 65.9815 66.2456 66.2462 65.8696 65.9191 65.9174 66.1812 65.9346 65.9654 65.9977 66.2353 65.8435 65.9471 65.9945 66.0221 65.8242 66.0081 65.8708 65.9552 65.9968 66.1687 65.9481 66.0211 65.9481 65.9511 65.8461
137.62 137.747 136.692 136.195 136.499 137.124 136.91 137.061 136.057 135.828 136.384 136.15 136.023 136.109 137.265 136.253 136.182 136.03 136.626 136.276 135.878 136.279 135.952 136.937 136.813 135.983 136.353 136.32 135.941 136.094
12.1327 12.0551 12.6008 12.093 11.9178 12.6894 12.8796 11.9757 12.2674 12.328 12.9007 12.3239 12.3089 12.1902 12.7234 12.3282 12.2952 12.2961 12.3134 12.3047 12.261 12.2778 12.278 12.2631 12.2379 12.2422 12.2682 12.3073 12.3048 12.3606
5.6938 5.72946 5.63419 5.73168 5.66156 5.4993 5.55777 5.87025 5.84702 5.89632 5.91162 5.84187 5.84847 5.8856 5.90172 5.87752 5.83335 5.83871 5.8326 5.8419 5.85297 5.84041 5.84006 5.85729 5.83799 5.83301 5.8406 5.87153 5.82786 5.8293
4.56507 4.57176 4.23504 4.32521 4.43113 4.21887 4.20476 4.66955 4.66118 4.60896 4.70386 4.67403 4.64071 4.6969 4.6403 4.584 4.66313 4.68758 4.64453 4.66046 4.65328 4.65705 4.67177 4.67293 4.62261 4.66418 4.67645 4.6199 4.65671 4.66632
4.58657 4.60075 4.50913 4.51974 4.58538 4.53069 4.49401 4.63989 4.61041 4.61822 4.615 4.63191 4.60163 4.62334 4.67241 4.64083 4.63214 4.62302 4.61539 4.63954 4.57599 4.62302 4.60787 4.65466 4.60668 4.58846 4.61077 4.65309 4.63414 4.63926
4.46331 4.47669 4.4234 4.40358 4.45552 4.39979 4.43612 4.4802 4.4883 4.47605 4.513 4.48595 4.4943 4.49866 4.50955 4.48615 4.49114 4.48814 4.47653 4.49875 4.48839 4.47982 4.48625 4.48293 4.48178 4.50643 4.47713 4.48839 4.48398 4.48177
4.27853 4.28906 4.28619 4.35015 4.32859 4.27285 4.28216 4.68078 4.63125 4.62093 4.69505 4.62744 4.66594 4.64184 4.6154 4.62142 4.6403 4.63171 4.69161 4.66712 4.62699 4.6589 4.65006 4.65777 4.59467 4.6211 4.67225 4.62621 4.61104 4.6799
4.3256 4.30257 4.24583 4.24586 4.26853 4.28037 4.27919 4.37473 4.3642 4.35944 4.36544 4.36127 4.35053 4.36651 4.49745 4.35832 4.36551 4.36135 4.38335 4.3451 4.35608 4.3462 4.36762 4.4739 4.40351 4.34713 4.35693 4.36308 4.36911 4.33441
7.63967 7.63166 7.54016 7.40467 7.54398 7.62013 7.57919 7.4711 7.43391 7.42874 7.4052 7.38744 7.44529 7.39965 7.57957 7.40515 7.41731 7.38868 7.61804 7.39935 7.409 7.41732 7.3978 7.5725 7.62898 7.38015 7.44318 7.4053 7.41848 7.41188
145.76 145.813 147.063 147.34 146.239 146.574 146.526 146.828 147.624 147.309 147.521 147.802 147.675 147.731 147.858 147.425 147.754 147.582 147.345 147.769 147.543 147.927 147.471 147.633 146.944 147.404 147.508 148.626 148.154 147.931
92.6259 92.5578 92.4328 92.6105 93.6145 92.537 92.4558 92.1399 93.0932 92.9208 93.1153 92.9336 92.7544 93.0619 92.6341 92.6622 92.7984 92.9837 92.7894 92.7758 92.8655 92.811 92.9669 92.7141 92.5263 92.6146 92.8665 92.4147 92.6528 92.6298
154.353 154.357 154.026 155.242 154.817 154.546 154.599 154.409 153.912 154.496 153.739 154.147 154.134 153.622 153.678 154.297 154.041 154.088 154.058 154.05 154.096 153.943 153.963 153.981 154.017 154.013 154.012 154.194 153.976 153.924
75.8402 75.8822 75.3624 75.8288 75.3589 74.6854 74.6077 75.1944 75.5449 75.1162 75.9167 75.0538 75.1657 75.3184 75.4226 75.2273 75.1328 75.1144 75.2238 75.1632 75.1956 75.0758 75.2498 75.1374 75.1841 75.3403 74.9968 75.4703 75.2636 75.1318
73.6673 73.7465 73.4802 73.8066 72.8812 74.2649 74.53 72.9888 72.5904 73.1332 72.9274 72.975 73.1298 73.2629 73.826 73.5478 73.1614 73.242 73.2374 73.4825 73.487 73.6573 73.2644 73.2331 73.6737 73.9736 73.6949 73.7639 73.5853 73.2511
82.8939 82.9048 82.9262 82.8263 82.6109 83.1962 83.2122 82.9294 82.6453 82.8004 82.4219 82.7146 82.6913 82.6887 82.9613 82.8826 82.7225 82.6605 82.7893 82.8392 82.7233 82.9342 82.7142 82.6788 82.7845 82.865 82.8696 83.0667 82.9173 82.8689
65.9707 66.0077 65.8358 65.497 65.5471 65.9228 65.9674 65.5195 65.7602 65.7765 65.7199 65.8016 65.6871 65.7657 65.6154 65.9304 65.6855 65.7285 65.7495 65.7573 65.6988 65.7769 65.8583 65.6261 65.691 65.7914 65.8283 65.9035 65.798 65.6964
140.509 140.502 140.742 140.234 140 140.813 140.871 139.558 139.72 139.691 140.989 139.692 139.623 139.842 141.265 139.919 139.724 139.594 139.546 139.715 139.632 139.93 139.581 139.507 139.454 139.657 139.626 140.275 139.877 139.735
5.93754 5.98792 5.80546 5.9729 5.91687 5.42521 5.32335 6.43959 6.4508 6.44895 6.48546 6.40817 6.41479 6.45324 6.45138 6.43203 6.40292 6.41647 6.42705 6.41658 6.42609 6.4176 6.43598 6.44212 6.42216 6.42607 6.40198 6.44119 6.41978 6.39144
7.83661 7.83661 7.84284 7.84284 7.70904 7.70904 7.70369 7.70369 7.81068 7.81068 7.74018 7.74018 7.70332 7.70332 6.91332 6.91332 7.21056 7.21056 7.06636 7.06636 7.37325 7.37325 7.29718 7.29718 7.29007 7.29007 7.18439 7.18439 7.31623 7.31623
7.21494 7.21494 7.25845 7.25845 7.26104 7.26104 7.24259 7.24259 7.23449 7.23449 7.26712 7.26712 7.25928 7.25928 7.2599 7.2599 7.27041 7.27041 6.97648 6.97648 6.99987 6.99987 7.23085 7.23085 7.34183 7.34183 7.25438 7.25438 7.23933 7.23933
4.48115 4.47548 4.29679 4.32788 4.29318 4.16046 4.16278 4.61891 4.65225 4.5709 4.57575 4.61777 4.63036 4.64827 4.63443 4.61863 4.63477 4.64641 4.62449 4.63896 4.62586 4.64259 4.63274 4.65182 4.67004 4.69229 4.62599 4.60549 4.66351 4.61662
4.54708 4.55384 4.52344 4.51341 4.61843 4.48723 4.50799 4.75638 4.77958 4.68458 4.79311 4.77011 4.77163 4.7867 4.79894 4.73737 4.78762 4.77833 4.74847 4.77325 4.77285 4.78848 4.78649 4.76312 4.74501 4.77693 4.76894 4.7878 4.80276 4.77591
4.48604 4.4909 4.43594 4.47778 4.49479 4.44324 4.46521 4.62139 4.6027 4.6097 4.6346 4.60582 4.60594 4.61054 4.61652 4.59923 4.59873 4.59965 4.60035 4.59945 4.60274 4.59658 4.59076 4.61855 4.59799 4.59558 4.59474 4.60577 4.60134 4.60201
4.6208 4.6241 4.58926 4.41418 4.63499 4.56278 4.6248 4.68455 4.6554 4.6259 4.58308 4.66833 4.69413 4.68375 4.60629 4.726 4.68373 4.67028 4.67792 4.66795 4.64476 4.68952 4.65711 4.76053 4.59636 4.6523 4.66583 4.66313 4.69167 4.73458
4.24539 4.2435 4.15705 4.36006 4.31648 4.16531 4.15331 4.52331 4.53783 4.51293 4.60232 4.52356 4.52907 4.54325 4.55139 4.473 4.53099 4.53922 4.51436 4.52415 4.5301 4.5181 4.53361 4.54746 4.50933 4.5249 4.51059 4.4984 4.53324 4.51041
8.03284 8.01908 8.07097 7.86739 8.0234 8.12444 8.14107 7.62656 7.75739 7.7678 8.02473 7.7431 7.76705 7.72524 8.077 7.8582 7.74278 7.73686 7.71342 7.71681 7.75071 7.79345 7.73116 7.67803 7.64882 7.71185 7.72138 7.86278 7.75779 7.74998
93.2805 93.3055 93.7767 92.6048 93.7729 94.0481 93.964 93.3208 93.1145 93.4963 92.8129 93.2935 93.1587 93.1706 92.9587 93.5364 93.4265 93.3828 93.4139 93.1585 93.2494 93.343 93.2205 93.595 93.1384 93.0466 92.9392 93.4104 92.9042 92.8158
74.903 74.7844 74.8882 74.157 74.7685 74.8877 74.7406 75.5942 75.3757 75.5845 75.4439 75.4469 75.4444 75.5098 75.1142 75.0143 74.9971 75.114 75.1845 75.265 75.2486 75.2024 75.201 75.1413 75.2851 75.2956 75.7586 76.2796 75.2098 75.9115
73.0495 72.6772 72.8846 71.1831 72.4301 73.188 73.5539 70.0924 73.0424 71.8313 73.2088 72.2545 72.3632 71.8857 73.5688 72.5945 72.6737 72.5702 72.3514 72.8851 72.7159 71.978 72.5953 72.0202 73.4599 73.1325 72.1398 73.5879 72.7521 73.6449
83.1845 82.9951 83.3206 82.1623 83.2066 83.0472 83.1133 82.9171 83.141 82.5497 83.2723 82.6735 82.9507 82.9626 83.4861 82.7286 83.0188 82.7653 82.8672 83.0225 82.94 82.9735 82.8741 82.6414 83.4882 83.4331 83.0621 83.3549 83.0039 83.4468
103.935 103.95 103.952 104.617 104.519 103.811 103.757 104.81 104.16 104.911 104.527 103.858 104.124 103.896 103.942 103.676 103.651 103.682 103.594 103.777 103.557 103.617 104.279 103.707 104.718 104.489 103.64 104.029 103.829 103.477
65.2034 65.2618 65.1077 65.5976 65.4312 65.1171 65.2384 65.0694 64.8318 65.1868 65.0759 65.4124 65.2513 65.033 65.0896 65.1899 65.2182 65.2496 65.1276 65.1595 65.1915 65.1713 65.1432 65.3494 65.2245 65.1173 65.2297 65.4643 65.16 65.1948
142.368 142.421 141.817 143.027 142.016 141.504 141.308 141.417 141.36 141.61 142.473 141.333 141.493 141.081 141.804 140.884 141.197 141.166 141.082 141.296 141.385 140.924 141.277 140.713 141.595 141.424 141.02 141.795 141.246 141.327
5.34842 5.34298 5.4351 5.00733 5.45894 5.45899 5.46635 5.5209 5.45394 5.48677 5.41095 5.46004 5.44782 5.50875 5.49306 5.47183 5.44677 5.46247 5.46367 5.49447 5.47534 5.46684 5.46506 5.48248 5.53953 5.54127 5.49464 5.5149 5.49237 5.45045
4.2762 4.26455 4.29654 4.31188 4.44997 4.24614 4.22372 4.30049 4.42544 4.37482 4.53834 4.47564 4.36034 4.44459 4.55975 4.38914 4.41009 4.40783 4.38899 4.46402 4.39514 4.39028 4.48889 4.43388 4.45646 4.43304 4.43858 4.42833 4.42857 4.38078
13.2938 13.2849 13.7976 11.8534 12.4522 13.9468 14.1245 13.0088 13.6955 13.3122 12.126 13.5138 13.629 13.6011 13.705 13.4861 13.563 13.5365 13.6135 13.4682 13.6418 13.6527 11.9127 13.5487 12.0359 12.0878 13.552 13.764 13.4944 13.6177
4.35335 4.37094 4.32601 4.39087 4.37258 4.35626 4.37157 4.56547 4.50108 4.52874 4.49733 4.51435 4.51864 4.55099 4.49848 4.52014 4.50685 4.5104 4.5168 4.50871 4.51919 4.52671 4.50045 4.53954 4.53258 4.54539 4.51323 4.49725 4.55471 4.49689
4.37653 4.38226 4.37283 4.38939 4.40578 4.43041 4.44452 4.46767 4.44743 4.44344 4.43486 4.42346 4.4224 4.44949 4.418 4.44322 4.41104 4.45607 4.42971 4.43765 4.42379 4.42377 4.43663 4.45797 4.43876 4.44438 4.40829 4.41618 4.44679 4.44981
5.33778 5.35082 5.31554 5.40257 5.31843 4.88533 4.82391 5.131 5.17584 5.34153 5.48442 5.17646 5.17343 5.06152 5.2564 4.94898 5.12817 5.13829 5.13498 5.15272 5.14679 5.04451 5.29786 5.08244 5.08578 5.00317 5.13845 5.32796 5.07616 5.13698
4.11641 4.0891 4.13457 4.23738 4.1978 4.18406 4.16252 4.64274 4.70764 4.53149 4.66013 4.36541 4.35835 4.60383 4.5356 4.40365 4.472 4.35591 4.41006 4.39151 4.33489 4.4516 4.52442 4.37094 4.58371 4.62628 4.42736 4.63645 4.40514 4.60712
4.22287 4.2447 4.17202 4.38041 4.24608 4.26615 4.22783 4.43507 4.34405 4.38178 4.32693 4.37165 4.37104 4.37356 4.35175 4.37572 4.3617 4.36421 4.3638 4.35914 4.36257 4.36389 4.35813 4.37939 4.36538 4.35954 4.35657 4.30391 4.36211 4.32399
7.45683 7.45289 7.59858 7.54303 7.69336 7.62756 7.54771 7.46252 7.43498 7.55576 7.67398 7.44506 7.58304 7.52306 7.65203 7.39494 7.50997 7.4932 7.52566 7.56991 7.54207 7.53246 7.57712 7.49064 7.57138 7.47316 7.57365 7.67947 7.5156 7.53599
159.893 159.967 161.259 158.048 160.331 161.656 161.925 161.704 162.522 161.147 159.159 161.373 162.238 162.71 161.541 162.109 162.138 162.079 162.254 161.998 162.138 162.331 160.892 162.191 159.532 159.43 162.371 164.442 162.288 162.11
92.7392 92.7687 92.8677 91.7068 93.3089 92.9352 92.7207 90.8808 92.8683 91.4687 92.1112 91.8507 92.1939 92.1801 92.3759 93.1755 92.8735 92.6285 92.4552 92.4886 92.2783 92.7961 92.4543 92.7006 92.7278 92.7614 92.0124 88.9595 91.7867 92.1135
76.2215 76.1515 76.1773 75.964 75.4159 75.9614 76.2402 76.2071 75.9177 77.0618 75.9801 75.968 75.8202 75.9309 76.0431 75.7693 75.7497 76.0291 76.3184 76.0182 76.2185 76.1021 75.8514 75.7948 75.9052 75.7953 76.3724 76.4674 76.2213 75.7674
74.0471 73.942 73.8402 75.6196 73.3383 73.3556 74.6797 73.8152 73.4449 75.6576 73.4572 72.5064 73.5032 72.9758 72.9302 72.86 73.1038 73.6312 72.1272 73.8363 73.6165 71.6838 73.2248 73.103 73.4177 73.111 73.919 76.0777 73.8591 73.792
82.8624 82.6748 83.2774 81.5016 82.9582 83.3099 83.4007 84.0976 83.5485 84.0918 83.2469 83.4468 83.6252 83.3868 83.4913 83.0075 83.0304 83.2265 83.0611 83.5721 83.374 82.9626 83.4813 82.7973 82.9331 82.8029 83.6103 84.1658 83.5546 83.578
103.887 104.128 103.306 105.821 105.317 103.24 102.364 104.309 104.535 103.467 104.534 103.36 106.172 103.661 103.115 104.493 104.36 104.314 103.83 103.7 104.007 103.774 103.51 104.554 104.031 104.006 103.915 106.284 104.644 103.523
66.2074 66.2914 65.5341 65.5656 65.8266 65.5348 65.6027 64.6691 65.1789 65.0509 65.2233 64.8194 65.3482 64.8827 64.9279 65.5156 65.6507 65.3853 65.1282 65.0654 65.1459 65.0868 65.031 65.5899 65.6089 65.7588 65.1422 66.8533 65.48 65.0869
142.727 142.736 142.291 143.432 142.012 142.269 142.546 142.501 142.606 143.177 143.469 142.832 142.044 142.485 142.488 142.068 142.026 142.309 141.911 142.448 142.644 141.842 141.939 141.631 141.717 141.544 142.769 144.37 141.711 142.409
5.43896 5.41144 5.58685 5.57556 5.64619 5.61358 5.61597 5.74347 5.61265 5.66057 5.5987 5.48974 5.49426 5.62469 5.59157 5.54603 5.5419 5.58425 5.58842 5.59488 5.58974 5.57185 5.64068 5.48711 5.63825 5.65657 5.60355 6.17028 5.55715 5.63259
4.33518 4.34024 4.11062 4.48767 4.24694 4.13016 4.10925 4.52342 4.59483 4.22097 4.60902 4.40967 4.55988 4.51634 4.38089 4.54587 4.53338 4.444 4.41571 4.43761 4.38166 4.4148 4.6131 4.44035 4.41858 4.53651 4.3283 4.53569 4.32111 4.61013
13.0879 12.968 13.8369 11.7626 11.2229 14.0427 14.0319 12.9476 11.7832 11.0955 13.2162 13.4668 12.2361 12.8745 12.7937 11.2553 11.7231 11.5988 12.9092 12.262 13.4559 12.9687 13.254 10.4606 13.0227 12.8373 13.6266 11.8254 12.9651 13.5676
4.46315 4.4738 4.45455 4.49429 4.53538 4.4521 4.43936 4.62826 4.59824 4.58631 4.64962 4.6481 4.6594 4.65286 4.66272 4.6339 4.64155 4.6404 4.64514 4.63393 4.65005 4.65497 4.64542 4.64005 4.65545 4.67239 4.68703 4.581 4.66904 4.6448
4.40488 4.40911 4.43466 4.46687 4.33533 4.46927 4.45086 4.46341 4.44626 4.42799 4.44684 4.42653 4.38347 4.45781 4.45107 4.45594 4.4522 4.44603 4.43589 4.45365 4.44387 4.46286 4.45181 4.46208 4.4799 4.47198 4.45076 4.50537 4.4507 4.44621
5.58654 5.59996 5.39742 5.84043 5.72988 5.38476 5.3849 5.74342 5.72514 5.73608 5.84571 5.866 5.9125 5.72005 5.60774 5.61911 5.64172 5.60503 5.53317 5.60622 5.66007 5.47867 5.58771 5.73136 5.58161 5.55378 5.67815 5.82392 5.78026 5.7831
4.40706 4.42247 4.17349 4.2929 4.2033 4.11583 4.14259 4.4082 4.43902 4.44895 4.44222 4.30522 4.41233 4.41912 4.37859 4.52155 4.56925 4.50529 4.49245 4.39999 4.47639 4.50943 4.32703 4.55691 4.6171 4.60629 4.45487 4.51419 4.47044 4.41798
4.27447 4.28762 4.32208 4.4041 4.29086 4.22708 4.17589 4.29921 4.34954 4.25498 4.33709 4.34419 4.30545 4.32723 4.35494 4.36243 4.35026 4.34866 4.34939 4.3255 4.32783 4.35828 4.32674 4.34092 4.34383 4.36192 4.33642 4.33252 4.34233 4.34603
7.95427 7.9809 7.76196 7.98252 7.77402 7.73332 7.78242 7.97907 7.86207 7.87446 7.91728 7.96379 7.89814 7.99418 7.82943 7.88365 7.89185 7.892 7.90817 7.87756 7.92288 7.87599 7.84436 7.9122 7.84709 7.82216 7.89283 7.96059 7.82 7.89674
159.556 159.513 159.836 158.424 161.609 160.395 160.683 161.076 158.892 157.952 160.224 158.164 162.54 162.552 163.266 161.07 160.122 161.399 163.778 159.336 162.856 163.962 161.121 158.487 161.588 162.6 161.118 158.473 162.082 160.941
89.414 89.5113 88.4659 89.945 89.3898 89.0303 88.6513 90.869 91.5777 91.1254 91.4659 91.5061 91.3835 91.3983 90.8203 91.3582 91.2259 91.3363 91.2537 91.1316 91.3484 91.0132 91.3606 91.203 91.1787 91.4009 91.0262 91.1186 90.9626 91.2327
76.0045 76.0616 76.0756 75.7597 75.9119 75.7653 76.0426 76.2124 75.9067 75.2721 76.2361 75.8151 75.9785 75.5287 75.2144 76.0375 75.7399 75.931 75.599 75.8519 75.5349 75.5802 75.6224 75.4528 76.0021 75.6629 75.5653 75.3647 75.7719 75.6589
76.4544 76.4566 76.7118 76.2721 75.8698 76.7027 76.9348 75.789 74.2768 77.0535 74.4214 74.148 72.8668 75.1339 75.6542 74.9606 74.7166 74.8326 75.0736 74.9736 74.0863 74.7393 74.8751 74.7026 75.6458 74.8568 75.0969 74.8064 74.6461 74.6489
84.9621 85.0299 85.2112 85.0692 83.5236 84.597 85.1763 84.4266 83.6838 85.6269 83.4233 83.6727 83.9387 83.7905 83.8854 84.1273 84.2681 83.8023 83.4838 83.9424 83.1516 83.5376 83.8559 84.2482 84.0475 83.5097 83.7267 83.3117 83.8673 83.3324
66.5364 66.5107 65.9109 68.2613 67.1538 66.1512 66.1654 66.6266 66.476 68.6656 67.5073 66.2291 67.2765 66.6892 66.4836 66.3302 66.5367 66.4154 66.2328 66.2941 66.3377 65.8478 67.0607 66.2409 66.3489 66.6218 66.3312 66.8709 66.4645 67.2066
139.088 139.14 139.541 140.525 140.683 139.442 139.721 138.481 138.351 140.544 139.308 139.217 137.964 137.64 137.731 137.861 137.742 138.364 138.085 138.11 138.937 137.336 138.058 137.721 138.539 137.817 138.922 137.237 139.694 138.577
10.8577 10.8886 10.803 10.9046 10.9447 10.7992 10.7722 10.7796 10.6369 10.862 11.0883 10.4541 10.6415 10.3554 10.7241 10.2246 10.6522 10.5918 10.674 10.6739 10.8172 10.7329 10.4529 10.2289 10.3695 10.4319 10.7832 11.017 10.2358 10.8982
5.61752 5.60467 5.67702 5.79308 5.8431 5.61964 5.67306 5.66186 5.90243 6.0094 5.89816 5.84755 5.91193 5.59805 4.70248 5.72013 5.7976 5.97936 5.6837 5.79064 5.45626 5.68576 5.62031 5.52498 5.81776 5.70653 5.88669 5.88293 5.81231 5.81591
4.51687 4.5101 4.16502 4.15026 4.18178 4.25322 4.17271 4.42983 4.63131 4.46214 4.67033 4.68297 4.52828 4.57629 4.61322 4.50183 4.50848 4.4721 4.54159 4.46669 4.47854 4.49112 4.54276 4.55469 4.45887 4.53955 4.48659 4.59267 4.67848 4.48503
4.67413 4.68294 4.6452 4.72768 4.66636 4.64123 4.66093 4.59924 4.57046 4.82569 4.61494 4.54944 4.56609 4.58299 4.5476 4.5881 4.56219 4.58256 4.61518 4.58791 4.55734 4.55889 4.61572 4.56194 4.59249 4.58723 4.57431 4.59241 4.62783 4.54627
4.42622 4.4181 4.4795 4.22699 4.48076 4.43344 4.40107 4.39217 4.49688 4.39277 4.52832 4.48549 4.47079 4.36651 4.26301 4.44193 4.41914 4.44674 4.43186 4.44803 4.47929 4.41404 4.4547 4.41444 4.44605 4.45084 4.49916 4.5385 4.47013 4.46817
4.32751 4.34197 4.22753 4.29202 5.11861 4.17742 4.1656 4.51405 4.53357 4.43002 4.73993 4.54064 4.64647 4.62163 4.18279 4.43516 4.50169 4.51706 4.53106 4.53117 4.49518 4.41018 4.72851 4.51226 4.53958 4.64214 4.4612 4.25147 4.64553 4.75025
4.27712 4.2739 4.2911 4.29174 4.55208 4.23237 4.19458 4.24125 4.36107 4.57652 4.47884 4.29202 4.32064 4.2759 4.2495 4.28842 4.24268 4.52218 4.47133 4.33339 4.53655 4.30436 4.27347 4.31209 4.40458 4.30412 4.35783 4.33675 4.35414 4.32513
7.99348 7.98011 7.65518 7.58547 7.86171 7.7112 7.67344 7.81403 7.84092 7.86812 7.84842 7.80696 7.27124 7.68351 7.97764 7.79856 7.72259 7.94299 7.97545 7.93638 7.99342 7.90657 7.95681 7.65763 8.03546 7.90276 7.86868 7.60924 8.06664 7.85022
145.279 145.383 143.564 144.967 145 143.77 143.268 145.142 144.592 144.553 145.279 143.394 144.808 145.335 145.601 145.914 146.007 145.612 145.866 145.54 145.477 145.809 146.204 146.328 146.587 147.657 145.735 145.926 145.029 145.696
89.6413 89.8907 89.5937 91.1606 91.1366 89.4749 89.4682 90.6005 91.718 90.9344 91.8192 91.8355 91.3174 91.1636 91.1217 91.35 91.2036 91.1744 91.2651 91.2683 91.2217 91.2351 91.3082 91.1883 91.0997 91.2976 91.2887 91.1634 91.4521 91.3485
153.981 153.949 154.157 154.75 154.59 154.241 154.591 154.547 156.842 154.985 157.642 155.532 154.669 154.739 155.191 154.257 154.641 154.252 154.446 154.204 154.72 154.472 154.364 154.172 154.544 154.686 154.357 155.003 154.521 154.764
75.8754 75.9331 76.21 75.6827 75.5921 76.2876 76.3314 75.7404 75.4566 75.8636 75.4701 75.7243 75.6 75.9787 75.2192 75.7091 75.8179 75.6767 75.6525 75.647 75.7007 75.6614 75.8055 75.7277 75.9106 75.8662 75.5464 75.3432 75.5969 75.7705
75.1375 74.827 75.68 74.0005 73.9972 75.5492 75.5593 74.4564 74.4614 74.3546 74.645 73.9841 73.0009 73.5007 74.0617 73.8393 73.5344 73.7809 73.5647 73.7166 73.6733 73.7458 73.3741 73.3125 73.4299 73.9806 73.6966 73.4974 73.5267 73.5932
83.6225 83.629 83.6553 84.8385 82.9393 83.8 83.7435 84.0954 83.3991 83.741 83.3884 83.3191 82.9708 83.7551 83.5757 83.7856 83.7489 83.7098 83.5182 83.6627 83.7329 83.6037 83.7203 83.7866 83.7873 83.7662 83.6514 83.8481 83.3489 83.7479
67.4429 67.5498 68.4751 66.4416 66.5274 68.2033 68.3537 65.8976 66.5263 65.9859 66.4258 66.2232 65.4088 65.9527 66.2087 66.2825 66.11 66.1078 66.0868 66.0332 66.0342 66.1097 66.017 65.9942 66.202 66.2061 66.0439 66.5114 65.5253 66.11
141.939 142.051 142.739 142.079 142.604 142.647 142.47 142.185 140.863 142.736 140.306 140.035 140.903 142.13 142.905 141.983 141.978 142.12 142.074 142.171 141.866 142.099 142.02 142.232 141.841 141.809 141.937 141.14 139.923 141.767
5.55187 5.5494 5.65397 5.70118 5.44557 5.60198 5.59022 6.37102 6.38573 6.45504 6.09178 6.41795 6.40078 6.35604 6.45334 6.37257 6.39179 6.37157 6.38873 6.38171 6.3986 6.39662 6.38333 6.40869 6.37632 6.40366 6.37444 6.19652 6.36994 6.42671
7.77688 7.76568 7.68358 7.95221 7.84179 7.6999 8.01853 7.44498 8.13621 7.43584 9.66424 7.42725 7.18527 7.46837 7.41702 7.08048 7.19175 7.12915 7.15112 7.04993 7.2643 7.13043 7.19412 6.9939 7.28353 7.32552 7.12443 7.46572 7.16424 7.31369
4.56232 4.5628 4.20543 4.50562 4.52848 4.21353 4.20231 4.74014 4.73405 4.64452 4.61344 4.59998 4.64269 4.61226 4.60625 4.665 4.64318 4.75116 4.70712 4.69453 4.68299 4.69412 4.597 4.6032 4.61197 4.58462 4.70719 4.57114 4.68661 4.57128
4.68404 4.64528 4.70713 4.65373 4.56529 4.6845 4.6952 4.91319 4.91335 4.89833 4.58365 4.76616 4.71843 4.88712 4.79586 4.80268 4.80531 4.85001 4.85492 4.82062 4.83939 4.8434 4.80722 4.75345 4.79572 4.79021 4.81246 4.68072 4.78967 4.75893
4.27025 4.28641 4.29564 4.43802 3.97792 4.29343 4.25727 4.53636 4.541 4.56754 4.34017 4.5247 4.61923 4.51845 4.54773 4.50134 4.50965 4.5108 4.52993 4.52171 4.51008 4.52909 4.50494 4.50627 4.50026 4.51742 4.51714 4.20287 4.53537 4.50822
3.87665 3.87529 3.69264 5.1409 4.44352 3.76634 3.76081 4.41438 4.55633 4.60948 4.45052 4.57484 4.87236 4.54717 4.83127 4.50763 4.49126 4.57491 4.59891 4.5483 4.52989 4.56855 4.53772 4.49426 4.55191 4.62467 4.55666 3.65216 4.71324 4.52636
4.50382 4.36455 4.39863 4.73372 4.53973 4.03085 3.99957 4.39238 4.46808 4.45052 4.48798 4.44808 4.80343 4.40125 4.40627 4.36023 4.37131 4.377 4.39249 4.39068 4.36439 4.38875 4.39723 4.40685 4.33508 4.42241 4.37296 4.35606 4.46037 4.32861
8.20633 8.22966 8.10153 7.79918 8.18046 8.12326 8.12365 7.93005 7.91867 8.27603 8.07209 7.73765 8.10479 8.15433 8.35716 8.32047 8.32012 8.38025 8.3536 8.34777 8.42363 8.31542 8.3981 8.34494 8.45592 8.39163 8.43068 8.10883 7.75625 8.42959
90.6612 90.6898 90.0058 91.1682 89.3798 90.2003 90.1377 91.4404 91.0229 90.6895 89.5926 91.4981 91.6414 91.2957 91.6943 91.7068 91.554 91.7239 91.8787 91.7496 91.789 91.8185 91.6393 91.656 91.4852 91.4858 91.8088 90.9997 91.5462 91.4941
154.771 154.897 154.293 154.939 155.155 154.657 154.436 154.222 154.808 153.633 155.343 155.691 155.842 155.742 154.302 153.972 154.678 154.367 155.747 154.285 155.77 155.738 153.918 153.474 154.239 154.772 154.474 154.499 155.163 154.557
75.8403 75.86 75.9718 76.0666 76.1852 75.7216 75.6947 75.6015 75.3633 75.7607 76.2117 75.8903 75.4691 76.3626 76.0095 75.7055 75.7531 75.7214 75.6669 75.7457 75.702 75.6578 75.8497 75.6949 75.7205 75.8681 75.6172 75.9915 75.869 75.5689
75.2941 75.2963 75.2529 75.1791 75.7936 74.8212 74.9112 74.8405 74.2321 75.7047 74.4681 74.5228 73.9087 73.2789 72.7638 72.946 73.489 73.5233 74.0662 73.4199 74.0884 73.9278 73.1431 73.2512 73.321 73.2948 73.8068 73.4292 73.1112 73.9961
83.8162 83.8152 83.7318 84.0037 83.9813 83.5954 83.4982 83.7536 83.7224 83.782 83.4844 83.3818 83.1694 83.0538 82.7168 82.8938 83.1207 83.1895 83.1343 83.0518 83.1934 83.1208 83.0252 83.0294 83.1353 83.0333 83.1006 83.6354 83.3414 83.2703
67.8819 67.8583 68.1715 69.4274 67.4315 68.0094 68.253 66.0469 67.0784 66.7481 66.8056 66.5805 66.6634 65.6712 65.8545 65.75 66.0376 66.0031 66.3253 66.0139 66.2284 66.2018 65.3356 65.6048 65.3741 65.0019 66.2016 67.8665 65.9418 66.0692
139.989 140.061 140.181 142.338 142.712 140.598 140.941 140.697 142.148 141.779 141.851 140.528 139.551 140.97 140.099 139.705 139.688 139.812 140.22 139.833 140.042 140.102 139.889 139.521 139.669 140.255 139.724 139.551 139.507 140.125
5.76492 5.75205 5.66562 5.78713 5.21152 5.51354 5.39289 6.33082 6.37392 6.30656 6.2563 6.12255 6.18779 6.33288 6.24158 6.21207 6.18144 6.24358 6.26538 6.23255 6.17878 6.27133 6.23213 6.25762 6.13294 6.04168 6.18873 5.40538 6.23746 6.05819
8.13607 8.12536 8.1814 7.97054 8.10307 8.01152 7.97846 7.13706 7.50185 7.16813 7.57035 8.22299 7.86425 7.66334 7.19103 7.04253 7.25827 7.13008 7.61158 7.13962 7.58535 7.60215 6.97958 6.82902 7.15278 7.26614 7.19798 7.5252 7.39605 7.15656
4.6098 4.60956 4.33139 4.18986 4.15686 4.3076 4.31326 4.76497 4.53626 4.74182 4.64996 4.64688 4.58563 4.72323 4.60144 4.71767 4.69091 4.69708 4.58897 4.69374 4.61282 4.59919 4.62953 4.68193 4.73649 4.65891 4.70093 4.5202 4.62965 4.61559
4.6442 4.64799 4.60261 4.60574 4.67867 4.5466 4.53424 4.9252 4.67519 4.98409 4.4787 4.94294 4.65568 4.97003 4.84801 4.79202 4.7877 4.80517 4.7752 4.80535 4.8002 4.76292 4.8501 4.79747 4.79849 4.93358 4.80774 4.75331 4.79532 4.77927
4.42059 4.42021 4.40232 4.17908 4.37919 4.38583 4.38627 4.53863 4.36668 4.54798 4.49762 4.51251 4.52681 4.56411 4.48538 4.51857 4.51017 4.51857 4.52395 4.51411 4.51433 4.52037 4.51588 4.51451 4.51486 4.49351 4.51022 4.48489 4.5041 4.51414
4.29801 4.30356 4.22952 3.28289 4.31515 4.26756 4.24858 4.55957 4.42237 4.64672 4.24204 4.4356 4.51543 4.72237 4.66528 4.56563 4.55852 4.51509 4.41392 4.50413 4.47558 4.43738 4.67629 4.66906 4.61631 4.58835 4.44329 4.53516 4.51454 4.54026
4.11798 4.12049 4.04177 4.16338 4.21631 4.04056 4.03916 4.41457 4.33251 4.38878 4.36061 4.42267 4.44767 4.484 4.48399 4.35562 4.4065 4.40806 4.45998 4.42167 4.42651 4.44917 4.21989 4.32352 4.28503 3.65533 4.40919 4.45309 4.37199 4.41241
7.34018 7.33514 7.60416 8.19813 7.95461 7.31754 7.46773 7.89364 8.14425 7.78175 7.9353 7.84153 7.29944 7.76481 8.18782 7.43579 7.42403 7.42358 7.53602 7.51416 7.5654 7.52551 7.48699 7.2749 7.51941 7.70299 7.51981 7.76999 7.57406 7.68328
91.3248 91.4692 90.2107 90.9639 89.4662 90.5825 89.8573 92.0491 90.706 90.7447 90.1647 89.861 91.9186 91.9185 91.4809 91.5563 91.6917 92.0097 91.4394 91.702 91.3645 91.4658 91.7156 91.7339 91.8073 91.6729 91.6364 89.5851 91.5643 91.7109
152.981 153.037 153.193 155.784 154.304 153.461 153.501 155.372 154.969 155.015 154.986 154.88 152.857 152.783 153.351 156.161 155.795 155.414 153.318 155.128 153.867 153.32 155.33 155.445 155.243 155.607 154.386 154.665 153.056 154.195
76.0343 75.7933 75.9427 75.3443 75.5727 75.7342 75.721 75.7529 76.201 75.8432 76.0162 75.6683 75.2292 75.646 75.7238 75.8641 75.9832 75.5072 75.5462 75.9267 75.7639 75.525 75.8677 75.9705 75.7565 75.9782 75.872 75.5696 75.4445 75.5966
75.1892 74.9822 75.6605 76.2736 75.6126 75.306 75.4393 73.9004 75.9079 74.9981 76.1064 76.5622 75.2722 72.9376 74.5052 74.6893 74.1266 73.7538 73.2595 73.6123 73.4986 73.2755 73.0781 73.9579 73.373 73.6392 73.4214 75.5111 73.6233 73.8218
83.6774 83.6455 83.7191 84.0013 83.6986 83.574 83.7459 83.1779 86.1371 83.7836 84.4646 84.4117 84.2912 82.3904 83.3663 83.1723 83.1465 83.0629 82.8288 83.0393 83.082 82.8112 83.0022 83.0691 82.8623 82.9886 82.948 84.5664 83.0095 83.0861
67.0147 67.0846 66.9556 68.8322 67.5889 66.8244 66.6903 66.4493 68.2903 65.8356 66.1306 68.9987 68.4285 65.753 65.8755 65.8074 66.4414 66.0756 65.9847 65.9971 66.1667 65.9266 65.6394 66.018 65.9992 65.7784 66.0588 68.3525 65.9092 66.0444
141.262 141.249 141.672 141.179 142.363 141.573 141.822 141.057 142.268 142.234 142.729 142.541 141.867 140.311 140.231 140.996 140.502 140.438 140.601 140.224 140.976 140.583 140.204 140.349 139.894 140.167 139.986 141.208 139.15 140.175
5.65105 5.63885 5.74511 5.64866 5.47896 5.65586 5.68253 6.2605 6.29664 6.28484 6.28617 6.33923 6.02005 5.65109 6.13105 6.29115 6.24883 6.2675 5.58799 6.26162 5.52479 5.59323 6.25625 6.30978 6.21763 6.20157 6.20131 6.2253 5.91263 6.21819
7.54753 7.58698 7.41191 8.55937 7.25958 7.61302 7.57003 7.50036 7.53364 7.55451 7.52725 7.54378 6.94274 6.81856 6.4255 7.8123 7.70929 7.60681 6.82857 7.45308 6.92559 6.85419 7.4502 7.61681 7.43804 7.62821 7.33468 7.62506 6.90438 7.23059
4.55105 4.55132 4.31202 4.47706 4.30867 4.30736 4.31865 4.66377 4.49727 4.68094 4.73714 4.75296 4.67167 4.75865 4.61047 4.75609 4.64902 4.60539 4.70872 4.65867 4.51861 4.66394 4.61953 4.65564 4.69632 4.65334 4.66909 4.75547 4.69193 4.67464
4.69482 4.66667 4.67351 4.7289 4.70324 4.65756 4.66292 4.86617 4.83947 4.85215 5.3258 4.9382 4.73976 4.82367 4.79341 1.69234 4.85841 4.76715 4.81758 4.79464 4.73616 4.81528 4.80177 4.82162 4.77753 4.81373 4.82445 4.87827 4.75529 4.80903
4.40529 4.40641 4.40353 4.37999 4.4124 4.3943 4.39759 4.55083 4.39496 4.5437 4.55665 4.5749 4.47174 4.49736 4.5376 4.52924 4.54207 4.53847 4.50244 4.53172 4.50261 4.50393 4.53722 4.54601 4.52715 4.53337 4.52583 4.52764 4.51357 4.52528
4.42935 4.4419 4.36674 4.35639 4.35433 4.36733 4.43741 4.24221 3.99191 4.76871 4.72525 4.73775 3.46926 4.48342 4.6462 4.28999 4.42244 4.4356 4.70447 4.53702 4.64588 4.7165 4.58787 4.46017 4.34057 4.4883 4.34579 4.56786 4.56825 4.39844
8.01935 8.00745 8.0473 8.03018 8.06682 8.06292 8.04818 7.79478 7.96665 8.01522 8.1978 8.4848 7.98585 7.94106 7.73522 7.82987 7.79123 7.65404 8.05224 7.63636 8.03265 8.08422 7.8222 7.84241 7.61731 7.73654 7.67613 7.80376 7.43775 7.72762
91.8195 92.3685 91.7692 91.2316 92.1287 91.6568 91.7224 92.2612 91.3148 91.5978 91.5685 91.2598 92 92.554 91.9014 91.9211 91.7432 91.8528 92.4523 92.2636 92.192 92.3215 92.2151 92.0657 92.2076 91.9423 92.0925 91.2813 92.3047 92.1643
154.125 154.03 153.767 153.803 153.46 153.993 153.913 153.634 153.863 155.088 152.561 154.279 153.798 153.54 153.87 153.38 153.51 153.497 153.502 153.695 153.796 153.623 154.302 153.71 154.038 153.964 153.636 154.548 153.628 153.784
75.4745 75.3954 75.333 75.9727 74.8255 75.3706 75.4105 75.7933 74.7995 76.084 75.3079 75.3841 75.5691 75.1487 75.3292 75.2715 75.1661 75.306 75.1756 75.2581 75.3179 75.2101 75.1375 75.382 75.405 75.5241 75.2427 75.073 75.2326 75.4013
73.9956 73.8871 74.231 75.3654 73.5376 73.6578 73.7713 73.858 74.5511 74.5536 74.5674 75.107 74.3771 73.5463 74.0182 73.5292 73.36 73.53 73.7309 73.1753 73.7791 73.9219 73.9121 74.076 73.5047 73.5771 73.097 74.2838 73.9918 73.505
83.5718 83.4552 83.7072 83.4722 82.7917 83.4893 83.4391 82.7137 85.0472 83.5242 83.6892 84.1202 84.3937 83.0938 83.2096 82.9044 82.6444 82.9585 83.1088 82.8586 83.2579 83.1561 83.034 83.2299 83.0253 83.1594 82.976 83.7225 83.2291 83.1323
66.203 66.1806 66.0089 67.3893 66.2466 66.0749 66.0261 65.7115 67.8996 66.8327 65.6702 67.7689 66.9044 66.2299 66.1752 66.6794 66.6303 66.1623 66.1087 65.794 65.8119 66.1192 65.9385 66.4696 66.2448 66.1612 65.7145 66.0811 66.177 66.0352
141.292 141.281 140.96 141.811 140.616 140.41 140.765 141.098 141.881 141.205 141.793 142.237 140.944 140.014 140.301 141.339 141.059 141.22 139.724 140.651 140.304 139.926 139.862 141.232 140.569 140.514 140.249 140.943 139.687 140.232
5.73325 5.72992 5.66487 5.80121 5.87169 5.71806 5.74024 6.23852 6.45068 6.33374 5.65637 6.25939 6.41311 6.21481 6.2668 5.58443 5.75215 6.07901 6.25157 6.16775 6.26396 6.26209 6.05638 5.96683 6.04096 5.62114 6.23458 6.40553 6.24499 6.26411
7.79206 7.81461 7.95055 8.29189 6.92632 8.06476 7.9751 7.21776 7.03237 7.50238 6.5904 7.13377 7.26747 7.193 7.15968 7.00757 7.10772 7.00743 7.07962 7.1111 7.14323 7.15481 7.3936 7.20516 7.28003 7.26542 7.11754 7.4871 7.19684 7.11686
4.49458 4.51013 4.14729 4.41989 4.32468 4.25442 4.16252 4.66762 4.60623 4.59201 4.56817 4.54214 4.56168 4.61048 4.61414 4.54666 4.57132 4.5827 4.59904 4.58228 4.57678 4.60391 4.58392 4.58618 4.58563 4.59475 4.59663 4.61908 4.60198 4.58767
4.52522 4.51689 4.49352 4.60521 4.50448 4.46735 4.47401 4.71042 4.77604 4.74908 4.74916 4.71819 4.74701 4.70241 4.74951 4.63584 4.6779 4.72356 4.69565 4.64979 4.69324 4.72268 4.71101 4.68541 4.72922 4.74771 4.66529 4.64619 4.69764 4.65728
4.48097 4.47026 4.47085 4.46838 4.52537 4.45232 4.45612 4.58415 4.61673 4.5849 4.59755 4.6241 4.60392 4.57054 4.58525 4.45628 4.51984 4.55254 4.57993 4.57305 4.58746 4.58689 4.57603 4.54321 4.55953 4.55434 4.58786 4.59981 4.57535 4.57961
4.62277 4.56606 4.686 4.33745 4.4749 4.70558 4.67851 4.71059 4.88006 4.61959 4.72836 4.77201 4.70096 4.40418 4.76636 4.04806 5.31933 4.71616 4.47842 4.50291 4.68923 4.48337 4.61863 4.15402 4.30141 4.41037 4.62885 4.77129 4.45045 4.56969
8.03821 8.04484 8.01909 8.04701 7.85289 8.001 8.00706 8.1887 8.16671 7.78177 8.24773 8.19921 8.01194 7.71147 7.91047 8.16413 8.19837 8.09288 7.65155 7.9607 7.86319 7.72933 7.62389 8.09984 7.87571 7.97007 7.75379 7.38962 7.66688 7.61998
93.2319 93.2328 93.584 92.4126 93.8014 93.5431 93.4924 93.0685 93.0213 92.7425 92.7598 92.3529 93.2139 93.5701 93.1143 93.3885 93.4503 93.2732 93.3514 93.2757 93.2064 93.3581 93.1696 93.2566 92.9555 92.9845 93.3072 93.3488 93.2067 93.2022
75.5959 75.6142 74.9972 75.952 75.3964 74.7134 74.8679 75.1085 75.3104 74.7858 75.9296 75.4913 75.3143 75.4003 76.1594 75.2878 75.2052 75.3426 75.24 75.2637 75.3973 75.2686 75.2799 75.3826 75.2241 75.1388 75.2125 75.5046 75.1684 75.3888
72.9566 72.9522 72.5858 73.6434 72.9697 73.226 72.929 71.8471 72.0214 71.9445 73.4712 71.5558 72.1076 71.9713 72.2959 72.0987 72.0253 72.1334 71.959 72.0632 71.8642 71.9804 71.8954 72.1649 71.9926 71.7442 72.1647 71.9456 72.0603 72.0533
82.8056 82.8388 82.5376 83.3135 82.373 82.7831 82.3693 82.1676 82.521 81.984 83.1049 81.7326 82.9994 82.6784 82.7392 82.5205 82.5415 82.6638 82.637 82.501 82.5651 82.6491 82.6007 82.7688 82.5583 82.4648 82.5838 82.4601 82.5642 82.591
103.48 103.519 103.196 103.212 104.175 103.262 103.367 104.323 103.208 104.426 103.682 103.155 102.983 103.084 103.6 103.266 102.943 103.079 102.992 103.447 103.066 102.867 103.537 103.191 103.506 103.385 103.304 103.721 103.079 103.187
65.0878 65.0923 65.1057 65.1096 65.3876 65.0179 65.0981 64.8935 64.6318 65.7676 65.1703 64.7499 64.8784 64.9756 64.7411 64.8716 65.0307 64.8904 64.9338 64.8236 64.7153 64.8807 65.0934 64.8608 64.7289 64.6292 64.921 64.9306 64.8642 64.5754
141.541 141.535 141.874 143.461 142.949 142.154 142.231 142.414 141.33 142.725 142.664 141.786 141.259 140.974 141.93 140.982 141.078 141.096 140.883 141.001 141.088 141.006 141.403 140.828 141.323 141.705 140.962 140.753 141.122 141.169
5.48128 5.4839 5.43553 5.51532 5.51272 5.37657 5.38928 5.14627 5.35167 5.41502 5.4632 5.34809 5.41639 5.44298 5.4846 5.46993 5.45279 5.47366 5.46575 5.4616 5.47811 5.47344 5.41973 5.4715 5.38941 5.40194 5.43511 5.51101 5.47676 5.47285
4.29063 4.29494 4.22861 4.37044 4.55607 4.24237 4.25945 4.33417 4.35906 4.36881 4.38603 4.34749 4.32493 4.40364 4.38652 4.38433 4.38343 4.38136 4.39216 4.37838 4.39298 4.39879 4.34062 4.38997 4.38873 4.39263 4.37769 4.40086 4.43042 4.37517
13.3828 13.3793 13.9336 10.8875 12.2081 13.8994 13.7073 13.5114 13.7419 13.5209 13.211 13.7259 13.6832 13.9296 13.7849 13.6629 13.7128 13.7455 13.7055 13.6844 13.7668 13.8019 13.2992 13.6481 13.2453 13.2864 13.6869 13.7966 13.7481 13.84
4.44673 4.44927 4.42346 4.45305 4.46632 4.43058 4.44253 4.53364 4.54663 4.60169 4.59627 4.56237 4.573 4.55611 4.59053 4.56974 4.56445 4.57518 4.57217 4.56785 4.57618 4.57589 4.58952 4.57476 4.58796 4.59856 4.55957 4.57932 4.56742 4.5777
4.39367 4.39425 4.384 4.44012 4.42231 4.42054 4.3975 4.39499 4.41166 4.41083 4.4098 4.44217 4.42052 4.44047 4.43384 4.4363 4.4297 4.4261 4.43561 4.44783 4.44299 4.44218 4.43767 4.42839 4.44837 4.44805 4.44144 4.45074 4.43853 4.45035
5.23292 5.28554 5.28851 5.6232 5.82368 5.3107 5.22724 5.50419 5.2273 5.6236 4.8115 4.89618 4.94904 5.09855 5.1071 5.11052 5.09584 4.92901 5.0331 5.20929 5.02464 5.00008 5.29538 5.07939 5.26548 5.34383 5.21786 5.42522 5.04619 5.19231
4.3878 4.38127 4.172 4.56834 4.39634 4.24713 4.19423 4.52817 4.79456 4.72775 4.34602 4.56075 4.6481 4.51199 4.48217 4.53402 4.37708 4.57468 4.50172 4.56798 4.5946 4.51303 4.31451 4.58238 4.63676 4.6288 4.5616 4.48834 4.42279 4.63204
4.2008 4.20607 4.25143 4.12637 4.32683 4.19153 4.27264 4.30377 4.30007 4.42545 4.31673 4.39066 4.2574 4.3071 4.31212 4.32323 4.31826 4.31283 4.31755 4.31633 4.3212 4.31545 4.32502 4.30568 4.32163 4.30827 4.30659 4.32043 4.32281 4.31495
7.59318 7.62607 7.60571 7.73961 7.75776 7.64899 7.61655 7.72109 7.52505 7.76399 7.51695 7.49669 7.47783 7.50627 7.62298 7.53814 7.51718 7.48223 7.50895 7.57913 7.54426 7.54307 7.50924 7.53551 7.5057 7.60552 7.55752 7.66608 7.5776 7.60022
161.329 161.445 160.83 160.783 159.674 160.12 159.715 159.886 161.57 160.253 161.027 160.605 161.151 162.183 162.197 161.632 161.655 161.569 161.633 161.775 161.626 161.614 160.408 161.602 160.579 160.526 161.872 162.453 161.409 161.977
93.2325 93.2924 93.928 92.8615 93.2251 94.0564 93.9611 93.5892 93.5372 93.6088 93.3782 93.476 93.2834 93.6981 93.6538 93.6549 93.6188 93.6246 93.5647 93.6005 93.5774 93.6381 93.4402 93.6867 93.4271 93.5844 93.5592 93.396 93.574 93.3256
75.9656 75.9727 75.5011 75.6211 75.9694 75.4635 75.4995 76.4544 75.5965 75.6472 75.2602 75.6314 75.5868 75.6583 75.6341 75.6168 75.6285 75.6361 75.6434 75.6744 75.6456 75.6425 75.6117 75.6804 75.6066 75.489 75.555 75.6499 75.5893 75.5534
72.87 72.8558 73.0046 73.5131 72.759 72.7705 72.6668 72.4767 72.0216 71.7986 71.7652 72.1473 72.3685 72.0437 72.1549 72.1654 72.2055 72.2103 72.1799 72.2317 72.246 72.1413 72.2593 72.0019 72.2608 72.2111 72.3224 72.1216 72.171 72.3254
82.9695 82.9968 82.4942 83.028 82.9999 82.5065 82.6111 82.4552 82.4395 81.8394 80.9492 82.5445 82.8875 82.4469 82.2126 82.6126 82.7073 82.656 82.6435 82.7085 82.562 82.7037 82.7881 82.6296 82.4739 82.6218 82.6387 82.6537 82.7051 82.6843
97.4537 97.5854 98.0139 98.7467 97.4335 98.0945 97.7968 98.6897 96.7784 98.7085 100.216 98.4896 96.272 96.9966 99.7664 96.8513 96.3375 96.7617 96.44 96.4675 96.9002 96.4208 96.452 96.643 96.8945 96.4563 96.632 97.6234 98.0429 97.3739
64.6545 64.6926 65.2379 64.5272 64.2309 65.226 64.9977 64.7094 64.732 64.5388 65.6042 64.7818 64.6917 64.9262 65.2616 65.0738 65.1461 65.0225 65.1728 65.0478 65.0624 65.1728 64.8069 65.3004 65.0306 65.1483 65.0635 64.9787 65.0612 64.9985
142.307 142.313 142.027 142.181 142.371 141.875 141.851 142.63 142.078 142.521 142.467 142.417 142.26 142.1 142.591 142.048 142.096 142.131 142.12 142.073 142.058 141.963 142.223 141.971 142.09 142.031 142.069 141.978 142.354 142.309
5.56435 5.56286 5.5441 5.57749 5.5854 5.54945 5.53851 5.60865 5.59044 5.62417 5.43335 5.59571 5.5981 5.60553 5.6304 5.59206 5.58435 5.59702 5.57935 5.58969 5.59001 5.59091 5.59376 5.57994 5.57544 5.57951 5.58369 5.61012 5.60147 5.6032
4.34096 4.37509 4.19866 4.27947 4.16204 4.16591 4.16675 4.35336 4.39944 4.43152 4.38864 4.39313 4.40617 4.40822 4.37517 4.39185 4.3764 4.38941 4.39612 4.37194 4.39158 4.36323 4.39082 4.38129 4.38581 4.36802 4.37206 4.39558 4.37587 4.38719
4.42996 4.4226 4.44239 4.45337 4.42665 4.44556 4.44958 4.47669 4.45393 4.45402 4.41831 4.43616 4.4479 4.45261 4.43553 4.45518 4.46247 4.45873 4.45387 4.45982 4.46661 4.46024 4.45896 4.45792 4.46244 4.46865 4.45343 4.44441 4.45064 4.43652
4.36228 4.36459 4.38436 4.34156 4.38018 4.38297 4.39489 4.40363 4.42882 4.42866 4.49235 4.39766 4.41202 4.43572 4.50967 4.43115 4.42338 4.42622 4.42285 4.42269 4.4267 4.43224 4.41775 4.43554 4.4255 4.42167 4.41813 4.42791 4.40019 4.40923
5.67672 5.68298 5.60852 5.7191 5.72242 5.63979 5.63896 5.59475 5.53225 5.63057 5.69695 5.57321 5.52984 5.55596 5.71459 5.53751 5.53624 5.52897 5.53022 5.55452 5.51285 5.5382 5.5732 5.55106 5.56583 5.55859 5.55331 5.6278 5.59395 5.59549
4.27153 4.33046 4.37092 3.97146 4.14651 4.33916 4.33374 4.58807 4.56783 4.7435 4.62087 4.63142 4.3845 4.50784 4.78741 4.50702 4.50553 4.48314 4.50839 4.50814 4.52154 4.51976 4.37615 4.56483 4.59612 4.58872 4.51535 4.65665 4.62769 4.6857
4.16555 4.15741 4.15089 4.15421 4.16764 4.15319 4.14906 4.52948 4.53865 4.6323 4.67553 4.57068 4.49171 4.49388 4.58876 4.50772 4.51414 4.51108 4.51112 4.51247 4.51073 4.50564 4.51269 4.52405 4.53015 4.52244 4.49946 4.49695 4.54373 4.49467
7.88756 7.88756 7.88124 7.88124 7.82402 7.82402 7.95142 7.95142 7.95085 7.95085 7.80733 7.80733 7.81658 7.81658 7.90573 7.90573 7.89738 7.89738 7.9002 7.9002 7.75814 7.75814 7.8924 7.8924 7.93716 7.93716 7.89663 7.89663 7.79916 7.79916
7.89985 7.89985 7.90624 7.90624 7.90466 7.90466 7.90599 7.90599 7.91093 7.91093 7.89616 7.89616 7.90069 7.90069 7.94326 7.94326 7.90173 7.90173 7.88205 7.88205 7.89828 7.89828 7.91036 7.91036 7.85496 7.85496 7.90883 7.90883 7.89003 7.89003
93.6465 93.8016 93.9323 94.0762 94.082 94.0227 94.0283 94.4979 94.1883 93.9869 94.1215 94.0762 94.0577 94.2524 94.1764 94.0979 94.1305 94.1601 93.9656 94.0635 94.1832 94.0648 94.0764 94.1541 93.9549 93.96 94.0275 94.1318 94.1121 93.9456
76.0642 76.0036 75.8652 75.8171 75.8934 75.9 76.035 75.5349 75.8109 75.7211 75.742 75.7904 75.6308 75.7356 75.7411 75.6619 75.7909 75.6962 75.6607 75.741 75.7467 75.6733 75.6851 75.6801 75.6743 75.6564 75.8003 75.6505 75.7471 75.6819
72.5507 72.4517 72.1972 72.716 71.9264 72.1165 71.9327 71.4208 71.5385 71.6334 71.8314 71.6275 71.831 71.6159 71.573 71.7441 71.6525 71.7498 71.9341 71.6461 71.6839 71.7945 71.7003 71.6368 71.9361 71.9123 71.7012 71.692 71.6116 71.735
82.5445 82.3815 82.4014 82.4644 81.9845 82.4899 82.481 81.2631 82.1085 82.1237 82.0761 82.2192 82.2125 81.9124 82.0383 82.2584 82.262 82.1793 82.2355 82.2109 82.1767 82.3088 82.2836 82.1735 82.247 82.3612 82.377 82.1456 82.2716 82.2588
98.3435 98.2635 97.3727 98.5343 98.1296 98.4279 97.9565 100.032 96.5887 97.2549 98.8962 97.0221 96.7693 96.8233 96.9533 96.711 96.6716 96.9119 96.8931 96.8573 96.8606 96.6167 96.6209 96.5494 96.9936 96.7289 96.8724 96.7919 96.9838 97.4043
64.6399 64.686 64.6721 64.426 64.5583 64.6634 64.7778 64.3496 64.7526 64.5118 64.7336 64.6399 64.7373 64.7013 64.9284 64.7446 64.7526 64.7111 64.6984 64.6949 64.6743 64.7682 64.762 64.7912 64.6375 64.7446 64.7362 64.7505 64.7486 64.5861
141.89 141.852 141.494 141.787 141.544 141.444 141.38 141.935 141.588 141.625 141.993 141.633 141.686 141.7 141.727 141.621 141.586 141.613 141.662 141.569 141.584 141.622 141.611 141.551 141.643 141.593 141.575 141.638 141.74 141.57
5.56924 5.56495 5.55831 5.55618 5.56448 5.57758 5.56979 5.40548 5.58442 5.60604 5.56674 5.58582 5.58833 5.58241 5.58447 5.5891 5.58236 5.58508 5.59145 5.5837 5.58033 5.57444 5.58694 5.57564 5.59453 5.57852 5.5789 5.58237 5.58743 5.58787
4.29786 4.30234 4.18984 4.16355 4.2139 4.15267 4.1506 4.47386 4.39553 4.43918 4.44259 4.39711 4.41958 4.40665 4.40474 4.41323 4.38912 4.41159 4.40507 4.39907 4.39367 4.38331 4.3962 4.40949 4.40416 4.393 4.39215 4.41491 4.40874 4.39093
4.44179 4.43999 4.44363 4.42535 4.41467 4.44537 4.44242 4.40816 4.448 4.44262 4.43143 4.45269 4.45576 4.47301 4.46321 4.45427 4.45279 4.4555 4.45942 4.45347 4.45244 4.45754 4.45765 4.4507 4.45534 4.4528 4.45119 4.45489 4.46491 4.47207
4.35858 4.358 4.35571 4.37846 4.3844 4.37806 4.36156 4.38826 4.42001 4.4255 4.39287 4.41294 4.40693 4.4192 4.40451 4.40651 4.41207 4.40774 4.40784 4.4142 4.41622 4.40427 4.40954 4.41205 4.41262 4.39997 4.40989 4.40744 4.40551 4.41518
5.61788 5.62521 5.46537 5.5228 5.50439 5.47376 5.46509 5.64716 5.41322 5.47095 5.50216 5.45076 5.40248 5.44314 5.42751 5.4016 5.41398 5.4101 5.39688 5.4326 5.41835 5.40666 5.41954 5.40853 5.41126 5.41175 5.42243 5.44674 5.42053 5.49537
4.52192 4.52677 4.444 4.44283 4.38029 4.45534 4.43902 4.60392 4.50694 4.6892 4.60135 4.58478 4.51593 4.5552 4.55871 4.54425 4.50578 4.53696 4.52291 4.53734 4.52161 4.54311 4.53643 4.48029 4.54474 4.59242 4.56357 4.55597 4.55942 4.59041
4.1414 4.14007 4.14108 4.09936 4.08972 4.15766 4.14406 4.56974 4.50736 4.50974 4.49264 4.49814 4.49146 4.50494 4.51668 4.49482 4.50331 4.50054 4.49023 4.5033 4.5035 4.50157 4.50411 4.50668 4.49795 4.49287 4.49406 4.50274 4.52035 4.49267
7.79627 7.79627 7.79464 7.79464 7.75041 7.75041 7.73049 7.73049 7.76936 7.76936 7.73948 7.73948 7.77213 7.77213 7.83571 7.83571 7.77535 7.77535 7.78947 7.78947 7.76879 7.76879 7.78256 7.78256 7.76728 7.76728 7.79166 7.79166 7.76441 7.76441
7.76806 7.76806 7.77207 7.77207 7.75662 7.75662 7.76376 7.76376 7.76482 7.76482 7.77129 7.77129 7.77314 7.77314 7.77433 7.77433 7.76766 7.76766 7.76346 7.76346 7.7631 7.7631 7.76439 7.76439 7.78517 7.78517 7.78515 7.78515 7.78041 7.78041
93.9007 93.8703 94.1757 93.8512 94.1313 93.9187 93.9835 94.1509 94.1861 94.2611 94.3844 94.2533 94.1403 94.3865 94.2834 94.2506 94.2515 94.2735 94.1479 94.0603 94.2807 94.0808 94.159 94.243 94.1319 94.0848 94.2891 94.2402 94.4649 94.1814
76.1066 76.0958 75.7326 76.2407 76.0634 75.7749 75.786 75.7395 75.8701 75.8878 75.8135 75.8764 75.7874 75.958 75.8805 75.8787 75.8246 75.9276 75.8525 75.8935 75.8439 75.8377 75.8385 75.9316 75.8976 75.8714 75.8583 75.7871 75.8191 75.6659
72.4337 72.516 72.2693 72.2131 71.9411 72.1245 72.1381 72.0076 71.5784 71.7037 71.6546 71.6772 71.7954 71.7529 71.682 71.6988 71.7393 71.6822 71.6883 71.8318 71.603 71.8812 71.7794 71.6408 71.6966 71.8775 71.7075 71.8263 71.5603 71.6915
82.5382 82.5673 82.1132 82.5891 82.018 82.4939 82.3404 82.1595 82.0338 82.0666 82.0153 82.0246 82.1706 82.2523 82.1671 82.1036 82.068 82.0666 82.219 82.2322 82.1059 82.2364 82.2196 82.0833 82.2001 82.2577 82.0661 82.173 81.9235 82.2863
99.1382 99.1849 97.0862 98.0825 97.8674 97.6867 97.0267 97.8538 96.8701 96.8174 97.377 96.9443 97.0006 97.0945 96.8673 96.932 97.0705 97.0761 97.0891 96.9032 96.8755 97.0923 96.8074 96.7996 97.0357 97.1125 96.9023 96.9683 96.9272 96.8664
64.5913 64.6379 64.62 64.3015 64.5951 64.5845 64.6497 64.6063 64.6796 64.7247 64.7338 64.6666 64.6978 64.8802 64.7338 64.6652 64.6295 64.6297 64.6463 64.6492 64.6958 64.6769 64.7395 64.6986 64.6358 64.6747 64.7383 64.7293 64.6881 64.8242
141.919 141.948 141.438 141.411 141.599 141.146 141.163 141.827 141.529 141.665 141.656 141.592 141.621 141.472 141.593 141.561 141.537 141.561 141.571 141.642 141.531 141.591 141.611 141.538 141.545 141.592 141.528 141.587 141.393 141.486
5.59442 5.59533 5.58447 5.55831 5.59453 5.57503 5.57696 5.60521 5.61937 5.62938 5.65251 5.61571 5.62043 5.63356 5.63436 5.61911 5.61124 5.61764 5.62442 5.61739 5.60893 5.6104 5.60949 5.61634 5.62545 5.60687 5.61679 5.61956 5.63353 5.60561
4.33847 4.34408 4.31475 4.13245 4.16473 4.14837 4.15939 4.43632 4.41147 4.41175 4.43276 4.39629 4.41093 4.33571 4.36861 4.39598 4.38906 4.38561 4.38627 4.38435 4.39362 4.37665 4.39114 4.37741 4.40766 4.37775 4.37827 4.39739 4.44498 4.42278
4.45793 4.46593 4.44394 4.4163 4.44007 4.44324 4.45296 4.44579 4.45022 4.45084 4.44458 4.45293 4.45338 4.46227 4.46272 4.45121 4.45418 4.44761 4.45678 4.45452 4.44665 4.45435 4.45586 4.45162 4.44798 4.45676 4.44799 4.45507 4.44426 4.45152
4.33919 4.33834 4.33014 4.34037 4.3228 4.3479 4.3378 4.38425 4.40084 4.3992 4.39614 4.39821 4.40097 4.40279 4.40492 4.40212 4.40388 4.40709 4.40777 4.40065 4.40601 4.39772 4.3944 4.40965 4.41118 4.39771 4.40234 4.39473 4.39889 4.39845
5.60846 5.5439 5.4622 5.59859 5.49201 5.50692 5.51317 5.4918 5.42542 5.42685 5.46553 5.4313 5.41479 5.38781 5.41475 5.4195 5.43308 5.42474 5.42027 5.40779 5.42765 5.42584 5.41589 5.40575 5.41118 5.43393 5.43337 5.4326 5.41015 5.37698
4.30497 4.28811 4.31166 4.5037 4.3206 4.36107 4.40634 4.54581 4.45814 4.48412 4.49695 4.44722 4.46539 4.48632 4.49766 4.48247 4.47475 4.49936 4.47438 4.4754 4.44291 4.4706 4.47119 4.44463 4.48767 4.48873 4.42533 4.49093 4.43865 4.47257
4.16734 4.16282 4.13386 4.10371 4.13418 4.11144 4.14125 4.45332 4.48483 4.47938 4.49154 4.48897 4.48129 4.49096 4.49756 4.47878 4.4872 4.47681 4.48949 4.47808 4.48847 4.47756 4.48581 4.48666 4.48246 4.47824 4.48369 4.48014 4.49017 4.48118
7.78016 7.78016 7.77999 7.77999 7.78116 7.78116 7.7503 7.7503 7.74486 7.74486 7.79395 7.79395 7.78327 7.78327 7.85858 7.85858 7.78068 7.78068 7.7852 7.7852 7.79926 7.79926 7.78132 7.78132 7.77546 7.77546 7.79469 7.79469 7.78577 7.78577
7.77089 7.77089 7.76971 7.76971 7.76576 7.76576 7.77763 7.77763 7.78386 7.78386 7.77841 7.77841 7.7738 7.7738 7.77546 7.77546 7.77243 7.77243 7.77241 7.77241 7.76832 7.76832 7.78065 7.78065 7.77905 7.77905 7.77482 7.77482 7.79202 7.79202
93.5678 93.6836 93.4464 92.8356 93.4623 93.1101 93.0499 93.5436 93.3685 93.4987 93.5281 93.4066 93.3575 93.5988 93.468 93.448 93.406 93.4882 93.4567 93.4028 93.4323 93.2717 93.4037 93.4912 93.5441 93.366 93.3322 93.3848 93.6227 93.6055
77.0538 77.0375 76.8859 76.9748 76.7509 76.9665 76.9127 77.0646 77.0828 77.0151 76.953 77.0113 76.9938 77.0379 77.0115 77.0475 77.0293 76.9756 77.0169 77.0284 77.0692 77.0369 77.0312 77.0491 77.0789 77.0203 77.0215 77.0413 76.9551 77.1594
69.8684 69.7855 69.9785 69.5847 70.1401 69.9338 69.8587 69.4461 69.5133 69.6488 69.517 69.4025 69.6116 69.4636 69.4517 69.6285 69.5389 69.6444 69.5331 69.7008 69.4621 69.7581 69.6272 69.4706 69.3175 69.6487 69.6717 69.7188 69.5313 69.6787
82.228 82.1039 82.2221 82.388 81.9903 82.5962 82.4547 81.999 82.0415 81.9791 82.0235 81.9963 82.1309 81.9445 82.0971 81.9757 82.0447 81.9909 82.0952 82.0735 82.0668 82.2086 82.0444 81.987 81.9146 82.0823 82.1892 82.1177 81.897 81.6883
100.712 100.541 99.6759 98.4411 99.4215 99.282 98.9179 98.2032 97.9716 98.1054 99.3035 98.0465 97.9917 97.2857 97.7854 98.0422 98.0655 98.0757 97.8109 98.1252 97.7816 98.2705 98.1418 97.8202 97.6472 98.2425 98.0542 98.2159 99.1277 97.3514
64.661 64.6583 64.3986 64.5292 64.2418 64.6195 64.4532 64.6738 64.6687 64.6429 64.5879 64.6139 64.6247 64.7222 64.7447 64.6666 64.6416 64.6688 64.7039 64.5952 64.6994 64.6321 64.6325 64.7157 64.7464 64.6319 64.6824 64.6505 64.541 64.8298
142.18 142.153 141.661 141.037 141.519 141.623 141.609 141.681 141.647 141.703 141.977 141.527 141.723 141.475 141.714 141.684 141.622 141.732 141.701 141.716 141.625 141.716 141.628 141.678 141.575 141.643 141.704 141.679 141.819 141.537
5.62873 5.62891 5.61847 5.61994 5.63145 5.64299 5.63308 5.69571 5.67788 5.68552 5.68738 5.67346 5.67975 5.60851 5.67169 5.6764 5.66948 5.6737 5.67299 5.68578 5.66845 5.66829 5.66878 5.67465 5.68363 5.6669 5.66971 5.67617 5.66765 5.61615
4.20326 4.20531 4.11789 4.08923 4.11134 4.09892 4.1076 4.19408 4.18974 4.19166 4.32384 4.1738 4.20191 4.13354 4.17272 4.18359 4.1771 4.18346 4.18605 4.18454 4.17743 4.17256 4.18059 4.17916 4.18893 4.17321 4.18153 4.18523 4.29995 4.12877
4.28672 4.28513 4.30181 4.28878 4.3081 4.32275 4.32392 4.32751 4.32811 4.32829 4.30226 4.32762 4.32825 4.32288 4.33154 4.32835 4.32848 4.33052 4.32984 4.32838 4.3252 4.32679 4.32587 4.33025 4.33103 4.32658 4.32956 4.32577 4.2998 4.32876
4.27842 4.2806 4.31382 4.35571 4.33013 4.34254 4.32409 4.38186 4.37741 4.37651 4.34495 4.38396 4.37623 4.36359 4.36817 4.37138 4.37787 4.36876 4.37106 4.37518 4.37506 4.37116 4.3777 4.37279 4.38022 4.37628 4.36762 4.37482 4.3475 4.3706
5.69872 5.69166 5.61145 5.60614 5.59512 5.59131 5.54488 5.51901 5.48526 5.4884 5.51465 5.49699 5.46983 5.48031 5.48424 5.48773 5.49314 5.48349 5.47978 5.48536 5.48734 5.5068 5.50175 5.48233 5.47926 5.50673 5.48492 5.49945 5.50707 5.47939
4.39524 4.39533 4.34842 4.40135 4.26915 4.33809 4.3845 4.40519 4.38862 4.37959 4.46895 4.35748 4.404 4.37517 4.33655 4.35555 4.3564 4.33664 4.35543 4.38999 4.35448 4.40117 4.3836 4.29502 4.31276 4.35979 4.39442 4.40845 4.46214 4.29819
4.23097 4.23691 4.11122 4.13602 4.19022 4.11783 4.11695 4.48626 4.47993 4.48593 4.4787 4.49038 4.48301 4.4938 4.50444 4.48577 4.48618 4.49072 4.49114 4.48892 4.48555 4.47804 4.47868 4.50092 4.49381 4.48618 4.48207 4.47833 4.47035 4.47792
7.76177 7.76177 7.7702 7.7702 7.76925 7.76925 7.81557 7.81557 7.72508 7.72508 7.73072 7.73072 7.73737 7.73737 7.77422 7.77422 7.76525 7.76525 7.76777 7.76777 7.77115 7.77115 7.76553 7.76553 7.76313 7.76313 7.75246 7.75246 7.77324 7.77324
7.76593 7.76593 7.76562 7.76562 7.7691 7.7691 7.76881 7.76881 7.76902 7.76902 7.76976 7.76976 7.75913 7.75913 7.75711 7.75711 7.77681 7.77681 7.77503 7.77503 7.75873 7.75873 7.76217 7.76217 7.75824 7.75824 7.7667 7.7667 7.76214 7.76214
