92.2083 92.2235 92.2173 92.2374 91.9737 91.9281 92.3286 92.013 92.2642 91.9304 91.9358 91.9677 92.3191 91.9062 91.9268 91.7698 91.9298 91.995 91.99 91.9581 91.8585 91.9478 91.9213 91.8779 91.8181 91.8619 91.8038 91.9278 91.9048 91.9728
75.5207 74.9261 74.8475 75.4906 75.4785 75.6927 75.3939 75.607 75.3079 75.6393 75.6044 75.5154 75.5305 75.6438 75.4843 75.6308 75.4907 75.7423 75.7064 75.5558 75.5776 75.5893 75.5983 75.4947 75.6802 75.801 75.7881 75.4826 75.531 75.6554
138.812 139.46 139.429 139.036 138.613 138.837 138.791 138.145 138.236 138.891 138.944 138.949 139.385 138.948 138.88 139.143 138.591 138.903 139.123 139.208 139.242 138.735 138.946 138.507 139.079 138.454 139.48 138.727 138.893 139.262
12.7305 12.8891 12.9123 12.3823 12.2622 12.2307 12.1023 12.113 12.062 12.2558 12.2256 12.2279 12.7124 12.2652 12.2242 12.2438 12.2711 12.2166 12.2545 12.2399 12.2583 12.2871 12.2329 12.2604 12.2244 12.3297 11.2666 12.2544 12.2627 12.2249
5.69518 5.6873 5.68394 5.70551 5.88948 5.89694 5.70146 5.72692 5.66911 5.87756 5.90241 5.89548 5.70089 5.87903 5.89748 5.88873 5.88493 5.89505 5.89127 5.89263 5.90039 5.87749 5.88541 5.88048 5.88838 5.90035 5.90268 5.88283 5.88565 5.90893
4.72398 4.64955 4.67423 4.49418 4.7012 4.698 4.56254 4.44427 4.65036 4.75484 4.68282 4.72856 4.73241 4.65439 4.71597 4.75769 4.71143 4.62968 4.74353 4.73994 4.71775 4.72039 4.72476 4.71054 4.63078 4.59325 4.66847 4.70997 4.66389 4.65574
4.60308 4.59665 4.59764 4.50668 4.60165 4.55778 4.48999 4.43695 4.46082 4.63423 4.6277 4.6563 4.60327 4.61603 4.61695 4.69217 4.61443 4.62988 4.63313 4.65258 4.63885 4.6495 4.63464 4.6407 4.62638 4.62552 4.66718 4.6338 4.60457 4.6559
4.51122 4.49822 4.4975 4.46952 4.53769 4.54836 4.44958 4.47291 4.40784 4.53599 4.51877 4.51447 4.51558 4.52489 4.51782 4.52899 4.52768 4.52987 4.52978 4.51175 4.5237 4.52707 4.53024 4.53295 4.50649 4.52285 4.50371 4.52893 4.5137 4.49146
4.50107 4.27508 4.27776 4.26806 4.31697 4.30892 4.17698 4.24666 4.22686 4.31226 4.30778 4.31107 4.32071 4.30596 4.30764 4.30535 4.31542 4.30989 4.30318 4.30164 4.30121 4.33271 4.30523 4.32125 4.30262 4.31947 4.29881 4.31265 4.30568 4.29914
8.17581 7.87452 7.8803 7.81921 8.01301 7.93297 7.86411 7.79396 7.87068 8.07345 8.00467 8.05398 8.155 8.01448 8.04068 8.1987 8.11949 8.04524 8.03482 8.02949 8.03877 8.14039 8.10683 8.24543 8.02772 8.07052 8.06277 8.13088 8.01882 8.00905
146.734 146.542 146.934 145.463 145.359 145.062 145.393 145.035 145.396 145.427 145.011 145.009 146.62 145.565 145.121 145.201 145.285 145.242 145.165 144.933 144.927 145.449 145.239 145.44 145.387 145.459 144.091 145.285 145.382 145
91.8762 92.0883 92.0014 92.3878 92.1793 92.1258 92.2464 92.3632 92.0604 91.9398 92.2603 92.1859 91.8734 92.0862 92.2744 92.1614 92.1863 92.2061 92.1016 92.1671 92.2897 91.9478 92.1688 92.1691 92.0827 92.243 92.1343 92.2184 92.1749 91.9653
75.3622 75.34 75.3357 75.2407 75.3941 75.4494 75.4634 75.4242 75.5496 75.5399 75.3976 75.5036 75.3901 75.4909 75.4155 75.6502 75.3606 75.7247 75.436 75.5344 75.472 75.6309 75.4616 75.3577 75.5116 75.5325 75.6125 75.3832 75.3834 75.8906
12.6738 12.6507 12.5146 12.6042 12.2519 12.2037 12.4478 12.795 12.0832 12.222 12.2523 12.2303 12.6711 12.2325 12.2233 12.2363 12.2151 12.2391 12.2036 12.2359 12.1607 12.2703 12.195 12.2232 12.2083 12.2491 12.2307 12.1932 12.2174 12.2204
5.6773 5.66638 5.66514 5.64871 5.82872 5.85449 5.66573 5.65011 5.6498 5.83933 5.84794 5.86762 5.68182 5.85502 5.85806 5.90703 5.84736 5.85704 5.85572 5.87633 5.86421 5.86226 5.86993 5.84475 5.85615 5.81515 5.91555 5.855 5.84863 5.90356
4.6815 4.69287 4.70027 4.44449 4.67659 4.66661 4.35531 4.28953 4.35486 4.69073 4.65138 4.59512 4.6815 4.68481 4.67748 4.64998 4.67711 4.65865 4.68288 4.63745 4.6846 4.64843 4.66323 4.67909 4.67903 4.6539 4.6989 4.66377 4.6853 4.62764
4.61291 4.62482 4.62844 4.54221 4.61182 4.57274 4.51652 4.52202 4.56087 4.64596 4.59595 4.64309 4.61095 4.64181 4.61899 4.70329 4.63424 4.59217 4.61557 4.655 4.6391 4.65447 4.65212 4.6409 4.62582 4.61767 4.63292 4.65429 4.62856 4.62852
4.48145 4.48595 4.48867 4.44075 4.49316 4.49578 4.43591 4.44843 4.4533 4.49555 4.48597 4.50695 4.47986 4.48914 4.49007 4.49413 4.48815 4.48561 4.49842 4.49272 4.48693 4.496 4.50077 4.49417 4.48837 4.488 4.47449 4.49305 4.48335 4.46045
4.29201 4.29072 4.29893 4.31096 4.35967 4.35286 4.22624 4.23361 4.25204 4.34239 4.35076 4.35289 4.29108 4.37534 4.35901 4.34966 4.35365 4.5498 4.33315 4.34523 4.35547 4.38106 4.34864 4.35667 4.38803 4.431 4.3803 4.35699 4.36519 4.35737
7.56188 7.48021 7.58623 7.42172 7.44203 7.49807 7.40824 7.42364 7.44366 7.36888 7.43654 7.42885 7.56388 7.51625 7.43135 7.35249 7.44017 7.7056 7.36101 7.38932 7.4192 7.38769 7.40138 7.42662 7.57199 7.7063 7.59938 7.44288 7.49109 7.4807
147.598 147.519 147.341 148.049 147.533 147.626 147.623 148.268 147.06 147.86 147.371 147.403 147.597 147.391 147.517 146.835 147.687 147.196 147.301 147.721 147.914 147.544 147.261 147.649 147.462 146.66 147.675 147.371 147.519 147.241
92.7811 92.9172 92.8365 92.4008 92.3405 92.4674 92.2662 92.34 92.2319 92.2001 92.3602 92.1566 92.8019 92.498 92.4184 92.1761 92.3998 92.3312 92.5105 92.4014 92.4664 92.1143 92.3797 92.3837 92.4335 92.288 92.3764 92.4083 92.4395 92.0682
152.327 152.68 152.377 153.65 153.092 153.012 153.183 153.087 153.282 153.304 153.276 153.34 152.262 153.265 153.015 153.121 152.889 152.816 153.189 152.851 152.719 152.719 153.338 152.91 152.76 152.891 152.693 153.014 153.173 154.182
75.4777 75.4722 75.4649 75.8194 75.6116 75.728 75.6441 75.5544 75.6306 75.614 75.9311 75.7901 75.4509 75.9644 75.6306 75.8316 75.608 75.7104 75.93 75.6683 75.6093 75.5041 75.9546 75.5474 75.6749 75.7316 75.6387 75.576 75.7552 75.8194
6.03489 6.04383 6.04281 5.96554 6.45845 6.47602 5.97407 5.94019 5.94978 6.45564 6.46444 6.47655 6.04166 6.47743 6.47729 6.46611 6.4666 6.49265 6.47627 6.48726 6.48372 6.47442 6.47108 6.47955 6.49095 6.47406 6.48255 6.48032 6.47896 6.49664
7.50606 7.55425 7.51074 7.73661 7.08676 7.11048 7.61997 7.57197 7.73095 7.10935 7.11267 7.12546 7.49957 7.11086 6.98733 6.99251 7.06862 7.07263 7.03399 7.06444 7.03711 7.06113 7.06916 7.07063 7.06646 7.1054 7.07779 7.06973 7.13834 7.22672
4.80824 4.8189 4.80678 4.25405 4.75234 4.72184 4.24777 4.25437 4.2717 4.73904 4.66357 4.6527 4.82879 4.67422 4.74362 4.70597 4.73844 4.73919 4.68517 4.7021 4.77126 4.74346 4.67084 4.74159 4.73212 4.71108 4.74271 4.75345 4.6774 4.61953
4.68795 4.69615 4.69002 4.6523 4.87225 4.86412 4.62016 4.60504 4.68885 4.88333 4.87939 4.80662 4.68855 4.89155 4.86774 4.83287 4.86852 4.83516 4.86075 4.86058 4.86529 4.85566 4.86879 4.87575 4.87571 4.87533 4.86071 4.87004 4.87139 4.80435
4.51614 4.51728 4.51614 4.48435 4.61561 4.61437 4.50314 4.469 4.48594 4.61962 4.60059 4.61944 4.51712 4.61375 4.61418 4.60106 4.61365 4.61361 4.60952 4.62002 4.61574 4.64094 4.6281 4.60291 4.61677 4.61287 4.62726 4.5964 4.61132 4.61289
4.63045 4.57006 4.6133 4.54389 4.68794 4.65743 4.48327 4.49293 4.50099 4.75928 4.61728 4.78799 4.62961 4.65059 4.65476 4.91636 4.65215 4.69394 4.65095 4.62629 4.65973 4.69962 4.6007 4.65211 4.6506 4.63868 4.68985 4.60456 4.65983 4.60897
4.34817 4.35108 4.35336 4.29614 4.51995 4.5229 4.28471 4.28327 4.31309 4.5206 4.51175 4.47747 4.35074 4.51158 4.51983 4.43861 4.51834 4.49921 4.51412 4.51246 4.52225 4.57334 4.51699 4.52075 4.51457 4.50987 4.52382 4.51736 4.51807 4.49691
8.07852 7.99202 8.01427 7.77496 7.67664 7.70324 7.73206 7.76164 7.79746 7.66812 7.71145 7.8044 8.08816 7.66705 7.66981 7.75103 7.66628 7.68551 7.67914 7.72437 7.65041 7.73703 7.64913 7.67547 7.69201 7.64699 7.66622 7.64964 7.69055 7.70118
92.9826 93.0346 92.9574 92.315 92.6087 92.6565 92.5211 92.5615 92.6845 92.5877 92.6377 92.364 93.0534 92.6847 92.66 92.6412 92.6257 92.7657 92.5586 92.6748 92.7231 92.6738 92.5527 92.6506 92.7902 92.6244 92.6765 92.7229 92.6091 91.601
75.1368 75.1019 75.147 74.8723 75.0164 75.0043 74.7049 75.2542 74.9556 74.8646 75.3236 75.2178 75.1059 75.3356 74.7854 75.2412 74.942 75.113 75.2892 75.0055 74.9381 75.1638 75.1855 74.8333 75.1248 75.0843 74.8449 74.7746 74.7452 75.7436
135.864 136.019 135.79 137.256 136.33 136.399 136.148 136.269 136.763 136.611 137.217 136.561 135.811 137.467 136.296 136.066 136.281 136.145 137.376 136.31 136.138 135.871 137.479 136.211 136.324 136.448 136.128 136.12 136.549 137.551
13.4273 13.4154 13.3185 12.4277 12.8404 12.8406 12.7937 13.2248 13.0535 12.8128 12.8645 12.9074 13.3487 12.8959 12.9068 12.8729 12.877 12.978 12.9429 12.9049 12.8521 12.8276 12.8781 12.888 12.8786 12.8095 12.9517 12.8802 12.9796 12.5986
5.56406 5.54444 5.56494 5.53413 5.75972 5.75295 5.55456 5.56291 5.54666 5.75173 5.73951 5.77856 5.56637 5.74819 5.76112 5.77194 5.76878 5.75962 5.78048 5.77534 5.75576 5.77218 5.75811 5.75698 5.76224 5.75857 5.76729 5.74854 5.74032 5.83375
4.60798 4.61123 4.62358 4.19937 4.57088 4.58016 4.16374 4.24277 4.2657 4.55555 4.60285 4.61652 4.59272 4.61366 4.56718 4.59303 4.59335 4.54893 4.67709 4.57963 4.57203 4.59218 4.63556 4.57403 4.57933 4.57705 4.58529 4.57339 4.59429 4.65118
4.4553 4.45589 4.45383 4.4373 4.47389 4.47257 4.40562 4.39793 4.40999 4.48467 4.48255 4.50853 4.45359 4.5161 4.49602 4.44398 4.49683 4.45924 4.53979 4.4946 4.46223 4.48901 4.51573 4.49901 4.46074 4.45923 4.49609 4.4912 4.46198 4.49978
4.48572 4.48669 4.48646 4.43546 4.525 4.52288 4.45721 4.45924 4.46033 4.51604 4.53721 4.51697 4.48752 4.5379 4.51389 4.52386 4.52375 4.52618 4.52143 4.50976 4.51862 4.52508 4.51764 4.52374 4.51457 4.53785 4.52524 4.52551 4.48269 4.52557
4.30344 4.31057 4.30442 4.25685 4.38185 4.39118 4.24177 4.25254 4.27608 4.37861 4.52602 4.38314 4.30132 4.60227 4.38934 4.38985 4.38981 4.37674 4.4407 4.38383 4.3792 4.40988 4.44751 4.39315 4.38824 4.39719 4.39778 4.40054 4.42662 4.39742
7.07045 7.09687 7.0542 7.3195 7.36944 7.3762 7.2093 7.33111 7.31852 7.38864 7.60522 7.19232 7.06389 7.61053 7.38001 7.31203 7.35852 7.3627 7.40765 7.30991 7.33949 7.2786 7.48796 7.39473 7.35431 7.38609 7.34937 7.41107 7.44032 7.29231
148.725 148.38 148.765 147.391 147.188 147.248 146.919 146.871 147.386 147.059 147.034 147.295 148.629 146.767 146.684 146.952 147.166 146.453 146.617 146.809 147.094 147.392 146.683 147.272 147.059 147.237 147.367 147.352 146.752 147.456
92.9228 92.9643 92.88 93.0054 92.9817 93.0723 93.1818 93.1244 93.252 93.0031 92.7009 93.0017 92.9414 93.1023 93.1554 93.0844 93.0301 93.0105 93.1469 93.0704 93.0619 92.8102 93.1174 93.0409 92.8341 92.8734 93.1477 93.0519 93.2061 92.1373
75.4064 75.4065 75.4013 75.0231 75.3847 75.361 74.9642 75.1106 75.0073 75.3894 75.795 75.3555 75.4071 75.5261 75.4266 75.4434 75.5286 76.0139 75.4829 75.4916 75.3652 75.5308 75.5113 75.3031 75.9707 75.4882 75.334 75.4534 75.6664 75.8666
102.382 102.74 102.125 103.14 103.053 103.056 102.926 103.352 103.422 103.133 102.68 102.922 102.421 103.144 103.049 103.011 103.02 103.142 103.094 103.234 103.094 102.459 102.976 103.114 103.067 102.918 103.131 103.034 102.954 104.22
140.884 140.992 140.826 141.695 141.171 141.188 141.382 141.066 141.02 141.049 141.392 141.31 140.834 141.391 140.913 141.269 141.214 141.552 141.284 141.119 141.06 141.216 141.275 141.144 141.678 141.188 141.105 141.043 141.117 142.649
5.47451 5.48161 5.47288 5.5192 5.50624 5.50974 5.50361 5.50449 5.49327 5.50059 5.50469 5.53481 5.47628 5.53189 5.51395 5.52525 5.52939 5.5521 5.56376 5.52523 5.49859 5.5008 5.53642 5.50719 5.52855 5.50013 5.51045 5.51102 5.52741 5.52261
4.44909 4.45828 4.45795 4.46094 4.49762 4.5003 4.48013 4.44682 4.43521 4.50545 4.45685 4.46733 4.4512 4.42683 4.52982 4.48772 4.44604 4.40761 4.47464 4.4862 4.50864 4.48995 4.48979 4.49851 4.40955 4.48963 4.49808 4.5007 4.45578 4.3647
14.6149 14.6205 14.8752 13.1435 13.3121 13.3412 13.3917 12.8666 13.6899 13.2335 13.7619 13.3681 14.6076 13.3692 13.1826 13.3138 13.3419 13.2375 13.3881 13.333 13.2964 13.6422 13.3679 13.2578 13.4583 13.3525 13.2664 13.3111 13.4062 13.2905
4.59233 4.59491 4.59134 4.50965 4.66145 4.67128 4.5554 4.5162 4.47498 4.65671 4.65488 4.67452 4.58577 4.67193 4.65275 4.67578 4.66821 4.64974 4.69083 4.66973 4.68506 4.6819 4.68745 4.67125 4.64977 4.67038 4.6752 4.67558 4.69555 4.69906
4.38099 4.38338 4.37924 4.36728 4.41335 4.41994 4.39493 4.33439 4.39087 4.39726 4.41698 4.43003 4.38205 4.4007 4.41254 4.4189 4.42412 4.4079 4.42192 4.38556 4.4159 4.41659 4.42194 4.4232 4.4158 4.42526 4.424 4.4152 4.41661 4.4465
4.68754 4.80639 4.57519 4.99444 5.02855 5.05299 4.99018 5.25522 5.2532 5.07743 4.96506 5.03834 4.79518 5.06066 5.14513 5.01551 5.01184 5.24466 5.0945 5.16933 5.06592 5.02728 5.09205 5.09347 5.13048 4.93847 5.1125 5.08451 5.08218 5.43284
4.29265 4.29973 4.29641 4.23269 4.38131 4.38139 4.2564 4.29376 4.30472 4.37885 4.34342 4.38701 4.29142 4.35805 4.39261 4.38149 4.37624 4.3119 4.39853 4.38651 4.39226 4.38725 4.38587 4.38863 4.33868 4.37385 4.39228 4.39167 4.39805 4.37151
7.63641 7.63691 7.63516 7.69417 7.64153 7.65844 7.6839 7.68327 7.71601 7.65357 7.59705 7.62862 7.62225 7.63803 7.65741 7.61883 7.63677 7.61402 7.66005 7.65476 7.63996 7.60943 7.66242 7.64619 7.57756 7.61596 7.65524 7.63323 7.66207 7.71924
163.538 164.459 164.414 163.871 162.421 162.849 163.37 161.745 161.677 162.253 162.606 162.643 163.717 163.004 162.322 162.395 162.996 160.761 162.561 162.189 162.363 162.584 163.529 162.59 161.264 162.588 162.556 162.261 162.337 161.811
153.116 153.442 153.22 153.733 153.548 153.532 153.814 153.455 153.743 153.532 153.632 153.615 153.049 153.528 153.503 153.606 153.412 153.597 153.619 153.465 153.483 153.641 153.403 153.474 153.741 153.528 153.425 153.54 153.572 153.961
140.494 140.592 140.474 140.747 140.423 140.427 140.792 140.465 140.867 140.418 140.848 140.605 140.471 140.48 140.37 140.457 140.657 140.262 140.543 140.413 140.299 140.729 140.436 140.481 140.375 140.485 140.286 140.439 140.377 143.065
5.90307 5.93401 5.91085 5.86778 6.38071 6.37887 5.88037 5.89121 5.91789 6.37781 6.43575 6.43785 5.91144 6.43216 6.40106 6.38771 6.42205 6.43573 6.42228 6.41413 6.38343 6.40931 6.39851 6.3957 6.47178 6.39297 6.35456 6.38582 6.41171 6.32887
7.14174 7.28352 7.21739 7.43512 6.89766 6.91881 7.50774 7.14763 7.40324 6.93235 6.96593 6.96096 7.10752 6.82918 6.83238 6.91198 6.79872 6.87561 6.81425 6.8735 6.88707 7.07196 6.84955 6.90803 6.90899 6.91444 6.85341 6.90995 6.94544 7.18863
4.55201 4.53806 4.55003 4.17929 4.63502 4.62354 4.18626 4.2111 4.17889 4.62271 4.65629 4.5927 4.55338 4.61894 4.64481 4.62484 4.68133 4.59648 4.59458 4.6411 4.65151 4.64933 4.64001 4.66983 4.65586 4.64313 4.62371 4.64064 4.65486 4.7168
4.57304 4.57334 4.56794 4.5758 4.77468 4.7757 4.60504 4.58226 4.58302 4.77248 4.76721 4.75909 4.57368 4.74803 4.78112 4.76403 4.78214 4.74589 4.73433 4.76669 4.76384 4.79026 4.7657 4.79684 4.76077 4.77504 4.7179 4.76922 4.76796 4.74985
4.50727 4.50818 4.50591 4.48889 4.61814 4.62041 4.50225 4.48474 4.49189 4.6174 4.63066 4.62734 4.50781 4.61446 4.63874 4.61223 4.62864 4.62007 4.62311 4.61415 4.61873 4.61615 4.6191 4.6244 4.62166 4.62534 4.64381 4.62397 4.61545 4.67965
4.33821 4.34655 4.33797 4.3191 4.53048 4.53152 4.30141 4.29733 4.32028 4.53132 4.52147 4.56971 4.34379 4.54607 4.54498 4.53412 4.53415 4.5311 4.56103 4.53765 4.53007 4.52579 4.53917 4.53471 4.53837 4.53902 4.54507 4.54804 4.52727 4.58648
8.25623 8.27521 8.32509 8.13718 8.05762 8.08511 8.18318 8.12955 8.23181 8.08765 8.083 8.1509 8.29532 8.1337 8.1107 8.13273 8.13832 7.9696 8.18976 8.05388 8.06145 8.09567 8.11575 8.06106 7.92473 8.05248 8.02335 8.07616 8.0395 8.14673
93.1463 93.0021 93.1698 93.066 92.9445 92.8923 92.909 92.9707 92.9499 92.9271 92.7778 92.7512 93.1251 92.9568 93.0534 93.0011 92.6051 92.8707 92.9865 92.8141 93.0653 92.7954 92.8194 92.6288 92.7952 92.7658 92.7967 92.8869 92.8066 92.3967
75.3689 75.4122 75.443 75.1192 75.4124 75.5763 75.0978 75.3374 75.5708 75.5043 75.4368 75.7806 75.5012 75.8169 75.4134 75.5455 75.8065 75.7058 75.9023 75.5492 75.4979 75.7055 75.7039 75.9668 75.4018 75.4836 75.7711 75.4337 75.8445 75.7774
103.936 103.795 104.023 103.403 103.616 103.695 103.429 103.471 103.821 103.712 103.801 103.688 103.983 103.839 103.784 103.633 103.907 103.898 103.578 103.886 103.643 103.589 104.041 104.052 103.81 103.765 103.433 103.767 103.884 105.703
140.876 141.055 140.839 141.605 140.933 140.932 141.624 141.674 141.676 140.951 140.916 141.107 140.839 140.743 140.828 140.8 140.893 141.086 140.725 140.9 140.869 141.046 141.591 141.677 140.961 140.88 141.044 140.899 141.505 142.697
5.45221 5.43231 5.44431 5.38671 5.48035 5.4688 5.42158 5.37605 5.4237 5.46302 5.49105 5.44153 5.44274 5.48006 5.50581 5.45303 5.52337 5.44715 5.47178 5.50393 5.49635 5.47685 5.4523 5.43993 5.50744 5.48227 5.44144 5.4754 5.44687 4.07136
4.5764 4.52244 4.55507 4.41831 4.52214 4.52601 4.60843 4.48825 4.46492 4.5108 4.52724 4.43597 4.52959 4.48355 4.54355 4.46072 4.48399 4.42958 4.4409 4.57588 4.56887 4.4748 4.47746 4.40468 4.53643 4.51858 4.4591 4.51769 4.44848 4.51391
14.517 13.8305 14.4713 13.5158 13.1456 13.2506 13.7504 13.3903 13.2942 13.2824 13.1989 13.2242 14.4323 13.2666 13.2308 13.2412 13.2973 13.079 13.1606 13.0699 13.0965 13.3234 13.1073 13.0863 13.1097 13.1603 13.2094 13.085 13.2409 12.6007
4.53235 4.53747 4.53794 4.43735 4.59393 4.59892 4.47658 4.49245 4.47478 4.59607 4.61668 4.63233 4.53655 4.59144 4.60785 4.58539 4.59937 4.59521 4.59244 4.60694 4.6052 4.59422 4.60009 4.59788 4.61198 4.60625 4.56059 4.60536 4.61448 4.5627
4.42287 4.42242 4.42336 4.38609 4.44347 4.42196 4.43619 4.39198 4.43597 4.43934 4.4559 4.45748 4.42345 4.44195 4.45544 4.4495 4.46918 4.40599 4.46891 4.45514 4.44627 4.43855 4.4616 4.45567 4.47011 4.44625 4.43278 4.45971 4.44985 4.34014
5.31465 5.27097 5.35368 5.3683 5.18152 5.19193 5.2749 5.42938 5.34583 5.22705 5.12425 5.17655 5.34065 5.14103 5.1596 5.23532 4.80759 5.27926 5.10137 5.16256 5.1513 5.07027 5.26151 5.22097 5.20611 5.15193 5.20349 5.18903 5.15323 5.84483
4.3006 4.30688 4.30201 4.30223 4.37229 4.37775 4.26673 4.26282 4.27549 4.38113 4.36839 4.38143 4.29721 4.38987 4.38515 4.38911 4.36211 4.37252 4.39429 4.37555 4.38522 4.37324 4.38947 4.39094 4.3877 4.38752 4.34592 4.39292 4.39647 4.28317
7.63682 7.56885 7.63245 7.62797 7.50017 7.48416 7.58952 7.64274 7.5516 7.49887 7.49754 7.47446 7.62728 7.47168 7.51663 7.46847 7.44142 7.52539 7.40876 7.49478 7.50259 7.51453 7.48808 7.45589 7.50634 7.4965 7.46169 7.47482 7.47581 7.78459
163.527 162.073 163.555 159.972 162.433 162.1 160.433 159.779 160.707 161.931 161.928 161.675 163.626 162.441 162.309 161.806 162.399 162.151 162.505 162.997 162.642 162.111 161.785 161.436 162.06 161.871 161.441 162.215 161.461 161.534
92.5928 92.5052 92.4954 92.4209 92.5418 92.5605 92.6889 92.5019 92.6409 92.6207 92.4175 91.8961 92.4839 92.2653 92.6209 92.5651 92.3902 92.47 92.2224 92.5345 92.5557 92.2755 92.4104 92.0521 92.5448 92.367 92.2138 92.6045 91.8758 92.2395
74.903 74.8914 75.0985 75.2405 74.77 75.3618 75.0381 75.2131 75.1372 75.5598 75.0009 75.6297 74.9189 75.5808 75.7094 75.7263 75.2814 75.6609 75.5714 75.0474 75.2465 75.6351 75.0761 75.2838 74.9466 75.1101 75.196 74.8014 75.3776 75.9677
136.933 136.911 136.963 137.524 136.904 137.044 137.493 137.657 137.484 137.227 137.226 137.44 136.907 138.188 137.403 137.232 137.938 137.346 137.314 136.727 137.133 138.248 137.133 137.992 136.985 137.218 138.205 136.874 137.634 138.18
11.7088 11.8945 11.7061 12.2945 12.3652 12.2017 12.4123 12.2418 12.0509 12.0342 12.1812 12.0716 11.5786 12.1806 11.9914 12.1583 12.2611 12.2326 12.0587 12.2999 12.206 12.0588 12.1785 12.2174 12.176 12.0299 12.1435 12.1686 12.0704 12.0159
5.62877 5.62643 5.64508 5.61064 5.77825 5.81652 5.60509 5.59827 5.6257 5.82607 5.81508 5.88629 5.6358 5.87439 5.85896 5.8452 5.82845 5.86442 5.88589 5.7971 5.82737 5.85132 5.8239 5.85186 5.80813 5.81682 5.8356 5.79104 5.86241 5.78
4.56048 4.57922 4.55985 4.26538 4.5398 4.55625 4.24951 4.25947 4.27262 4.55074 4.57447 4.59733 4.56713 4.67152 4.60363 4.59953 4.59592 4.65815 4.66237 4.58866 4.59908 4.63548 4.57485 4.64413 4.56135 4.56066 4.63103 4.56494 4.59827 4.59166
4.49081 4.48174 4.49772 4.47894 4.48949 4.51214 4.44485 4.43237 4.44885 4.52679 4.51445 4.5418 4.48088 4.5564 4.53988 4.51121 4.56759 4.54531 4.56169 4.51832 4.51839 4.57282 4.52478 4.54403 4.53758 4.52655 4.52802 4.50777 4.51719 4.51493
7.70131 7.65587 7.72165 7.76958 7.77878 7.81192 7.79586 7.73185 7.70733 7.86122 7.81084 7.80042 7.70638 7.83845 7.8522 7.88403 7.86021 7.78808 7.80216 7.7474 7.77983 7.82463 7.72075 7.78487 7.80851 7.81325 7.79525 7.78082 7.6138 7.88463
144.935 145.336 144.951 146.485 146.424 146.504 145.658 145.882 145.822 146.327 146.508 146.507 144.471 146.076 146.312 145.986 146.428 145.193 146.291 146.901 146.425 146.28 146.071 145.86 146.464 146.864 146.144 146.551 146.367 146.052
93.1527 93.1069 92.9298 93.1084 93.1297 92.9154 93.1009 93.0965 92.9671 93.029 93.2217 92.6544 93.1234 92.8555 92.9735 93.0628 92.8742 93.0423 93.0028 92.9672 93.1887 92.5141 92.953 92.8729 92.9727 90.3497 93.145 93.0154 92.9624 92.7265
75.1091 75.2849 75.298 75.0695 75.7921 75.6411 75.1794 75.0244 75.0721 75.6824 75.3988 75.6007 75.4327 75.4792 75.6321 75.9778 75.2888 75.6764 75.2717 75.4548 75.6537 75.5784 75.6697 75.7576 75.4398 75.3751 75.9161 75.4427 75.7171 75.6906
103.302 103.504 103.439 103.653 102.92 104.57 103.893 103.479 104.009 104.604 103.736 103.955 103.314 104.086 104.196 104.411 103.865 104.123 103.95 103.695 103.633 103.899 103.958 103.679 103.948 103.814 103.876 103.79 102.75 104.421
141.222 141.168 141.217 141.024 141.143 141.074 140.835 140.982 140.974 141.012 140.921 140.954 141.339 141.287 140.781 141.436 140.95 140.922 141.037 140.916 140.865 141.955 140.825 141.065 140.892 141.74 141.965 140.883 141.157 141.923
5.3916 5.45373 5.44152 5.40025 5.47594 5.41992 5.32363 5.42452 5.38071 5.44493 5.48057 5.53518 5.45535 5.56044 5.52252 5.54414 5.47523 5.60001 5.57127 5.48595 5.49795 5.45183 5.50701 5.50884 5.50405 6.02742 5.51757 5.48583 5.49166 5.37011
4.48663 4.48037 4.44554 4.44867 4.39841 4.37505 4.50483 4.49737 4.49222 4.20634 4.43387 4.24123 4.51643 4.27197 4.18773 4.2898 4.38621 4.27281 4.24126 4.40878 4.43392 4.22423 4.35012 4.36452 4.36994 4.34551 4.31331 4.37119 4.4047 4.20467
12.1283 12.0211 12.1006 11.586 11.342 11.2956 12.0825 11.7418 11.4704 11.3496 11.0876 11.4442 11.741 11.512 11.2032 11.2512 11.7816 11.2822 11.5041 11.5004 11.0841 11.7566 11.4359 11.5581 11.4176 11.7003 11.7351 11.2559 11.4691 11.5875
4.53253 4.53925 4.5263 4.4525 4.61976 4.58044 4.43421 4.47319 4.43413 4.57931 4.60194 4.61169 4.54347 4.61585 4.59628 4.60793 4.63099 4.60199 4.57673 4.6224 4.63595 4.5415 4.62649 4.64918 4.61852 4.59956 4.62703 4.61643 4.61296 4.53969
5.09583 5.19285 5.09414 5.33581 5.1078 5.5356 5.37595 5.30841 5.43432 5.52407 5.23722 5.16399 5.07962 5.21966 5.37298 5.3795 5.29512 5.33655 5.22097 5.24829 5.15576 5.21254 5.33631 5.25061 5.32522 5.44113 5.25163 5.30782 5.10722 5.35261
7.67733 7.68949 7.65335 7.63179 7.59552 7.63238 7.62136 7.64493 7.62489 7.60048 7.66522 7.51896 7.65972 7.57699 7.51776 7.58539 7.6418 7.55765 7.50693 7.61316 7.60335 7.48121 7.61517 7.61774 7.64691 7.61463 7.65797 7.6218 7.54892 7.49179
159.7 160.248 159.608 157.762 159.245 156.602 157.164 158.059 157.488 156.728 158.336 158.224 161.074 158.972 157.642 157.672 158.101 157.987 158.51 157.981 158.032 158.039 157.183 158.262 157.701 156.351 157.204 157.538 161.148 157.079
93.1457 91.8783 91.7972 92.8798 91.4945 92.2778 92.659 92.8458 92.543 92.2317 90.5703 91.7517 92.8284 91.8437 92.1897 92.6668 92.0385 92.0831 92.2345 92.3682 92.3723 90.5306 92.027 91.6365 92.1613 91.8109 92.2041 92.0951 92.0847 89.9157
155.804 155.115 155.11 154.848 154.669 154.733 154.477 154.708 154.779 154.649 153.767 154.713 154.128 154.692 154.249 153.725 155.109 154.775 154.68 154.454 154.015 154.973 154.901 154.841 154.595 154.98 153.633 154.812 155.434 155.775
75.1298 75.6959 75.6112 75.5688 76.1984 75.5513 75.6144 75.6866 75.8657 76.23 76.1174 75.2503 74.9711 75.2808 75.537 76.5768 76.2832 75.1158 75.5431 75.3755 75.6814 75.5876 75.5473 75.7658 75.3887 75.1399 75.6571 75.7601 75.9349 76.0547
142.281 142.19 142.408 141.842 141.586 141.754 141.935 141.895 141.887 142.992 141.555 142.59 141.175 142.53 142.094 141.404 142.639 142.861 142.526 141.837 140.119 142.918 141.696 142.104 141.805 142.358 139.902 141.898 140.848 142.942
4.59771 5.77109 5.76957 5.07757 6.41321 6.44011 5.10508 5.19513 5.09243 6.44011 6.29563 6.45414 5.95528 6.43834 6.41953 6.51646 6.44119 6.41519 6.44334 6.42338 6.44663 6.37425 6.47068 6.47561 6.4389 6.37116 6.46061 6.4569 6.47002 6.42747
8.20821 7.96533 8.10347 7.74991 7.33377 7.45659 7.57077 7.47708 7.51683 7.7144 6.77163 7.35947 6.81567 7.56461 8.04797 7.11261 7.61906 7.75517 7.78853 7.48507 7.65552 7.69792 7.53925 7.6726 7.57589 7.67593 7.2482 7.54758 8.08284 7.54897
4.67094 4.74253 4.75049 4.27454 4.68787 4.6319 4.32738 4.32319 4.32807 4.74607 4.79574 4.62941 4.71943 4.66683 4.64824 4.42507 4.70217 4.64591 4.60699 4.67962 4.59383 4.65873 4.62198 4.62419 4.65098 4.65863 4.56352 4.63737 4.71365 4.73153
4.59376 4.62208 4.62202 4.60069 4.8333 4.68541 4.6229 4.59662 4.57112 4.81926 4.8759 4.75623 4.55435 4.76749 4.86263 4.85919 4.78502 4.8167 4.79109 4.76239 4.74639 4.79754 4.7593 4.72716 4.77466 4.8337 4.71807 4.72259 4.76349 4.79823
4.55226 4.52002 4.51268 4.50787 4.70019 4.60821 4.51115 4.46952 4.4793 4.61139 4.59431 4.59521 4.53307 4.60824 4.61333 5.10976 4.60542 4.62004 4.61362 4.60271 4.64307 4.60969 4.60268 4.6112 4.60482 4.60122 4.60667 4.59897 4.61305 4.6391
4.52944 4.51191 4.49848 4.19622 4.55464 4.47897 4.28526 4.19713 4.28728 4.59549 4.9165 4.58023 4.40071 4.52203 4.67333 4.72421 4.57458 4.53725 4.60651 4.6408 4.89239 4.02853 4.65751 4.56875 4.61242 4.52293 4.56535 4.61079 4.54102 4.1108
4.23224 4.23507 4.23249 4.23245 4.50617 4.5155 4.22718 4.22691 4.24795 4.52735 4.5224 4.53548 4.29057 4.53186 4.54019 4.68986 4.54593 4.53263 4.56631 4.51572 4.50721 4.44136 4.53021 4.53546 4.53274 4.47987 4.54028 4.52583 4.50698 4.51441
8.42923 8.34527 8.36764 8.34058 8.39481 8.1165 8.298 8.33072 8.29619 8.27985 7.94419 8.27287 8.12877 8.2732 8.41573 7.9967 8.21417 8.54015 8.48259 8.13513 7.94251 8.30405 8.11 8.0835 8.08903 8.24075 7.88999 8.10877 8.23751 8.63164
94.2436 92.169 92.141 93.7625 93.1497 93.7471 93.7549 93.6538 94.0605 93.0829 92.9217 92.9921 93.8139 93.1216 93.0636 92.2867 92.8695 93.1944 92.9099 93.4858 92.8394 92.4602 93.3511 93.2002 93.462 93.1818 93.1167 93.1287 92.7088 94.901
73.9338 74.9781 74.9755 75.218 75.7376 74.9462 74.6886 74.7706 74.5633 75.7711 75.2291 75.6151 73.8608 75.0648 75.5518 75.1245 75.2282 75.1331 75.7548 75.0335 75.1672 75.9407 74.9575 74.8851 74.9253 75.4655 75.3407 74.9176 75.4256 75.3488
102.29 103.288 103.318 104.284 104.063 104.244 103.897 103.965 104.075 104.541 105.135 103.982 102.222 103.623 104.007 104.304 104.669 105.203 105.05 103.679 103.856 103.002 103.318 103.876 103.297 103.899 104.122 103.392 103.119 105.459
139.701 141.054 141.196 141.681 143.461 141.399 141.715 141.474 141.561 142.642 142.47 141.166 140.113 141.25 142.24 142.338 142.461 141.877 141.541 140.998 141.692 142.306 141.345 141.445 141.146 142.343 141.535 141.511 141.772 141.366
5.40963 5.78018 5.77178 5.49014 5.52924 5.46128 5.46167 5.47674 5.45977 4.3911 5.4283 5.51392 5.41543 5.45816 5.21809 5.47578 4.41942 5.03748 4.95627 5.41009 5.47177 5.54302 5.41345 5.35343 5.3994 5.30747 5.47392 5.39638 5.52828 5.67468
4.33034 4.48136 4.47424 4.41898 4.3969 4.46645 4.3593 4.37497 4.3512 4.36884 4.45603 4.37326 4.3123 4.42691 4.37904 4.45179 4.38558 4.40093 4.37325 4.42068 4.38565 4.43139 4.42069 4.40954 4.4216 4.32371 4.42082 4.43002 4.51972 4.50718
4.67276 5.01731 5.06264 5.23437 5.75497 5.48139 5.1757 5.00238 5.13094 5.57072 6.03066 5.08972 4.90755 5.39049 5.51592 5.59499 5.61965 6.38407 6.19112 5.37309 5.34951 5.63163 5.18962 5.62717 5.21512 5.80474 5.44149 5.41525 5.02291 6.15565
4.21304 4.18463 4.17716 4.24415 4.37902 4.36543 4.30282 4.22798 4.27447 4.30234 4.35595 4.41421 4.22026 4.38127 4.38249 4.35541 4.30715 4.374 4.38918 4.35623 4.35068 4.27697 4.36809 4.36824 4.3653 4.36555 4.33672 4.34032 4.33864 4.45707
6.84101 7.2049 7.21617 7.43729 7.60461 7.72672 7.46822 7.52559 7.42448 7.69127 8.02141 7.46331 7.52311 7.45581 7.56063 7.7667 7.75585 7.81345 7.56644 7.51273 7.68455 7.82966 7.52776 7.63756 7.47946 7.93137 7.72149 7.59147 7.64355 7.77214
93.5152 93.2682 93.1921 92.6383 92.4955 92.9085 93.086 93.0442 92.666 92.1608 89.4597 91.5986 93.2863 92.4085 92.4776 91.6467 92.5463 92.8005 92.2246 92.608 92.6591 91.4084 92.6962 92.8878 92.8801 92.7507 92.5038 92.7121 92.5095 92.6716
75.318 75.4694 75.9951 75.731 75.8994 75.6284 75.7729 75.6285 75.9305 76.0967 76.2672 75.6906 75.7199 75.9623 76.0798 76.2429 76.1699 75.7943 76.198 75.825 75.7473 75.8189 75.818 75.9295 75.7208 75.9062 76.5163 75.726 76.2388 76.3535
104.553 103.633 103.68 104.416 104.511 104.323 104.325 103.997 103.585 104.059 105.521 104.054 102.848 104.094 104.423 104.608 104.259 104.412 104.331 104.145 104.141 104.675 104.227 104.256 104.073 104.126 104.256 103.437 103.324 104.544
142.122 142.938 143.07 142.803 142.624 142.176 142.65 142.573 142.89 142.198 144.218 142.576 141.821 142.35 142.488 142.927 142.305 142.279 142.331 142.107 142.233 143.458 142.273 141.991 142.094 142.084 142.094 141.811 142.493 142.441
5.54971 5.55931 5.54654 5.64923 5.63023 5.59453 5.60898 5.62141 5.65026 5.61461 6.159 5.62345 5.54772 5.63947 5.61132 5.58964 5.58829 5.56196 5.62874 5.58577 5.55926 5.75104 5.58277 5.55474 5.54617 5.59047 5.63031 5.55225 5.65751 5.65217
4.53366 4.57786 4.51004 4.5048 4.41054 4.48258 4.54634 4.55354 4.49924 4.43254 4.41212 4.00752 4.51121 4.43773 4.31818 4.4677 4.42629 4.39063 4.382 4.45197 4.55377 3.92416 4.41418 4.42646 4.43739 4.47235 4.31165 4.43541 4.56596 4.33834
11.8266 11.5212 12.3286 12.3458 11.415 11.4675 12.1229 12.2682 12.3895 13.6933 11.7701 13.3422 12.1547 13.3531 11.3706 11.3877 11.3522 11.1887 11.1769 11.2126 11.5584 12.365 11.3848 11.2476 11.2629 11.1358 11.7371 11.1874 12.1867 11.2162
4.52897 4.42922 4.57039 4.44337 4.64894 4.63114 4.44512 4.39896 4.3996 4.63367 4.66057 4.53249 4.53601 4.68692 4.62899 4.5903 4.61303 4.60322 4.63869 4.6298 4.62241 4.65401 4.62147 4.63788 4.63163 4.59853 4.69847 4.60342 4.64129 4.64294
4.42141 4.4701 4.42882 4.39675 4.48275 4.47001 4.39221 4.31401 4.3989 4.47467 4.54248 4.44719 4.45161 4.47403 4.49042 4.55141 4.45347 4.45452 4.45657 4.46016 4.47328 4.46976 4.47508 4.4764 4.47353 4.49992 4.47067 4.44138 4.45711 4.50941
5.61932 5.80577 5.80254 5.73498 5.78288 5.71786 5.7598 5.76722 5.80764 5.70663 5.88635 5.71981 5.37914 5.72779 5.70546 5.81825 5.74603 5.71403 5.78962 5.7072 5.69564 5.87963 5.67088 5.69291 5.70133 5.66498 5.63555 5.75307 5.60167 5.92305
4.33075 4.24298 4.25559 4.24268 4.3639 4.36516 4.15815 4.14721 4.17051 4.32795 4.22381 4.44332 4.26225 4.39641 4.34491 4.35471 4.35262 4.37963 4.34761 4.36025 4.33839 4.31343 4.35605 4.37374 4.36761 4.35823 4.44788 4.34422 4.35241 4.32873
7.91312 7.92475 7.92695 7.95167 7.96643 7.93347 7.96478 7.96168 7.96347 7.87378 7.92776 7.86048 7.85264 7.8603 7.93816 7.90382 7.91911 7.93491 7.959 7.91482 7.87366 7.91934 7.89974 7.91108 7.9284 7.82015 7.71235 7.92869 7.82122 7.96957
92.0257 91.9808 91.5845 91.1586 91.9777 92.0422 91.4234 90.9548 91.2066 91.2752 91.0029 90.9997 91.7094 91.8374 91.9279 90.694 91.7798 92.2046 91.4761 92.0272 91.5838 90.8245 92.0003 91.6115 92.0487 91.2293 90.9514 91.627 91.4788 91.3974
75.9127 76.2542 76.0214 76.2904 75.7815 75.8221 76.2943 76.2082 76.2781 76.0001 76.5264 76.7519 75.6371 75.6502 75.8528 76.3079 76.1585 75.9431 75.8647 75.7297 75.8021 76.0807 75.9493 75.9624 76.0072 75.9003 75.6979 76.1237 75.8548 75.9119
138.617 138.118 138.892 138.154 137.499 138.118 139.022 138.707 138.585 138.857 138.697 140.881 137.817 138.293 137.469 140.204 138.694 137.782 138.406 137.59 138.129 138.858 138.014 137.667 138.013 137.703 137.679 137.059 137.887 137.773
5.82656 5.80863 5.85848 5.84377 5.90986 5.94207 5.85559 5.8743 5.83425 5.90635 5.90113 5.92438 5.8155 5.91548 5.90337 5.89954 5.92267 5.93455 5.91667 5.93557 5.96624 5.92036 5.93335 5.94353 5.96271 5.99084 5.90533 5.94374 5.99062 5.95208
4.6856 4.58744 4.54487 4.25837 4.63593 4.75357 4.27604 4.26591 4.25403 4.56868 4.31595 4.66448 4.80574 4.76005 4.57727 4.82216 4.61586 4.68018 4.64244 4.75164 4.74838 4.55763 4.64282 4.67108 4.72106 4.71932 4.52188 4.581 4.59944 4.58535
4.62354 4.64999 4.43248 4.56245 4.63409 4.63986 4.53548 4.57798 4.56329 4.61721 4.64081 5.18589 4.67728 4.62387 4.63133 4.87886 4.64715 4.59637 4.62017 4.58813 4.59984 4.70445 4.63374 4.64086 4.61116 4.59328 4.5872 4.60267 4.6273 4.63612
4.51181 4.52898 4.58697 4.49943 4.57214 4.55801 4.52112 4.48965 4.47154 4.53016 4.58456 4.6269 4.50943 4.5316 4.5867 4.48797 4.56217 4.55122 4.54679 4.53777 4.54558 4.56433 4.56496 4.56431 4.55251 4.54656 4.64985 4.54657 4.58429 4.56533
7.55096 7.45173 7.40052 7.72977 7.74418 7.80492 7.65835 7.66587 7.5862 7.79667 7.8302 8.31915 7.47153 7.82963 7.70529 8.03348 7.78655 7.78014 7.72467 7.6583 7.78142 7.4707 7.7133 7.73541 7.68232 7.79592 7.4917 7.71509 7.84187 7.69112
93.3637 92.9381 91.8828 93.044 92.4733 92.6909 93.1266 92.9637 93.0391 91.5406 91.9848 91.1383 93.4449 92.0788 91.9014 90.0004 91.7901 92.4162 91.5773 92.1656 92.3548 92.0292 92.7502 92.0067 92.2767 92.2443 91.8974 92.0965 91.5247 91.9059
74.8284 75.249 74.4801 74.9369 75.5852 76.0526 74.7774 74.9787 74.8747 75.6849 75.4343 75.5841 74.8896 75.5074 75.6811 75.8109 75.6403 75.8768 75.224 75.6741 75.4751 75.428 75.8461 75.839 75.324 75.6024 75.2869 75.5279 75.4293 75.8837
137.066 138.029 139.358 137.776 137.197 136.899 137.185 136.993 137.066 137.175 138.809 140.315 137.708 136.95 137.232 140.479 138.751 136.72 136.848 136.432 136.611 138.976 137.28 136.85 136.256 136.809 139.087 136.433 139.947 137.913
5.48055 5.61784 5.65472 5.32643 5.87494 5.89489 5.33221 5.44486 5.50342 5.86232 5.89489 5.93512 5.32099 5.87985 5.87459 5.89011 5.857 5.89982 5.89447 5.81319 5.77886 5.87924 5.91619 5.89185 5.98341 5.69522 5.85647 5.70845 5.88211 5.87934
4.59273 4.52006 4.73179 4.24556 4.62434 4.46833 4.32428 4.32029 4.30885 4.48027 4.67848 4.70427 4.55954 4.62922 4.60595 4.73803 4.7055 4.6465 4.5734 4.48472 4.63889 4.5783 4.62635 4.57911 4.77891 4.59266 4.93189 4.49214 4.391 4.6187
4.53575 4.53146 4.52424 4.49628 4.59152 4.62369 4.42065 4.52604 4.46408 4.63371 4.59977 4.77338 4.51717 4.57921 4.61573 4.77575 4.60439 4.59799 4.59461 4.59697 4.57519 4.63309 4.62036 4.52662 4.68219 4.53405 4.66612 4.56645 4.58192 4.61783
4.46082 4.51253 4.51315 4.4182 4.52527 4.54115 4.42021 4.48508 4.49736 4.56011 4.50668 4.35709 4.4819 4.51548 4.5377 4.59048 4.52279 4.51109 4.52936 4.53742 4.48348 4.54022 4.51589 4.54018 4.523 4.48941 4.50363 4.56107 4.63148 4.53334
4.398 4.39761 4.33569 4.28504 4.44869 4.3496 4.31228 4.33926 4.30573 4.317 4.25924 3.44514 4.6759 4.354 4.39032 4.43482 4.33876 4.36547 4.34684 4.33112 4.31275 4.37945 4.41011 4.35693 4.3178 4.31477 4.32416 4.31016 4.49742 4.34928
7.99722 8.26838 8.13226 7.89867 7.64938 7.53441 7.86781 7.858 7.80794 7.6838 7.93692 7.81122 7.83889 7.56771 7.65411 8.0961 7.7151 7.49067 7.57721 7.56133 7.45372 8.13085 7.52756 7.37778 7.07342 7.54728 7.92203 7.80957 7.91327 7.76057
93.5259 93.4624 93.9577 91.8901 93.1346 93.1623 91.3831 92.0008 92.162 92.8071 92.9228 92.387 93.446 93.0503 93.0795 91.1432 92.9925 92.9988 92.7125 92.673 92.7163 92.9202 93.2795 92.754 93.2405 92.7245 92.5713 92.7086 92.6733 93.3182
75.7843 75.8053 74.9297 75.8312 75.1415 75.5144 75.6956 75.8014 75.6461 75.6576 75.9122 76.019 75.6904 76.1 75.2322 75.6477 75.7425 74.9899 75.7174 75.6775 75.7538 75.6063 74.9475 75.1893 75.8342 75.7179 76.0192 75.6735 75.6537 74.5846
98.2318 100.58 99.9609 99.111 99.1856 100.489 100.108 100.256 100.435 100.821 96.0917 100.364 97.158 99.1162 99.9178 102.65 100.324 100.286 98.0067 97.6521 98.2029 97.5116 98.7074 97.7773 99.2156 98.0149 97.6642 97.4259 97.0661 99.9757
141.464 141.609 141.978 141.958 140.722 141.95 141.35 141.574 141.5 142.548 141.223 142.446 141.626 141.772 141.201 143.193 142.308 140.95 141.301 142.366 142.648 140.96 140.527 140.443 141.845 142.53 140.182 142.484 141.808 140.634
4.51911 4.53364 3.98146 5.74392 5.02607 5.39337 5.62392 5.57169 5.38728 5.60461 5.64681 5.67016 4.4881 5.65399 5.13168 5.85335 5.60834 5.15121 5.54636 5.56214 5.57776 5.58305 5.03366 5.12286 5.63918 5.58997 5.47656 5.55064 5.58778 5.33675
4.28243 4.30108 4.29746 4.20647 4.38377 4.41314 4.11316 4.1452 4.1091 4.50288 4.41347 4.35537 4.28568 4.02432 4.37193 4.37541 4.45238 4.44076 4.41656 4.45881 4.56211 4.46804 4.31605 4.34151 4.5896 4.49356 4.36688 4.49774 4.51344 4.56687
4.40617 4.39406 4.33504 4.48699 4.42191 4.52431 4.45285 4.46439 4.4634 4.5225 4.55897 4.56659 4.40594 4.59292 4.45508 4.66549 4.42708 4.44724 4.52472 4.53536 4.60523 4.55807 4.45824 4.42439 4.55804 4.52661 4.48116 4.55446 4.58143 4.42712
4.21489 4.17434 4.30222 4.30777 4.30292 4.47581 4.30534 4.2917 4.36651 4.36846 4.34998 4.42735 4.21477 4.38274 4.25366 4.37116 4.34278 4.26699 4.35595 4.34549 4.33793 4.36158 4.28503 4.34275 4.3513 4.33661 4.3628 4.32964 4.39488 4.29778
5.4362 5.37008 5.22701 5.38233 5.55637 5.73812 5.40139 5.47898 5.5395 5.57916 4.83791 5.73455 5.3419 5.80061 5.63464 5.77151 5.79294 5.73973 5.29057 5.4259 5.43857 5.11631 5.689 5.27762 5.73411 5.42049 5.08696 5.39355 4.87375 5.51929
4.68312 4.52618 4.56902 4.22485 4.55285 4.53126 4.35247 4.3302 4.36633 4.17658 4.50418 4.46111 4.60832 4.77669 4.56074 4.46723 4.63233 4.5843 4.46867 4.53361 4.55106 4.46211 4.53616 4.74433 4.54069 4.52922 4.4894 4.5507 4.45421 4.61167
4.22218 4.33496 4.28882 4.17129 4.49643 4.46581 4.10508 4.09473 4.12947 4.58329 4.47624 4.62504 4.23691 4.50003 4.46891 4.63761 4.44146 4.472 4.46031 4.47576 4.40065 4.55542 4.47093 4.55277 4.43683 4.4105 4.51002 4.42938 4.47015 4.44343
7.52532 7.5485 7.6101 7.58212 7.45386 7.66646 7.52535 7.54777 7.54911 7.64916 7.4272 7.70792 7.54225 7.73903 7.53242 7.7056 7.94582 7.4112 7.62246 7.6721 7.66284 7.5077 7.4004 7.42109 7.72693 7.64852 7.60272 7.63377 7.49398 7.41592
93.1849 92.3634 94.3742 92.3807 90.4853 91.3679 92.3398 92.1925 92.5863 93.0303 92.9545 91.6739 93.2698 91.7032 91.6065 91.8116 92.9533 92.3323 92.2869 92.6398 92.7078 92.4715 91.9547 91.7411 91.1053 93.021 92.2675 92.6743 92.831 91.8741
154.812 154.688 154.3 154.599 152.223 154.767 154.813 154.577 154.877 154.458 155.38 155.251 154.782 153.959 154.437 155.622 154.662 154.397 154.462 154.244 154.178 154.417 154.311 150.152 154.671 154.344 153.842 154.457 154.136 153.922
75.4862 75.2782 75.3544 75.1555 76.2712 75.9944 75.49 75.3395 75.1403 75.7289 75.6197 75.6406 75.4935 75.7069 76.0103 75.8282 75.7469 76.2193 76.2706 75.702 76.2601 75.5781 76.0347 76.2191 75.6915 75.7095 74.9811 75.5989 75.6822 75.8674
141.079 140.816 141.516 141.149 143.026 140.476 140.55 140.603 140.186 139.744 138.839 141.659 140.977 142.786 141.136 140.763 140.493 141.783 140.987 139.407 139.807 139.554 141.634 141.78 141.279 139.828 142.079 138.386 139.037 141.774
5.97041 5.95174 5.8381 5.86527 6.31185 6.4725 5.87846 5.94259 5.90414 6.39602 6.13873 6.45296 5.94815 6.40361 6.4435 6.46824 6.38279 6.42595 6.45072 6.4218 6.40565 6.41322 6.43732 6.45331 6.4357 6.33681 6.12696 6.40534 6.32981 6.4373
7.70391 7.98718 8.18437 7.29234 7.33598 7.7492 7.24358 7.46755 7.2449 7.64023 7.74276 7.70199 7.86545 7.66286 7.55422 7.56033 7.61063 7.58141 7.68505 7.57638 7.81506 7.5325 7.60044 7.76385 7.50656 7.85691 7.54498 7.63129 7.66675 7.84723
4.68087 4.71391 4.69723 4.38505 4.70471 4.58304 4.37214 4.4196 4.42334 4.5837 4.61611 4.68969 4.68029 4.58832 4.58741 4.7948 4.6289 4.67442 4.56268 4.61485 4.55838 4.64626 4.6009 4.84085 4.70515 4.70275 4.72864 4.68 4.61478 4.62278
4.73967 4.7358 4.72591 4.73091 4.90479 4.83275 4.71204 4.68304 4.73888 4.80944 4.62882 4.83292 4.72272 4.86214 4.76883 4.90207 4.78864 4.89632 4.79904 4.85392 4.87023 4.85547 4.85906 4.82849 4.84405 4.89109 4.89897 4.87667 4.85625 4.81571
4.54968 4.5448 4.54522 4.52154 4.56566 4.59285 4.47937 4.48764 4.50424 4.58597 4.56366 4.60435 4.54281 4.56618 4.58452 4.62879 4.58508 4.56882 4.592 4.59333 4.60305 4.59275 4.57077 4.5677 4.59044 4.61033 4.67898 4.58139 4.59353 4.58239
4.68237 4.6978 4.63986 4.64988 4.46724 4.74492 4.65831 4.6527 4.63251 4.66761 4.70627 4.80061 4.68192 4.88881 4.66783 4.83491 4.59229 4.6988 4.70804 4.79093 4.76616 4.72335 4.77248 4.51216 3.55301 4.70427 4.92494 4.92503 4.74462 4.65124
4.27093 4.2419 4.26189 4.18026 4.67283 4.54076 4.18858 4.20694 4.21107 4.47156 4.42302 4.51382 4.2661 4.51842 4.46459 4.46352 4.41973 4.59048 4.44516 4.40995 4.53909 4.49303 4.58057 4.45355 4.63766 4.75916 4.42952 4.53229 4.48823 4.50745
8.11462 8.08592 8.3503 8.03322 8.24229 8.18746 7.9529 8.05505 7.96068 8.01986 8.22342 8.32955 8.0831 8.52009 8.38853 8.49852 8.11595 8.17376 8.0666 8.02485 8.05673 8.03456 8.26795 8.26887 8.15013 8.13656 8.27762 8.04538 8.10202 8.27372
93.6194 93.9071 94.1419 93.2641 93.61 93.0703 93.3307 93.3439 93.2076 93.5278 94.4837 92.3205 94.0527 93.3014 93.3823 93.2019 93.3473 93.5539 93.5833 93.5153 93.5995 93.5335 93.2188 93.5494 93.3745 93.6383 93.2838 93.8072 93.4453 93.3651
75.3792 75.4325 75.4485 74.9596 75.1816 75.4628 75.1149 75.0578 75.0255 75.2158 75.2408 75.9355 76.0264 74.6495 75.1716 75.7723 75.9461 75.1922 75.1734 75.2763 75.3763 75.235 75.4089 75.9781 74.5888 75.0768 75.5754 75.363 74.5948 75.5841
99.2346 99.1059 99.4956 99.2306 98.5575 98.8181 98.7277 99.5372 98.576 97.681 98.135 98.4847 98.899 101.65 100.284 101.101 96.6475 99.8557 92.5716 96.8999 97.3361 97.8979 96.3298 100.097 98.2613 97.9951 100.076 97.5205 98.2336 97.5943
141.38 141.508 141.444 141.352 143.082 142.196 141.863 141.484 141.588 141.381 141.592 142.451 141.216 143.323 142.122 141.591 141.672 142.959 141.403 141.196 141.211 140.847 143.155 142.827 143.045 142.207 141.722 140.817 141.324 142.021
5.4849 5.41999 5.43043 5.5334 5.52258 5.21375 5.5748 5.55348 5.53631 5.28593 5.50815 5.40164 5.39232 5.4866 5.47918 5.60008 5.36659 4.85798 5.01581 5.47531 4.98205 5.46361 4.83242 5.42107 5.25246 4.92316 5.53276 5.31332 5.14716 5.1533
4.39247 4.32773 4.33353 4.25642 4.36828 4.3886 4.36318 4.32459 4.30065 4.33612 4.36897 4.33426 4.31449 4.32739 4.19402 4.27524 4.44246 4.47409 4.28214 4.28753 4.31101 4.42549 4.45671 4.40614 4.34578 4.27646 4.16773 4.45484 4.35957 4.23157
4.36635 4.33974 4.34588 4.37641 4.3923 4.35501 4.38848 4.38533 4.38101 4.34342 4.34897 4.37733 4.3458 4.43454 4.34983 4.37263 4.29208 4.34166 4.33991 4.38559 4.37463 4.40383 4.32163 4.34563 4.36812 4.34841 4.35731 4.38833 4.37527 4.32184
5.35414 5.37278 5.39789 5.19661 5.51063 5.72122 5.45111 5.3613 5.31868 5.67815 5.69845 5.72358 5.37529 5.99285 5.73648 5.79942 5.54439 5.63419 5.48432 5.5666 5.83397 5.31044 5.72874 5.72637 5.8768 5.79597 5.85712 5.78106 5.88099 5.64029
4.26952 4.19628 4.19744 4.18249 4.53812 4.54785 4.22286 4.23512 4.24324 4.55119 4.57778 4.62628 4.24535 4.56017 4.57614 4.64171 4.55033 4.52813 4.59242 4.57273 4.5709 4.5409 4.56729 4.58746 4.54938 4.59288 4.52367 4.59918 4.52964 4.55395
7.42084 7.44129 7.44419 7.4163 7.73024 7.52708 7.51277 7.45646 7.44761 7.53574 7.66796 7.50769 7.41726 7.74452 7.69599 7.58226 7.44912 7.91416 7.68568 7.60215 7.81835 7.42597 7.74898 7.75487 7.73302 7.75596 7.60749 7.43589 7.58261 7.69689
88.8449 92.4313 92.7024 91.1061 93.5343 93.5844 92.0792 91.5278 92.007 93.1284 92.021 91.5465 90.6636 92.9465 90.8652 93.0248 93.2265 93.4895 93.7927 93.3691 92.9923 92.9625 93.6034 93.7622 93.8657 93.0905 92.5858 93.2635 92.947 93.818
75.3946 75.3836 75.6762 75.1857 75.3414 75.8862 75.3984 75.3444 75.222 75.9921 75.7906 75.5314 75.8799 76.4546 75.9332 75.6476 75.8063 76.2446 75.7656 76.078 75.9986 75.8399 76.2785 75.7893 76.411 76.0086 75.8636 75.5632 76.0449 75.9555
108.078 107.236 107.41 106.914 104.496 104.492 106.924 107.15 107.268 104.585 105.655 104.954 105.776 104.655 104.83 104.505 104.853 105.187 103.494 102.831 104.104 104.182 104.491 104.982 105.312 104.798 104.648 102.67 104.924 104.133
142.598 142.463 142.585 142.941 142.047 142.282 143.1 143.131 143.103 141.865 142.877 142.879 142.891 143.145 142.976 141.431 142.478 142.806 141.798 142.907 141.839 141.918 142.774 142.379 142.356 142.071 142.384 141.491 142.184 142.467
6.00381 5.52583 5.50182 5.94756 5.54713 5.4604 6.12444 6.20218 6.12336 5.52729 5.30297 5.70655 5.60669 5.67106 6.01136 5.72743 5.50055 5.53484 5.5568 5.45487 5.50345 5.48389 5.59283 5.32462 5.3523 5.59921 5.70462 5.45678 5.54703 5.58187
4.39841 4.50015 4.45413 4.44161 4.47325 4.44487 4.52374 4.49753 4.5441 4.45655 4.3497 4.54855 4.36511 4.37625 4.37316 4.51843 4.36073 4.39635 4.54123 4.35832 4.42457 4.48041 4.38421 4.38267 4.32886 4.48686 4.42403 4.4848 4.40827 4.49646
4.38694 4.44167 4.48283 4.4025 4.54954 4.61135 4.34874 4.38043 4.34971 4.60056 4.54435 4.6098 4.48155 4.61367 4.53551 4.70088 4.59814 4.58471 4.61081 4.62795 4.6101 4.66517 4.56001 4.59584 4.59999 4.63512 4.60177 4.63687 4.65775 4.58964
4.50046 4.40563 4.38369 4.41962 4.4568 4.41981 4.41828 4.43223 4.44715 4.43132 4.47219 4.48262 4.50061 4.55276 4.47009 4.44825 4.41704 4.43298 4.46039 4.47564 4.43585 4.44016 4.4266 4.47383 4.53093 4.46101 4.42062 4.45928 4.42482 4.45109
5.69862 5.71473 5.73957 5.65617 5.61024 5.7154 5.7007 5.69153 5.70585 5.64292 5.72443 5.90182 5.67786 5.73964 5.69428 5.6797 5.71329 5.62406 5.65446 5.68904 5.62489 5.60012 5.67542 5.68143 5.65508 5.50486 5.84791 5.64763 5.63009 5.67164
4.1037 4.18142 4.18987 4.19645 4.33306 4.32365 4.20554 4.22989 4.17525 4.324 4.56837 4.31145 4.10503 4.29952 4.27042 4.37521 4.29508 4.31891 4.33775 4.35311 4.3462 4.3489 4.31629 4.37805 4.35211 4.36331 4.31685 4.38176 4.39346 4.3263
7.82915 7.83012 7.90829 7.78623 7.78413 7.87017 7.81318 7.77141 7.77124 7.85205 7.7796 7.74563 7.81343 7.88748 7.78626 7.73107 7.81133 7.77222 7.8091 7.87889 7.80279 7.78175 7.80756 7.76124 7.76883 7.73158 7.85209 7.77973 7.80375 7.8305
91.9298 91.5917 91.1019 91.8108 92.0538 91.8954 92 91.7421 92.0467 91.3384 92.2919 91.4662 90.157 91.9365 92.0881 91.6142 91.9147 91.85 92.1405 91.4262 91.4525 91.512 91.8303 91.3495 91.6495 92.1057 91.6576 91.7193 91.0878 91.912
75.8213 75.0681 75.8752 75.3498 75.8201 75.7732 75.4713 75.5542 75.392 75.9815 75.9105 75.6437 75.4292 75.7884 75.7467 75.2381 75.6731 76.0933 76.0063 75.7835 75.7812 75.8756 75.8503 75.5013 75.6194 75.692 75.5729 75.4982 75.5183 76.3953
139.187 138.388 138.001 139.791 138.193 137.227 139.371 139.418 139.8 138.647 136.273 138.186 140.554 138.192 138.172 137.318 137.438 137.916 137.355 137.603 138.836 139.012 137.286 137.844 138.217 137.169 138.195 137.338 138.097 137.862
10.9352 10.9044 10.8817 11.1219 10.0734 10.1324 10.9749 11.0313 10.9719 9.46331 10.897 10.0543 10.8586 10.952 10.0604 11.461 10.3335 10.0023 10.0099 10.2374 10.8912 10.0183 10.0136 10.0175 10.0442 11.0385 10.4414 10.1831 10.6905 10.0287
5.59354 5.58885 5.72007 5.66015 5.87818 5.87037 5.63969 5.63807 5.67744 5.91024 5.7751 5.77326 5.70556 5.93682 5.92382 5.98843 5.88027 5.95085 5.89462 5.88756 5.87107 5.87482 5.91417 5.87547 5.92517 5.91142 5.8989 5.85284 5.88661 5.93672
4.55157 4.51445 4.65594 4.49756 4.69804 4.65373 4.48826 4.40055 4.44893 4.56715 4.59045 4.64678 4.55496 4.52752 4.69093 4.49916 4.61235 4.65398 4.67087 4.62925 4.63068 4.52465 4.60248 4.6908 4.65018 4.68763 4.61699 4.68241 4.69777 4.65538
4.60144 4.52958 4.63553 4.56044 4.59548 4.57325 4.55571 4.56956 4.52162 4.59969 4.51831 4.61662 4.57174 4.58633 4.5741 4.71989 4.58524 4.61642 4.60206 4.60311 4.64963 4.62643 4.60487 4.57508 4.59288 4.60867 4.60854 4.58123 4.5637 4.61999
4.47585 4.50261 4.43648 4.48399 4.49707 4.52938 4.50436 4.52367 4.53229 4.49002 4.519 4.58267 4.50176 4.53935 4.51341 4.5219 4.57103 4.49364 4.52522 4.50186 4.49047 4.52254 4.48699 4.50223 4.54621 4.53103 4.50747 4.51306 4.50207 4.49773
4.4999 4.37165 4.33781 4.3658 4.37681 4.34873 4.2823 4.35453 4.32893 4.47743 4.76322 4.54378 4.49106 4.40588 4.41257 4.35814 4.34014 4.55211 4.46945 4.35026 4.4873 4.60339 4.4068 4.39402 4.45044 4.70515 4.47051 4.36757 4.41046 4.44295
7.85023 7.91079 7.98039 7.91181 7.64534 7.69632 7.85667 7.85206 7.87281 7.94291 8.01015 7.94514 7.72469 7.57733 7.8422 7.7915 7.62399 7.7563 7.70947 7.64462 7.84895 7.86692 7.66553 7.57049 7.6146 7.76123 7.74663 7.68508 7.80252 7.70637
90.7031 92.3532 91.3968 91.8218 92.1978 91.7435 91.6623 91.2683 91.6934 91.1119 92.1169 91.8376 91.8559 92.1391 92.4158 91.1843 90.7684 92.2488 92.2775 91.859 91.6552 90.7782 91.6009 92.2252 92.02 92.5385 91.4819 91.974 92.094 91.6347
153.84 153.898 154.03 153.894 154.419 154.517 153.456 154.477 153.94 155.062 155.342 155.231 153.061 153.652 154.322 154.946 154.311 152.959 154.187 154.22 154.904 154.574 154.668 154.112 154.125 153.957 154.48 154.403 153.88 154.746
140.492 140.987 140.703 141.676 140.12 140.474 142.009 142.08 142.221 140.79 139.547 140.481 140.717 140.064 139.56 142.526 140.628 139.464 139.266 140.059 140.573 141.18 139.974 139.544 140.216 139.752 140.436 139.617 139.963 139.745
6.08289 6.00688 6.04417 6.03967 6.54071 6.49023 5.98222 5.93959 6.02044 6.53076 6.46704 6.48995 6.01681 6.15371 6.54514 6.39015 6.3119 6.5794 6.49556 6.48698 6.49315 6.49289 6.52659 6.47581 6.50252 6.45339 6.48883 6.48944 6.47921 6.54328
7.89144 7.74467 7.77185 8.04417 7.30709 7.4395 7.82617 8.18708 8.1351 7.56352 7.71053 7.44395 7.67973 7.01696 7.35117 7.55627 7.30885 7.15353 7.27245 7.35274 7.60046 7.62061 7.41781 7.33964 7.38028 7.1234 7.38258 7.33829 7.13891 7.46477
4.79817 4.72487 4.73908 4.54342 4.79253 4.67274 4.54068 4.57617 4.59519 4.73042 4.68116 4.91952 4.72541 4.65657 4.61978 4.54829 4.69223 4.60883 4.64555 4.74905 4.72881 4.86845 4.50327 4.66943 4.72213 4.76899 4.64672 4.55147 4.71925 4.76719
4.72834 4.67989 4.66741 4.64774 4.87482 4.87042 4.7048 4.64369 4.65804 4.84017 4.89125 4.91898 4.66382 4.73549 4.82856 4.91818 4.97173 4.74345 4.84395 4.89469 4.88476 5.0452 4.77966 4.91546 4.97376 4.88501 4.83957 4.8807 4.88151 4.89988
4.58215 4.51849 4.57431 4.52517 4.59606 4.60155 4.53292 4.51884 4.53581 4.60652 4.60948 4.60696 4.52074 4.5495 4.60414 4.81418 4.64083 4.5988 4.59836 4.60238 4.61572 4.66744 4.59964 4.61641 4.61663 4.61025 4.62257 4.59692 4.60118 4.61759
4.42512 4.32683 4.49277 4.30801 4.52918 4.52015 4.28708 4.29359 4.24401 4.47938 4.53418 4.52357 4.36181 4.57725 4.53917 4.88211 4.46234 4.51892 4.52016 4.51137 4.51625 4.56161 4.46856 4.54384 4.52168 4.53576 4.53714 4.54376 4.54193 4.504
7.63963 7.91402 7.82068 7.89326 7.67402 7.77572 7.95809 7.95947 8.0659 7.92647 7.90494 7.81852 7.59796 8.10116 7.671 8.24435 7.94726 7.68372 7.58427 7.75134 7.82257 7.8904 7.78494 7.71048 7.96945 7.73951 7.72761 7.75182 7.80068 7.80703
92.5628 92.6041 92.4853 92.5474 92.5705 92.3375 92.644 92.4525 92.6905 91.8114 92.1261 92.0153 92.7245 92.0308 91.8649 92.5792 92.0156 92.5736 92.1973 92.0524 92.2825 92.1872 91.8238 91.8951 92.1976 91.9456 92.1637 91.9011 92.3646 92.4945
75.3968 75.346 75.3501 75.5438 75.3449 75.1891 74.927 75.4823 75.1307 75.3985 74.9996 75.1448 75.3236 74.9669 75.2983 75.5373 75.4655 75.3703 75.3789 75.468 75.3003 75.6448 75.2217 75.473 75.184 75.6747 75.3021 75.3476 75.259 74.9516
136.726 136.683 136.498 136.687 138.168 138.926 136.791 136.715 135.856 138.416 138.021 138.108 136.651 136.224 138.043 138.241 137.794 136.585 136.974 137.617 137.392 138.392 138.448 137.196 138.201 136.77 137.167 137.717 136.599 138.463
10.6243 10.7073 10.5772 10.7902 11.2398 10.8904 10.6667 10.915 10.8508 10.9435 10.9125 10.8125 10.8241 10.694 10.7562 10.7869 11.1695 10.6518 10.6137 10.9379 10.6866 10.6453 10.9726 10.9395 11.1021 10.9263 10.681 11.0275 10.8323 10.6975
5.48403 5.57485 5.57219 5.58206 5.72761 5.69207 5.60851 5.62173 5.57874 5.78314 4.34847 5.32294 5.58843 5.53389 5.17761 5.78913 5.81106 5.77301 5.45594 5.72986 5.69066 5.81109 5.76363 5.75178 5.72241 5.77 5.74908 5.68567 5.76936 5.33866
4.52213 4.53024 4.52238 4.2448 4.64745 4.60053 4.25856 4.2568 4.27336 4.55677 4.5764 4.57315 4.53556 4.56543 4.77364 4.70947 4.54726 4.5501 4.56357 4.58919 4.62848 4.51178 4.65295 4.59029 4.59863 4.50494 4.62111 4.62138 4.61092 4.66801
4.51067 4.51248 4.51215 4.50197 4.53762 4.57663 4.50283 4.42703 4.43192 4.54365 4.54218 4.53157 4.51176 4.49596 4.63164 4.57975 4.53519 4.51511 4.52822 4.54312 4.52201 4.52367 4.56417 4.55618 4.54131 4.50812 4.53954 4.56795 4.49799 4.50918
7.63054 7.72676 7.72154 7.50661 7.77544 7.88664 7.4007 7.44506 7.3682 7.95081 7.8615 7.83794 7.54931 7.21611 7.60866 7.53798 7.53578 7.28173 7.53333 7.535 7.71086 7.89013 7.68421 7.23441 7.99047 7.48086 7.70663 7.76301 7.36358 7.86595
145.916 146.422 146.765 145.558 146.639 146.606 145.879 145.235 145.189 146.949 146.834 146.808 145.035 146.701 146.435 146.756 147.59 146.609 146.818 147.749 145.332 146.103 147.349 147.843 147.558 147.037 145.621 147.757 146.089 146.133
93.319 93.3224 93.2435 93.2376 93.2338 93.1075 93.4322 93.2219 93.5715 92.499 93.0595 92.8965 93.3705 92.8949 92.4539 93.1854 93.0911 93.0832 92.6909 92.9267 93.2554 92.8622 93.0043 93.1597 93.1996 92.8252 93.0143 92.8371 93.174 94.823
96.9349 97.0458 97.1206 97.0227 96.8822 96.6529 95.942 96.4099 96.0983 96.5869 96.6587 96.2425 97.2254 97.0705 96.2737 98.2632 96.5777 97.0531 95.8552 98.9682 96.8438 96.7136 97.6611 96.7636 96.4322 95.9088 96.8134 96.0136 96.4021 96.6144
140.62 140.529 140.556 140.296 140.948 140.904 140.723 140.603 140.723 140.813 140.653 140.747 140.57 140.704 141.427 141.623 140.451 141.042 140.707 141.27 140.652 141.068 141.454 140.619 140.682 140.512 140.634 140.939 140.698 140.996
5.47982 5.50787 5.49145 5.51435 5.6017 5.53099 5.52191 5.52408 5.52086 5.37051 5.54339 5.51801 5.52124 5.51579 4.851 5.61222 5.54491 5.22587 5.14719 5.50206 5.57086 5.50415 5.55074 5.52526 5.52402 5.34847 5.55771 5.52046 5.56773 5.62384
4.55785 4.54593 4.54117 4.27846 4.45961 4.47223 4.20943 4.15432 4.19278 4.42964 4.44709 4.46071 4.55506 4.39834 4.41195 4.44785 4.4574 4.35855 4.45853 4.50281 4.45477 4.39844 4.47515 4.46486 4.44499 4.43581 4.45732 4.46727 4.45342 4.49468
4.49189 4.49055 4.48948 4.46854 4.51923 4.51533 4.42668 4.46655 4.41768 4.53983 4.5059 4.50219 4.49 4.41936 4.51947 4.49718 4.50741 4.52406 4.46772 4.46226 4.49156 4.49593 4.49247 4.50413 4.49233 4.49742 4.49151 4.50339 4.49288 4.49673
4.3359 4.33468 4.33438 4.32296 4.38242 4.37153 4.31579 4.29411 4.31778 4.40256 4.36667 4.35345 4.33373 4.3753 4.42979 4.37938 4.36921 4.26605 4.33358 4.32366 4.37114 4.35689 4.33474 4.36494 4.35849 4.34801 4.3602 4.36316 4.35699 4.40498
5.13713 5.17758 5.22668 5.33509 5.09864 5.07299 5.09555 5.12571 4.97584 5.14603 5.08191 4.98037 5.17926 5.203 5.13059 5.35234 5.09676 5.08484 4.9893 5.48002 5.10901 5.0383 5.1652 5.18097 5.10094 5.00774 5.23983 5.01853 5.03737 5.16169
7.47174 7.48371 7.47633 7.45516 7.53513 7.53026 7.52253 7.48529 7.54542 7.46305 7.51616 7.48162 7.49509 7.51445 7.62132 7.54618 7.46345 7.48343 7.40895 7.54378 7.52953 7.59393 7.57331 7.51699 7.51618 7.46994 7.50245 7.48601 7.51992 7.58033
93.0805 92.953 93.0329 92.701 92.5803 92.4897 93.1853 93.0031 93.1491 92.4982 92.4461 92.5391 93.1022 92.4595 92.5601 91.9767 92.7305 92.559 92.305 92.4476 92.6708 92.1047 92.3708 92.7017 92.6628 92.4146 92.525 92.4467 92.5742 92.2949
153.159 153.161 153.251 153.806 153.505 153.525 153.547 153.584 153.617 153.553 153.638 153.657 153.238 153.649 153.634 153.94 153.347 153.196 153.491 153.231 153.581 153.687 153.346 153.508 153.547 153.637 153.57 153.48 153.742 154.138
74.9513 75.3393 74.9777 75.2197 75.3992 75.3681 75.2959 75.0255 75.6035 75.4037 75.3362 75.5882 74.9912 75.4035 75.6706 75.8998 75.4801 75.4629 75.1414 75.2168 75.3538 75.4954 75.6819 75.6148 75.198 75.3797 75.241 75.357 75.2413 75.3145
138.491 138.68 138.722 139.495 139.975 139.856 139.187 139.332 139.084 139.76 139.773 139.917 138.575 139.766 140.129 139.768 139.522 139.251 139.186 139.552 139.921 139.983 139.404 139.741 139.858 139.65 139.593 139.589 139.939 139.898
5.93139 5.95911 5.93333 5.89417 6.40873 6.39228 5.88484 5.84206 5.87877 6.39429 6.3832 6.40896 5.93908 6.3994 6.40848 6.50047 6.40536 6.40367 6.40245 6.35524 6.39444 6.44998 6.45206 6.40943 6.38596 6.38459 6.38279 6.41188 6.38309 6.33907
7.10519 7.24771 7.06534 7.14724 6.91308 6.89182 7.09084 7.10607 7.08761 6.89873 6.9697 6.91188 7.07103 6.89053 6.96164 6.89338 6.94718 6.74694 6.84822 6.94261 6.89528 6.96773 6.8091 6.87172 6.90338 6.9615 6.90586 6.88964 6.92526 7.14908
4.54306 4.53216 4.54217 4.21287 4.64099 4.64046 4.22244 4.20871 4.34364 4.63206 4.63771 4.63054 4.54708 4.60556 4.62904 4.58007 4.63361 4.59589 4.61456 4.66763 4.636 4.61925 4.62433 4.63611 4.62768 4.63275 4.62954 4.63341 4.62588 4.52011
4.55644 4.5435 4.56012 4.58194 4.76025 4.75886 4.57766 4.57596 4.59413 4.75467 4.76463 4.7659 4.55428 4.73593 4.76093 4.69945 4.75143 4.73137 4.71977 4.8387 4.76531 4.78277 4.73062 4.77118 4.76529 4.75872 4.75405 4.74258 4.77709 4.75186
4.512 4.51128 4.51067 4.4933 4.6096 4.60539 4.48671 4.48649 4.49834 4.60125 4.60153 4.60146 4.51265 4.59031 4.60405 4.61666 4.60586 4.60816 4.59187 4.59847 4.6038 4.58403 4.60621 4.60492 4.59984 4.59726 4.60105 4.60375 4.60032 4.61541
4.32773 4.33084 4.32895 4.29838 4.51492 4.50752 4.28714 4.26968 4.27592 4.51739 4.50537 4.51472 4.33151 4.48415 4.51953 4.46782 4.51259 4.44363 4.50193 4.52256 4.51114 4.45897 4.51493 4.5197 4.50647 4.49529 4.50273 4.51005 4.50667 4.55546
7.74265 7.73865 7.79446 8.05733 7.93839 7.94337 7.96701 8.03205 7.93427 7.9762 7.92484 7.97618 7.74787 8.10313 8.00907 7.95724 7.91632 7.83987 7.92567 8.00508 7.97272 7.96621 7.91819 7.95 7.95901 7.97658 7.9401 7.96025 7.94933 7.96764
93.1417 92.9725 93.107 93.0728 92.7392 92.7759 92.9485 93.0416 93.0009 92.7195 92.665 92.5844 93.1417 92.8066 92.526 92.4845 92.8829 92.9711 92.8845 92.8543 92.8291 92.5541 92.6791 92.6026 92.755 92.6412 92.9897 92.8179 92.5363 92.2683
75.23 75.2726 75.2707 74.9912 75.4691 75.4725 75.0753 74.992 75.3175 75.4792 75.5744 75.5424 75.2312 75.4845 75.881 75.924 75.3496 75.2493 75.5338 75.563 75.4015 75.5746 75.6164 75.479 75.4506 75.5487 75.211 75.2693 75.647 75.7219
103.28 103.006 103.025 103.699 103.511 103.516 103.479 103.53 103.224 103.586 103.03 103.514 103.353 103.392 103.674 103.829 103.528 103.279 103.483 103.312 103.428 102.856 103.727 103.546 103.309 103.471 103.582 103.54 103.416 103.914
140.521 140.808 140.496 141.069 140.759 140.724 141.219 140.827 140.806 140.701 140.673 140.836 140.503 140.553 141.802 141.897 140.785 140.513 140.529 140.885 140.652 140.734 140.76 140.92 140.798 140.661 140.727 140.597 140.853 142.609
5.38036 5.38847 5.37625 5.46355 5.43832 5.43057 5.47668 5.45724 5.45396 5.42984 5.40807 5.42733 5.37717 5.44022 5.41025 5.44906 5.39348 5.44845 5.46655 5.39976 5.41783 5.41257 5.42966 5.43173 5.44126 5.41293 5.42708 5.45664 5.4539 5.41446
4.50266 4.52573 4.50491 4.46607 4.48828 4.47762 4.41576 4.25115 4.21554 4.48269 4.48062 4.45373 4.51044 4.46576 4.36956 4.41442 4.45221 4.42599 4.39716 4.49626 4.46952 4.44784 4.42881 4.47349 4.43325 4.47657 4.41734 4.41305 4.43424 4.43938
14.0175 13.7571 14.0099 13.2855 13.0118 13.0146 13.1752 13.1505 13.3826 13.0815 12.9854 13.0687 14.041 13.0994 12.9773 13.0942 13.0321 13.1725 12.9919 12.8235 12.9972 13.2655 13.0171 12.9135 13.0064 12.9594 12.992 12.9439 13.0807 12.3749
4.52736 4.5212 4.52558 4.45468 4.61148 4.61209 4.47754 4.49604 4.53005 4.611 4.61618 4.62601 4.5227 4.61065 4.63893 4.62391 4.61554 4.5907 4.61345 4.60354 4.61286 4.62447 4.63813 4.6214 4.59653 4.61709 4.5956 4.61093 4.59276 4.82209
4.36846 4.3678 4.36685 4.38918 4.39528 4.3992 4.3994 4.31962 4.31557 4.39727 4.38731 4.4082 4.36789 4.39851 4.40556 4.40494 4.39436 4.39295 4.40008 4.39853 4.39246 4.39195 4.39831 4.41604 4.41882 4.39933 4.39554 4.39974 4.39898 4.45124
5.26718 5.06091 5.23257 4.77738 5.12023 5.10597 4.89337 4.93692 5.18103 5.14634 5.08395 5.0937 5.28728 4.97867 5.19766 5.04223 5.25913 4.98003 5.09509 5.17234 5.06374 5.01456 5.12534 5.14289 5.0721 5.09732 5.14369 5.1112 5.07802 5.43072
7.6243 7.5469 7.60714 7.49575 7.49553 7.48221 7.5384 7.60445 7.57712 7.4898 7.47145 7.48056 7.61677 7.39245 7.44503 7.5189 7.50592 7.40233 7.42349 7.42136 7.45065 7.47607 7.45932 7.5046 7.44871 7.47551 7.48607 7.46608 7.47894 7.77675
162.84 163.247 162.971 161.77 162.178 162.181 161.125 161.812 161.685 162.093 162.312 161.799 163.271 162.303 161.341 161.326 161.919 162.217 162.683 162.412 162.283 161.662 162.35 161.947 162.384 162.079 162.242 162.3 162.117 160.029
92.5859 92.6375 92.5476 92.4026 92.2613 92.3132 92.4298 92.2766 92.5667 92.2377 92.1911 92.1219 92.6222 92.2786 91.6646 91.8672 92.2415 92.1664 91.8245 92.2292 92.2669 92.2224 92.0936 92.1722 92.0307 92.1877 92.322 92.1145 91.8942 92.1588
153.506 153.424 153.515 154.038 153.808 153.866 153.923 153.621 153.678 153.779 153.965 153.868 153.53 153.833 153.862 153.895 153.888 153.961 153.99 153.858 153.802 153.986 153.836 153.743 154.064 153.782 153.851 153.978 153.981 154.607
75.6579 75.707 75.5906 75.9772 75.5363 75.5873 75.6911 75.4609 75.5673 75.4468 75.5969 75.4889 75.6446 75.5054 75.6421 75.6687 75.5648 75.5294 75.322 75.7074 75.542 75.6304 75.689 75.531 75.6298 75.4881 75.574 75.5578 75.6078 76.3605
139.921 140.002 139.719 140.363 140.075 140.192 140.408 139.984 140.127 140.197 140.189 140.257 139.915 140.153 139.979 140.204 140.091 140.43 140.041 140.129 140.187 140.342 140.175 140.028 140.284 140.035 140.135 140.177 140.433 140.876
5.90555 5.91026 5.91304 5.89783 6.39848 6.40481 5.84554 5.89177 5.90064 6.40396 6.41091 6.40832 5.91084 6.39622 6.45033 6.4513 6.39457 6.42521 6.46058 6.41434 6.39957 6.42078 6.41695 6.38848 6.44767 6.40079 6.42615 6.42418 6.44783 6.32303
7.34993 7.27645 7.34302 7.50902 6.9651 6.98613 7.49021 7.31313 7.2778 6.95973 7.15607 7.00591 7.33628 6.92742 6.91007 6.93865 7.03309 6.91261 6.9148 6.9609 6.9828 7.16938 6.93419 6.98891 7.08664 7.00796 7.00267 7.01638 7.03746 7.47666
4.58163 4.58516 4.58445 4.14931 4.63537 4.63068 4.16713 4.19392 4.20334 4.63124 4.6431 4.63715 4.59076 4.65061 4.61319 4.59643 4.64901 4.60953 4.61746 4.62872 4.63974 4.64852 4.62038 4.67388 4.55915 4.62469 4.57171 4.57452 4.58758 4.65148
4.66567 4.66614 4.66573 4.65603 4.8171 4.81273 4.61767 4.59427 4.61241 4.81616 4.79114 4.80505 4.66373 4.80267 4.78073 4.77806 4.80956 4.76524 4.76016 4.80678 4.8091 4.82721 4.77995 4.82781 4.78282 4.80244 4.79033 4.78392 4.7904 4.90876
4.2916 4.29119 4.29217 4.26458 4.48822 4.48735 4.27207 4.24827 4.25584 4.48306 4.48728 4.48196 4.29486 4.49313 4.48722 4.49099 4.4903 4.50105 4.48596 4.48865 4.48922 4.47747 4.49033 4.47965 4.49503 4.48574 4.49914 4.49894 4.47766 4.88403
8.13281 8.12736 8.15389 8.1261 8.07962 8.09526 8.20003 8.1254 8.28611 8.11755 8.11573 8.08767 8.1451 8.07704 7.96092 7.99082 8.10025 8.23634 8.13514 8.04332 8.08983 8.11332 8.06579 8.07505 8.17444 8.09499 8.13931 8.20648 8.1532 8.0799
94.052 94.0223 93.9311 93.4443 93.6047 93.6919 93.6164 93.6463 93.7516 93.6258 93.6865 93.6815 94.0145 93.7327 93.7377 93.694 93.7442 93.6404 93.7555 93.7042 93.6969 93.676 93.7571 93.7494 93.6188 93.6541 93.7495 93.5091 93.5314 93.2276
75.159 75.2066 75.1866 75.2963 75.1664 75.2278 75.4728 75.552 75.5793 75.2266 75.1673 75.0776 75.204 75.1558 75.411 75.3191 74.983 75.2131 75.5806 75.3789 75.2067 75.1226 75.2647 75.1038 75.1193 75.0625 75.0981 75.2603 75.4369 76.2343
96.7494 97.0156 96.5548 97.7333 96.8057 96.961 96.9614 97.9539 97.3591 97.0676 96.8445 96.9596 96.7246 96.9395 97.4024 97.4229 96.8238 96.9572 97.8246 97.2816 96.9981 97.0068 97.0243 96.727 96.9528 96.6981 96.5188 96.7117 97.0554 100.03
140.445 140.553 140.438 141.44 140.778 140.669 140.684 140.118 140.392 140.626 140.694 140.58 140.459 140.63 140.559 140.754 140.729 140.669 140.948 140.598 140.621 140.629 140.724 140.65 140.712 140.713 140.807 140.85 140.626 141.684
5.41215 5.4108 5.41876 5.33115 5.46869 5.46169 5.4071 5.47317 5.44639 5.48227 5.45334 5.46834 5.413 5.46731 5.48935 5.48336 5.45021 5.48505 5.50267 5.47111 5.47153 5.43779 5.45547 5.45545 5.4778 5.46084 5.4649 5.47373 5.48903 4.70929
4.36822 4.35993 4.37379 4.2847 4.37426 4.37439 4.167 4.16206 4.16392 4.3489 4.37711 4.37353 4.37953 4.36879 4.37558 4.3648 4.35821 4.39958 4.40429 4.38765 4.38128 4.36007 4.35028 4.36017 4.37234 4.35961 4.36492 4.39898 4.4008 4.3576
4.34509 4.34519 4.346 4.36646 4.36358 4.36031 4.34884 4.34702 4.34517 4.37321 4.35675 4.36332 4.34512 4.35362 4.35007 4.35754 4.35766 4.36771 4.36927 4.35893 4.35974 4.35677 4.35735 4.35084 4.36282 4.36213 4.36619 4.36676 4.35805 4.34497
4.37539 4.37757 4.37656 4.34905 4.40449 4.40145 4.3496 4.35528 4.3467 4.40189 4.4002 4.40152 4.37556 4.40435 4.40521 4.40044 4.40489 4.39591 4.40174 4.41324 4.40119 4.41109 4.40062 4.41766 4.41052 4.40192 4.40358 4.40459 4.41371 4.37958
5.23078 5.29461 5.19008 5.52675 5.08712 5.14893 5.33112 5.07533 5.28474 5.05844 5.2016 5.09308 5.26983 5.11747 5.15162 5.17024 5.155 5.08155 5.08212 5.15356 5.04735 5.22412 5.22022 5.12533 5.04665 5.10656 5.04214 5.05224 5.07082 5.81816
4.23507 4.2342 4.23275 4.20447 4.54015 4.54886 4.17993 4.25463 4.20933 4.53844 4.54875 4.54189 4.23327 4.5472 4.55547 4.56355 4.55109 4.55029 4.54856 4.55749 4.54947 4.54023 4.5586 4.55206 4.563 4.54765 4.57259 4.54498 4.5493 4.54688
7.45202 7.45624 7.46354 7.52554 7.40984 7.38684 7.40829 7.27919 7.38999 7.39337 7.4082 7.38054 7.45805 7.38981 7.40482 7.42964 7.41625 7.38008 7.4896 7.36913 7.35427 7.39096 7.40929 7.41692 7.40277 7.43071 7.43361 7.3988 7.3649 7.74865
94.0909 94.0572 94.0615 93.6396 93.7003 93.7117 93.5791 93.4302 93.8631 93.6539 93.5955 93.7498 94.096 93.7142 93.6974 93.6538 93.7631 93.8156 93.6316 93.686 93.8491 93.8391 93.7052 93.8451 93.7962 93.6975 93.9501 93.6758 93.6587 93.9874
75.103 75.1118 75.113 75.525 75.4168 75.5088 75.5629 75.7206 75.9749 75.7697 75.4884 75.4376 75.1247 75.3952 75.9598 75.7453 75.548 75.6243 75.9389 75.605 75.6171 75.4674 75.6285 75.4057 75.5433 75.5552 75.5683 75.5656 75.5356 75.6031
102.651 102.809 102.537 103.986 103.399 103.221 102.816 103.023 103.652 103.586 103.278 103.325 102.642 103.316 103.651 103.6 103.136 103.108 103.845 103.239 103.33 103.098 103.523 103.156 102.969 103.198 102.791 103.314 103.219 104.09
141.839 141.898 141.847 142.092 141.939 141.941 141.95 141.829 142.014 141.939 141.956 141.903 141.845 141.948 142.444 142.545 141.893 141.951 142.528 141.908 141.922 141.874 142.037 141.885 141.944 141.936 141.878 141.998 141.989 142.304
5.56304 5.56606 5.56439 5.56629 5.5459 5.54754 5.57031 5.58529 5.59843 5.54232 5.55856 5.54936 5.56521 5.54849 5.56978 5.5304 5.54262 5.57216 5.57721 5.56157 5.56723 5.55818 5.53913 5.53867 5.55653 5.54116 5.54321 5.55681 5.56225 5.32763
4.34715 4.34823 4.34719 4.19131 4.41544 4.42391 4.32673 4.19672 4.40453 4.33018 4.41887 4.42495 4.35286 4.42415 4.34923 4.3748 4.43083 4.41311 4.31201 4.39573 4.41532 4.40942 4.35345 4.41854 4.42228 4.43928 4.41187 4.42104 4.40447 4.32505
13.9054 14.0755 13.9889 13.8414 13.5829 13.6286 13.7046 13.9451 13.8191 13.5388 13.6822 13.5767 13.9051 13.7516 13.6065 13.4621 13.6169 13.7132 13.5735 13.5422 13.7713 13.5788 13.6354 13.5502 13.689 13.5574 13.5773 13.6423 13.6765 13.2636
4.50693 4.50246 4.50817 4.54352 4.6188 4.62443 4.55967 4.48744 4.54554 4.61447 4.62103 4.61974 4.50968 4.62018 4.59456 4.60311 4.61389 4.6273 4.60765 4.62879 4.62151 4.62231 4.6183 4.61918 4.61959 4.61497 4.62345 4.61786 4.62651 4.57743
4.44552 4.44489 4.44556 4.36518 4.46457 4.45396 4.41216 4.37019 4.41019 4.46896 4.45746 4.45899 4.44392 4.4664 4.45816 4.4517 4.43642 4.46358 4.47661 4.45609 4.45516 4.47232 4.45969 4.45129 4.46102 4.44538 4.46085 4.46092 4.44493 4.4824
5.28902 5.27932 5.27641 5.42814 5.36869 5.35925 5.38157 5.43992 5.38375 5.37201 5.34663 5.37762 5.29032 5.3491 5.39113 5.41182 5.37687 5.34711 5.38448 5.36664 5.35515 5.35286 5.37545 5.37415 5.33882 5.364 5.34973 5.36797 5.34534 5.56373
4.26152 4.258 4.26445 4.24145 4.33894 4.34549 4.23664 4.22292 4.2396 4.30187 4.34499 4.34434 4.26488 4.34251 4.33935 4.31444 4.34277 4.34499 4.34604 4.3388 4.3446 4.34851 4.30749 4.34305 4.34403 4.34044 4.34466 4.33909 4.33844 4.24695
7.79167 7.79573 7.79324 7.84576 7.84849 7.84001 7.8646 7.91209 7.90811 7.82955 7.84592 7.85547 7.7928 7.84063 7.80458 7.81605 7.84776 7.84097 7.80406 7.83923 7.83816 7.84345 7.82995 7.85197 7.83685 7.83814 7.83367 7.83864 7.84026 7.87419
159.886 160.421 160.012 162.133 161.167 161.296 160.742 161.018 160.6 160.908 161.62 160.965 159.887 161.576 160.471 160.157 160.953 161.195 160.486 160.956 161.522 160.98 161.31 160.926 161.179 161.061 160.834 161.396 161.631 157.977
94.0223 94.1354 94.1313 93.6515 93.5472 93.6968 93.7553 93.4907 93.6762 93.2201 93.5188 93.5979 94.0649 93.6098 93.3834 93.6704 93.6236 93.6566 93.2083 93.64 93.6297 93.6315 93.4595 93.647 93.6786 93.557 93.7488 93.6177 93.584 93.3713
75.9928 76.0516 76.0223 75.5106 75.7626 75.8189 75.4697 75.9042 75.6728 75.6783 75.7663 75.7494 76.0311 75.5063 75.8164 75.6825 75.7755 75.734 75.7231 75.8668 75.8177 75.7502 75.6408 75.6708 75.7025 75.9439 75.588 75.7352 75.8186 75.7888
95.6295 95.7744 95.8571 97.9247 96.7576 96.9882 98.1991 97.2954 98.533 96.7208 96.8331 96.7442 95.7094 96.8397 98.8079 97.3522 97.2555 96.8535 97.4048 96.8983 97.2758 96.7443 97.0223 96.7887 96.98 97.7671 96.9302 97.1398 96.8021 96.8626
142.355 142.327 142.306 141.71 142.118 141.936 141.938 141.958 141.626 142.116 142.15 142.075 142.371 142.108 142.382 142.137 141.989 142.109 142.095 142.067 142.083 142.104 142.196 142.019 142.027 142.278 141.896 142.061 142.139 142.18
5.5665 5.5797 5.57483 5.55676 5.58991 5.59296 5.54382 5.53536 5.57982 5.62241 5.59275 5.58744 5.56901 5.57896 5.65963 5.59152 5.5818 5.59201 5.63576 5.59805 5.61698 5.59239 5.60394 5.57929 5.58441 5.59616 5.56235 5.59105 5.5972 5.58623
4.35259 4.36401 4.3654 4.15146 4.38902 4.37222 4.17064 4.12912 4.14327 4.39914 4.39782 4.39985 4.35823 4.42719 4.45377 4.40131 4.40535 4.39388 4.40984 4.38346 4.4001 4.38201 4.40523 4.39899 4.39128 4.28717 4.41962 4.39628 4.37225 4.39125
4.45531 4.45354 4.45349 4.43734 4.45511 4.4576 4.4619 4.42831 4.42461 4.45116 4.45347 4.45099 4.45512 4.44496 4.43107 4.45113 4.44673 4.45528 4.45622 4.45942 4.45186 4.46024 4.45188 4.45937 4.45027 4.46105 4.45435 4.45216 4.46138 4.44908
4.36872 4.37115 4.36929 4.37526 4.41119 4.42896 4.39546 4.36938 4.38671 4.41035 4.41155 4.41998 4.36915 4.40712 4.38805 4.41949 4.42411 4.41307 4.41286 4.42017 4.4194 4.41395 4.40776 4.41513 4.41661 4.41949 4.42532 4.41905 4.41414 4.40713
5.66589 5.66159 5.66081 5.63695 5.58063 5.55362 5.54327 5.61521 5.64431 5.58447 5.57681 5.56482 5.66707 5.57012 5.62991 5.54397 5.56217 5.5714 5.59491 5.55689 5.585 5.57925 5.56912 5.57024 5.56541 5.58858 5.54914 5.57137 5.58237 5.61213
4.21377 4.20784 4.21019 4.16233 4.50582 4.51771 4.17176 4.20334 4.13366 4.5105 4.50666 4.50689 4.21205 4.50432 4.59177 4.52115 4.50145 4.51693 4.52138 4.51876 4.49711 4.51207 4.51312 4.51203 4.5071 4.49453 4.52681 4.50874 4.51456 4.51215
7.95891 7.95794 7.95353 7.82738 7.90481 7.89229 7.84227 7.8721 7.82973 7.96332 7.90882 7.90102 7.95844 7.90971 7.93881 7.91045 7.88408 7.91348 7.97615 7.91046 7.9123 7.90764 7.93234 7.90351 7.9004 7.8907 7.89837 7.89749 7.91616 7.91464
93.3229 93.4899 93.4876 93.0561 93.1182 93.3248 93.1958 93.281 93.1635 93.2082 93.1579 93.2536 93.3775 93.1486 93.0543 93.3031 93.2186 93.1459 93.2034 93.3152 93.3301 93.1935 93.2115 93.2196 93.1766 93.0663 93.262 93.2047 93.1408 93.0954
77.072 77.0912 77.0844 76.979 77.016 76.9968 76.8316 76.9135 76.976 77.0151 77.0238 77.0187 77.086 77.042 76.9957 77.0493 77.0595 77.0485 77.0313 77.0862 77.0289 76.9966 76.9381 77.0142 77.0524 77.0415 76.9427 77.0354 77.086 77.1022
97.4271 97.0271 96.666 98.8065 98.2458 97.708 99.3545 99.1249 99.0649 97.8179 98.1296 97.8202 97.5293 98.189 98.8453 97.6889 98.2788 98.0798 98.0127 97.9719 98.1512 98.1097 97.9906 97.8794 98.0224 100.674 97.9635 98.0466 98.0339 98.1185
141.576 141.483 141.506 141.732 141.788 141.633 141.73 141.628 141.582 141.748 141.797 141.699 141.587 141.764 141.772 141.828 141.718 141.779 141.778 141.764 141.784 141.739 141.834 141.776 141.762 143.87 141.608 141.674 141.674 141.674
5.61111 5.61377 5.60088 5.58969 5.6418 5.63265 5.60221 5.60158 5.60214 5.63765 5.64652 5.64228 5.61465 5.63642 5.6694 5.65761 5.63739 5.64327 5.64746 5.64655 5.64411 5.64117 5.64636 5.63419 5.63665 5.65472 5.61681 5.63869 5.64131 5.65792
4.19296 4.20066 4.19305 4.09584 4.17892 4.1891 4.1046 4.09865 4.08592 4.18629 4.18737 4.18265 4.19639 4.1892 4.20519 4.1992 4.17496 4.18612 4.19478 4.19385 4.20443 4.177 4.20043 4.17904 4.18345 4.17234 4.16108 4.17759 4.1739 4.17556
4.29463 4.29654 4.29215 4.30058 4.32113 4.31778 4.32274 4.28745 4.30794 4.32073 4.32103 4.32047 4.29438 4.31609 4.33819 4.32244 4.31836 4.32021 4.32109 4.31938 4.32331 4.32198 4.32375 4.32387 4.31996 4.30058 4.31907 4.32039 4.32339 4.32112
4.33821 4.34068 4.33574 4.31305 4.37742 4.3873 4.30891 4.31908 4.34617 4.38153 4.37782 4.38438 4.34025 4.37943 4.37951 4.37949 4.38852 4.38021 4.38129 4.37789 4.3825 4.38085 4.37305 4.37578 4.37784 4.29348 4.38415 4.38701 4.38365 4.38584
5.56968 5.57115 5.56225 5.58856 5.50765 5.48543 5.61785 5.61484 5.59673 5.49883 5.49746 5.49189 5.57978 5.49947 5.56175 5.47626 5.51094 5.48512 5.48755 5.49162 5.49468 5.50715 5.4902 5.49158 5.49109 5.65884 5.49561 5.50676 5.50646 5.50062
7.75939 7.76775 7.77461 7.70231 7.74247 7.74681 7.71696 7.70749 7.73205 7.74926 7.74574 7.74939 7.76128 7.73906 7.79558 7.74723 7.74611 7.73994 7.7447 7.74527 7.74288 7.74237 7.74171 7.75018 7.74054 7.93552 7.74552 7.74428 7.74539 7.74737
