12.7484 12.4821 12.31 12.3014 12.3716 12.4176 12.2672 12.5692 12.5387 11.9809 12.405 12.3011 12.2645 10.8177 11.0889 11.4421 12.2756 10.7469 12.2308 10.7334 12.2577 11.7278 11.7327 12.2655 12.2405 12.2875 10.6442
5.75711 5.72147 5.7343 5.72751 5.72026 5.71859 5.71471 5.7023 5.69579 5.73545 5.7052 5.9029 5.89995 5.91351 5.90252 5.9193 5.89638 5.92181 5.89186 5.92086 5.89722 5.8913 5.9276 5.89913 5.91891 5.91551 5.89158
4.6303 4.48923 4.55032 4.5594 4.5345 4.49563 4.35751 4.35947 4.35116 4.35346 4.30393 4.73311 4.66053 4.7788 4.78705 4.73543 4.7156 4.78718 4.74525 4.79674 4.714 4.77094 4.73478 4.71749 4.63904 4.7589 4.70007
7.90743 7.83839 7.77273 7.80932 7.84625 7.84042 7.83781 7.88514 7.88344 7.97513 7.93734 8.06719 7.99372 8.004 8.00048 8.07133 8.01848 8.01628 8.08237 8.01168 8.00393 8.08633 8.14284 8.00148 7.98874 8.06984 8.11392
146.204 145.427 145.105 145.32 145.057 145.328 144.891 145.501 145.328 144.252 144.942 144.946 145.116 144.249 144.648 144.074 145.081 144.524 145.201 144.257 145.204 144.446 143.975 145.17 144.748 144.821 144.499
137.498 136.486 136.974 136.638 136.794 136.8 136.699 136.564 136.605 136.703 136.456 136.898 137.185 136.516 136.213 137.016 136.757 137.062 136.683 136.742 136.716 137.121 137.577 136.695 137.569 136.776 137.38
12.5216 12.3934 12.3411 12.5082 12.5512 12.3911 12.5364 12.5591 12.3735 12.4886 12.183 12.3852 12.4564 12.2991 12.264 12.474 12.3999 10.4614 12.3887 10.9519 12.3773 12.2552 12.4073 12.3708 12.4333 12.4709 12.1407
5.78897 5.76724 5.75212 5.76159 5.75831 5.76245 5.71938 5.7445 5.73882 5.71721 5.74641 5.92857 5.93871 5.92056 5.94313 5.95647 5.92834 5.95192 5.92459 5.94722 5.93224 5.93485 5.95372 5.91546 5.92511 5.94747 5.96416
4.74857 4.37163 4.32833 4.34423 4.33268 4.33242 4.34376 4.36574 4.34483 4.44034 4.38245 4.63408 4.75398 4.63643 4.69663 4.64063 4.71177 4.64145 4.69186 4.68704 4.68303 4.70265 4.64961 4.70373 4.61893 4.64796 4.71223
4.62031 4.54052 4.55729 4.56287 4.56064 4.53743 4.57257 4.53906 4.54914 4.63175 4.55868 4.64809 4.64999 4.61096 4.63556 4.65884 4.62676 4.64614 4.63727 4.62111 4.60916 4.67136 4.61461 4.62366 4.60961 4.63328 4.68561
7.52266 7.34705 7.44348 7.35581 7.3815 7.40069 7.40722 7.39249 7.34768 7.3563 7.25399 7.42208 7.50702 7.43556 7.26899 7.44063 7.45611 7.55714 7.44381 7.49366 7.47344 7.41494 7.7648 7.46217 7.69684 7.44883 7.66908
146.978 146.445 146.256 147.415 147.13 147.052 147.531 147.173 146.842 146.49 147.403 146.07 145.455 145.42 144.891 145.636 145.957 143.65 146.02 143.403 145.803 145.557 145.188 145.964 145.381 145.47 144.789
92.8389 93.0477 92.603 92.7741 92.7931 92.8221 92.7493 92.6868 92.9235 92.7044 92.5824 92.777 92.7735 92.4505 92.6163 92.8778 92.8088 92.6333 92.8508 92.6021 92.8243 92.6957 93.16 92.8098 92.9331 93.0528 92.7759
138.102 137.029 136.985 136.883 136.972 136.911 137.053 136.471 136.157 137.094 136.74 137.746 137.126 137.507 136.693 137.388 136.921 137.583 136.867 137.111 137.052 137.223 137.253 136.813 137.424 137.327 136.587
11.1712 11.057 11.0552 11.1716 11.1472 11.0866 11.248 11.2491 11.0049 10.9117 11.1914 11.3281 11.1202 12.9484 13.0816 11.1162 11.085 12.4375 11.1037 12.7211 11.064 10.8381 11.0172 11.1197 11.1765 11.1863 13.0037
5.70291 5.67717 5.73579 5.70736 5.70807 5.71199 5.69465 5.69635 5.69641 5.71984 5.67489 5.89613 5.88069 5.8556 5.85426 5.88946 5.86223 5.88165 5.85208 5.8543 5.86551 5.8817 5.89106 5.8533 5.87907 5.88019 5.84228
4.59448 4.32152 4.31242 4.32703 4.32612 4.32221 4.31801 4.32108 4.34228 4.30753 4.30827 4.67457 4.57428 4.65506 4.59738 4.65456 4.60507 4.51759 4.59779 4.60397 4.59985 4.62475 4.64797 4.60378 4.65297 4.63343 4.56349
4.54356 4.49609 4.47551 4.48621 4.47248 4.47519 4.49078 4.49064 4.48682 4.48909 4.49146 4.56136 4.56289 4.53185 4.55047 4.52324 4.55119 4.53308 4.53436 4.5535 4.56267 4.58695 4.55024 4.54954 4.54359 4.51345 4.53082
4.48613 4.46445 4.49037 4.49375 4.46933 4.48382 4.48692 4.44916 4.49803 4.4968 4.46312 4.51301 4.53834 4.52117 4.53009 4.54786 4.52229 4.53191 4.52553 4.51893 4.51816 4.51182 4.51946 4.52576 4.53007 4.55646 4.53658
7.50128 7.48945 7.29777 7.47017 7.46384 7.47028 7.46886 7.30728 7.37484 7.393 7.45521 7.55462 7.41707 7.49716 7.39894 7.65947 7.46244 7.64891 7.45852 7.48905 7.48344 7.44372 7.63068 7.47252 7.6461 7.70113 7.44484
103.084 103.01 102.355 102.531 102.476 102.396 102.25 101.418 102.631 101.797 100.827 103.008 103.371 102.597 103.751 103.196 102.997 103.246 103.118 103.795 103.052 102.995 103.214 103.065 103.138 103.312 103.628
5.55014 5.48308 5.54388 5.54964 5.56282 5.5636 5.59237 5.55641 5.58435 5.55839 5.57737 5.60927 5.58393 5.56899 5.56269 5.57458 5.55037 5.5202 5.56406 5.54494 5.5445 5.61928 5.5745 5.55166 5.63582 5.60176 5.56352
4.48248 4.47228 4.31652 4.2878 4.27694 4.27227 4.28137 4.28362 4.27144 4.35828 4.46735 4.42675 4.38708 4.52499 4.38995 4.49491 4.48211 4.4136 4.49748 4.48892 4.49882 4.39288 4.4978 4.4859 4.4221 4.45436 4.52402
12.8759 14.252 13.8966 14.1851 14.0636 14.1362 13.9367 14.1872 13.4183 13.8087 14.199 13.3113 13.1286 11.6956 11.4649 13.2382 13.1917 13.2373 13.1164 11.6326 13.2218 13.3658 13.1682 13.0703 12.8285 13.177 11.0215
4.53678 4.47467 4.53099 4.51403 4.54564 4.54103 4.58221 4.55008 4.55006 4.50597 4.47689 4.64866 4.66027 4.66971 4.68169 4.66722 4.65914 4.65118 4.66288 4.66897 4.66135 4.63782 4.66028 4.66756 4.69491 4.65954 4.62473
5.23864 5.26243 5.11698 5.17901 5.13687 5.13189 5.00909 4.83604 5.12213 4.99661 4.99106 5.07496 5.27235 5.15929 5.10362 5.05284 5.02213 5.04655 5.05273 5.20156 5.03688 5.00134 5.08284 5.06669 5.12694 5.10992 5.17739
7.61336 7.67615 7.70075 7.65519 7.68507 7.68311 7.60377 7.58654 7.60484 7.66139 7.52495 7.69666 7.60625 7.7381 7.63464 7.66127 7.64953 7.55436 7.64286 7.60649 7.64408 7.68079 7.66231 7.6452 7.70321 7.66703 7.67223
153.665 154.696 154.365 154.819 154.805 154.825 153.547 153.496 153.759 153.378 153.257 153.856 152.432 152.976 154.54 153.028 153.264 155.04 152.666 153.333 153.264 153.28 153.001 153.601 153.59 153.009 153.215
5.91738 5.73176 5.74317 5.7221 5.72975 5.72682 5.83393 5.81812 5.77829 5.86758 5.82208 6.44842 6.50217 6.50172 6.47588 6.42488 6.41499 6.51697 6.44892 6.47592 6.44062 6.64465 6.44597 6.37082 6.52944 6.4554 6.53006
7.52885 7.48872 6.99408 7.21594 7.22106 7.19008 6.70556 6.74951 6.4965 7.42718 6.61588 6.95487 6.59652 7.14037 7.62297 6.58951 6.66242 7.56758 6.47592 7.16879 6.65457 6.71428 6.61754 6.74919 6.71508 6.60055 6.37258
4.51884 4.3027 4.35414 4.33868 4.31098 4.30633 4.27871 4.33995 4.2803 4.2524 4.26444 4.68068 4.68222 4.69911 4.65508 4.66828 4.67302 4.59929 4.74928 4.7569 4.71312 4.60817 4.72653 4.62776 4.63495 4.63109 4.6147
8.12753 8.28205 8.24399 8.25693 8.27476 8.27025 8.15257 8.28478 8.27691 7.92711 8.18442 7.85453 7.98811 8.04896 8.0703 8.06556 8.03568 8.14182 8.01779 7.91151 8.02733 8.11393 8.03264 7.99383 8.05618 8.09539 8.01372
91.5105 91.4584 91.3719 91.5092 91.4949 91.5322 91.7323 91.5445 91.361 91.4702 91.4962 89.2843 91.9716 92.0671 91.4184 91.5547 91.6421 91.3603 91.9385 91.8202 91.9203 91.3984 91.8337 91.6684 91.2717 91.308 91.1721
137.942 138.42 138.288 137.956 137.998 137.944 137.572 137.844 137.598 137.75 137.659 139.501 137.139 137.302 136.276 137.639 137.528 138.159 136.46 136.564 136.553 136.55 136.671 137.261 136.946 136.813 136.984
5.62979 5.59195 5.51595 5.48208 5.49616 5.49646 5.57101 5.59765 5.6266 5.57762 5.55969 5.65925 5.69925 5.72325 5.45257 5.71115 5.7163 4.95727 5.72158 5.75442 5.71721 5.63573 5.69905 5.79444 5.55012 5.71448 5.60672
4.67068 4.43879 4.42399 4.51649 4.50612 4.49315 4.29694 4.29971 4.25579 4.32048 4.27015 4.80985 4.62859 4.67434 4.64187 4.61943 4.65443 4.68841 4.53754 4.70962 4.60823 4.52498 4.52872 4.71918 4.52548 4.62005 4.67283
7.42097 7.53259 7.35774 7.29638 7.29923 7.28412 7.51095 7.385 7.37068 7.46059 7.49069 7.72264 7.6172 7.67253 7.41049 7.57179 7.68263 7.73177 7.40991 7.33886 7.48155 7.25535 7.45021 7.45485 7.324 7.32643 7.47677
154.543 155.747 155.697 155.496 155.546 155.572 155.51 155.622 155.296 154.486 155.002 152.889 154.242 153.205 152.834 153.451 153.552 153.388 154.108 152.929 153.158 153.915 153.471 153.174 153.627 153.767 152.84
6.01474 5.95094 5.96878 5.93005 5.95761 5.95133 5.98508 5.87254 5.74349 5.71706 5.74692 6.45247 6.4705 6.47478 6.46807 6.47073 6.44706 6.5027 6.45196 6.47797 6.47518 6.47068 6.45523 6.38511 6.43962 6.45989 6.41042
7.59632 7.90647 7.97338 7.95342 7.93983 7.97349 8.02378 7.8828 7.84729 7.56053 7.72562 7.17085 7.17603 7.01462 7.0046 7.13795 7.08909 7.1823 7.23976 6.99677 7.03763 7.26509 7.09395 7.09226 7.2281 7.15564 6.8712
4.71082 4.38922 4.37943 4.37046 4.37762 4.38131 4.23985 4.234 4.3134 4.43771 4.49362 4.76408 4.82406 4.76468 4.72646 4.75723 4.76629 4.62056 4.7409 4.75411 4.74578 4.77617 4.76662 4.72057 4.824 4.76692 4.74431
7.9827 7.8112 7.8134 7.8416 7.83159 7.83082 7.699 7.91479 7.90144 7.68913 7.76221 8.23565 7.83605 7.67644 7.66632 7.86107 7.71474 7.58228 7.87279 7.64402 7.85699 8.03711 7.89603 7.6474 8.15264 7.9132 7.68212
138.159 137.78 138.097 138 137.981 138.182 137.288 136.809 137.459 136.371 137.053 136.637 137.099 136.474 136.65 136.516 136.415 138.008 137.697 136.251 136.014 137.793 136.559 136.358 137.034 136.607 136.167
12.7724 12.3909 12.8409 12.73 12.7112 12.7666 12.7664 12.9665 13.0462 12.4029 11.8265 12.983 12.7053 12.7483 12.8542 12.8262 12.7146 12.6471 12.7164 12.8027 12.7693 12.7673 12.7126 12.8824 12.6809 12.7143 12.7155
5.56799 5.57913 5.57752 5.55128 5.57381 5.57272 5.46716 5.49931 5.5113 5.53625 5.50254 5.74959 5.7063 5.75239 5.76444 5.73706 5.74732 5.65846 5.65333 5.74626 5.75587 5.61003 5.75183 5.75796 5.70704 5.74065 5.76492
4.62553 4.40435 4.41134 4.40966 4.41952 4.431 4.3468 4.37806 4.23479 4.28238 4.23504 4.58957 4.54227 4.59061 4.56103 4.5599 4.58308 4.75053 4.57084 4.59736 4.59849 4.558 4.59001 4.6224 4.52485 4.56546 4.56101
7.47736 7.50505 7.59309 7.61799 7.61636 7.62303 7.40995 7.32712 7.43548 7.36037 7.41517 7.37007 7.5096 7.39744 7.40169 7.40607 7.40387 7.55638 7.75569 7.37807 7.30931 7.7436 7.40019 7.26991 7.56117 7.43063 7.37072
145.961 147.313 147.607 147.384 147.433 147.46 147.481 148.565 147.381 146.487 146.168 146.776 146.907 146.974 146.513 146.875 147.017 146.325 146.691 147.167 147.092 146.433 147.031 146.587 146.717 146.684 146.747
5.54151 5.52967 5.53181 5.53336 5.5431 5.52888 5.52039 5.54018 5.52832 5.4247 5.42252 5.51925 5.54967 5.49355 5.5371 5.49397 5.50133 5.52184 5.48359 5.48977 5.49927 5.53911 5.48878 5.50327 5.46926 5.49765 5.50612
4.53712 4.29702 4.29068 4.27729 4.28529 4.28257 4.25259 4.25795 4.39069 4.45663 4.43622 4.46606 4.5156 4.39482 4.39676 4.49778 4.50295 4.49717 4.52255 4.51133 4.48359 4.30711 4.51272 4.48181 4.4136 4.47879 4.40194
13.4246 13.3003 12.772 13.4527 13.1988 13.1455 12.8638 12.5982 12.9732 12.7759 12.9453 13.1383 12.6869 13.0916 12.9551 13.1192 13.1759 13.3836 13.0103 13.0329 13.2075 13.3474 13.044 13.1254 12.9037 13.0607 13.0876
5.13788 5.30136 5.22585 5.23142 5.29505 5.27444 5.08409 5.2169 5.01482 5.36973 5.32833 5.05091 5.2626 5.03477 5.27903 5.06534 5.08891 4.82851 5.07118 5.04159 4.91473 4.93767 4.98026 5.01279 5.28524 5.03946 5.01641
7.6619 7.71756 7.64069 7.6375 7.65351 7.65062 7.63746 7.72109 7.67495 7.62363 7.65374 7.62438 7.77753 7.53711 7.61422 7.65403 7.66503 7.6071 7.62756 7.63326 7.61826 7.58221 7.62061 7.60452 7.5852 7.63092 7.56836
165.484 163.934 163.226 164.588 164.306 164.401 164.713 168.662 164.943 160.577 160.95 162.426 162.029 161.953 160.502 162.397 162.51 164.059 162.288 163.028 163.139 161.535 162.639 163.008 160.735 162.529 162.343
153.285 153.433 153.176 152.945 152.94 153.007 153.281 153.226 153.378 153.612 154.158 153.385 153.65 153.426 153.364 153.333 153.536 153.342 153.334 153.347 153.472 154.724 153.374 153.448 153.372 153.214 153.407
5.90502 5.85194 5.88663 5.88524 5.86456 5.87113 5.86924 5.89125 5.9569 5.87594 5.83232 6.38718 6.46841 6.41915 6.40128 6.35615 6.38127 6.35397 6.38218 6.3693 6.3589 6.34745 6.35182 6.36884 6.3928 6.38295 6.45681
7.40951 7.47717 7.47535 7.0792 7.10194 7.15651 7.25873 7.18118 7.20194 7.52246 7.54062 6.7976 6.76954 6.74015 6.61988 6.77508 6.88711 6.76643 6.83221 6.86203 6.80591 7.27597 6.87395 6.83086 6.49912 6.8667 6.69285
4.54517 4.35505 4.32558 4.34306 4.33758 4.34464 4.33906 4.33129 4.3867 4.23831 4.19667 4.63327 4.59739 4.62698 4.61762 4.62217 4.6405 4.61702 4.64839 4.64843 4.61308 4.77863 4.62279 4.62675 4.5854 4.57406 4.58933
8.19996 8.25919 8.21065 8.23211 8.21743 8.21501 8.25374 8.31991 8.20427 8.19734 8.24119 8.07115 7.89182 8.0039 8.06449 8.06212 8.12657 8.04312 8.13502 8.06687 8.04198 8.15514 8.1083 8.06253 7.99612 8.12721 8.0792
92.5443 92.8096 92.8806 92.8548 92.8746 92.8959 92.8022 93.0941 92.9099 92.8951 92.6217 92.6214 92.533 92.5187 92.4889 92.4999 91.981 92.5985 92.5482 92.5374 92.5479 92.8337 92.4868 92.5485 92.6028 92.7062 92.4379
5.37347 5.38619 5.36487 5.40321 5.39512 5.3903 5.41273 5.38544 5.39874 5.32806 5.06136 5.3822 5.41258 5.40884 5.40897 5.3801 5.29476 5.35345 5.39382 5.38188 5.37163 5.07879 5.39456 5.3872 5.4062 5.34979 5.4108
4.4011 4.42258 4.374 4.22607 4.22568 4.22361 4.40858 4.24871 4.23981 4.51167 4.40295 4.48067 4.45824 4.45817 4.41923 4.47406 4.20474 4.49725 4.48421 4.49751 4.40101 4.26603 4.4238 4.46593 4.41038 4.34475 4.35074
13.5936 12.8252 12.9586 12.5537 12.513 12.6554 12.5326 12.2773 12.097 12.241 11.6034 12.5277 12.6861 12.5102 12.3216 12.6452 13.0262 12.4647 12.3563 12.4318 12.6761 13.0553 12.4945 12.494 12.6229 12.0888 12.4016
5.33773 5.34875 5.27539 5.20059 5.14996 5.16817 5.32838 5.2893 5.32973 5.56442 5.61219 5.13571 4.94243 5.10627 4.98648 5.13446 5.23666 5.15838 5.10188 5.09409 5.0482 5.45772 5.10288 5.13403 5.10928 5.19576 5.14618
7.49229 7.5649 7.56832 7.49127 7.50158 7.48835 7.57948 7.4887 7.52208 7.59292 7.63358 7.44292 7.36054 7.4279 7.2267 7.44113 7.44222 7.45008 7.47004 7.45518 7.40264 7.59884 7.42525 7.45342 7.4238 7.45458 7.43854
162.794 162.724 164.027 163.963 163.76 163.783 163.592 164.026 162.995 160.918 159.788 162.539 161.942 162.564 162.979 162.083 160.025 162.385 162.595 162.56 162.549 160.213 162.628 162.515 161.893 162.14 162.613
153.405 153.247 153.2 152.781 152.982 152.885 152.939 152.439 153.203 153.053 153.157 152.736 153.783 153.177 152.61 152.677 153.125 152.582 152.657 152.591 152.947 153.674 152.85 152.89 152.227 152.507 152.19
140.722 140.192 140.492 139.654 139.692 139.65 140.012 139.637 140.229 140.434 140.643 139.881 140.177 140.22 138.867 140.245 141.962 139.753 139.777 139.985 140.195 137.892 139.831 139.808 140.286 137.921 139.99
5.88226 5.83338 5.85634 5.78852 5.8024 5.80249 5.86105 5.8276 5.77965 5.80833 5.76812 6.35948 6.39462 6.3892 6.36899 6.36217 6.45706 6.33515 6.33907 6.34088 6.4069 6.26228 6.38697 6.35324 6.36026 6.35241 6.45248
6.9755 6.62386 6.70314 6.47162 6.57866 6.50323 6.48398 6.36598 7.4546 6.89766 6.28628 6.42998 6.67341 6.65445 6.3571 6.47689 6.42237 6.37342 6.51558 6.47467 6.66741 7.04516 6.51739 6.66532 6.18835 5.96968 6.09664
4.66301 4.2183 4.21456 4.2178 4.2155 4.2159 4.22438 4.20831 4.46502 4.33618 4.33529 4.68014 4.69034 4.58706 4.67192 4.6973 4.57946 4.7499 4.71226 4.71386 4.65127 4.60665 4.61874 4.71029 4.70735 4.68953 4.58832
7.97723 8.08319 8.03724 8.13613 8.13059 8.12151 8.11039 8.10304 8.10099 8.00955 8.06382 8.02303 8.00415 8.10923 7.68613 8.01416 8.16882 7.98625 7.99065 8.00827 8.05912 7.95499 8.07907 7.94702 8.08318 7.87495 8.05586
92.7481 92.381 92.4784 92.6184 92.6514 92.518 92.7593 92.9361 92.1028 91.7094 91.5572 92.3743 91.7935 91.8637 92.2965 92.3516 92.06 92.5167 92.3985 92.5253 91.9507 92.4243 92.317 92.2358 92.4295 92.7649 92.5007
153.427 153.045 153.005 152.927 153.027 153.022 153.018 152.71 154.389 153.621 153.447 153.257 153.287 153.431 153.345 153.257 153.66 153.182 153.084 152.937 153.494 153.395 153.003 153.594 153.423 152.998 153.117
139.539 139.834 139.747 139.334 139.373 139.523 139.336 139.218 141.194 141.687 141.069 139.388 140.333 139.64 139.276 139.364 138.968 139.271 139.218 139.294 139.336 137.986 138.793 139.67 139.049 138.682 138.935
5.8147 5.73 5.70444 5.70909 5.69616 5.70267 5.6909 5.70356 5.86801 5.78071 5.78403 6.25152 6.19251 6.34562 6.28246 6.29218 6.33647 6.26326 6.27304 6.25723 6.29749 6.28327 6.27579 6.29838 6.29763 6.25217 6.33021
7.40258 7.08862 7.27773 7.06557 7.11214 7.09316 6.98555 7.01061 7.66652 7.41739 7.27094 7.0251 6.86874 7.13769 7.18718 7.03929 7.23364 7.1679 7.101 7.11581 7.02204 7.2672 7.21191 7.35965 7.41707 6.9627 7.25766
4.621 4.26523 4.2853 4.3002 4.28959 4.29224 4.27074 4.30575 4.46111 4.49249 4.51579 4.5727 4.59982 4.60683 4.60558 4.60835 4.60118 4.58461 4.605 4.62841 4.60276 4.60416 4.63215 4.5959 4.58444 4.60213 4.55121
4.59975 4.57411 4.61763 4.53442 4.5458 4.54014 4.48863 4.50317 4.63254 4.64059 4.65736 4.70383 4.75415 4.75274 4.72077 4.72324 4.719 4.72286 4.76736 4.75103 4.69247 4.79497 4.74873 4.73347 4.71803 4.73827 4.76293
7.80516 7.99284 8.28894 7.78195 7.87387 7.92313 7.77632 7.79197 8.04104 8.34959 8.34957 7.66465 7.94165 7.54648 7.62745 7.64175 7.81767 7.75573 7.67049 7.65994 7.62213 7.56527 7.56145 7.75406 7.63898 7.65232 7.80531
93.0115 93.3743 93.3368 93.1378 93.309 93.2601 93.1492 93.0499 93.4073 92.9949 93.356 93.515 92.8218 93.0576 93.6027 93.4592 93.4224 92.7909 93.3377 93.7263 93.2901 93.4186 93.8567 92.9846 93.4916 93.1846 93.2836
105.085 107.038 106.692 107.16 107.059 106.799 106.81 106.447 108.096 106.992 107.721 104.061 103.071 104.817 104.107 104.207 104.809 106.025 104.46 103.91 103.93 104.763 104.301 105.912 105.802 105.603 104.89
141.898 141.733 141.718 141.695 141.827 141.787 141.642 141.478 141.754 141.709 141.341 141.367 142.142 141.958 141.84 141.25 141.351 141.81 141.889 140.709 141.39 140.961 140.708 141.743 141.625 141.427 141.63
5.04678 5.22504 4.97567 5.13051 5.17565 5.15683 4.98943 4.62447 5.29533 5.21572 5.30879 5.48723 5.39377 5.39618 5.27662 5.4446 5.43577 4.95133 5.37408 5.41118 5.46908 5.30089 5.28425 5.1005 5.00811 4.77632 5.10441
4.41017 4.32079 4.29396 4.32252 4.30538 4.31459 4.31699 4.28806 4.33393 4.29102 4.30136 4.39202 4.2104 4.21638 4.21514 4.38466 4.33132 4.41963 4.31902 4.37838 4.38948 4.33911 4.31959 4.34256 4.13923 4.34297 4.16316
4.38903 4.42001 4.42122 4.4009 4.41455 4.40198 4.37888 4.40005 4.44027 4.4172 4.49475 4.53159 4.56127 4.55771 4.5792 4.52545 4.53314 4.51137 4.54302 4.53222 4.53174 4.5594 4.53763 4.50843 4.49446 4.51458 4.56444
5.815 6.50743 6.29004 6.46658 6.34977 6.25512 6.41535 6.24782 6.45919 6.12374 6.93616 5.07723 5.02104 5.36527 5.51181 5.1333 5.36134 6.02953 5.3267 5.14547 5.10391 5.59946 5.46917 6.07383 5.99279 5.91266 5.612
7.57054 7.78129 7.85435 7.8075 7.80387 7.81755 7.76748 7.71884 8.08867 7.86411 7.82097 7.48464 7.27574 7.47163 7.5395 7.48896 7.52696 7.62699 7.50983 7.34695 7.59266 7.56787 7.452 7.61628 7.59887 7.52599 7.3761
93.1566 93.5603 93.6994 93.7586 93.78 93.7684 93.9063 93.8359 93.8352 93.999 94.0709 92.9793 90.4238 93.3624 93.0494 93.29 93.5561 92.6155 92.6849 93.0987 93.0541 92.6759 93.4274 90.2783 93.9241 92.1484 92.8569
103.595 104.012 104.386 104.409 104.437 104.408 104.79 104.456 104.988 104.688 104.615 104.26 105.52 105.165 104.418 104.701 105.259 104.181 103.996 104.287 105.448 105.572 104.697 104.99 104.648 104.498 105.022
5.62058 5.62952 5.59014 5.52773 5.57493 5.57952 5.57427 5.55517 5.55533 5.61766 5.53568 5.56186 5.94913 5.37415 5.72274 5.51844 5.36534 5.54154 5.49975 5.5983 5.55552 5.52985 5.50362 5.94768 5.38881 5.47762 5.42924
4.32244 4.12642 4.1174 4.19181 4.25975 4.2816 4.04419 4.16331 4.35179 4.26519 4.20966 4.52405 4.39188 4.46507 4.33281 4.48434 4.49602 4.49082 4.45903 4.4321 4.40717 4.41118 4.32223 4.38207 4.51189 4.17476 4.39971
11.337 11.0462 11.0015 11.1085 11.0735 11.0075 10.8673 11.0696 10.9086 10.9804 11.1013 10.6784 11.499 10.3035 11.0234 10.8376 10.9147 8.9798 10.5482 10.233 10.9306 10.4611 10.9466 10.9253 10.9969 11.0078 10.8658
4.56202 4.58785 4.56174 4.55148 4.56185 4.56739 4.50928 4.52796 4.51666 4.54731 4.49168 4.67012 4.64585 4.70463 4.68225 4.68395 4.62431 4.70976 4.65877 4.72158 4.68012 4.66591 4.678 4.5098 4.67294 4.58312 4.66608
5.6633 5.5859 5.58776 5.65054 5.63602 5.62786 5.64394 5.61355 5.66634 5.70353 5.63037 5.57492 5.81994 5.61458 5.73988 5.54211 5.6575 5.76804 5.60151 5.6428 5.45458 5.79972 5.6495 5.60187 5.65137 5.66244 5.66853
7.76533 7.77094 7.76945 7.79495 7.80929 7.80018 7.80261 7.79517 7.79804 7.82077 7.79484 7.79984 7.84662 7.81864 7.83897 7.72961 7.76105 7.84169 7.76807 7.79045 7.6591 7.7789 7.76371 7.68455 7.84199 7.70749 7.789
92.5133 91.8845 91.8094 92.366 92.3588 92.3564 92.5079 92.8159 92.267 92.3524 92.3335 92.1392 91.9048 92.0987 91.3183 91.768 92.1816 91.6341 91.5652 91.964 91.6383 91.5886 92.079 91.1339 92.2222 91.081 91.156
153.124 152.478 152.383 152.555 152.619 152.473 152.543 152.488 152.726 152.391 152.314 151.972 153.267 152.479 153.265 152.529 152.543 152.201 152.298 152.202 153.372 152.776 152.397 152.887 152.338 153.236 153.856
6.08577 6.0755 6.06894 6.05747 6.03814 6.01885 6.10128 6.07274 6.01488 6.06547 6.08384 6.51945 6.48495 6.53791 6.58195 6.5347 6.57038 6.50716 6.54479 6.53987 6.48053 6.52065 6.51569 6.55702 6.56053 6.50195 6.5156
7.64812 7.49535 7.44669 7.55095 7.53979 7.53258 7.55778 7.54117 7.59263 7.42289 7.48787 6.81599 7.02473 6.93436 6.87469 7.01211 6.55174 6.76175 6.75267 6.82822 7.11552 7.02066 6.76842 6.9026 6.86448 6.96469 7.15385
4.77013 4.53947 4.30721 4.28511 4.31679 4.29347 4.28869 4.24643 4.33928 4.51278 4.33568 4.76499 4.72506 4.68872 4.61241 4.68434 4.76704 4.68293 4.78729 4.687 4.75106 4.7948 4.80584 4.80021 4.7374 4.76531 4.67437
8.15506 8.20172 8.15252 7.99746 8.01567 8.02065 8.03697 8.08456 7.96769 7.98236 8.00943 8.05779 8.08001 8.14766 7.98908 8.03699 8.08342 8.07829 8.01114 7.95724 8.11888 8.04682 7.85271 7.96291 8.03614 7.85475 8.04383
92.639 92.856 92.9904 92.925 92.9119 92.8974 93.0695 92.8832 92.9224 92.8127 92.7525 92.9539 92.4186 92.5259 92.7095 92.6584 92.3059 92.4454 92.6621 92.6276 92.6997 92.6688 92.6908 92.6328 92.6722 92.1198 92.0034
137.883 136.843 136.382 136.531 136.494 136.4 136.716 136.21 137.104 137.332 136.383 135.764 137.158 136.555 137.829 137.539 137.811 136.848 136.657 137.192 136.963 136.605 136.281 136.509 136.581 137.883 137.238
12.6266 12.6918 12.8331 12.9283 12.9273 12.9272 13.0267 12.7695 12.7073 12.6488 13.0343 13.0476 12.8513 13.0632 12.7199 12.9895 12.9435 12.8906 12.8316 12.8211 12.8176 12.9483 12.8562 12.8498 12.9773 12.7912 12.7465
5.56513 5.59559 5.58405 5.58447 5.57572 5.58658 5.57437 5.57035 5.58764 5.60162 5.60179 5.77819 5.80181 5.77727 5.80087 5.77368 5.65917 5.76058 5.77222 5.80912 5.79536 5.79558 5.77056 5.78257 5.79141 5.83004 5.79479
4.65088 4.37317 4.34086 4.38153 4.37609 4.38242 4.39692 4.3978 4.40573 4.34618 4.43155 4.58601 4.58638 4.59776 4.64376 4.6432 4.58629 4.61467 4.54718 4.63995 4.58277 4.60016 4.59467 4.60378 4.58494 4.61839 4.50246
7.46979 7.32387 7.26412 7.32765 7.38565 7.34534 7.41791 7.30154 7.4854 7.51817 7.26651 7.37615 7.30695 7.27139 7.77588 7.56751 7.67418 7.5655 7.42233 7.44667 7.52613 7.45466 7.30259 7.42798 7.28513 7.52457 7.60719
147.487 147.301 147.316 148.003 148.223 148.185 148.12 147.895 147.6 146.928 147.373 147.319 147.26 146.45 146.98 146.958 147.218 146.947 147.176 146.959 147.128 145.559 147.302 147.207 146.842 147.114 148.338
93.5985 93.9121 93.8645 93.9479 94.0788 94.0518 93.9706 93.9426 93.9329 93.9561 93.7222 93.7789 93.5828 93.9271 93.2887 93.8229 93.5596 93.5857 93.3971 93.5117 93.6873 93.5786 93.712 93.5907 93.8197 93.0854 92.3798
5.60318 5.61301 5.61914 5.60739 5.59997 5.60219 5.61193 5.59663 5.6261 5.6103 5.62062 5.57529 5.5567 5.60956 5.58389 5.57984 5.58703 5.56462 5.52117 5.59778 5.63235 5.6299 5.58454 5.56697 5.5914 5.53812 5.59163
4.41309 4.38289 4.20849 4.33111 4.31286 4.31272 4.36302 4.33606 4.28484 4.30634 4.22842 4.4605 4.43226 4.3769 4.39899 4.45008 4.46593 4.46844 4.43318 4.43692 4.15078 4.28844 4.49532 4.45361 4.36859 4.4632 4.41082
13.9116 14.0517 13.6803 14.1152 14.1357 14.2148 14.1371 14.0733 14.0223 13.9908 13.6749 13.5485 14.0525 13.7002 13.7741 13.6539 13.7438 13.6912 13.3884 13.7389 13.1647 13.137 13.9679 13.807 13.8184 13.5304 12.9501
5.15116 5.1466 5.12808 5.14441 5.15258 5.15494 5.14331 5.14618 5.1962 5.09955 5.20046 5.14906 5.01963 5.13058 4.88049 5.10571 4.93621 5.09653 5.10703 5.07592 5.23476 5.48489 5.01779 5.02787 5.06853 4.94867 5.60313
7.70187 7.70321 7.7093 7.72898 7.73 7.74891 7.76376 7.77196 7.78465 7.73545 7.77527 7.78007 7.67195 7.74932 7.71053 7.78172 7.69286 7.78907 7.7056 7.72485 7.68677 7.70808 7.71494 7.72716 7.74828 7.62079 7.79423
163.99 164.001 163.95 164.717 164.365 164.55 164.413 164.419 163.529 165.493 164.276 161.761 162.724 162.177 161.889 163.305 162.164 163.643 161.134 162.878 162.978 161.616 162.592 162.387 162.08 161.409 161.358
97.8776 97.1271 97.8764 96.8413 97.1037 96.8341 96.7517 97.1554 97.818 98.4987 97.3963 97.9099 99.4691 98.1499 97.4635 98.0046 96.7299 97.7056 98.2667 97.2653 99.8433 99.8084 96.9895 98.1973 97.5194 98.8049 100.365
141.838 141.531 141.756 141.437 141.391 141.358 141.392 141.112 141.631 141.777 141.751 142.319 142.174 142.363 142.424 142.732 141.982 142.972 142.576 142.053 142.867 142.929 141.853 142.244 142.192 142.62 142.589
5.56772 5.61397 5.61384 5.58877 5.60461 5.60451 5.60068 5.6093 5.59594 5.61875 5.61651 5.60521 5.73142 5.67799 5.65012 5.60393 5.6205 5.59063 5.62903 5.60168 5.58708 5.60797 5.61911 5.64556 5.61475 5.5986 5.53303
4.3921 4.1702 4.15701 4.15631 4.1567 4.15038 4.15801 4.16008 4.17159 4.18668 4.14317 4.45414 4.61828 4.50647 4.51704 4.27748 4.36653 4.44196 4.23859 4.36977 4.25433 4.36295 4.42088 4.44878 4.30063 4.42984 4.36161
5.65902 5.5768 5.59564 5.60275 5.5927 5.59571 5.60081 5.57182 5.62289 5.61325 5.57799 5.53321 5.59344 5.59931 5.64825 5.63702 5.53258 5.65944 5.62315 5.58111 5.63909 5.74779 5.54686 5.6385 5.61518 5.6344 5.71194
7.80302 7.86202 7.84596 7.89917 7.8984 7.88152 7.90509 7.92136 7.86342 7.84359 7.87728 7.86174 7.74029 7.83276 7.84632 7.89097 7.82339 7.90096 7.81891 7.88752 7.68782 7.93035 7.84956 7.83953 7.88294 7.85598 7.7101
102.983 102.785 103.333 103.184 103.18 102.873 103.096 101.903 103.104 104.266 102.027 105.679 105.894 107.209 106.893 105.803 103.299 106.716 104.994 104.266 106.645 104.571 104.109 107.129 104.22 104.245 105.57
142.113 142.11 142.159 142.281 142.26 142.202 142.176 141.941 142.234 142.021 142.214 142.935 143.413 143.001 142.927 143.598 141.25 144.359 142.724 141.77 144.714 143.305 142.178 142.639 142.481 142.672 142.764
5.60064 5.62991 5.56339 5.55653 5.56044 5.56213 5.47773 5.43617 5.51484 5.56111 5.43377 5.55569 5.91958 5.54946 5.56008 5.45069 5.55347 5.8316 5.65792 5.58969 5.59319 5.58424 5.50452 5.59185 5.56341 5.58943 5.50394
3.99472 4.22322 4.27099 4.25178 4.23279 4.26205 4.10876 4.01145 3.91997 4.0817 4.00504 4.38133 4.48215 4.34194 4.32637 4.46292 4.27498 4.21532 4.07414 4.32715 4.47355 4.42564 4.36114 4.38708 4.35349 4.44419 4.4558
11.7779 11.7444 11.6591 11.654 11.6976 11.6737 11.7374 11.5579 11.5737 11.2954 11.4164 11.5398 12.4226 11.034 11.2501 11.346 11.1846 11.0114 10.5568 9.79381 10.1981 10.6641 11.391 11.612 11.6982 11.5523 9.96085
5.54975 5.5348 5.59299 5.57521 5.56245 5.54262 5.51265 5.44889 5.47558 5.63781 5.4457 5.86328 5.70191 5.68304 5.47777 5.6729 5.43614 5.68409 5.66182 5.44008 5.92236 5.73721 5.55554 5.67125 5.56154 5.58913 5.6291
7.84336 7.90245 7.94661 7.90705 7.9059 7.90589 7.90473 7.9172 7.88487 7.8933 7.91186 7.821 7.77289 7.81529 7.75299 7.77919 7.78541 7.81447 7.95356 7.88797 7.96165 7.90288 7.80633 7.86276 7.84578 7.83911 7.62901
105.98 104.841 105.305 105.663 105.576 105.623 105.33 105.205 104.53 105.141 105.091 106.053 105.805 105.039 107.229 105.48 104.584 103.681 105.008 106.246 106.666 105.194 105.555 105.753 105.213 102.289 105.256
144.412 143.953 143.825 144.189 144.086 144.023 143.426 143.505 143.752 142.942 143.315 143.606 142.796 142.92 145.056 143.233 141.99 142.445 143.585 144.5 143.86 143.024 143.21 143.663 142.873 142.544 142.779
5.76873 5.91341 5.98575 5.9562 5.99997 6.00512 5.93254 5.92293 5.75522 5.85517 5.96064 5.73179 5.4687 5.54273 5.82307 5.6133 5.58246 5.57445 5.59311 6.03862 6.21181 5.6168 5.50851 5.50626 5.70985 5.6209 5.59306
4.76736 4.40081 4.30146 4.36531 4.35727 4.35767 4.36899 4.29153 4.36976 4.36146 4.5243 4.47453 4.28435 4.48388 4.44244 4.44349 4.39554 4.43096 4.46714 4.41794 4.47651 4.44313 4.57195 4.54166 4.51298 4.42958 4.57483
11.6048 11.6218 11.5938 11.6112 11.6728 11.6603 11.6718 11.7774 11.7316 11.8395 11.6856 11.0131 10.5078 11.246 11.1983 11.9019 11.0705 11.5009 11.3016 11.6112 11.574 11.7929 13.623 11.5361 11.4519 11.7125 7.46571
4.33106 4.40165 4.41858 4.41733 4.40666 4.41322 4.44339 4.43846 4.40429 4.45942 4.51793 4.61787 4.55673 4.58335 4.50151 4.60937 4.53233 4.66318 4.59296 4.59073 4.57089 4.57057 4.59724 4.49429 4.53769 4.51538 4.62353
4.39089 4.35641 4.39738 4.38683 4.38476 4.40121 4.34802 4.34925 4.37471 4.38346 4.37102 4.55771 4.14969 4.6735 4.24492 4.48464 4.33059 4.51628 4.51536 4.47798 4.5361 4.55039 4.39331 4.54389 4.46269 4.44191 4.55304
5.89468 5.788 5.80012 5.83107 5.81585 5.81145 5.75611 5.76815 5.91501 5.8719 5.7775 5.70887 5.85813 5.66144 5.73115 5.59004 5.73958 5.90297 5.54008 5.85956 5.73696 5.66887 5.73521 5.90636 5.67752 5.79187 5.85484
4.54214 4.49034 4.46426 4.46898 4.49927 4.50537 4.37051 4.4497 4.37946 4.49129 4.47972 4.46111 6.01537 4.6521 4.83873 4.90713 5.0703 4.48246 4.62528 4.70619 4.68872 4.59907 4.56141 4.75401 4.57887 4.71765 4.58578
4.18665 4.17334 4.22726 4.25258 4.25308 4.26228 4.22226 4.19065 4.21378 4.27761 4.32703 4.37582 4.23518 4.4551 4.21975 4.29278 4.34561 4.36718 4.36234 4.558 4.30011 4.38568 4.32687 3.94232 4.27962 4.29646 4.45966
8.05101 8.00857 7.95206 7.9499 7.93581 7.93262 7.8525 7.87649 7.95437 7.85149 7.86119 7.86599 8.02547 7.88181 7.92511 7.90429 7.86252 8.02043 7.8546 7.97954 7.87237 7.89168 7.88113 7.9496 7.8366 7.95018 7.73489
98.2358 99.1329 99.9981 99.9607 99.6658 100.073 99.9761 100.256 99.1962 100.504 100.405 99.6926 99.761 99.8676 99.7314 99.8143 98.5088 100.759 96.9017 100.801 100.88 101.262 102.092 99.9303 99.4383 98.2201 102.241
5.8639 5.78598 5.84437 5.87091 5.87379 5.88064 5.79877 5.8378 5.8317 5.91266 5.88119 5.69367 5.64964 5.68139 5.65365 5.70935 5.63362 5.73859 5.76371 5.42314 5.51288 5.66977 5.97789 5.67943 5.6989 5.70944 5.70793
4.22671 4.17217 4.17176 4.16408 4.16681 4.16746 4.20323 4.18279 4.43312 4.4678 4.30854 4.30644 4.5605 4.33926 4.44561 4.60955 4.53677 4.36014 4.29756 3.93257 4.88157 4.41435 4.23805 4.3144 4.36142 4.55164 4.65789
4.49278 4.49446 4.52002 4.51992 4.52618 4.52325 4.52027 4.52479 4.53838 4.58617 4.56568 4.53429 4.47334 4.4905 4.45895 4.52587 4.20632 4.62037 4.44091 4.76476 3.93038 4.44677 4.47557 4.55526 4.4745 4.54505 4.50352
3.90181 3.9437 3.99762 3.96709 3.93967 3.98209 4.23525 4.26321 4.28095 4.17923 4.31505 4.41593 4.40493 4.3922 4.40332 4.42152 4.3961 4.38414 4.40909 4.23081 4.27471 4.41807 4.46538 4.44088 4.38799 4.43135 4.41595
5.88389 6.09969 6.05843 6.07635 6.11091 6.14489 5.95328 5.9528 6.06255 5.93584 6.05435 5.88945 5.72242 5.77333 5.67743 5.6154 5.80773 5.79263 5.72111 5.86967 5.64137 5.78306 5.88981 5.77826 5.98756 5.80028 5.89988
3.94928 4.04392 3.90239 3.85574 3.81 3.81462 4.34956 4.39976 4.4289 4.17675 4.15983 4.68217 4.4294 4.79136 4.56812 4.61893 4.66744 4.48206 4.69254 4.53295 6.65274 7.59967 4.5277 4.39321 4.67897 4.58604 4.67571
4.06856 4.07497 4.13996 4.15929 4.17415 4.18057 4.16139 4.17637 4.16127 4.1534 4.16318 4.61612 4.53332 4.61322 4.55314 4.57133 4.42431 4.5315 4.48806 4.55424 5.45246 4.86994 4.6763 4.89532 4.48289 4.58427 4.68343
7.86567 7.85371 7.83075 7.86634 7.87288 7.85981 7.88818 7.87384 8.01699 7.92259 7.89605 7.79763 7.77112 7.77467 7.79199 7.73615 7.83925 7.69111 7.76785 7.81387 7.69218 7.79213 7.73827 7.81256 7.8876 7.70805 7.63203
92.0345 92.0101 92.0508 92.1947 92.2284 92.2368 92.3558 92.3754 92.3657 92.3019 92.3289 91.7839 92.2433 91.7509 92.1637 92.552 91.8982 92.0162 91.7826 91.6335 91.718 91.0079 91.2661 91.292 92.3685 92.5404 91.6134
9.51252 10.2622 10.2756 10.2001 10.239 10.2447 9.57319 8.99135 8.76268 9.29718 8.89079 12.2654 11.5171 10.5504 11.0356 10.5659 10.6959 10.525 11.012 9.76956 11.0467 11.1469 11.3582 10.351 10.4665 10.6267 11.4616
5.88883 5.93995 5.93536 5.89145 5.89357 5.89277 5.88605 5.86904 5.85351 5.85546 5.8777 5.88036 5.88618 5.94287 5.90651 5.86 5.94064 5.98381 5.95496 6.00854 5.90325 5.99969 6.00502 5.96261 5.9698 5.77619 5.77136
4.73519 4.74242 4.65356 4.32964 4.32157 4.3303 4.27034 4.25955 4.32046 4.24148 4.22555 4.6075 4.64555 4.62212 4.54525 4.75427 4.75843 4.6241 4.61567 4.57607 4.66122 5.27944 5.21974 4.74554 4.6139 4.68992 4.92023
5.08975 4.97874 4.85953 5.05073 5.02723 5.0409 4.80214 4.78453 4.66959 4.83045 4.68441 4.66532 4.63041 4.63137 4.57032 4.64807 4.5832 4.70896 4.59007 5.0233 4.74695 4.84467 5.08794 4.59244 4.5949 4.64156 4.92489
4.6522 4.47103 4.47903 4.6019 4.59741 4.59427 4.57828 4.57955 4.53173 4.70076 4.62329 4.66287 4.68387 4.87273 4.6578 4.76148 4.96235 4.84701 4.80743 5.13697 4.8709 4.67496 5.29443 4.82768 4.68597 4.76175 4.52569
4.51081 4.31549 4.28551 4.35355 4.36389 4.3593 4.30205 4.2659 4.22781 4.73151 4.38103 4.54176 4.51599 4.26782 4.48918 4.40019 4.73187 4.48092 4.41239 5.01078 4.3182 2.34597 4.85737 4.40448 4.82215 4.47583 4.35941
7.91939 7.9577 7.86634 7.86534 7.87492 7.87749 7.60571 7.68451 7.69705 7.79198 7.53078 7.74114 7.8374 7.51617 7.8343 7.79604 17.5084 7.67983 7.11093 7.89308 7.58719 8.01745 8.06042 8.55576 7.91583 7.80279 7.7005
143.116 143.126 143.658 142.725 142.655 142.809 143.001 142.289 141.674 141.987 142.531 145.964 146.709 146.922 147.775 144.578 146.059 145.479 146.886 145.418 144.908 147.04 145.17 145.164 145.87 145.133 148.245
135.86 136.849 137.019 136.622 136.545 136.564 136.684 136.705 136.573 137.173 136.489 138.675 136.945 136.67 138.219 135.907 135.563 136.659 136.907 136.532 136.393 137.502 138.695 108.607 137.781 137.233 140.098
12.4318 12.468 12.2865 12.4561 12.3551 12.3942 12.4208 12.4209 11.5957 12.0659 12.0364 11.2038 12.2291 11.9729 12.3225 11.757 12.3601 11.7248 12.2111 12.2069 11.2887 12.2419 12.4329 11.7993 12.3674 12.2221 12.5321
5.62578 5.48056 5.42814 5.30867 5.32875 5.3604 4.96653 4.71289 5.15474 5.13766 5.15857 5.88726 5.67799 5.65703 5.84346 5.89398 5.92782 5.41272 5.74842 5.26156 5.93576 5.95146 6.03386 5.96412 5.61373 5.95048 6.02725
4.6379 4.49342 4.4781 4.44423 4.44738 4.43858 4.44204 4.34852 4.46298 4.48265 4.48796 4.77612 4.68351 4.67353 4.58962 4.59331 4.57964 4.72104 4.62569 4.65735 4.65485 4.63476 4.68983 4.76429 4.62391 4.66021 4.62872
7.51835 7.54129 7.54351 7.49842 7.45599 7.48292 7.53253 7.52071 7.45224 7.77763 7.60002 7.48904 7.61281 7.73068 7.81848 7.40497 7.37966 7.67589 7.71392 7.80568 7.66279 8.57909 7.85786 15.6865 7.77002 7.78893 7.93047
146.916 146.116 146.568 146.701 146.508 146.522 146.891 147.006 145.656 147.021 146.63 145.429 147.16 145.053 146.124 146.419 147.094 146.504 145.733 147.57 148.545 145.855 146.363 146.301 147.091 145.148 148.374
154.142 154.57 154.462 154.447 154.571 154.416 154.735 154.555 154.779 153.873 154.586 154.2 153.868 154.469 154.552 154.739 154.386 154.534 154.56 154.402 152.031 154.644 154.5 154.581 154.575 154.358 153.479
140.242 139.774 139.981 139.925 139.919 139.863 139.997 139.961 139.725 139.7 140.051 140.22 139.296 139.906 139.938 139.582 139.281 139.468 139.744 139.272 140.576 140.214 139.682 138.666 139.312 139.614 141.96
6.00048 5.92626 5.9446 5.9413 5.93548 5.94686 5.94348 5.94713 5.94696 5.96331 5.96453 6.1538 6.66446 6.43265 6.41836 6.45134 6.45963 6.43493 6.19822 6.44391 6.33615 6.43835 6.49502 6.48002 6.49062 6.4334 6.44199
8.05253 7.85771 7.99852 7.96766 7.94762 7.95594 8.01578 7.98141 8.02622 7.89056 8.09436 7.33545 7.23459 7.3015 7.36833 7.42305 7.37128 7.39677 7.33542 7.31452 7.88037 7.47622 7.32393 7.41324 7.37478 7.33259 7.48409
4.59779 4.215 4.19803 4.19445 4.19897 4.19546 4.18398 4.19848 4.19696 4.21309 4.19617 4.5368 4.69849 4.66949 4.66383 4.65087 4.58093 4.6488 4.65897 4.70304 4.79355 4.57459 4.59963 4.59263 4.57632 4.48498 4.82768
4.67097 4.67888 4.66332 4.66462 4.67073 4.6612 4.67101 4.69052 4.69438 4.70785 4.61695 4.78643 4.90171 4.81503 4.86879 4.80363 4.82969 4.83134 4.85269 4.81899 4.91542 4.83695 4.81765 4.80794 4.77826 4.88982 4.8987
7.88876 7.96315 7.86272 7.87172 7.90571 7.90482 7.95546 7.89298 7.96663 7.98599 7.9042 8.22326 7.88289 7.89995 7.93812 7.80255 7.79862 7.77858 7.95587 7.70955 8.12346 7.96779 7.74067 7.44667 7.70235 7.92431 8.22679
94.1216 94.0081 93.8463 93.8914 93.9514 93.8784 93.8716 93.8063 93.7416 93.97 93.892 93.8003 93.9132 93.9882 93.5375 93.9487 93.7668 93.856 93.5989 93.7579 93.8214 93.8324 93.5083 93.56 93.6045 93.8253 93.0303
98.0423 97.3541 97.7436 98.2107 98.0009 98.0557 98.1688 98.7528 99.1545 97.8054 97.6593 97.7652 97.5409 97.0361 98.4571 96.8629 97.1957 97.4627 96.5792 98.5704 99.5193 99.4039 97.3993 97.3656 96.7758 97.477 98.9966
141.199 140.964 141.481 141.514 141.453 141.451 141.406 141.433 141.554 141.521 141.584 140.334 140.675 140.539 141.606 140.782 141.323 140.935 141.033 141.173 142.061 142.266 140.831 140.76 141.005 141.408 143.668
5.40217 5.39518 5.38196 5.27372 5.30431 5.29027 5.32191 5.21762 5.24818 5.40599 5.39465 5.52798 5.49827 5.53818 5.51281 5.51645 5.52941 5.50588 5.48368 5.5165 5.50679 5.3521 5.52436 5.52061 5.52713 5.55692 5.29094
4.36662 4.20738 4.31621 4.3149 4.31605 4.30906 4.31836 4.30218 4.27525 4.29762 4.3023 4.40289 4.37707 4.41177 4.43456 4.42783 4.44838 4.40338 4.40124 4.50326 4.28953 4.47174 4.4892 4.4239 4.44337 4.43728 4.37342
4.35893 4.34945 4.36361 4.34336 4.34117 4.34304 4.33307 4.33949 4.324 4.34086 4.34083 4.37542 4.38859 4.39285 4.35009 4.38351 4.3649 4.35941 4.38779 4.39594 4.37453 4.37068 4.40433 4.40468 4.40117 4.30383 4.39693
5.5104 5.20609 5.42944 5.49788 5.47896 5.50074 5.48784 5.5673 5.58269 5.36785 5.48736 5.04825 5.13359 4.95452 5.0477 5.09082 5.0253 5.28465 4.87337 5.24774 5.53245 5.57595 5.12901 5.08357 5.068 4.78792 5.66943
7.47004 7.38115 7.48302 7.50405 7.49004 7.50349 7.46808 7.48277 7.56741 7.51882 7.44532 7.37763 7.38923 7.29306 7.46893 7.35239 7.48228 7.4332 7.34094 7.42582 7.54771 7.43292 7.34197 7.39164 7.43259 7.50142 7.72588
94.0086 93.9644 93.9422 93.9754 93.999 93.9766 94.0428 94.0196 93.9291 93.9385 94.0503 93.8449 93.9159 93.7516 93.3768 93.8709 93.7502 93.5071 93.6342 93.5043 93.6103 93.4431 93.0988 93.5346 93.5872 93.6299 93.317
105.026 104.462 104.733 104.699 104.667 104.538 104.62 104.857 104.928 104.843 103.818 104.292 104.504 103.872 104.961 103.943 105.152 104.492 104.385 105.322 104.187 104.536 104.543 104.176 103.668 103.883 104.464
5.59491 5.58002 5.55915 5.55964 5.56051 5.55876 5.58443 5.55796 5.57938 5.58011 5.58011 5.5451 5.47944 5.55578 5.50784 5.55253 5.55503 5.54871 5.53694 5.55356 5.54219 5.6171 5.59515 5.57305 5.58652 5.51027 5.54324
4.45842 4.35637 4.37594 4.37976 4.38528 4.39476 4.24101 4.22501 4.23594 4.23744 4.23727 4.40972 4.37824 4.37915 4.41334 4.42937 4.32658 4.4349 4.43319 4.38125 4.35738 4.41622 4.44394 4.3752 4.39292 4.42261 4.43744
13.3058 13.2721 13.3944 13.5763 13.6175 13.6677 13.4711 13.5115 13.571 13.4647 13.45 13.033 12.7814 13.109 12.79 13.2808 12.9751 12.6784 12.8917 12.9296 13.2157 12.9358 12.9012 12.9522 13.0876 12.6596 12.6923
5.48098 5.46352 5.42881 5.47433 5.45703 5.46358 5.48762 5.46003 5.49008 5.49 5.47692 5.4183 5.49733 5.39725 5.72111 5.38516 5.60255 5.44231 5.42679 5.47268 5.44266 5.47938 5.51139 5.42125 5.40403 5.52228 5.5118
7.77567 7.76343 7.80247 7.81933 7.80938 7.80919 7.81701 7.82788 7.82099 7.79362 7.8138 7.79999 7.72992 7.75333 7.8238 7.79312 7.78772 7.8167 7.78338 7.79707 7.7848 7.75219 7.78493 7.76862 7.77765 7.77184 7.76077
162.952 162.404 163.249 162.833 163.145 163.194 162.817 162.983 162.898 162.192 162.828 162.563 161.514 161.499 160.628 162.568 161.308 162.202 162.252 162.515 160.301 162.047 162.834 162.094 161.7 159.74 160.684
93.3864 93.5258 93.3493 93.3796 93.3713 93.4118 93.4459 93.585 93.4481 93.3766 93.5435 93.7623 93.1664 93.1233 92.3677 93.4507 92.8789 92.3856 93.3374 93.0695 92.7782 93.1068 92.9773 92.7214 93.0398 93.3112 91.1979
142.471 142.446 142.135 142.041 142.067 142.193 142.12 142.174 141.939 142.214 142.179 142.409 142.243 142.537 142.766 142.288 143.249 142.832 142.44 142.704 141.962 142.686 142.691 142.717 142.659 142.506 142.682
5.67339 5.59042 5.58951 5.56447 5.54406 5.53885 5.60912 5.61031 5.4742 5.52339 5.54247 5.55227 5.50723 5.54367 5.49643 5.5493 5.67011 5.55494 5.56669 5.59919 5.59856 5.6213 5.58631 5.63078 5.60074 5.57231 5.91482
4.39506 4.34029 4.42997 4.39871 4.43441 4.41809 4.33477 4.29052 4.38221 4.3002 4.43953 4.50209 4.40168 4.35334 4.29466 4.3986 4.41625 4.50878 4.46178 4.40081 4.47441 4.4802 4.47306 4.48208 4.44176 4.49163 4.46989
10.7851 10.6929 10.7689 10.7732 10.7392 10.7745 10.5345 10.7501 10.7007 11.1466 10.9883 11.081 8.50386 10.5078 9.7743 10.5631 13.0185 7.32595 11.1518 10.5526 10.9026 11.0125 11.0304 11.2821 10.9092 11.3474 10.5813
4.49711 4.47187 4.5167 4.49143 4.48944 4.48905 4.49592 4.49478 4.49421 4.46774 4.44731 4.64251 4.64937 4.62719 4.64389 4.64497 4.65492 4.67748 4.65323 4.64269 4.61948 4.6651 4.65112 4.65749 4.64641 4.6631 4.55543
5.68117 5.6993 5.64207 5.65267 5.63726 5.65276 5.64238 5.62843 5.69279 5.64855 5.61702 5.6156 5.47335 5.63615 5.74562 5.62089 5.65755 5.59309 5.54398 5.56193 5.72593 5.74022 5.66169 5.66315 5.62975 5.61042 5.76796
7.88332 7.94209 7.89778 7.90841 7.91573 7.91367 7.90935 7.88986 7.93835 7.89457 7.93015 7.93818 7.81608 7.92929 7.77226 7.93842 7.88153 7.88794 7.91993 7.9021 7.8746 7.96513 7.94736 8.00875 7.97771 7.91454 7.9027
161.508 161.347 160.604 160.459 160.467 160.491 160.73 160.754 160.031 159.842 160.018 162.503 163.731 161.466 159.416 161.399 164.954 159.454 162.979 163.346 158.907 160.765 162.121 161.53 161.899 162.691 159.562
98.0606 97.9216 97.6705 97.8987 97.957 98.0971 97.5717 97.9182 97.9245 98.5289 98.3137 99.9849 97.9824 98.6999 98.7011 98.3505 98.6406 101.642 97.6562 98.5803 98.7195 101.302 98.144 97.7305 99.2482 99.0661 98.7869
5.66794 5.61595 5.59013 5.59777 5.57905 5.58701 5.59936 5.5857 5.57267 5.58792 5.6114 5.65518 5.65387 5.64907 5.63371 5.62033 5.68175 5.54493 5.64031 5.63084 5.61199 5.74579 5.64277 5.68235 5.6178 5.68308 5.63869
4.50108 4.40199 4.35464 4.31585 4.3757 4.38806 4.3465 4.4073 4.17876 4.31239 4.24815 4.32513 4.48742 4.45106 4.43374 4.43395 4.42653 4.41683 4.35415 4.45006 4.48801 4.70767 4.33257 4.46884 4.63782 4.33111 4.44877
5.82952 5.74458 5.6925 5.68908 5.69328 5.68461 5.70254 5.65611 5.81345 5.6955 5.73872 5.58948 5.64049 5.59721 5.54481 5.60722 5.63341 5.80692 5.64432 5.6847 5.73035 5.94151 5.636 5.71231 5.66529 5.65494 5.68133
7.81237 7.75529 7.76465 7.76797 7.76731 7.76228 7.77548 7.78333 7.75714 7.71987 7.73609 7.77822 7.81404 7.75306 7.75131 7.77056 7.7741 7.69398 7.76548 7.78004 7.77006 7.54428 7.75297 7.8059 7.74952 7.71815 7.75722
101.975 102.273 102.078 102.296 101.962 102.077 102.259 102.551 102.122 102.372 102.29 98.9802 96.0229 98.4601 95.7698 99.3405 97.0726 98.7723 100.112 101.638 100.443 97.7985 100.298 99.8655 99.7466 99.6961 99.4718
5.66636 5.84432 5.8109 5.78269 5.80823 5.80862 5.82469 5.79075 5.72079 5.80426 5.72017 5.61245 5.53047 5.57846 5.53927 5.59684 5.58546 5.5613 5.59797 5.65056 5.62757 5.6188 5.59482 5.49103 5.59629 5.56444 5.60481
4.3557 4.28522 4.27504 4.27057 4.32099 4.31893 4.25637 4.24442 4.32724 4.3409 4.28731 4.34883 4.41817 4.41939 4.40995 4.41096 4.33242 4.42258 4.41316 4.60579 4.38036 4.49785 4.43061 4.38894 4.45698 4.32216 4.46187
5.82768 5.88163 5.89602 5.87606 5.89492 5.8805 5.92652 5.97689 5.89512 5.91814 5.82338 5.52501 5.41156 5.45428 5.41101 5.61522 5.49135 5.59792 5.41364 5.91776 5.5398 5.47178 5.45784 5.53439 5.64834 5.5658 5.45199
7.46996 7.5073 7.51038 7.49159 7.54145 7.53506 7.49856 7.51527 7.53201 7.52534 7.50178 7.70162 7.69443 7.65697 7.69056 7.70209 7.65877 7.76381 7.64149 7.66487 7.65931 7.73215 7.66058 7.60513 7.65886 7.62424 7.68513
106.352 104.422 104.651 105.506 105.396 105.514 105.855 106.293 104.465 105.565 105.616 104.695 100.96 104.004 103.401 105.489 104.53 104.332 103.571 105.241 105.107 102.051 103.783 105.576 104.69 106.767 103.797
5.59173 5.59418 5.58321 5.58854 5.57352 5.57495 5.5473 5.55093 5.61419 5.6094 5.6094 5.53201 5.45259 5.51326 5.49744 5.5408 5.52826 5.42379 5.51089 5.52653 5.55769 5.54036 5.4977 5.52068 5.48027 5.53308 5.41058
4.41801 4.25693 4.25537 4.25573 4.25627 4.25637 4.25387 4.25406 4.20571 4.36706 4.35072 4.42228 4.38813 4.46148 4.4157 4.4208 4.39129 4.40946 4.43167 4.42957 4.39851 4.47779 4.42348 4.4496 4.39688 4.34673 4.39461
11.0628 10.7258 10.9731 11.0632 11.0357 11.0448 11.1894 10.9858 11.0172 11.1541 10.7712 12.5255 12.1475 12.5264 12.3014 12.5477 12.4497 12.3349 12.3713 12.4059 12.6861 12.0547 12.4686 12.6712 12.6288 11.9664 12.5687
5.56875 5.60141 5.57668 5.58183 5.59556 5.59163 5.66474 5.66456 5.5064 5.41471 5.4664 5.43554 5.31359 5.45012 5.44426 5.50335 5.46707 5.55149 5.40674 5.64514 5.50277 5.36085 5.43601 5.5286 5.56471 5.55748 5.50607
7.81987 7.87239 7.83403 7.85097 7.85216 7.84918 7.82385 7.83469 7.86184 7.83808 7.84251 7.76002 7.80017 7.775 7.78347 7.73978 7.80198 7.82537 7.74312 7.80063 7.72165 7.79815 7.73648 7.8369 7.78162 7.71245 7.79869
104.172 104.607 104.718 104.82 104.765 104.806 105.15 105.119 105.919 106.394 106.172 104.004 103.771 103.729 103.777 103.971 103.331 103.958 103.631 103.891 103.571 104.742 103.833 103.85 103.932 106.927 103.705
142.564 141.73 141.815 141.851 141.751 141.787 141.98 142.011 142.073 142.241 142.254 142.059 142.553 142.112 142.055 142.147 142.132 142.164 142.273 142.183 142.172 143.099 142.052 141.762 142.25 142.12 142.104
5.5368 5.53886 5.52279 5.53506 5.53509 5.53518 5.51905 5.47731 5.67259 5.52715 5.66745 5.51624 5.54488 5.53203 5.49783 5.52569 5.53767 5.50109 5.49862 5.50356 5.48079 5.55392 5.48889 5.50539 5.52282 5.49897 5.48948
4.46055 4.60377 4.43351 4.53242 4.52828 4.52408 4.51356 4.52209 4.47333 4.46242 4.46942 4.45728 4.33562 4.46533 4.49457 4.40097 4.42311 4.48882 4.48659 4.51012 4.35636 4.43088 4.47718 4.48772 4.3806 4.39736 4.43132
12.979 12.3004 12.2462 12.117 11.9766 12.0387 12.1602 12.1614 11.5313 11.2145 10.9802 12.2826 11.6036 12.5128 12.1499 12.3383 12.3077 12.2183 12.3103 12.2754 12.8478 12.5299 12.3943 12.2557 12.302 11.2054 12.1938
5.63896 5.65083 5.6266 5.69041 5.66665 5.66154 5.61195 5.64941 5.74986 5.74591 5.76142 5.55096 5.42802 5.61255 5.58768 5.52691 5.36331 5.58846 5.59229 5.6188 5.54682 5.72677 5.59656 5.61027 5.54219 5.91114 5.56402
7.88377 7.82415 7.78284 7.84792 7.81321 7.80475 7.76415 7.79872 7.89264 7.91128 7.88393 7.87624 7.90649 7.87423 7.8885 7.83239 7.7862 7.88479 7.87131 7.86679 7.80582 7.9062 7.87256 7.84725 7.84385 8.13417 7.86937
164.032 162.205 162.552 162.812 162.511 162.564 162.841 163.458 162.043 163.409 162.588 163.434 164.502 162.382 163.184 163.335 163.265 163.396 162.816 163.297 161.839 161.984 162.994 162.176 162.448 165.848 163.074
152.972 153.688 153.478 153.47 153.554 153.507 153.457 153.551 153.413 153.552 153.575 153.242 153.467 153.388 153.165 153.482 153.565 153.227 153.282 153.252 153.65 153.527 153.385 153.299 153.23 152.979 153.274
141.067 140.835 140.834 140.65 140.525 140.656 140.447 140.767 140.378 140.829 140.615 140.475 140.347 140.484 140.274 140.395 141.006 140.229 140.576 140.415 140.801 141.576 140.393 140.62 140.279 139.586 140.314
5.88839 5.84249 5.85881 5.86078 5.83685 5.83039 5.84128 5.84146 5.85181 5.81924 5.86837 6.36798 6.42835 6.37804 6.33401 6.44711 6.36132 6.33598 6.36237 6.35288 6.43293 6.43685 6.35673 6.38706 6.38057 6.36174 6.38068
6.93017 7.35453 7.44672 7.13486 7.15072 7.21126 7.22118 7.2046 7.37766 7.4487 7.44045 6.69948 6.69311 6.76856 6.64646 6.81039 6.95141 6.7301 6.81016 6.81042 6.91142 6.85686 6.84148 6.7884 6.67914 6.44047 6.66821
4.57737 4.21484 4.25273 4.20412 4.20564 4.20814 4.22102 4.22343 4.17631 4.37018 4.33836 4.6064 4.59303 4.63053 4.61042 4.58082 4.61185 4.61149 4.63839 4.63995 4.63535 4.61394 4.63749 4.6073 4.58596 4.5722 4.64414
8.13817 8.20121 8.23138 8.16302 8.17794 8.17106 8.16862 8.13698 8.245 8.1996 8.19591 8.12774 8.15242 8.06349 8.09404 8.14681 8.24463 8.04423 8.06144 8.08699 8.08447 8.08134 8.06569 8.14881 8.04209 8.01611 8.05727
92.4389 92.9302 92.9502 92.9349 92.9023 92.8809 93.0614 93.139 92.978 92.9664 92.7114 92.6821 92.6223 92.6132 92.7096 92.4635 92.3406 92.661 92.5111 92.5711 92.4032 92.279 92.4678 92.4076 92.3484 92.546 92.513
5.41669 5.35296 5.33243 5.33785 5.33545 5.34955 5.36289 5.38701 5.33394 5.42397 5.43776 5.40966 5.43973 5.39494 5.37558 5.42595 5.38583 5.3878 5.39393 5.3864 5.42429 5.35981 5.40202 5.38276 5.31515 5.39003 5.42434
4.4297 4.49466 4.45382 4.46846 4.47276 4.47001 4.48789 4.48634 4.40119 4.43949 4.25953 4.40209 4.43159 4.47794 4.48495 4.42793 4.38449 4.46113 4.49974 4.48364 4.46848 4.38608 4.48427 4.42198 4.31647 4.4394 4.51321
13.8088 12.6525 12.9927 13.0158 12.9127 12.8944 12.7704 12.8307 12.5111 12.4717 11.8636 12.6779 12.3046 12.5536 12.384 12.6931 12.6801 12.5969 12.5207 12.6082 12.6579 13.2632 12.6434 12.6003 12.6141 12.653 12.3291
5.24918 5.2958 5.25696 5.37104 5.37463 5.38874 5.2851 5.28968 5.38781 5.42099 5.35418 5.03794 5.11576 5.18808 5.16145 5.07215 5.16578 5.13903 5.13309 5.14937 5.13824 5.07752 5.11875 5.07822 5.28693 5.12464 5.13617
7.50432 7.49046 7.43631 7.48354 7.49884 7.52594 7.46399 7.47476 7.497 7.63485 7.55428 7.40726 7.49612 7.45992 7.43878 7.44401 7.44694 7.48462 7.48513 7.47389 7.49281 7.48364 7.4691 7.3803 7.44728 7.42658 7.49888
162.821 161.594 162.06 162.241 161.691 161.6 162.598 162.504 162.082 163.111 162.384 162.552 162.239 162.511 162.625 162.32 161.746 162.474 162.332 162.471 162.001 160.696 162.265 162.456 161.182 162.581 162.795
153.862 153.744 153.802 153.799 153.87 153.905 154.132 154.184 153.727 154.135 154.678 154.077 154.228 153.866 153.516 153.899 154.114 153.94 153.8 153.9 153.96 154.102 153.814 154.018 153.922 153.78 153.792
5.93507 5.86036 5.87906 5.88777 5.88055 5.88295 5.85634 5.89277 5.8882 5.83322 5.85065 6.42258 6.53021 6.37685 6.36953 6.41171 6.45475 6.38303 6.38391 6.37999 6.38306 6.44778 6.38139 6.40224 6.42624 6.39207 6.39523
7.38248 7.29128 7.02519 7.29495 7.31645 7.32045 7.44582 7.3122 7.07425 7.44694 7.81887 7.00844 6.99987 6.9375 6.68309 6.97526 7.01902 6.96295 6.98104 7.01903 6.93097 7.23051 7.01534 6.94596 6.78873 6.99986 6.85322
4.58235 4.29201 4.22792 4.22859 4.23279 4.24318 4.18509 4.17046 4.1719 4.23533 4.20484 4.60256 4.50313 4.65574 4.6596 4.57178 4.59279 4.70474 4.65002 4.66681 4.67895 4.65128 4.63352 4.68853 4.68148 4.65259 4.60134
4.65187 4.67228 4.64489 4.64033 4.64135 4.63727 4.6378 4.60046 4.58974 4.60428 4.62904 4.79991 4.75854 4.82129 4.81219 4.7849 4.76066 4.81672 4.81734 4.82409 4.82127 4.83474 4.82743 4.77052 4.78265 4.79325 4.81794
8.06995 8.06775 8.07092 8.07344 8.07157 8.06939 8.11623 8.11096 8.10746 8.16806 8.17446 8.17378 7.81762 8.07253 8.05596 8.1075 8.03875 8.01435 8.08386 8.06773 8.07953 8.10067 8.0929 8.09406 7.98631 8.04485 8.06505
93.9399 93.6236 93.5002 93.5533 93.5643 93.6187 93.8673 93.7263 93.7259 93.6218 93.7089 93.5888 93.0764 93.5716 93.5867 93.5077 93.281 93.5604 93.4656 93.5366 93.4832 93.3531 93.4417 93.5682 93.2812 93.5034 93.4507
99.0426 98.2596 97.5699 97.7304 97.8109 97.8684 97.476 97.7041 96.7646 97.387 97.9178 97.3597 96.5977 96.8499 97.3592 97.2885 96.7892 98.2256 96.9488 96.8534 98.5769 96.9546 97.2422 98.165 97.2344 97.3354 97.0206
141.446 141.022 140.797 140.738 140.767 140.806 140.701 140.938 140.562 141.295 141.022 140.904 140.805 140.79 140.598 140.966 141.017 141.458 140.945 140.654 141.345 141.102 140.822 141.04 140.92 140.777 140.951
5.38002 5.45184 5.42985 5.42474 5.44175 5.43057 5.38375 5.26303 5.33768 5.43026 5.40955 5.44708 5.52142 5.45498 5.46639 5.46112 5.47879 5.41188 5.47663 5.43763 5.44825 5.48791 5.47127 5.42836 5.50832 5.47717 5.45071
4.35413 4.3109 4.16426 4.16246 4.16675 4.16461 4.13126 4.14407 4.31317 4.23157 4.33295 4.4144 4.42373 4.37216 4.40197 4.36293 4.39214 4.43332 4.39214 4.39255 4.44371 4.37406 4.36571 4.44228 4.41803 4.39518 4.3591
4.3342 4.37197 4.35254 4.35022 4.35367 4.35332 4.31357 4.32767 4.32621 4.31118 4.32468 4.34485 4.36348 4.35545 4.35033 4.35562 4.36778 4.34117 4.35622 4.34924 4.34807 4.36352 4.35016 4.35947 4.3687 4.34687 4.35347
4.35523 4.33588 4.35056 4.35992 4.34876 4.34855 4.35428 4.36296 4.34971 4.36287 4.36136 4.40845 4.42039 4.4006 4.40571 4.39863 4.40912 4.38935 4.39821 4.39794 4.38408 4.40114 4.40277 4.39653 4.40027 4.40428 4.4136
5.49338 5.37832 5.23114 5.24317 5.26863 5.26777 5.33632 5.5052 5.19041 5.32328 5.3359 5.16246 4.87929 5.08116 5.0256 5.09509 5.20471 5.26748 5.15397 5.13717 5.26362 5.12205 5.10269 5.26493 5.13956 5.15002 5.18119
7.41754 7.46918 7.46996 7.41354 7.45172 7.46374 7.44613 7.51464 7.42474 7.5422 7.45202 7.39823 7.39267 7.38722 7.32772 7.41151 7.44842 7.46678 7.39804 7.3406 7.44997 7.41407 7.40243 7.4482 7.40994 7.39767 7.44095
93.8436 93.5079 93.5436 93.5446 93.4914 93.4784 93.608 93.6276 93.7742 93.3697 93.5774 93.6511 92.7722 93.6063 93.7598 93.4584 93.139 93.7056 93.1947 93.7467 93.5651 93.2399 93.317 93.7644 92.928 93.2782 93.6713
104.703 105.066 103.224 103.7 103.643 103.699 102.459 102.28 102.539 101.714 102.224 104.009 103.924 103.835 103.726 103.447 103.537 103.22 103.717 103.487 103.912 103.334 103.507 103.087 104.531 104.185 103.527
5.64661 5.57044 5.52964 5.52123 5.52344 5.52312 5.41452 5.48158 5.27626 5.51152 5.50925 5.54315 5.54585 5.50874 5.51786 5.51292 5.52419 5.55308 5.52587 5.49942 5.52485 5.55161 5.5333 5.56228 5.54119 5.52238 5.54897
4.36805 4.35353 4.31989 4.33032 4.32691 4.3387 4.40941 4.27224 3.9186 4.24171 4.17261 4.36658 4.36515 4.40727 4.40844 4.37614 4.38551 4.42538 4.37177 4.4111 4.36745 4.40104 4.38712 4.38558 4.39028 4.33142 4.42534
4.42609 4.38656 4.44111 4.42615 4.42578 4.39753 4.39832 4.39394 4.45539 4.40034 4.38127 4.55222 4.54243 4.55074 4.55111 4.54342 4.56248 4.57686 4.55504 4.53159 4.55838 4.57144 4.54773 4.58599 4.56883 4.51833 4.56835
5.62728 5.5998 5.56158 5.56146 5.58077 5.59559 5.59571 5.52637 5.43091 5.62656 5.55993 5.42074 5.4809 5.41704 5.40565 5.41255 5.47912 5.41387 5.40402 5.37515 5.47757 5.39116 5.42617 5.34834 5.50152 5.43279 5.39296
7.79911 7.79327 7.8295 7.83188 7.82733 7.83685 7.82764 7.80668 7.79311 7.86381 7.83312 7.81201 7.84259 7.77444 7.77643 7.79657 7.81767 7.80138 7.78613 7.75679 7.81389 7.79855 7.8014 7.7719 7.83839 7.75901 7.77092
92.1505 89.6651 90.763 91.0308 90.6421 90.5452 91.1365 90.6022 91.0766 90.8311 90.3282 90.4157 92.2979 92.6714 92.9347 92.5027 92.4974 92.8373 92.6847 92.9077 92.7361 92.5992 92.536 92.3624 92.5071 92.3544 92.3025
101.982 103.419 103.004 103.48 103.111 103.274 103.791 102.868 102.365 101.807 101.549 104.664 103.723 103.42 103.7 103.233 103.256 104.027 103.126 103.203 103.286 103.468 102.942 103.613 103.822 103.413 104.09
142.844 143.039 143.027 143.048 143.032 143.029 141.228 141.647 141.739 140.984 141.05 143.153 142.076 141.93 141.877 141.94 141.916 141.894 142.015 142.191 142.103 142.288 142.022 141.755 142.041 142.045 143.193
5.5126 6.21838 5.98679 5.92958 5.98123 5.99962 5.60376 5.69583 5.72934 5.86139 6.12162 5.95187 5.49888 5.4713 5.51326 5.51418 5.49027 5.52146 5.5261 5.517 5.50945 5.55124 5.53196 5.51253 5.47569 5.54053 5.59468
4.32365 4.46733 4.56411 4.51616 4.53237 4.52838 4.37293 4.4422 4.43535 4.37378 4.37659 4.3827 4.3752 4.42648 4.4091 4.40134 4.40074 4.45079 4.46268 4.39136 4.41711 4.41323 4.426 4.50805 4.43451 4.41952 4.22492
5.55801 5.62533 5.387 5.34865 5.36978 5.37527 5.3385 5.3089 5.13402 5.23085 5.04664 5.62992 5.6107 5.59646 5.54823 5.60312 5.60318 5.61749 5.5823 5.3807 5.59869 5.73315 5.60356 5.64623 5.63431 5.62436 5.70961
8.10005 7.80438 7.78878 7.75729 7.76321 7.76582 7.42889 7.6675 8.08922 7.62085 7.82737 7.81345 7.83266 7.8163 7.84721 7.85536 7.85054 7.89776 7.87646 7.84459 7.87119 7.97065 7.88087 7.92212 7.84292 7.87206 7.97206
154.134 154.309 154.41 154.29 154.364 154.31 154.215 154.191 154.585 154.278 154.348 153.834 153.684 154.834 153.329 153.553 153.704 153.802 153.531 154.59 153.656 154.463 153.626 153.511 154.043 153.672 155.176
5.91331 5.94944 5.99913 5.91897 5.98728 5.97085 5.77747 5.78219 5.77081 5.80405 5.65771 6.43735 6.40892 6.42796 6.48071 6.39315 6.40405 6.41516 6.38259 6.47401 6.41965 6.45329 6.42771 6.33225 6.40211 6.38223 6.45503
7.53901 7.88758 7.77743 7.78889 7.72355 7.76049 7.66315 7.60139 7.61369 7.67636 7.7686 6.77014 6.84438 7.72898 6.47819 6.87471 6.88698 7.04121 6.76135 7.30366 6.88241 7.21328 6.86086 6.84271 7.12647 6.83989 7.58572
4.55136 4.1771 4.09198 4.08673 4.06471 4.03413 4.34642 4.40891 4.23027 4.38343 4.42029 4.60662 4.62928 4.63258 4.47049 4.61961 4.6308 4.57827 4.62293 4.55866 4.64732 4.58707 4.63825 4.63444 4.63009 4.60949 4.62079
8.37326 8.21648 8.27637 8.33564 8.27179 8.2851 8.3095 8.26429 8.25513 8.19403 8.19097 8.33711 8.03837 8.25067 8.10887 8.09517 8.1124 8.09434 8.07928 8.27134 8.07804 8.15236 8.06543 8.1014 8.11879 8.13204 8.19206
93.4038 93.565 93.293 93.2451 93.1931 93.1805 93.2331 93.2234 93.0553 92.9671 92.9382 93.2827 93.4452 93.2327 92.6421 93.4724 93.3062 93.0877 93.4217 92.9862 93.392 93.186 93.3879 93.5072 93.5028 93.5054 93.0634
104.58 104.171 104.07 104.414 104.259 104.285 104.211 104.198 104.674 104.53 104.348 103.225 103.305 103.184 102.452 103.558 103.325 103.831 103.336 102.627 103.549 103.157 103.581 103.366 103.722 103.533 105.181
5.3342 5.32117 5.08987 4.83219 4.94624 4.96988 4.8425 5.01007 4.71159 4.62599 4.4418 5.42998 5.45189 5.4398 5.09004 5.40057 5.43545 5.42895 5.4184 5.47105 5.42473 5.43896 5.42319 5.38951 5.42993 5.43511 5.17706
4.32738 4.29366 4.2466 4.30477 4.30025 4.33954 4.39523 4.39299 4.41831 4.39685 4.40832 4.26081 4.33916 4.39299 4.36343 4.32407 4.37374 4.23904 4.3184 4.39773 4.31229 4.25423 4.359 4.29699 4.27978 4.38819 4.44184
11.9898 12.0853 11.8662 11.8217 11.8792 11.9155 11.7216 11.6165 11.6861 11.5015 11.456 11.5563 11.505 11.6466 11.6458 11.4042 11.3611 11.098 11.4222 11.6454 11.411 11.5574 11.3661 11.3375 11.4256 11.5154 11.3052
5.59979 5.5468 5.61707 5.68761 5.63585 5.64 5.74574 5.77393 5.73676 5.74763 5.82045 5.14894 5.2475 4.9492 4.93345 5.36333 5.36776 5.1917 5.27903 4.92573 5.36107 5.2095 5.33121 5.30745 5.39266 5.283 6.30714
7.78395 7.67752 7.70194 7.76477 7.71597 7.74714 7.79952 7.79696 7.84702 7.86481 7.83572 7.47405 7.511 7.54439 7.58928 7.51952 7.57268 7.54116 7.51691 7.73416 7.50745 7.48169 7.52263 7.50387 7.50598 7.50336 7.78841
159.11 158.163 156.813 157.321 157.06 156.959 157.526 157.442 157.53 157.436 158.221 157.255 158.527 161.085 160.097 158.296 158.298 156.587 158.272 161.893 158.39 158.209 158.764 158.067 158.057 158.448 159.912
97.7057 97.5857 97.0192 96.3661 96.5733 96.4009 96.6377 96.3872 96.274 96.6103 96.6236 95.6469 96.057 96.8771 96.6175 96.3205 96.0783 96.4987 96.1708 96.5872 96.1578 95.5952 96.7513 95.9232 95.7887 98.186 97.9873
142.499 142.084 141.933 142.262 142.099 142.055 142.152 142.323 142.149 142.075 142.313 142.282 142.066 142.28 142.099 142.097 142.011 141.754 142.127 141.871 142.137 141.994 141.906 142.18 142.221 142.375 142.064
5.61043 5.57816 5.59184 5.60216 5.59511 5.60346 5.59578 5.59418 5.57537 5.59174 5.61173 5.66575 5.66915 5.62236 5.59263 5.66827 5.65193 5.65732 5.65764 5.61489 5.65994 5.70415 5.66535 5.64776 5.67572 5.69192 5.62444
4.31632 4.14381 4.12735 4.13465 4.14031 4.13255 4.12321 4.12166 4.16184 4.15482 4.1391 4.38756 4.40602 4.38431 4.40717 4.38894 4.39034 4.30673 4.39591 4.33144 4.38425 4.40123 4.42406 4.37971 4.4009 4.3962 4.42747
5.77242 5.67882 5.68534 5.70089 5.68524 5.6812 5.68179 5.70939 5.71528 5.69521 5.72525 5.64952 5.61285 5.58364 5.60707 5.60584 5.59903 5.61036 5.61476 5.52691 5.62508 5.55247 5.58437 5.61415 5.65691 5.64013 5.6612
7.86418 7.84026 7.85046 7.89667 7.87165 7.89379 7.85873 7.88153 7.84123 7.84947 7.87179 7.92434 7.88184 7.8254 7.84979 7.88139 7.87173 7.82162 7.88952 7.83846 7.89215 7.92737 7.84592 7.90083 7.90931 7.86565 7.76513
100.241 99.1383 98.646 98.4858 98.3517 98.2617 98.514 98.9741 98.3375 98.8863 98.817 97.9145 98.0923 98.5267 97.9486 98.1864 97.8559 98.4587 97.9887 96.6338 98.1376 97.3457 98.1684 98.148 97.9335 98.6434 98.1224
5.67485 5.64334 5.65201 5.65473 5.64092 5.64067 5.65268 5.64801 5.6079 5.63726 5.64569 5.67664 5.67538 5.67065 5.66983 5.66918 5.66981 5.67 5.67046 5.56604 5.67268 5.63659 5.66574 5.66937 5.6832 5.69984 5.68189
4.15274 4.03714 4.03918 4.04866 4.04293 4.03662 4.04439 4.10122 4.06437 4.1098 4.02922 4.18685 4.18962 4.17667 4.19342 4.17711 4.17905 4.15794 4.18363 4.13537 4.18488 4.14146 4.14171 4.18367 4.20703 4.20998 4.18924
5.71296 5.65018 5.59549 5.61226 5.59767 5.58923 5.62458 5.62208 5.63572 5.58352 5.62837 5.5177 5.5197 5.52797 5.52199 5.51825 5.52276 5.56019 5.52798 5.52498 5.52864 5.57211 5.53822 5.52515 5.50053 5.55953 5.55611
7.72352 7.7332 7.73127 7.74537 7.74386 7.74268 7.74466 7.71246 7.74856 7.72106 7.69349 7.75573 7.75371 7.72252 7.73369 7.748 7.75302 7.74139 7.75123 7.75367 7.74909 7.83103 7.751 7.7465 7.75685 7.77983 7.743
