137.968 137.844 137.884 137.964 138.355 138.34 138.092 138.453 137.993 138.648 138.513 138.231 138.378 138.227 138.606 138.735 138.725 139.266 139.121 138.601 138.334 138.668 139.099 138.176 138.808 138.356
12.464 12.4643 12.4624 12.4742 12.247 12.305 12.2939 12.2056 12.2168 12.3424 12.3438 12.4342 12.3479 12.2736 12.1842 12.4445 12.1647 12.2944 12.2817 12.3247 12.2026 12.3024 12.3236 12.2798 12.2956 12.18
5.7284 5.72567 5.72924 5.72637 5.72268 5.7257 5.70735 5.7206 5.71279 5.71021 5.71809 5.71355 5.70272 5.719 5.73414 5.91879 5.91093 5.90721 5.91356 5.89182 5.88903 5.90539 5.89881 5.89035 5.89097 5.89254
4.68417 4.6818 4.68285 4.69038 4.56315 4.51435 4.37401 4.60759 4.47837 4.57159 4.33516 4.33666 4.32985 4.37527 4.54995 4.72324 4.70163 4.72254 4.71783 4.72303 4.64623 4.7086 4.74394 4.74718 4.73926 4.64175
4.50619 4.50177 4.49916 4.50079 4.47527 4.47284 4.45498 4.48308 4.4588 4.47308 4.47245 4.5031 4.44915 4.43256 4.47579 4.64388 4.60696 4.70336 4.63711 4.58309 4.60553 4.59147 4.64821 4.62465 4.65036 4.60121
4.49827 4.49448 4.49748 4.49858 4.47875 4.4738 4.47701 4.47514 4.4548 4.46244 4.46198 4.45555 4.44705 4.44156 4.46191 4.52268 4.50403 4.51192 4.51432 4.53593 4.5289 4.52364 4.52812 4.53819 4.53037 4.50319
4.28816 4.28924 4.28594 4.28893 4.23961 4.2473 4.2595 4.24307 4.24282 4.24456 4.24598 4.2519 4.2525 4.23394 4.24588 4.71591 4.71722 4.71727 4.70971 4.72225 4.71903 4.71568 4.72374 4.7359 4.72581 4.72321
4.24272 4.24326 4.24235 4.24275 4.2283 4.2252 4.2418 4.21178 4.22696 4.21969 4.18165 4.18994 4.2237 4.19489 4.22423 4.31668 4.31381 4.30702 4.30433 4.31057 4.33172 4.30617 4.30273 4.31786 4.30677 4.32709
7.89405 7.89674 7.88686 7.91987 7.74943 7.7627 7.84412 7.79782 7.80846 7.82854 7.86327 7.83528 7.87161 7.81108 7.82777 8.01415 7.9945 7.99632 7.97841 8.0014 7.99366 8.00115 8.04792 8.39045 8.13483 7.99648
145.752 145.872 145.785 145.935 145.132 145.096 144.992 145.336 145.2 145.271 145.211 145.077 144.866 145.212 145.407 145.968 145.05 144.921 144.738 145.246 146.339 145.095 145.033 144.974 145.133 146.235
136.713 136.598 136.634 136.554 136.255 136.24 136.222 136.173 136.342 136.565 136.508 136.269 136.813 136.579 136.352 136.516 136.735 136.894 136.582 136.385 137.186 136.398 136.713 136.257 136.488 136.948
12.469 12.5092 12.4717 12.4651 12.6429 12.6798 12.5499 12.4777 12.6257 12.2122 12.6365 12.4847 12.4766 12.3452 12.7323 12.2523 12.3089 12.4167 12.3826 12.4109 10.6352 12.3782 12.3819 12.3719 12.3734 10.4004
5.7427 5.73857 5.74162 5.74235 5.73601 5.74217 5.73873 5.72789 5.72773 5.75192 5.71542 5.72703 5.73724 5.73342 5.74132 5.94005 5.91741 5.91976 5.9214 5.91336 5.92506 5.92522 5.93242 5.94974 5.92462 5.92275
4.68242 4.68521 4.68757 4.6895 4.33997 4.35428 4.35565 4.34358 4.33855 4.32917 4.30447 4.31593 4.33084 4.35032 4.33031 4.64389 4.6815 4.65746 4.69654 4.70601 4.68916 4.71109 4.69099 4.57619 4.70791 4.70554
4.57752 4.57057 4.56921 4.5704 4.52484 4.5208 4.51794 4.52241 4.51707 4.51214 4.54417 4.50311 4.56167 4.56957 4.51653 4.58746 4.64545 4.6698 4.6116 4.60773 4.61869 4.60136 4.63142 4.6155 4.62554 4.5955
4.50373 4.50895 4.50258 4.50598 4.47717 4.47478 4.46815 4.48068 4.4671 4.48017 4.49713 4.49689 4.45155 4.47574 4.50988 4.53173 4.50829 4.52014 4.54507 4.55286 4.5258 4.53014 4.53934 4.53171 4.53966 4.51897
4.39418 4.3934 4.38904 4.39633 4.37466 4.38212 4.35545 4.37061 4.37041 4.38966 4.36002 4.35567 4.36803 4.34029 4.38762 4.68387 4.66922 4.69467 4.6665 4.65972 4.69545 4.64723 4.687 4.66646 4.67934 4.73345
4.29053 4.29347 4.28785 4.29245 4.26547 4.2653 4.25172 4.27904 4.22719 4.25681 4.26721 4.23807 4.29711 4.28575 4.26845 4.36677 4.36908 4.3657 4.35131 4.36624 4.4096 4.36364 4.34597 4.35867 4.35275 4.39309
7.38724 7.40592 7.39172 7.39979 7.36324 7.31876 7.31988 7.33955 7.38588 7.36002 7.35451 7.35829 7.35729 7.34871 7.40703 7.36876 7.46609 7.39565 7.40799 7.44845 7.51737 7.44908 7.39924 7.46307 7.3882 7.57633
146.552 146.451 146.581 146.436 146.111 146.29 145.742 146.343 146.622 146.112 146.533 146.294 146.262 146.415 146.51 146.425 145.992 146.611 146.414 146.503 144.953 146.387 146.238 146.506 146.571 145.176
136.545 136.444 136.446 136.447 135.775 135.834 136.023 136.057 136.114 136.206 136.014 135.81 135.982 136.054 135.753 136.392 136.296 137.129 135.945 135.849 136.947 135.63 135.813 136.383 135.948 136.61
12.2367 12.2967 12.2155 12.2282 12.286 12.2943 12.1913 12.2499 12.1817 11.9636 11.9831 12.5715 12.4255 12.1925 11.9851 10.4559 10.4675 12.1334 12.0866 12.1372 11.6292 12.0693 12.1035 12.0948 12.1051 10.7523
5.65404 5.65364 5.65544 5.65159 5.67236 5.67013 5.67354 5.67069 5.66958 5.67175 5.65564 5.64657 5.65949 5.66738 5.64261 5.85231 5.84216 5.85924 5.82151 5.82811 5.90504 5.84015 5.83123 5.80505 5.83533 5.90456
4.61513 4.62833 4.61762 4.63067 4.26755 4.27097 4.26462 4.26547 4.25994 4.27759 4.2881 4.26373 4.26592 4.29804 4.26265 4.67915 4.66559 4.73452 4.64734 4.6461 4.44954 4.68564 4.65044 4.646 4.65757 4.70785
4.5801 4.57116 4.57348 4.57937 4.54342 4.55535 4.56369 4.57906 4.56741 4.53933 4.52192 4.5208 4.51751 4.56695 4.51971 4.59312 4.61769 4.68825 4.58564 4.59112 4.61535 4.54329 4.56169 4.55825 4.61225 4.64313
4.45255 4.45477 4.4512 4.45137 4.43801 4.43071 4.43742 4.4191 4.43158 4.45964 4.40888 4.41915 4.43301 4.44543 4.3999 4.48736 4.47105 4.44445 4.48137 4.48725 4.48314 4.48421 4.49114 4.4921 4.48042 4.48067
7.33694 7.34035 7.34076 7.34047 7.34035 7.37481 7.34044 7.37395 7.39119 7.39794 7.39661 7.25436 7.36524 7.41312 7.32557 7.45325 7.3929 7.44165 7.39624 7.41969 7.41496 7.42078 7.38882 7.65002 7.39843 7.45171
147.455 147.642 147.306 147.558 147.306 147.236 147.519 147.645 147.472 147.532 147.092 147.939 147.391 147.421 146.821 145.912 146.045 147.672 147.557 147.676 145.822 147.077 147.748 147.745 147.876 144.27
92.0081 92.042 92.0714 92.0725 92.2529 92.2543 92.3611 92.3227 92.3338 92.414 92.3204 92.2864 92.0973 92.3474 92.3007 92.0849 91.9572 91.8166 92.1769 92.2797 91.4152 92.5649 92.2925 92.2733 92.2826 92.269
153.472 153.399 153.373 153.448 153.129 153.256 153.1 153.142 152.742 152.867 152.734 152.892 152.671 152.84 152.988 152.95 152.839 153.032 152.981 152.943 154.188 154.292 152.849 152.701 152.903 153.898
139.597 139.547 139.537 139.542 139.295 139.258 139.433 139.214 139.134 139.431 138.995 139.027 139.355 139.304 139.127 139.547 139.479 139.004 139.093 139.217 140.988 139.217 139.143 139.047 139.271 139.524
5.92037 5.92168 5.92313 5.93017 5.84807 5.87534 5.84477 5.86452 5.87317 5.85115 5.84589 5.89535 5.86477 5.86272 5.88951 6.43315 6.42227 6.39723 6.38516 6.37621 6.38483 6.43427 6.38172 6.38558 6.38226 6.37527
7.53104 7.51589 7.50084 7.53731 7.3292 7.37676 7.2898 7.24866 7.10033 7.27978 7.0536 7.24573 7.03388 7.20293 7.10888 7.02462 6.8914 6.84998 6.82336 6.8208 7.384 7.24359 6.77952 6.80029 6.74542 7.0539
4.63841 4.64305 4.63319 4.65086 4.50306 4.49111 4.52544 4.41323 4.43678 4.49411 4.41025 4.21424 4.45628 4.42986 4.55228 4.63896 4.62449 4.69247 4.70553 4.71293 4.61925 4.63541 4.71356 4.70661 4.71034 4.61272
4.67812 4.67104 4.6736 4.67808 4.63571 4.62559 4.64271 4.62218 4.62676 4.64236 4.61449 4.61192 4.60054 4.60192 4.60644 4.8642 4.86899 4.84048 4.86325 4.85202 4.84667 4.89818 4.84371 4.84918 4.85294 4.86492
4.44874 4.44731 4.44564 4.44744 4.42196 4.42768 4.43436 4.4266 4.4294 4.44806 4.41981 4.43026 4.44044 4.41531 4.4212 4.55813 4.55192 4.56115 4.55337 4.55292 4.55178 4.55467 4.55432 4.55508 4.55403 4.57678
4.42378 4.43511 4.41647 4.42019 4.39051 4.38748 4.39815 4.40322 4.40873 4.41644 4.41174 4.45555 4.39346 4.3449 4.37867 4.64755 4.66417 4.61911 4.56275 4.59247 4.48365 4.56765 4.59889 4.60501 4.60059 4.65873
7.73438 7.73797 7.73496 7.73204 7.6923 7.70685 7.73166 7.64081 7.66436 7.72159 7.72601 7.75918 7.78129 7.72871 7.75774 7.69547 7.71846 7.53861 7.65381 7.69992 8.12261 7.73219 7.71886 7.66552 7.68047 7.75467
92.0176 92.0221 92.0339 92.0401 92.3778 92.4066 92.3493 92.4035 92.4797 92.5173 92.5756 92.3805 92.5171 92.5965 92.2813 91.8378 91.6914 92.0113 91.9824 92.1234 91.5113 90.8331 92.2195 92.0925 92.1016 91.7597
152.724 152.775 152.659 152.822 153.031 153.197 153.09 152.702 152.382 152.653 152.422 152.193 152.347 152.258 152.357 153.24 153.374 152.396 152.551 152.497 154.588 153.156 152.465 152.732 152.227 153.227
139.834 139.784 139.801 139.816 139.666 139.771 139.668 139.598 139.331 139.457 139.137 139.478 139.328 139.139 139.452 140.139 139.662 139.091 139.348 139.34 140.267 141.495 139.273 139.182 139.276 140.029
5.89954 5.90374 5.90523 5.89798 5.83988 5.84091 5.83686 5.8484 5.85358 5.82537 5.88243 5.84887 5.87158 5.897 5.87634 6.41263 6.37519 6.36949 6.35436 6.36027 6.31718 6.2755 6.35005 6.35749 6.3784 6.3602
7.41567 7.4282 7.38311 7.42596 7.47081 7.49784 7.44385 7.41529 7.29927 7.33416 7.40381 7.25857 7.36452 7.39448 7.44251 7.33788 7.25276 6.91942 6.9577 6.9419 7.91819 6.88775 6.94717 7.00171 6.8904 7.2011
4.66308 4.667 4.66532 4.66686 4.50517 4.47887 4.45392 4.42435 4.47327 4.47582 4.29089 4.49615 4.4794 4.35664 4.24551 4.75671 4.64047 4.72214 4.7084 4.71688 4.76521 4.74118 4.66523 4.7265 4.7149 4.66869
4.61356 4.61468 4.61263 4.61539 4.61564 4.63344 4.64675 4.64411 4.59923 4.61658 4.5788 4.57209 4.57805 4.56901 4.56481 4.79035 4.73566 4.76558 4.80267 4.79545 4.91318 4.89791 4.79305 4.7943 4.78617 4.81324
4.48598 4.48218 4.48257 4.48324 4.46358 4.44682 4.45873 4.45262 4.44802 4.45064 4.46685 4.47874 4.47965 4.45839 4.46302 4.57608 4.59809 4.59079 4.59101 4.59701 4.57526 4.64348 4.58629 4.59349 4.59164 4.60193
4.32884 4.30556 4.29619 4.31716 4.39026 4.37176 4.37915 4.37756 4.32925 4.35984 4.36598 4.35062 4.38979 4.37079 4.33126 4.80884 4.75589 4.52729 4.34189 4.49402 4.5723 3.84883 4.43658 4.51762 4.50391 4.87455
7.70073 7.68744 7.68998 7.69542 7.75113 7.77978 7.75288 7.78479 7.73227 7.74837 7.73872 7.72633 7.71201 7.73291 7.71629 7.96278 7.65425 7.52422 7.61209 7.61615 7.89394 7.92666 7.62684 7.59119 7.59832 8.23083
136.69 136.62 136.606 136.642 136.366 136.716 136.249 136.329 136.103 135.969 136.223 135.811 135.949 135.95 135.759 136.996 136.587 136.148 136.497 136.127 138.008 137.865 136.965 136.004 135.879 137.76
12.4184 12.384 12.4088 12.3989 12.5454 12.5074 12.5406 12.7269 12.4417 12.5222 12.4375 12.4882 12.7628 12.4164 12.4853 10.9895 11.1607 12.2685 12.331 12.3426 10.6824 12.2817 12.2821 12.2619 12.2439 11.07
5.55471 5.54786 5.55213 5.54946 5.50543 5.49707 5.49833 5.51738 5.53266 5.51696 5.52541 5.54606 5.53808 5.52919 5.51896 5.71071 5.74323 5.75793 5.71244 5.73585 5.04651 5.70918 5.73292 5.74273 5.7419 5.59641
4.6212 4.62292 4.6313 4.62474 4.44655 4.42962 4.30209 4.29702 4.30157 4.30086 4.28184 4.28717 4.27432 4.27163 4.25858 4.61713 4.6721 4.57841 4.60951 4.64244 4.58826 4.63729 4.66155 4.55449 4.61527 4.55665
7.27304 7.27917 7.27057 7.28876 7.32284 7.36632 7.36859 7.34738 7.32126 7.3229 7.17337 7.21582 7.23316 7.16674 7.26736 7.39168 6.93027 7.35631 7.38496 7.36209 7.87167 7.54705 7.46977 7.33497 7.3037 7.49249
146.587 146.26 146.302 146.389 146.95 147.051 146.821 147.113 147.056 146.994 147.226 146.412 146.744 147.257 147.178 146.243 145.529 145.869 147.032 146.579 142.906 146.122 146.5 146.404 146.522 145.187
92.535 92.5244 92.5917 92.5364 92.6385 92.5724 92.6354 92.7041 92.591 92.7128 92.8302 92.9186 92.5994 92.5296 92.687 93.1838 92.6593 92.9687 92.3324 92.7736 92.4492 92.1483 92.6154 92.4024 92.6968 93.226
154.107 153.917 153.979 153.957 154.322 154.262 154.172 154.176 154.085 154.226 154.326 154.322 154.393 154.25 154.622 154.744 155.189 153.946 154.202 154.134 155.392 154.253 154.049 154.336 154.287 155.184
140.203 140.169 140.112 140.194 139.766 139.762 139.635 139.333 139.805 139.525 139.754 139.369 139.361 139.706 139.35 140.58 140.336 139.735 139.969 139.808 139.914 139.461 139.394 139.762 139.482 141.417
5.93018 5.92429 5.92493 5.9243 5.87485 5.8522 5.86248 5.84164 5.84462 5.87087 5.87864 5.87354 5.88909 5.83513 5.88255 6.44849 6.43689 6.41258 6.34864 6.37268 6.33965 6.39553 6.4175 6.40343 6.42926 6.35445
7.88717 7.78238 7.73261 7.75176 7.97415 7.99619 7.96697 7.93808 7.98099 8.04026 7.9495 7.89395 7.84647 7.96694 7.91265 7.89879 7.84863 7.53121 7.33821 7.38624 8.03239 7.46564 7.3992 7.38078 7.29696 8.21976
4.56638 4.56092 4.55604 4.56263 4.32198 4.31865 4.32904 4.30979 4.3582 4.33399 4.20614 4.213 4.20052 4.21997 4.20073 4.65454 4.58948 4.576 4.65916 4.63788 4.44082 4.66073 4.56776 4.56763 4.55286 4.66143
4.59803 4.59479 4.60481 4.60049 4.61927 4.62294 4.60626 4.57622 4.57551 4.57151 4.56041 4.55587 4.50285 4.54428 4.54032 4.81958 4.76067 4.75412 4.81917 4.79434 4.71645 4.78319 4.75049 4.77142 4.79123 4.83986
4.49759 4.4984 4.50316 4.50066 4.4725 4.47477 4.47458 4.48685 4.47027 4.48351 4.48877 4.46952 4.48222 4.4794 4.48413 4.62094 4.61395 4.61719 4.61487 4.60532 4.58336 4.62056 4.63692 4.62244 4.63733 4.59331
4.33125 4.33174 4.34261 4.33871 4.31061 4.30814 4.31137 4.30236 4.30775 4.30063 4.29926 4.31235 4.31858 4.30865 4.30325 4.54856 4.56672 4.51569 4.5306 4.54996 4.48317 4.52443 4.5016 4.43152 4.43516 4.59586
7.78024 7.77477 7.77554 7.78862 7.9575 7.93679 7.85261 7.82887 7.84119 7.77531 7.83352 7.83889 7.67631 7.81901 7.81699 7.69378 7.92066 7.85601 7.75778 7.78599 7.9753 7.81009 7.71761 7.88541 7.81442 8.26698
91.3973 91.8407 91.3493 91.5549 91.2246 90.9647 91.1058 91.318 91.1361 91.188 91.5362 91.3248 91.0885 91.0976 90.8765 93.1562 92.8212 93.6782 92.8188 93.1681 92.6929 93.2301 93.2422 92.9754 93.1434 93.3502
102.686 102.531 102.848 102.968 103.841 103.697 103.632 103.781 103.555 103.799 104.218 103.99 103.548 103.397 103.552 103.322 104.388 102.265 102.777 103.244 102.97 103.232 103.548 103.33 102.072 103.471
142.057 141.993 142.089 142.117 142.552 142.624 142.614 142.507 142.44 142.477 142.504 142.337 142.175 141.782 142.29 141.562 141.785 141.494 141.796 141.521 141.524 141.358 141.431 141.946 141.015 141.24
5.7306 5.64843 5.76517 5.72426 5.83784 5.88375 5.88667 5.82831 5.94203 5.9077 5.69975 5.85021 5.96417 6.04451 6.04362 5.40415 5.08841 5.26947 5.45215 5.42872 5.28991 5.43367 5.41146 5.44884 5.40747 5.31296
4.32154 4.33154 4.33017 4.33249 4.10919 4.11867 4.10762 4.12359 4.09546 4.09555 4.12737 4.13518 4.34388 4.42228 4.37671 4.37379 4.42197 4.30584 4.37739 4.38357 4.26452 4.35754 4.34974 4.31321 4.32861 4.26823
4.40255 4.4013 4.42216 4.40664 4.3873 4.38487 4.37958 4.39089 4.37867 4.37892 4.40451 4.34715 4.37055 4.41168 4.37223 4.60067 4.53861 4.56994 4.57455 4.56284 4.53295 4.57097 4.58504 4.60313 4.57455 4.53553
4.38892 4.38896 4.40225 4.39347 4.39471 4.38333 4.37902 4.40194 4.38836 4.38374 4.39095 4.37199 4.3587 4.37881 4.44636 4.44823 4.4113 4.44363 4.44806 4.41277 4.4032 4.46033 4.45883 4.45069 4.46248 4.42215
5.07846 5.08484 5.07915 5.12501 5.47717 5.52107 5.49703 5.50126 5.42732 5.46256 5.59989 5.47081 5.45706 5.34423 5.47143 5.52882 5.88642 5.61427 5.05715 5.20589 5.40489 5.1287 5.20813 5.21775 5.00432 5.46969
4.05448 4.11598 4.07731 4.07772 4.15849 4.13257 4.22052 4.2486 4.21153 4.19641 4.03265 4.05836 4.16601 4.19848 4.26256 4.73509 4.42457 4.77185 4.39948 4.45119 4.6628 4.4117 4.82486 4.74568 4.86277 4.50449
7.60198 7.6119 7.6055 7.62588 7.73759 7.75817 7.75334 7.75037 7.71809 7.7187 7.64121 7.62711 7.5935 7.60847 7.6876 7.61954 7.64051 7.67382 7.62233 7.52831 7.6214 7.43387 7.62244 7.65517 7.49911 7.46768
96.0402 96.852 97.3609 97.245 97.4452 97.6391 97.7355 97.3966 97.374 97.5723 97.2102 97.5275 96.3088 97.1476 96.7148 98.2859 99.058 96.4205 97.8482 98.9395 96.413 98.1719 98.1581 98.785 96.5546 96.2488
142.084 142.151 142.244 142.345 142.04 141.982 141.961 142.114 141.968 141.961 142.19 142.08 141.808 141.99 141.875 141.637 142.182 141.304 142.17 142.054 141.891 142.163 141.593 141.802 141.695 141.956
5.52688 5.43694 5.50614 5.47538 5.50938 5.50584 5.48879 5.5129 5.49906 5.50011 5.52143 5.55058 5.53894 5.54277 5.5707 5.59889 5.50203 5.40323 5.50636 5.60636 5.58836 5.60181 5.5528 5.56364 5.45015 5.64256
4.37355 4.41227 4.39465 4.41607 4.18599 4.18993 4.18289 4.17606 4.18376 4.17521 3.91411 3.90975 3.99088 4.015 3.88289 4.60654 4.40446 4.39283 4.43009 4.34298 4.45645 4.45591 4.43585 4.48392 4.44449 4.40916
5.79985 5.81745 5.81754 5.8201 5.83136 5.82096 5.82243 5.82915 5.81249 5.81822 5.81055 5.80218 5.76498 5.81827 5.77238 5.78653 5.71166 5.67032 5.70184 5.69109 5.61686 5.73002 5.85637 5.75342 5.65943 5.71079
7.87188 7.8678 7.85053 7.868 7.85962 7.83783 7.84532 7.86266 7.85269 7.85161 7.90155 7.90291 7.93207 7.89643 7.92228 7.78643 7.77028 7.84676 7.80094 7.7385 7.88147 7.83053 7.80763 7.77165 7.8518 7.86358
93.403 93.3862 93.3119 93.3955 93.7072 93.6395 93.6652 93.8422 93.6923 93.6162 93.6927 93.9045 93.9448 93.6633 93.8219 93.0331 93.4972 93.3411 93.5588 92.6911 92.8535 93.4749 92.9873 93.2805 92.8203 93.3011
103.742 103.914 104.003 104.211 103.265 103.343 103.438 103.383 103.374 103.486 103.627 103.491 103.392 103.747 103.587 103.288 103.903 103.683 103.695 103.987 103.646 103.776 103.771 103.791 103.379 103.952
141.563 141.63 141.644 141.672 141.591 141.61 141.589 141.609 141.587 141.61 141.766 141.683 141.742 141.755 141.783 141.6 141.59 141.685 141.649 142.101 141.443 141.648 141.818 141.598 141.682 141.588
5.60348 5.61244 5.61273 5.61454 5.60622 5.61709 5.61026 5.60415 5.61661 5.61574 5.59431 5.60692 5.59527 5.59324 5.57616 5.49254 5.56723 5.55927 5.6034 5.63676 5.58282 5.61478 5.67231 5.48541 5.43374 5.60067
4.54729 4.54914 4.54201 4.54695 4.50806 4.54305 4.52231 4.52747 4.56722 4.50891 4.61979 4.54286 4.53184 4.69901 4.61254 4.53989 4.52003 4.40894 4.50762 4.54561 4.36195 4.47532 4.63152 4.54139 4.42261 4.45995
13.4543 13.5469 13.4789 13.4984 13.685 13.6631 13.7737 13.71 13.5491 13.3676 13.5804 13.8269 12.8333 12.9077 12.9396 13.6114 13.485 11.5545 13.6604 12.757 13.5297 13.4965 13.5637 13.4594 13.2154 13.4597
4.42999 4.43143 4.4317 4.43189 4.41209 4.44417 4.43731 4.41169 4.44742 4.4476 4.4411 4.4119 4.44882 4.42014 4.42598 4.38075 4.44745 4.46424 4.47907 4.46861 4.42842 4.46419 4.37808 4.43312 4.32269 4.44879
5.5648 5.57524 5.56655 5.61132 5.55663 5.56733 5.57317 5.57396 5.58498 5.57837 5.51434 5.51181 5.56075 5.66207 5.61113 5.50855 5.50353 5.54277 5.48795 5.72797 5.38587 5.48577 5.52973 5.50858 5.46988 5.52147
4.32012 4.32522 4.32982 4.32875 4.28228 4.27754 4.26677 4.25726 4.28121 4.28344 4.35937 4.40075 4.34182 4.18965 4.37823 4.90279 4.52164 4.51049 4.5446 4.64544 4.70353 4.53094 4.73584 4.67599 4.80442 4.51773
4.25753 4.26404 4.26842 4.26721 4.25876 4.24506 4.24219 4.26352 4.23311 4.2428 4.24797 4.29496 4.29283 4.30837 4.27423 4.26674 4.34219 4.35631 4.35045 4.30657 4.32949 4.35047 4.25797 4.28492 4.25482 4.34513
7.87783 7.87165 7.85364 7.88181 7.85536 7.8501 7.86616 7.87074 7.85992 7.85944 7.8938 7.88682 7.903 7.89589 7.91756 7.8322 7.82431 7.77511 7.82237 7.80248 7.73826 7.81494 7.83339 7.8421 7.82063 7.81388
136.644 136.683 136.644 136.734 136.928 136.958 136.864 137.027 136.731 136.636 136.65 136.891 137.062 137.365 137.039 136.671 136.601 137.611 136.779 138.85 136.782 137.023 136.552 136.329 136.541 136.581
12.2069 12.2385 12.2585 12.2283 11.9291 11.9267 11.9536 11.9612 11.9919 11.7722 11.8458 11.9844 11.8554 11.9225 11.8696 11.8844 11.7619 10.9159 11.7334 11.3163 12.3135 11.8003 11.8373 11.6981 11.7119 11.7391
5.72809 5.73092 5.73055 5.73109 5.70813 5.72423 5.70165 5.7012 5.70054 5.6982 5.67277 5.71 5.67336 5.69304 5.70097 5.88217 5.91112 5.94784 5.9079 5.94772 5.87323 5.91758 5.84744 5.8706 5.86017 5.89184
4.67641 4.67517 4.67631 4.69077 4.35262 4.36316 4.33735 4.37244 4.37303 4.38418 4.35387 4.34796 4.33376 4.34704 4.34169 4.56098 4.72008 4.5991 4.60307 4.9079 4.63029 4.62357 4.63506 4.7086 4.72169 4.68533
7.66313 7.66237 7.64863 7.66476 7.66882 7.67709 7.66035 7.66389 7.66664 7.65674 7.65886 7.68445 7.68699 7.65958 7.63253 7.7598 7.74463 7.63762 7.7517 7.97627 8.06523 7.84219 8.18025 7.74877 7.77148 7.76287
145.694 145.715 145.669 145.728 144.292 144.057 144.289 144.73 144.5 143.551 144.446 144.741 143.863 143.94 144.08 145.068 144.802 143.568 144.646 144.132 146.803 144.935 144.751 144.843 143.936 144.552
135.752 135.79 135.857 135.816 135.789 135.687 135.659 135.944 135.613 135.614 135.955 135.875 135.748 135.764 135.744 136.722 135.752 136.841 136.423 137.111 136.146 136.783 136.578 135.386 135.56 135.72
13.2328 13.2143 13.2241 13.1975 13.0735 13.0458 12.9516 13.1273 13.0254 13.0673 12.979 13.1164 13.1786 13.1935 13.4785 13.111 13.0657 12.7539 13.1624 12.6555 13.0724 13.0075 13.1551 13.0779 13.087 13.0508
5.66311 5.6633 5.6649 5.66571 5.6514 5.64813 5.64741 5.64086 5.65813 5.64968 5.66193 5.66219 5.64539 5.6734 5.67041 5.80702 5.84337 5.82129 5.82771 5.82841 5.85439 5.84177 5.85074 5.82923 5.83085 5.82245
4.54632 4.54428 4.54659 4.54964 4.30148 4.2773 4.27771 4.27699 4.25987 4.25489 4.2494 4.28607 4.23772 4.2479 4.27252 4.56453 4.61229 4.64391 4.58304 4.56556 4.63404 4.60646 4.60686 4.59676 4.65097 4.61342
4.50898 4.50844 4.5067 4.50972 4.49514 4.47045 4.48616 4.50336 4.47901 4.48852 4.48582 4.46484 4.498 4.49922 4.4711 4.53117 4.53057 4.51981 4.5392 4.59636 4.51989 4.54301 4.53336 4.54451 4.52024 4.52397
4.26191 4.26187 4.25934 4.27012 4.24002 4.25886 4.24323 4.25685 4.24884 4.27111 4.25452 4.22886 4.24924 4.17987 4.23844 4.43422 4.35792 4.34765 4.45188 4.7879 4.35561 4.35899 4.52157 4.34424 4.35217 4.35111
7.37284 7.38288 7.36086 7.35883 7.32199 7.32258 7.32419 7.37787 7.36339 7.35913 7.4055 7.44431 7.30234 7.34999 7.48363 7.70403 7.50483 7.60975 7.65929 7.84495 7.53114 7.6392 7.63366 7.39179 7.4332 7.49198
148.907 148.831 148.86 148.815 149.697 149.882 149.636 149.415 149.423 149.972 149.775 149.45 149.805 149.527 150.19 148.858 149.485 147.134 149.272 146.623 149.16 148.805 148.727 149.654 149.673 149.466
96.0987 96.314 96.3497 96.2403 96.0592 96.2106 96.2684 95.944 95.9766 96.4244 96.2041 95.4513 96.5082 96.5265 96.358 96.3736 96.2039 96.1507 95.6968 96.3359 95.7746 97.0054 95.5335 95.2911 96.1622 96.1261
140.962 140.977 140.951 140.977 140.773 140.848 140.815 140.772 141.112 140.92 140.817 141.01 140.917 141.057 140.942 140.968 140.857 141.403 141.126 141.242 141.214 141.313 141.283 140.931 141.097 141.138
5.56112 5.56378 5.56609 5.56569 5.55325 5.54957 5.55513 5.54412 5.54873 5.55327 5.56121 5.53889 5.55527 5.54309 5.56573 5.59845 5.63083 5.60653 5.6002 5.57033 5.6245 5.59235 5.61429 5.59289 5.61026 5.60149
4.35266 4.35052 4.35369 4.35457 4.16273 4.16279 4.17475 4.19662 4.18718 4.22106 4.15847 4.15996 4.16266 4.16663 4.16879 4.41667 4.40995 4.44399 4.41782 4.52352 4.42912 4.40818 4.42998 4.41309 4.41238 4.39085
5.13496 5.14226 5.16443 5.16661 5.10914 5.11241 5.10973 5.11405 5.07697 5.06508 5.16244 4.94002 5.14538 5.12853 5.19261 5.02538 5.18119 5.14204 4.92011 5.16022 5.04374 5.18503 4.91174 4.95115 5.13131 5.10925
7.64194 7.64376 7.64346 7.64416 7.61209 7.59611 7.58524 7.59981 7.62248 7.62207 7.60261 7.63157 7.63295 7.65752 7.6468 7.62868 7.65157 7.72406 7.61379 7.63971 7.60751 7.64803 7.62141 7.62944 7.65548 7.67451
97.7199 97.8694 97.8821 97.8349 98.0381 97.9034 98.0083 97.946 98.046 98.0935 98.0015 97.4536 98.0302 98.1848 98.0795 97.31 97.279 97.2089 97.0167 98.4449 97.3324 97.652 96.8518 97.1778 96.9404 99.0377
141.458 141.477 141.478 141.496 141.299 141.206 141.282 141.262 141.258 141.337 141.257 141.491 141.452 141.487 141.501 141.363 141.618 141.516 141.522 141.756 141.516 141.606 141.536 141.498 141.34 141.86
5.56173 5.56053 5.55919 5.56185 5.56181 5.54714 5.55029 5.5562 5.55239 5.54912 5.54089 5.55135 5.54229 5.5469 5.58128 5.57762 5.60685 5.54014 5.58397 5.54466 5.61382 5.58823 5.60331 5.59307 5.61955 5.58157
4.34861 4.34538 4.34476 4.34643 4.29027 4.2686 4.29051 4.29208 4.28385 4.29067 4.29749 4.3025 4.28781 4.28449 4.27613 4.39096 4.45831 4.4085 4.38914 4.45134 4.48975 4.31319 4.44585 4.39822 4.43872 4.39081
5.52699 5.53363 5.5238 5.52464 5.49179 5.4966 5.48266 5.4803 5.50216 5.49125 5.57102 5.49544 5.50926 5.5425 5.55079 5.40947 5.4106 5.37062 5.38686 5.45488 5.41699 5.43284 5.3718 5.33817 5.39655 5.55016
7.73252 7.72881 7.72906 7.73405 7.70024 7.69886 7.69526 7.70331 7.70397 7.69954 7.75623 7.72489 7.74077 7.72646 7.74844 7.73622 7.72125 7.68302 7.75769 7.68428 7.73645 7.75104 7.71934 7.70932 7.7289 7.76743
93.7057 93.6636 93.6961 93.6813 94.192 94.2039 94.1958 94.1306 94.1194 94.0314 94.0156 93.8707 93.7852 93.9908 94.1414 94.3412 93.7101 94.2113 94.2971 94.3812 93.9091 93.7182 93.8713 94.1233 93.9088 94.0314
104.003 104.07 103.984 104.011 103.893 103.843 104.014 103.816 103.939 103.892 104.131 104.455 104.843 104.399 103.943 103.44 103.71 103.729 103.296 104.334 103.916 103.46 103.281 103.592 103.256 103.974
141.96 141.963 141.96 141.969 141.886 141.851 141.865 141.846 141.788 141.786 141.838 141.915 141.954 141.843 142.071 141.698 141.967 141.955 141.87 141.84 142.349 142.236 142.036 141.786 141.767 141.839
5.56036 5.56225 5.56207 5.56266 5.54749 5.53937 5.55651 5.5495 5.56895 5.57317 5.54792 5.55594 5.53066 5.54794 5.55313 5.54683 5.5616 5.60112 5.55681 5.57867 5.54298 5.50365 5.57619 5.55506 5.56488 5.54666
4.3993 4.39946 4.40085 4.39962 4.35971 4.32772 4.34935 4.32614 4.35439 4.35885 4.22889 4.23432 4.15774 4.21621 4.23538 4.40677 4.39716 4.37813 4.38859 4.35332 4.36237 4.37601 4.36882 4.42275 4.34088 4.35193
13.5969 13.5943 13.5909 13.5752 13.789 13.6558 13.6742 13.8371 13.7886 13.8455 13.526 13.4709 13.6002 13.8393 13.7848 13.5707 13.4613 11.4074 13.548 11.4115 13.5343 13.3559 13.465 13.4617 13.4193 13.478
5.4727 5.47924 5.47225 5.48094 5.4634 5.46576 5.47603 5.48596 5.45274 5.46112 5.49327 5.54673 5.46187 5.46456 5.46096 5.38417 5.42722 5.40948 5.37043 5.47027 5.42338 5.42186 5.39949 5.37685 5.40227 5.45448
7.86818 7.86736 7.8596 7.86558 7.85615 7.85045 7.85954 7.87152 7.85865 7.85329 7.83834 7.86469 7.81494 7.87543 7.84922 7.80357 7.83921 7.78736 7.83834 7.81743 7.84502 7.84335 7.83812 7.8026 7.82326 7.83289
93.2609 93.243 93.2508 93.246 93.4486 93.444 93.3881 93.3082 93.2546 93.2518 93.5138 93.5074 93.6376 93.6496 93.5095 93.4349 93.3137 93.2287 92.8776 93.9343 93.289 93.4025 91.2287 93.4652 93.0982 92.8345
102.432 102.429 102.442 102.441 102.114 102.099 101.945 101.834 102.017 102.103 102.898 103.092 102.939 102.793 102.952 103.049 102.949 102.365 103.291 102.817 103.302 102.862 103.531 102.956 103.286 103.384
142.385 142.386 142.392 142.414 142.233 142.248 142.265 142.317 142.354 142.466 142.473 142.398 142.488 142.226 142.671 142.227 142.347 142.688 142.652 142.218 142.346 142.397 143.223 142.448 142.362 142.385
5.57543 5.57594 5.57753 5.57368 5.55523 5.55257 5.55407 5.5597 5.57596 5.57884 5.55842 5.55032 5.55166 5.55223 5.55315 5.51395 5.53963 5.5933 5.54445 5.61668 5.53468 5.54006 5.92542 5.55611 5.54308 5.59655
4.35397 4.3521 4.35654 4.35362 4.4359 4.43342 4.37596 4.37555 4.39465 4.45103 4.2045 4.2373 4.26052 4.23135 4.22818 4.42051 4.4052 4.44349 4.34193 4.38273 4.38711 4.36727 4.42421 4.39601 4.33058 4.31434
13.664 13.6798 13.6622 13.7117 13.4632 13.4929 13.2305 13.0613 13.2772 13.0734 13.5214 13.0495 13.4853 13.7028 13.421 13.359 13.392 13.4729 13.2982 13.6085 13.3728 13.4688 13.376 13.4667 13.2061 13.3034
5.56404 5.5688 5.56855 5.56815 5.58452 5.57689 5.56584 5.56597 5.53276 5.56906 5.58633 5.60005 5.61677 5.5304 5.59629 5.51774 5.56367 5.65532 5.53112 5.52354 5.51042 5.53141 5.55055 5.56945 5.53274 5.5596
8.01559 8.0199 8.0134 8.02109 8.03653 8.03419 8.0355 8.03563 8.03028 8.0471 8.00249 7.99332 8.0119 7.99314 8.01146 8.01147 8.02358 8.03567 8.01411 7.98518 7.96861 8.00335 7.9503 8.02078 7.9982 8.0575
96.9824 96.9731 97.0254 96.9924 96.8536 96.7253 96.5959 96.7426 96.7778 96.9837 96.3803 96.3338 96.1536 96.3226 96.627 97.1286 96.6016 97.9663 97.6866 98.9464 96.9899 97.2477 96.6613 96.7346 96.4125 96.172
141.983 142.006 142.004 142.003 141.586 141.633 141.364 141.457 141.335 141.317 141.757 141.768 142.089 141.965 141.926 141.824 141.914 142.218 141.431 142.823 142.258 142.047 142.154 142.008 142.156 141.954
5.53571 5.53743 5.5395 5.53554 5.46655 5.4694 5.44167 5.44002 5.43198 5.43142 5.50435 5.51368 5.51859 5.48557 5.49332 5.53903 5.5675 5.54058 5.56189 5.61854 5.53419 5.62511 5.57169 5.53247 5.55494 5.59495
4.30138 4.30003 4.30236 4.30439 4.38741 4.36957 4.37139 4.42067 4.34663 4.35598 4.3453 4.28978 4.36801 4.44599 4.48062 4.25958 4.34402 4.32132 4.28523 4.32262 4.41712 4.12262 4.36903 4.38378 4.38916 4.38223
5.64297 5.64657 5.64715 5.65254 5.58967 5.55975 5.586 5.60568 5.61538 5.63 5.60772 5.61899 5.64999 5.62135 5.63192 5.50924 5.557 5.60734 5.52796 5.71595 5.61166 5.61675 5.73642 5.581 5.56998 5.63044
7.87649 7.87855 7.87605 7.88022 7.86484 7.87033 7.85282 7.82897 7.83433 7.8382 7.87397 7.88928 7.91918 7.89659 7.89504 7.88748 7.90071 7.88048 7.84991 7.96505 7.89258 7.91423 7.87277 7.91888 7.91494 7.99833
97.5133 97.5352 97.5596 97.5736 97.935 97.4456 97.612 98.003 97.7943 97.9533 97.7519 97.6294 97.5678 98.1223 98.3659 97.6299 97.1041 100.899 97.7505 97.0835 96.715 97.5554 97.1729 97.181 97.7578 96.6069
141.419 141.435 141.439 141.434 141.31 141.308 141.201 141.199 141.213 141.121 141.129 140.924 140.779 141.178 141.304 141.55 141.463 143.876 141.313 141.651 141.502 142.546 141.523 141.528 141.785 141.498
5.53868 5.53618 5.5382 5.5366 5.50274 5.50397 5.50358 5.49884 5.49324 5.48768 5.53008 5.50372 5.51861 5.49814 5.51064 5.57783 5.55567 5.51366 5.53732 5.46349 5.54126 5.58136 5.57414 5.57035 5.55238 5.55218
4.29239 4.28904 4.29113 4.29498 4.1699 4.16955 4.17007 4.17767 4.16087 4.18221 4.13287 4.16881 4.12648 4.26413 4.26039 4.2991 4.41463 4.37944 4.28711 4.36144 4.44015 4.62693 4.3546 4.37296 4.34546 4.41085
4.43705 4.43821 4.43738 4.43359 4.45217 4.44309 4.44864 4.44971 4.43947 4.44346 4.45169 4.43605 4.4233 4.44451 4.45282 4.45805 4.44537 4.40092 4.43465 4.41473 4.44106 4.45916 4.44612 4.44462 4.45297 4.41751
4.38155 4.37995 4.37848 4.37865 4.35588 4.35106 4.3573 4.37683 4.36461 4.37836 4.37736 4.38763 4.43927 4.38624 4.37792 4.41068 4.42011 4.29678 4.38613 4.38509 4.40312 4.38339 4.40248 4.40603 4.3924 4.39354
5.45233 5.46115 5.46749 5.47334 5.47227 5.44515 5.4741 5.46679 5.43963 5.45483 5.38281 5.36602 5.44782 5.44449 5.48281 5.54464 5.45772 5.54102 5.40325 5.39572 5.45803 5.64368 5.44781 5.45 5.53361 5.37825
4.34122 4.34385 4.33322 4.33616 4.28716 4.29525 4.3029 4.27918 4.29862 4.30053 4.22535 4.24853 4.2571 4.23736 4.269 4.69199 4.58647 4.57013 4.35104 4.60105 4.45724 4.45035 4.45771 4.38523 4.68864 4.4594
4.14212 4.13793 4.14174 4.14277 4.10883 4.1036 4.12177 4.0917 4.1257 4.11541 4.0966 4.0867 4.06974 4.10935 4.0621 4.44511 4.49284 4.86555 4.43574 4.46469 4.49156 4.47422 4.48113 4.50813 4.44964 4.46784
7.72574 7.72671 7.72733 7.72861 7.75427 7.76181 7.76584 7.73715 7.75031 7.73965 7.77297 7.7628 7.72712 7.72349 7.72706 7.79733 7.76499 7.89032 7.7695 7.83965 7.75602 7.78017 7.7448 7.76077 7.77711 7.7593
97.667 97.683 97.5913 97.5755 98.0976 97.9086 98.2385 97.3075 97.6318 97.3816 97.7726 97.4999 97.7501 97.7306 98.5517 99.3557 98.0664 97.7511 99.6246 97.2885 97.3611 100.148 98.0199 98.8532 99.6085 96.8381
141.219 141.244 141.19 141.182 141.031 140.979 140.983 140.691 140.87 140.752 140.561 140.398 140.513 141 141.081 141.006 141.304 141.513 142.321 141.331 141.238 141.624 141.008 141.211 141.45 141.312
5.49808 5.49823 5.49466 5.48904 5.51721 5.50935 5.52115 5.46417 5.47658 5.45718 5.52725 5.55375 5.54266 5.48797 5.51233 5.58497 5.59762 5.56084 5.37981 5.52528 5.54327 5.60947 5.51784 5.58603 5.4057 5.55772
4.40862 4.40973 4.39637 4.40677 4.10444 4.10867 4.11114 4.09703 4.10292 4.10293 4.13765 4.12641 4.12524 4.12235 4.17974 4.34441 4.19234 4.26935 4.32701 4.35284 4.33409 4.318 4.35692 4.3608 4.6567 4.44371
4.48122 4.48231 4.47517 4.47863 4.45584 4.45552 4.46266 4.4442 4.41171 4.38623 4.56053 4.55785 4.63249 4.56665 4.62986 4.48657 4.56326 4.47227 4.42625 4.46811 4.50472 4.50853 4.46948 4.50375 4.41348 4.4648
4.33938 4.33889 4.3393 4.33627 4.30424 4.30692 4.31276 4.32777 4.29291 4.29566 4.35424 4.35519 4.39842 4.36152 4.36241 4.39874 4.4054 4.36388 4.33796 4.35564 4.35496 4.3619 4.3579 4.37308 4.37459 4.34347
5.24372 5.24431 5.26277 5.26663 5.36816 5.4319 5.40304 5.36638 5.36999 5.36608 5.28521 5.21443 5.28737 5.17199 5.28345 5.56045 5.53591 5.42135 5.75076 5.10378 5.48461 5.84137 5.51049 5.53799 5.69511 5.29653
7.62741 7.62196 7.62344 7.61869 7.63255 7.68325 7.65492 7.57587 7.55399 7.55308 7.72409 7.71943 7.68063 7.59885 7.67394 7.7419 7.71604 7.69681 7.23043 7.6301 7.72514 7.75401 7.69095 7.669 7.80517 7.65717
92.6279 92.5903 92.5693 92.6068 92.1841 92.1697 92.1278 91.4156 91.4641 91.4786 92.1271 92.1588 91.8616 92.149 92.3581 91.6342 91.938 91.8927 91.3074 92.8788 92.0321 92.2164 91.8491 92.7101 93.1089 92.8301
153.82 153.945 153.768 153.983 152.015 151.827 151.755 151.82 152.204 152.024 151.996 151.902 151.629 152.366 152.058 154.951 153.864 153.022 152.967 153.063 153.691 154.696 152.07 153.558 152.906 151.799
138.799 138.93 138.815 138.908 139.389 139.082 139.402 138.869 139.24 138.96 139.279 139.779 138.932 138.461 138.73 142.134 141.26 139.909 141.11 138.925 140.074 139.406 140.422 140.594 140.103 139.673
6.1472 6.13024 6.13716 6.11862 5.78229 5.78315 5.78664 5.74062 5.74402 5.77511 5.77679 5.88636 5.86947 5.80017 5.7763 6.44187 6.35032 4.89201 6.38653 6.28688 6.33811 6.34032 6.3472 6.44413 6.39694 6.38067
7.16397 7.24374 7.11848 7.2569 6.70015 6.57126 6.57901 6.77107 6.88849 6.75601 6.46232 6.8387 6.63208 6.82066 6.94383 7.56898 7.52202 7.50683 6.95679 7.46957 7.42056 7.62774 6.52227 7.78133 7.42717 7.08895
4.46552 4.46201 4.47613 4.4686 4.11187 4.12359 4.16553 4.13772 4.09703 4.10433 3.98953 3.85044 3.93118 4.27633 4.0804 4.59883 4.69704 4.60044 4.73511 4.41994 4.36175 4.61551 4.66724 4.62719 4.80358 4.42298
4.62729 4.62801 4.62614 4.6336 4.59106 4.58517 4.58699 4.61027 4.60852 4.61934 4.55955 4.57537 4.60435 4.51697 4.56356 4.89031 4.87328 4.76944 4.87669 4.82424 4.88596 4.8919 4.83932 4.85771 4.91 4.76534
8.05782 8.06792 8.04431 8.06528 8.13633 8.12758 8.12053 8.11774 8.15434 8.17686 8.16058 8.24991 8.07105 8.11465 8.09846 8.21083 8.11953 8.26009 8.51673 8.23876 8.03625 7.87309 8.17652 8.16078 8.07817 8.11475
5.37674 5.38222 5.37197 5.36931 5.55532 5.53641 5.63668 5.53736 5.605 5.58439 5.50874 5.4449 5.33334 5.49341 5.45441 5.44579 5.39228 5.51546 5.24908 5.50859 5.41522 5.32547 5.58134 5.38876 5.51992 5.29776
4.21894 4.21627 4.21515 4.21307 4.18941 4.19173 4.19984 4.12155 4.18329 4.17857 4.11906 4.11194 4.11233 4.10449 4.10749 4.49532 4.18101 4.51844 4.21562 4.40519 4.36195 4.36563 4.30003 4.22676 4.36926 4.27945
4.33537 4.33449 4.3468 4.3467 4.35723 4.34801 4.36079 4.4085 4.34977 4.35479 4.37943 4.38992 4.37497 4.36741 4.39107 4.45053 4.41231 4.38644 4.44378 4.50804 4.37972 4.47452 4.40607 4.43354 4.44568 4.39677
3.78719 3.76162 3.83634 3.76479 3.87142 3.87386 3.93701 4.06145 3.82176 3.85096 4.03031 3.972 3.96126 4.0501 3.99802 4.13509 4.23949 4.33495 4.18635 4.32606 4.33832 4.3397 4.34159 4.25266 4.34563 4.0898
5.33746 5.32412 5.36123 5.35441 5.51821 5.4557 5.5091 6.75253 5.8033 5.798 7.01434 6.72091 6.82054 6.78146 6.8121 5.56435 5.45059 5.79222 5.70884 4.81156 4.78165 5.15951 5.79098 5.82822 5.79583 5.76715
3.90489 3.90773 3.92237 3.91724 3.93676 3.93551 3.95952 3.9301 3.89709 3.93078 3.91232 3.9197 3.87655 3.93869 3.94085 4.38763 4.37641 4.43629 4.42624 4.45985 4.34234 4.41603 4.41468 4.41683 4.43949 4.31263
7.42774 7.43549 7.43912 7.44452 7.42203 7.39042 7.45979 7.64191 7.47362 7.53241 7.7018 7.68086 7.63877 7.57584 7.62367 7.57169 7.44604 7.64259 7.6645 7.50152 7.4163 7.63773 7.62508 7.5609 7.43323 7.6848
90.5536 90.5748 90.4969 90.478 89.6859 89.6713 89.9601 90.4548 89.4432 89.3774 91.0754 91.0369 91.1029 90.3034 90.4308 91.5548 91.3192 90.9964 90.0589 90.399 91.6994 91.182 90.2364 91.2461 91.3391 90.3385
154.483 154.44 154.57 154.479 153.843 153.909 153.98 154.161 153.949 153.967 154.29 154.143 153.946 154.178 154.194 154.176 154.386 154.493 154.439 154.345 154.723 155.203 154.688 155.033 154.374 153.764
137.14 137.168 136.99 137.351 139.991 139.758 139.99 141.535 141.371 141.321 140.431 140.572 141.072 142.026 141.648 141.825 142.031 138.382 142.086 141.761 140.257 140.774 141.636 141.095 141.267 141.504
5.76714 5.77116 5.75661 5.75117 5.68905 5.69385 5.70955 5.65606 5.67052 5.74438 5.63755 5.58859 5.62553 5.57672 5.53973 6.39831 6.14953 6.4548 6.32529 6.21107 6.38803 6.40331 6.36236 6.37408 6.38926 6.42146
7.91898 7.91038 7.92689 7.90545 7.90475 7.87906 7.92936 7.84027 7.9715 7.9541 7.75106 7.891 7.80435 7.81371 7.78793 7.45621 7.4968 7.53117 7.79736 7.45183 7.40648 7.48962 7.49295 7.29875 7.34078 7.15192
4.71134 4.70301 4.69681 4.69192 4.3482 4.33232 4.35005 4.31922 4.31564 4.33025 4.28186 4.32041 4.29101 4.25675 4.24403 4.56991 4.56733 4.58403 4.75798 4.68995 4.72336 4.61973 4.66009 4.72182 4.71468 4.51279
4.69589 4.69811 4.70092 4.69459 4.67477 4.67944 4.66886 4.66141 4.68044 4.66968 4.7033 4.71172 4.69941 4.71273 4.69531 4.82467 4.88546 4.84118 4.96434 4.8823 4.84802 4.82267 4.92483 4.87138 4.81213 4.88672
4.4234 4.42397 4.42321 4.42444 4.37886 4.38175 4.37771 4.40001 4.36708 4.37409 4.42061 4.38581 4.40146 4.3852 4.37843 4.64106 4.46391 4.65426 4.57496 4.54679 4.54766 4.54335 4.49249 4.51169 4.5292 4.4506
4.22074 4.21722 4.21872 4.21652 4.18324 4.1974 4.19109 4.15439 4.15696 4.16584 4.153 4.15137 4.15207 4.13968 4.14299 4.35826 4.28887 4.44804 4.37566 4.51663 4.39484 4.35464 4.42416 4.36391 4.42318 4.38221
7.13182 7.1458 6.8938 7.20047 7.95382 7.87453 7.90504 8.01239 7.85371 7.87158 7.75006 7.73981 7.82497 8.04857 8.04546 8.09134 8.3856 7.73084 8.10679 8.21612 7.91364 8.09972 8.08175 8.13357 8.0013 8.11179
92.1408 92.1313 92.1407 92.2251 91.4931 91.4978 91.5607 91.7439 91.4108 91.4858 92.0554 91.8275 91.7569 91.702 91.6824 91.3486 90.8916 91.5804 90.8036 90.2095 92.117 91.5219 92.725 91.6861 90.7654 91.099
153.952 153.984 153.929 153.912 154.658 154.679 154.718 154.701 154.474 154.537 154.742 154.411 154.331 154.523 154.615 155.538 155.607 154.985 154.703 155.095 153.333 155.002 154.776 155.47 155.832 154.604
139.358 139.397 139.398 139.346 139.843 139.689 139.53 139.793 139.945 139.732 139.277 139.183 139.274 139.582 139.572 142.075 142.065 142.068 142.396 142.251 139.446 139.717 139.987 140.453 140.102 140.232
5.65862 5.6854 5.66219 5.70484 5.80022 5.79155 5.80493 5.75712 5.81337 5.7492 5.65833 5.81345 5.77066 5.79844 5.79422 6.99271 6.48696 6.45395 6.3535 6.28406 5.54407 5.90375 6.45245 6.08266 6.32619 6.4166
8.04079 8.04087 8.01635 8.09328 8.06119 8.10077 8.11978 8.10133 8.00077 8.01921 8.07353 8.11603 7.99711 8.03251 8.16917 7.91287 7.92382 7.78245 7.57782 7.53787 7.30105 7.74632 7.61211 7.7636 8.40723 7.63126
4.74435 4.74334 4.73533 4.78452 4.22445 4.24273 4.21654 4.21095 4.23687 4.22579 4.19454 4.22424 4.2344 4.4421 4.35071 4.57362 4.89469 4.67831 4.76483 4.66066 4.77699 4.59687 4.8062 4.48548 4.54817 4.62992
4.63964 4.64003 4.63444 4.64296 4.56474 4.57543 4.57192 4.56956 4.56256 4.57895 4.55837 4.55471 4.56776 4.49112 4.52178 4.84898 4.81956 4.86198 4.84791 4.38697 4.82455 4.80669 4.9455 4.76431 4.90308 4.77184
4.44268 4.44796 4.44145 4.44287 4.44475 4.45263 4.44955 4.45545 4.47548 4.4554 4.46211 4.47526 4.47764 4.45486 4.44732 4.47975 4.59985 4.61058 4.58215 4.55512 4.54701 4.56948 4.59982 4.54753 4.59839 4.60396
4.19041 4.20256 4.17359 4.19663 4.47333 4.49231 4.47359 4.51722 4.47033 4.44689 4.51537 4.51668 4.43696 4.448 4.48498 4.43345 4.69617 4.61556 4.50722 4.59763 4.21994 4.20837 4.27269 4.3731 4.57377 4.68131
7.75085 7.74684 7.74648 7.75219 7.88833 7.88072 7.86642 7.95631 7.89537 7.93291 7.89742 7.81828 7.85458 7.89142 7.8765 8.01815 7.97862 8.139 8.271 7.91965 7.90841 7.83668 7.64741 7.75433 7.77589 7.90577
91.9262 91.9293 91.9196 91.9466 91.61 91.6502 91.6306 91.7514 91.85 91.8553 92.2248 91.8509 91.9616 92.1687 92.0928 91.9567 91.8727 90.2474 91.5624 91.1968 91.8678 91.1828 91.4443 91.6508 91.885 91.7255
136.075 136.039 136.045 136.036 136.627 136.547 136.601 136.511 136.432 136.219 135.977 136.01 135.674 136.354 136.356 137.403 137.26 138.761 136.96 133.84 136.452 137.146 138.168 138.731 138.872 136.995
11.9469 11.983 11.9551 11.9924 12.046 12.0233 12.102 11.9423 11.8047 11.9701 11.8499 12.0915 11.8791 11.5244 11.7007 12.3283 12.3091 11.0511 12.5354 11.8127 11.9678 12.9218 11.7991 12.0109 12.2522 11.5657
5.45448 5.46853 5.45346 5.44528 4.7889 4.81575 4.83095 4.78119 4.96158 4.90926 5.17767 4.77493 5.20461 5.23535 5.07188 5.77841 5.39481 5.26445 5.81245 5.84086 5.67408 5.45548 5.58645 5.75719 5.5901 5.51018
4.65084 4.65285 4.64779 4.65717 4.26605 4.33719 4.2547 4.273 4.25352 4.29367 4.55505 4.25114 4.31063 4.32975 4.32166 4.61784 4.65913 4.56545 4.83528 4.66968 4.6706 4.6613 4.65752 4.5442 4.62842 4.69649
4.47316 4.47295 4.46521 4.47428 4.45972 4.47235 4.44539 4.47971 4.45557 4.4915 4.46037 4.45203 4.46065 4.49039 4.43406 4.57224 4.54372 4.59545 4.57563 4.63574 4.53185 4.63166 4.52545 4.57498 4.53768 4.58565
4.48633 4.49543 4.4881 4.48621 4.41861 4.42971 4.42927 4.44568 4.43125 4.43642 4.45098 4.43081 4.46807 4.44025 4.41197 4.55831 4.42005 4.68729 4.50389 4.56601 4.50337 4.53434 4.58708 4.47007 4.4759 4.50536
7.43972 7.4354 7.44424 7.41606 7.52256 7.51546 7.5237 7.43313 7.43978 7.41174 7.36717 7.52134 7.29077 7.28555 7.33152 8.0374 7.76348 7.49469 7.32559 7.50266 7.29987 7.53052 7.86491 8.32154 7.93902 7.29344
145.408 145.59 145.507 145.532 145.274 145.281 145.428 145.051 144.781 145.32 145.903 146.345 145.05 145.731 145.322 146.437 145.389 145.681 147.037 148.332 145.929 147.982 145.751 146.397 144.336 144.519
136.298 136.22 136.23 136.272 136.136 136.113 136.114 135.935 136.176 136.08 135.977 135.499 136.135 136.038 136.036 136.701 135.918 135.782 135.879 136.858 136.025 138.017 135.995 137.583 137.108 136.303
12.5315 12.4856 12.5075 12.4939 12.5063 12.7098 12.6887 12.2998 12.4053 12.5657 12.6231 12.4716 12.3574 12.4406 12.6286 12.6616 12.4455 12.0314 12.6088 12.0917 12.3214 12.3568 12.2892 12.3867 11.9211 12.1766
5.67653 5.67365 5.67272 5.67474 5.6396 5.63622 5.64926 5.65744 5.65462 5.66844 5.66918 5.66413 5.65953 5.62898 5.65829 5.77947 5.86181 5.79018 5.77846 5.8302 5.83683 5.85602 5.8051 5.81392 5.80946 5.86302
4.63953 4.63848 4.63448 4.64105 4.51043 4.52643 4.52343 4.55566 4.56562 4.53697 4.34258 4.32076 4.33065 4.34408 4.37848 4.68216 4.67419 4.69676 4.64102 4.62011 4.60517 4.52695 4.67413 4.63285 4.61343 4.63751
4.56178 4.55957 4.5501 4.55876 4.52177 4.54787 4.49826 4.50879 4.5108 4.51119 4.52635 4.49364 4.53892 4.49352 4.53549 4.62564 4.63782 4.56795 4.56773 4.60863 4.599 4.68193 4.60454 4.60837 4.67805 4.65636
4.50508 4.51 4.50761 4.51013 4.46843 4.46969 4.4598 4.47333 4.47374 4.4576 4.43826 4.49238 4.48372 4.52199 4.47404 4.53553 4.5612 4.54988 4.56015 4.54581 4.519 4.65863 4.51186 4.52898 5.29281 4.53254
4.27929 4.28693 4.279 4.28477 4.25567 4.26331 4.20667 4.23523 4.24003 4.24201 4.22075 4.22638 4.25747 4.23169 4.21591 4.33939 4.37327 4.38618 4.7841 4.36256 4.34523 4.48744 4.37729 4.43496 4.26133 4.35557
7.41289 7.42248 7.42424 7.41523 7.33986 7.33267 7.33928 7.30136 7.3215 7.313 7.24737 7.26954 7.35757 7.34271 7.39137 7.43902 7.33498 7.53591 7.16669 7.65075 7.42052 8.03479 7.34739 7.74475 7.57186 7.3816
146.202 146.259 146.247 146.218 147.091 147.615 147.597 146.756 146.784 147.141 147.007 146.431 146.568 146.026 146.805 147.445 146.937 146.315 146.718 145.179 146.786 147.281 146.359 145.189 146.052 146.196
136.358 136.328 136.364 136.416 135.745 135.793 135.771 135.942 135.892 135.885 135.675 135.619 135.49 135.323 135.425 136.133 136.257 136.029 136.122 136.658 136.212 136.238 135.859 136.591 136.152 136.613
12.3452 12.3706 12.3691 12.3594 12.6066 12.5297 12.5912 12.6787 12.7158 12.4064 12.5681 12.1549 12.5608 12.5356 12.3245 11.837 12.0912 12.2765 12.4602 12.2176 12.1496 11.9512 12.176 11.9681 12.0549 12.0507
5.63543 5.63121 5.63227 5.63697 5.63359 5.63112 5.60468 5.60992 5.61391 5.60872 5.59414 5.58816 5.63742 5.63918 5.62801 5.78272 5.81454 5.79209 5.81189 5.81438 5.8099 5.74478 5.83164 5.84185 5.84317 5.81492
4.59597 4.60471 4.60146 4.59745 4.27651 4.27815 4.29458 4.34693 4.36672 4.33055 4.325 4.30432 4.34399 4.32093 4.31208 4.70469 4.6577 4.6648 4.57858 4.66511 4.69158 4.63601 4.5779 4.70318 4.58059 4.64072
7.35126 7.36281 7.3554 7.35323 7.34455 7.33822 7.41071 7.36212 7.34829 7.36839 7.33212 7.27673 7.24103 7.21164 7.31166 7.38087 7.3336 7.44539 7.50861 7.50712 7.52119 7.5666 7.37229 7.54787 7.4957 7.59428
147.175 147.159 147.113 147.196 148.297 148.189 148.327 148.83 149.042 148.583 147.145 147.04 148.199 148.021 148.093 146.14 147.587 147.023 146.361 147.599 147.953 145.97 146.871 147.744 147.241 147.473
91.9515 91.9609 91.9566 91.9637 92.0566 92.0903 92.0978 92.0829 92.1191 91.9891 91.9664 91.8463 92.0487 91.9382 92.054 92.1969 92.2169 92.2667 91.8222 92.1965 91.9697 92.1971 91.9614 92.3818 91.8212 91.9946
152.271 152.117 152.358 152.193 152.889 152.904 153.011 153.03 152.951 153.087 152.803 153.136 153.012 152.611 153.114 153.293 152.781 152.929 152.996 152.998 152.67 152.993 153.636 152.582 153.28 153.067
139.463 139.454 139.474 139.53 139.212 139.105 139.091 138.949 139.295 139.024 139.104 139.151 138.91 139.104 138.967 138.837 139.151 139.109 139.969 139.011 138.672 139.144 139.29 138.776 139.169 138.794
5.9068 5.90846 5.90561 5.90594 5.84976 5.86733 5.86611 5.88042 5.89315 5.87323 5.85325 5.8644 5.8613 5.87171 5.85817 6.36667 6.38347 6.38778 6.35857 6.38389 6.39471 6.35853 6.43091 6.41201 6.43132 6.40833
7.1812 7.14303 7.22483 7.17482 7.15397 7.16679 7.26248 7.26152 7.21029 7.33303 7.11964 7.19183 7.23855 6.99366 7.30631 6.81457 6.78428 6.82995 6.76207 7.18371 6.73076 6.77432 6.91428 6.82589 6.79534 6.79149
4.62046 4.61782 4.6169 4.61755 4.43498 4.4455 4.21205 4.22371 4.21158 4.21348 4.40157 4.34055 4.4199 4.43562 4.30768 4.72436 4.71346 4.64354 4.7465 4.67896 4.71615 4.74878 4.55847 4.69886 4.60066 4.6433
4.67908 4.67349 4.68045 4.68142 4.639 4.63604 4.62996 4.61891 4.6261 4.62295 4.68258 4.70008 4.746 4.7354 4.70548 4.87742 4.8491 4.89805 4.86176 4.84379 4.83779 4.85397 4.85278 4.83627 4.8089 4.83447
4.46387 4.46305 4.46556 4.46422 4.4409 4.43393 4.42667 4.42394 4.43469 4.42263 4.41952 4.44861 4.43893 4.44487 4.42729 4.55472 4.56318 4.55709 4.57591 4.55209 4.57395 4.57257 4.55459 4.56788 4.5708 4.56745
4.41746 4.42483 4.4161 4.41953 4.39178 4.39718 4.4334 4.51748 4.52454 4.57007 4.38521 4.40049 4.38856 4.40899 4.40271 4.57537 4.59212 4.52023 4.57128 4.62184 4.68703 4.57421 4.59375 4.65674 4.60435 4.60404
7.73646 7.73811 7.74431 7.74434 7.72243 7.69637 7.71382 7.70136 7.76794 7.72622 7.79051 7.77737 7.66829 7.74395 7.76982 7.58434 7.65924 7.6746 7.83929 7.67305 7.55682 7.68716 7.85195 7.70177 7.80468 7.52466
92.0929 92.0645 92.0802 92.0648 92.5938 92.4754 92.3366 92.4666 92.423 92.2739 92.1559 92.1757 92.1658 92.5125 92.1973 92.17 92.2306 91.9951 92.2271 91.9552 92.2559 92.1133 91.5024 92.2897 91.8898 92.249
153.372 153.403 153.397 153.413 152.293 152.315 152.213 152.176 152.343 152.489 152.802 152.863 152.77 152.918 152.781 152.177 152.332 152.585 152.102 152.179 152.222 152.398 152.87 152.285 152.53 152.156
138.84 138.714 138.907 138.863 139.022 139.131 139.303 139.17 139.19 139.331 139.226 139.474 139.329 139.067 139.686 139.06 139.092 139.335 139.565 139.252 138.874 139.202 139.446 138.976 139.027 139.304
5.96441 5.96606 5.95967 5.96868 5.85329 5.84644 5.86467 5.82424 5.87616 5.83025 5.91712 5.84044 5.88183 5.86202 5.83626 6.36334 6.38073 6.32424 6.34104 6.34845 6.38545 6.35674 6.35208 6.36485 6.3706 6.36725
7.67317 7.67673 7.67095 7.68509 7.29005 7.2926 7.16837 7.20246 7.30158 7.2734 7.49811 7.39879 7.51165 7.4228 7.38124 6.90454 6.95234 7.18156 6.83631 7.07721 6.98758 6.87973 7.04287 6.93913 6.96717 6.88178
4.68963 4.68955 4.69426 4.68841 4.52606 4.50792 4.54078 4.5902 4.37644 4.48466 4.47332 4.57106 4.31291 4.48826 4.53005 4.72793 4.71249 4.7215 4.68536 4.73698 4.73678 4.71216 4.56761 4.72766 4.64121 4.67541
4.63236 4.62922 4.6345 4.63233 4.58974 4.60196 4.59318 4.59503 4.59531 4.57757 4.56471 4.57567 4.57325 4.59339 4.58789 4.78848 4.8012 4.80964 4.78538 4.78852 4.79271 4.80867 4.72009 4.77744 4.76525 4.76734
4.50861 4.50847 4.51057 4.50896 4.47405 4.48051 4.47765 4.47534 4.47231 4.48018 4.47404 4.45669 4.49289 4.47177 4.48026 4.60775 4.61153 4.60399 4.60171 4.60566 4.61383 4.60958 4.61577 4.6091 4.60547 4.60454
4.2621 4.27371 4.27596 4.26725 4.32894 4.3271 4.27592 4.24665 4.3053 4.26726 4.28584 4.35235 4.38601 4.30768 4.30926 4.46356 4.52717 4.74049 4.36762 4.73176 4.51555 4.38448 4.71886 4.60463 4.65053 4.61439
7.59167 7.57298 7.60572 7.59082 7.72486 7.74227 7.75377 7.71747 7.77821 7.75518 7.72264 7.74761 7.76025 7.6576 7.72414 7.55486 7.5929 7.78691 7.6801 7.51853 7.55501 7.64517 7.6964 7.57423 7.4067 7.66258
136.561 136.489 136.486 136.607 135.623 135.568 135.58 135.56 135.692 135.871 136.429 136.175 135.652 136.421 136.652 135.81 136.136 136.506 135.922 135.678 135.931 136.112 136.138 135.601 136.847 135.731
12.5539 12.5583 12.5403 12.5458 12.7576 12.7133 12.6085 12.8219 12.7156 12.7462 12.508 12.5509 12.5605 12.5258 12.5835 12.7094 12.5892 10.9259 12.6027 11.2065 12.5352 12.6004 12.7451 12.5991 12.6181 12.6218
5.61651 5.61591 5.61654 5.62089 5.60503 5.61118 5.60453 5.58745 5.60536 5.61485 5.60093 5.58617 5.57965 5.59231 5.62429 5.82301 5.80692 5.83254 5.79656 5.83091 5.81892 5.82924 5.81147 5.81702 5.82573 5.81978
4.68639 4.68735 4.68798 4.69056 4.51292 4.51234 4.53348 4.50405 4.50524 4.49412 4.46606 4.53131 4.39841 4.39673 4.47946 4.69895 4.61112 4.59699 4.7322 4.69549 4.56994 4.67685 4.66813 4.69206 4.67689 4.68348
4.50968 4.51077 4.50765 4.51253 4.49016 4.49809 4.48323 4.52686 4.48716 4.50505 4.49034 4.47316 4.4766 4.49932 4.51175 4.56307 4.58163 4.59181 4.5867 4.49319 4.60038 4.59685 4.62494 4.56623 4.60803 4.57381
4.51916 4.51714 4.51816 4.51535 4.46466 4.48081 4.47635 4.48505 4.48125 4.48089 4.46312 4.53222 4.47529 4.47765 4.44004 4.54678 4.53388 4.52838 4.54333 4.54529 4.53038 4.53305 4.56013 4.55178 4.54969 4.54816
4.27971 4.27876 4.28171 4.27727 4.27568 4.27821 4.28643 4.25596 4.26583 4.26433 4.3157 4.28564 4.25115 4.25382 4.26147 4.35208 4.36097 4.34268 4.39648 4.34359 4.37154 4.35795 4.38879 4.35393 4.43494 4.35406
7.30728 7.30884 7.30139 7.31162 7.20743 7.21472 7.27489 7.22791 7.24891 7.2889 7.36063 7.34648 7.23768 7.34433 7.39431 7.34019 7.32242 7.30869 7.28664 7.24822 7.32615 7.33491 7.3179 7.29626 7.43728 7.21192
145.984 146.042 146.023 146.057 146.717 146.572 146.433 146.436 146.623 146.501 145.884 146.173 145.511 146.306 146.376 145.811 146.083 145.179 145.35 144.459 146.352 145.219 145.877 145.906 145.553 145.237
136.079 136.091 136.058 136.139 135.987 135.948 135.91 136.056 136.075 136.019 136.161 135.894 135.715 136.146 136.751 135.924 136.979 136.871 135.658 135.651 136.409 135.744 136.048 135.519 136.144 136.041
13.2334 13.2244 13.2285 13.2237 13.2831 13.1554 13.0624 12.962 13.1533 13.1822 12.9394 13.0103 13.0407 12.9677 13.0668 13.0838 13.1822 13.4004 13.1844 13.3882 13.1742 13.0806 13.2485 13.1654 13.1834 13.0973
5.68434 5.68287 5.68253 5.68654 5.6789 5.68105 5.69028 5.66937 5.67979 5.64847 5.67676 5.66502 5.649 5.67295 5.67701 5.86625 5.86771 5.85261 5.88046 5.91175 5.79394 5.84274 5.89645 5.86034 5.88867 5.85573
4.5416 4.54041 4.5383 4.53527 4.25686 4.24967 4.25875 4.24547 4.2542 4.25149 4.25441 4.25719 4.22423 4.25226 4.24127 4.56435 4.62252 4.60223 4.58784 4.56961 4.60819 4.63076 4.64063 4.59427 4.63878 4.62012
7.37404 7.38952 7.38383 7.39382 7.42449 7.4132 7.42191 7.4058 7.43362 7.45941 7.38875 7.41371 7.34556 7.41391 7.41844 7.42537 7.5761 7.66095 7.32407 7.49909 7.68879 7.41837 7.4185 7.44503 7.41501 7.42033
149.849 149.764 149.656 149.624 150.125 149.958 149.568 149.388 149.688 149.982 149.138 149.709 149.704 149.438 149.295 149.047 149.156 148.832 149.653 148.485 149.028 149.371 149.534 149.714 149.51 149.448
96.3685 96.5342 96.5093 96.5925 97.5172 96.9945 97.2535 97.4524 96.9974 96.7053 95.8482 96.1694 94.9767 96.3181 96.543 95.7591 95.9203 96.4347 95.2337 97.5228 95.7702 96.03 96.2195 95.4867 96.0424 95.6235
140.814 140.848 140.858 140.865 140.568 140.594 140.518 140.487 140.619 140.509 140.913 140.833 140.978 140.802 140.7 140.992 141.197 140.97 140.905 140.827 140.984 141.238 141.054 140.898 141.238 140.942
5.56615 5.56847 5.5663 5.56856 5.54642 5.53191 5.53986 5.53189 5.52347 5.52237 5.55384 5.56872 5.56833 5.56339 5.55895 5.58997 5.62678 5.5875 5.60234 5.62174 5.59836 5.57473 5.63707 5.59601 5.60625 5.59514
4.36531 4.36096 4.36895 4.36688 4.17285 4.16657 4.16866 4.16566 4.1605 4.16521 4.14739 4.15595 4.14396 4.15558 4.15103 4.36103 4.37272 4.38979 4.38887 4.22831 4.43872 4.42058 4.36148 4.38461 4.47142 4.42137
5.09045 5.1015 5.05552 5.09264 5.19991 5.14705 5.15283 5.24296 5.16891 5.20858 5.13332 5.03811 5.07602 5.09342 5.1661 5.00806 5.07761 5.11463 4.87885 5.28986 5.03668 5.00926 4.97714 4.98141 5.08385 5.04222
7.61733 7.62135 7.61834 7.62247 7.58657 7.58553 7.57908 7.59136 7.60772 7.61248 7.63563 7.58423 7.65137 7.63727 7.63123 7.6517 7.6645 7.66639 7.61515 7.65325 7.65734 7.65584 7.58725 7.63729 7.63974 7.6351
141.196 141.251 141.223 141.23 140.825 140.839 140.798 140.92 141.039 141.089 141.02 140.977 140.921 141.124 141.141 141.112 141.269 141.319 141.109 141.386 141.355 141.408 141.082 141.044 141.615 141.098
5.50888 5.51108 5.50827 5.51455 5.54563 5.55311 5.54577 5.52588 5.56199 5.54698 5.56907 5.58032 5.56633 5.55831 5.55193 5.56138 5.5925 5.53373 5.57356 5.623 5.58711 5.58045 5.58322 5.55288 5.57985 5.56055
4.41144 4.4191 4.41724 4.41371 4.20865 4.20068 4.20535 4.22349 4.21503 4.19947 4.18709 4.39609 4.208 4.19817 4.19831 4.44776 4.42604 4.40919 4.48853 4.37108 4.43582 4.54264 4.49185 4.51188 4.51118 4.48185
5.47917 5.48953 5.48221 5.50347 5.51588 5.52067 5.50828 5.50406 5.51025 5.46058 5.44503 5.46143 5.40996 5.36508 5.38778 5.34219 5.41765 5.2086 5.36996 5.3984 5.438 5.43255 5.44254 5.38988 5.46018 5.40565
7.69111 7.68824 7.68419 7.68971 7.66446 7.67262 7.66687 7.6609 7.6842 7.6777 7.70893 7.67621 7.72259 7.71718 7.73524 7.66236 7.71299 7.69071 7.67122 7.75563 7.67991 7.67843 7.72378 7.66258 7.73249 7.67098
92.4049 92.5264 92.4413 92.4586 92.7682 92.8338 92.9304 92.8283 92.9752 93.0347 92.8498 92.9338 92.9516 92.7748 92.8978 92.2801 92.3422 92.8895 92.4652 92.2081 91.7528 91.7389 92.8166 92.8101 92.788 92.4939
153.243 153.31 153.222 153.31 152.956 153.075 152.934 153.067 152.895 153.114 152.744 152.989 152.823 152.835 152.992 152.62 152.431 154.389 152.298 153.616 152.556 152.616 152.223 152.472 152.06 152.602
139.451 139.416 139.383 139.44 139.03 139.235 138.907 139.176 138.913 138.611 139.244 139.623 138.75 139.126 138.295 139.292 139.696 138.849 139.341 137.892 139.951 138.304 138.863 138.933 138.879 139.361
6.02781 6.03973 6.02611 6.04903 5.9326 5.91971 5.90839 5.93697 5.91158 5.93236 5.95675 5.96781 6.0163 5.85829 5.89818 6.46633 6.48309 6.2053 6.47871 6.32464 6.48986 6.49943 6.45899 6.46807 6.48582 6.4609
7.36913 7.38843 7.37942 7.39686 7.07359 7.05582 7.08904 7.10434 7.09493 7.07192 7.14427 7.12318 7.18631 7.19213 7.13956 6.86884 6.78963 7.3638 6.71923 7.21915 6.88482 6.7796 6.6434 6.66391 6.67697 6.7896
4.68138 4.7026 4.69843 4.6986 4.60564 4.5917 4.61136 4.68318 4.5735 4.55726 4.56373 4.53334 4.55982 4.59664 4.54517 4.80786 4.71136 4.61769 4.76382 4.52689 4.67434 4.74138 4.69488 4.76471 4.68188 4.74646
4.67139 4.67347 4.67393 4.66967 4.66299 4.6556 4.65996 4.65663 4.63069 4.63874 4.62909 4.64202 4.63124 4.63183 4.59708 4.83738 4.83084 4.81532 4.81619 4.80727 4.79715 4.83288 4.81543 4.81549 4.82748 4.83693
4.50987 4.51354 4.51271 4.51849 4.48604 4.47933 4.48975 4.47693 4.48784 4.48616 4.48453 4.45794 4.51323 4.47846 4.48241 4.60538 4.60468 4.58926 4.58889 4.63925 4.59593 4.60273 4.60538 4.60547 4.60816 4.59577
4.39467 4.37979 4.40177 4.39144 4.34089 4.3615 4.33257 4.33408 4.33452 4.31644 4.48022 4.44699 4.29538 4.34869 4.36358 4.61578 4.62078 4.52418 4.67315 4.62972 4.63835 4.85717 4.50768 4.63228 4.5804 4.64792
7.90796 7.90091 7.90244 7.889 7.93833 7.99326 7.92892 7.90452 7.92394 7.88241 8.02366 7.9658 7.89839 7.95244 7.90153 7.82068 7.99765 8.06169 7.91264 7.89542 8.07255 7.73563 7.80882 7.86994 7.81508 7.90549
137.042 137.148 137.063 137.129 136.691 136.711 136.491 136.817 136.504 136.623 136.094 136.58 136.529 136.476 136.983 136.15 136.217 137.717 135.651 137.138 136.075 136.067 136.749 135.591 136.346 136.146
12.2026 12.3371 12.5817 12.4902 12.4056 12.3806 12.385 12.5707 12.6036 12.3915 12.1325 12.2707 12.648 12.9119 12.4058 12.4747 12.827 10.481 12.4603 11.6567 12.4869 12.4222 12.8531 12.7422 12.7367 12.4927
5.64167 5.6237 5.63144 5.64029 5.64687 5.64778 5.64321 5.64593 5.65667 5.64064 5.62709 5.59742 5.64222 5.68091 5.63736 5.74885 5.82251 5.83188 5.82478 5.86875 5.81565 5.84841 5.71198 5.75529 5.76797 5.81643
4.66565 4.60673 4.66445 4.72864 4.34416 4.35633 4.34781 4.35333 4.33412 4.35245 4.36353 4.41118 4.35128 4.32784 4.34594 4.74896 4.57045 4.77414 4.89586 4.59826 4.59701 4.73284 4.70979 4.60305 4.6531 4.64721
4.50396 4.53356 4.51964 4.51156 4.50627 4.50068 4.49673 4.51636 4.50451 4.50225 4.4296 4.47565 4.45591 4.43581 4.47767 4.58588 4.54704 4.56622 4.50533 4.57928 4.56758 4.53344 4.55807 4.52242 4.53541 4.5398
4.19915 4.09542 4.17771 4.12306 4.31669 4.3244 4.28949 4.30529 4.2675 4.32988 4.27329 4.30879 4.3265 4.36611 4.45207 4.40255 4.43748 4.72383 4.43252 4.57623 4.62624 4.54196 4.65291 4.50002 4.66198 4.51456
7.36781 7.38553 7.35437 7.37876 7.35096 7.33752 7.28949 7.37407 7.28396 7.34838 7.31017 7.33644 7.4002 7.36273 7.44188 7.31184 7.30022 7.37056 7.26852 7.52246 7.40586 7.30925 7.40652 7.22102 7.33813 7.30463
145.013 146.187 146.231 146.39 145.071 145.146 145.096 145.612 145.357 145.196 145.868 146.35 145.754 147.171 146.258 145.798 146.609 140.901 146.215 144.776 145.574 145.478 146.652 146.712 146.708 145.574
137.19 137.768 137.284 136.892 137.107 137.036 137.071 137.058 137.113 137.041 136.935 137.112 136.891 137.438 137.32 136.586 138.573 136.109 137.016 137.975 138.144 136.281 137.566 137.346 138.856 137.21
10.9983 10.8117 10.9132 10.6122 10.8511 10.8663 10.8024 10.8538 10.79 10.8541 10.9151 10.8532 10.5289 10.8995 10.7415 11.1271 10.5244 12.9716 11.4206 12.7824 10.7834 10.9271 10.682 11.0081 10.7539 11.4368
5.70159 5.58146 5.5884 5.62803 5.65528 5.66246 5.66056 5.66229 5.6489 5.64277 5.60143 5.62306 5.5998 5.65247 5.67453 5.52278 5.94026 5.91971 5.93251 5.86245 5.86797 5.86921 5.91375 5.86894 5.92041 5.94979
4.55878 4.4871 4.49806 4.50118 4.66108 4.65621 4.725 4.6865 4.63189 4.66149 4.5602 4.54006 4.62501 4.66545 4.58638 4.44915 4.69651 4.74395 4.86576 4.41968 4.6518 4.62947 4.74397 4.75285 4.77149 4.74175
4.57077 4.52434 4.52188 4.53869 4.71883 4.71914 4.73161 4.74144 4.71864 4.66011 4.63155 4.63906 4.56149 4.61338 4.61121 4.596 4.66028 4.64206 4.78529 4.63479 4.63324 4.59869 4.58469 4.59221 4.65846 4.64657
4.46124 4.48401 4.4558 4.4748 4.42855 4.42953 4.43993 4.41199 4.44277 4.41397 4.44637 4.44694 4.42984 4.39496 4.44425 4.79915 4.54093 4.51024 4.51193 4.51765 4.50701 4.50638 4.54404 4.51708 4.50893 4.51374
4.38629 4.38504 4.37623 4.39385 4.33271 4.34251 4.34165 4.35055 4.35023 4.33793 4.3774 4.36824 4.32801 4.32832 4.36987 4.60538 4.68004 4.7033 4.60814 4.63503 4.65573 4.65697 4.73207 4.66967 4.70564 4.6722
7.30646 7.55496 7.3572 7.36206 7.36376 7.35535 7.35882 7.37245 7.37479 7.35314 7.48842 7.42904 7.46275 7.54265 7.4912 7.35552 7.78235 7.33514 6.94085 7.73911 7.49708 7.39737 7.65331 7.5174 7.64281 7.47486
90.2981 90.1128 90.6697 90.066 90.0876 90.1087 90.3937 90.3567 90.1791 90.2004 89.8826 90.0561 89.826 89.9365 90.032 92.0129 91.8561 90.4462 91.5199 91.0982 91.7181 92.0109 91.7852 91.9956 91.9391 91.7468
139.077 139.863 139.819 139.784 139.967 140.065 139.949 139.989 140.077 140.096 139.637 139.732 139.265 139.306 139.281 137.826 139.245 137.213 138.781 139.188 139.009 137.311 136.964 136.758 136.343 138.113
11.0943 11.0511 11.1894 11.0014 11.0974 11.105 11.0804 11.1088 11.0775 11.1495 10.9385 10.9321 10.9657 10.9771 10.955 11.2641 11.053 11.0953 11.1896 10.8969 10.8354 10.8902 10.6331 10.3504 9.78608 10.6298
4.90447 5.13951 5.54932 4.90782 5.40347 5.4205 5.5478 5.42559 5.41249 5.3476 5.10785 4.94606 5.18032 5.43414 5.22069 5.85816 5.60282 5.75412 5.48875 5.87379 5.89633 5.70579 5.79886 5.83715 5.91411 5.31816
4.89919 4.89552 4.94245 4.87859 4.26716 4.26839 4.28396 4.25694 4.27246 4.26902 4.19311 4.16571 4.20312 4.08091 4.22625 4.69767 4.61006 4.5038 4.53086 4.63289 4.63551 4.65536 4.65978 4.61364 4.55648 4.618
4.76461 4.75692 4.70348 4.75766 4.75791 4.75973 4.76677 4.76673 4.74141 4.76965 4.70336 4.69774 4.69341 4.71175 4.67643 4.66712 4.58082 4.71657 4.66607 4.70423 4.568 4.59542 4.6226 4.62843 4.52809 4.55873
4.31524 4.35952 4.27759 4.36185 4.3053 4.31073 4.31388 4.30574 4.29626 4.30655 4.24616 4.27404 4.31259 4.12575 4.26802 4.488 4.33331 4.40008 4.13397 4.46576 4.45119 4.47887 4.46058 4.48447 4.47833 4.16849
4.32629 4.3522 4.32948 4.34296 4.36533 4.35452 4.3787 4.36764 4.38043 4.38348 4.31433 4.40857 4.32094 4.35847 4.37473 4.56008 4.67391 4.61695 4.59896 4.66741 4.69443 4.6141 4.62481 4.7086 4.68512 4.59127
4.20257 4.20471 4.2019 4.19955 4.21647 4.22892 4.2259 4.20353 4.22078 4.25948 4.23684 4.19159 4.22217 4.21214 4.18559 4.3774 4.37519 4.35437 4.31477 4.33766 4.31871 4.39576 4.34253 4.36171 4.34937 4.31834
7.81162 7.79449 7.83881 7.74749 7.83231 7.85357 7.86553 7.84262 7.84381 7.85706 7.769 7.82848 7.57375 7.51641 7.70277 8.01545 7.95384 7.57488 7.92775 8.12848 7.69118 7.56802 7.49858 7.52396 7.41026 7.94312
91.127 91.2852 92.108 91.335 91.2212 91.184 91.3052 91.2815 91.3116 91.1181 91.2476 91.0606 91.4595 91.2383 91.2989 91.6664 92.1348 91.5559 91.0149 90.9701 91.956 91.1152 91.5472 91.6401 91.6588 92.0288
154.11 153.808 153.726 153.25 154.548 154.4 154.557 154.535 154.462 154.638 154.625 154.525 154.578 154.809 154.592 154.673 154.489 154.193 154.385 155.902 155.251 154.604 154.018 154.473 154.611 154.961
142.371 142.352 141.563 142.47 142.046 142.143 142.02 142.016 142.005 142.035 141.478 141.718 141.67 142.037 141.426 139.803 141.202 141.252 141.608 140.21 141.128 142.103 139.988 140.16 140.437 139.651
5.95694 5.9278 5.92796 5.94882 5.95239 5.94357 5.94139 5.93773 5.93794 5.94309 5.96566 5.95905 5.94959 5.94236 5.94127 6.29801 6.51513 6.26469 6.4521 6.47458 6.36778 6.40605 6.35459 6.3695 6.40405 6.2528
7.84632 7.81115 7.69167 7.67944 8.07871 8.05348 7.98953 8.06513 8.04395 8.09751 8.15276 8.18199 8.05984 8.17339 8.23881 7.83744 7.31362 7.46058 7.3994 7.77403 7.7159 7.54279 7.37507 7.38222 7.74113 7.26563
4.72433 4.69672 4.67884 4.68681 4.22297 4.22716 4.22397 4.23788 4.23453 4.21531 4.33107 4.33346 4.27729 4.3069 4.33765 4.52492 4.54008 4.71621 4.79447 4.49078 4.60174 4.55295 4.74996 4.72292 4.57348 4.66248
4.68334 4.66984 4.68577 4.67399 4.67198 4.67176 4.64529 4.65693 4.65739 4.66289 4.6537 4.63588 4.64582 4.57464 4.59924 4.85758 4.80827 4.91564 4.89347 4.77862 4.84782 4.96435 4.86789 4.88081 4.89727 4.8418
4.46653 4.45824 4.44978 4.46576 4.45025 4.45156 4.44552 4.46231 4.46141 4.46175 4.45134 4.43651 4.44629 4.42975 4.45272 4.53031 4.95744 4.47558 4.61664 4.55109 4.48657 4.47409 4.55137 4.53168 4.54767 4.71106
4.4776 4.49267 4.54155 4.47363 4.40289 4.41892 4.44652 4.3866 4.44425 4.40509 4.33963 4.36241 4.40026 4.33462 4.34299 4.66196 4.56391 2.61049 4.57794 4.6458 4.50986 4.88954 4.67515 4.57165 4.60914 5.46668
8.49803 8.48784 8.58897 8.48203 8.32321 8.32642 8.29106 8.27315 8.29398 8.29283 8.1051 8.08713 8.0952 8.31177 8.07608 7.68655 7.94473 8.19937 8.29473 7.74895 7.77268 8.61183 7.70914 7.79726 8.00798 7.72072
92.4937 92.4522 92.3604 92.4112 92.3014 92.2839 92.461 92.2058 92.2982 92.3418 91.9745 91.9995 92.1549 92.1364 92.0738 91.9438 91.9546 91.8932 92.1436 91.7229 91.8693 92.5197 92.1983 92.0163 91.6653 91.8045
154.223 153.941 153.831 153.783 153.576 153.57 153.661 153.525 153.381 153.566 152.182 152.28 151.994 152.135 152.245 154.799 154.068 154.083 154.06 154 153.406 154.166 153.688 154.075 154.088 155.151
5.75643 5.80958 5.84728 5.84557 5.49187 5.55094 5.62446 5.54547 5.59203 5.44259 5.37665 5.50518 5.29454 5.22679 5.34939 6.35168 6.24417 6.47505 6.23217 6.35186 6.22412 6.41339 6.27483 6.29377 6.28639 6.23126
8.21214 8.21379 7.939 7.99785 7.76131 7.7945 7.76908 7.83575 7.7724 7.78903 7.79813 8.13059 7.48793 8.02091 7.65873 7.65521 6.94561 7.20647 7.50869 7.34269 6.83506 7.42629 7.5749 7.48762 7.43362 7.7118
4.54241 4.54836 4.54594 4.54933 4.32401 4.336 4.31294 4.3379 4.33387 4.35535 4.33786 4.33956 4.3358 4.33624 4.3055 4.69573 4.5227 4.63167 4.63369 4.66122 4.79149 4.64544 4.63257 4.64439 4.61123 4.52821
4.54909 4.56147 4.55416 4.55229 4.51579 4.52717 4.50125 4.52051 4.50785 4.50169 4.58928 4.57547 4.59635 4.6034 4.58877 4.79054 4.74601 4.47468 4.7385 4.75082 4.82481 4.75372 4.72558 4.72433 4.71878 4.69265
4.29847 4.37691 4.31286 4.34913 4.1159 4.12713 4.17124 4.08444 4.06073 4.05532 4.17782 4.16637 4.14321 4.14849 4.01065 4.64893 4.62813 4.59174 4.50564 4.81914 4.69312 5.02457 4.59517 4.78487 4.77642 4.51654
7.8044 7.82781 7.83484 7.82794 8.03854 8.05388 8.04557 8.00482 8.0234 8.04903 8.02912 7.87602 8.02986 7.87923 7.94288 8.01535 7.74078 8.25658 7.59674 8.339 7.94192 8.01297 7.68019 7.65746 7.97545 7.77225
93.1499 93.142 93.1596 93.1616 93.3192 93.3399 93.356 93.3765 93.2797 93.3055 93.1919 93.1676 93.1923 93.1294 93.1561 92.8528 92.5565 93.081 93.1397 93.1165 93.2786 93.4008 93.2014 93.0953 93.219 92.5422
102.63 102.591 102.783 102.688 102.954 102.918 103.169 102.854 102.832 102.985 103.183 103.208 102.617 102.406 102.671 104.701 101.914 104.287 102.695 103.033 101.945 103.443 103.09 103.011 103.171 103.184
141.196 141.206 141.256 141.267 141.078 141.123 140.936 141.074 140.908 141.09 141.436 141.426 141.382 141.153 141.255 142.559 141.251 141.688 140.965 141.32 141.808 141.215 140.978 140.994 141.712 145.07
5.44153 5.44643 5.4797 5.46353 5.45223 5.45112 5.44509 5.45512 5.4515 5.45198 5.49743 5.4927 5.49607 5.48913 5.48711 5.22686 5.14524 5.48242 5.43764 5.49267 5.42642 5.49784 5.45188 5.45361 5.44423 5.37409
4.39298 4.3884 4.39548 4.39267 4.20391 4.20356 4.20425 4.20232 4.20485 4.20059 4.25578 4.21632 4.20033 4.2072 4.21285 4.36656 4.44186 4.3906 4.35604 4.43805 4.5374 4.34843 4.40691 4.39789 4.32481 4.42869
13.791 13.7756 13.7388 13.8 13.7185 13.6545 14 13.9951 13.943 13.9551 13.4259 13.1415 13.5738 13.4597 13.3365 11.3996 11.8456 13.6178 13.6401 13.6167 14.4458 13.6431 13.6544 13.5649 13.7459 13.4617
4.4758 4.47157 4.47202 4.47332 4.43334 4.42608 4.42711 4.4309 4.41956 4.43168 4.46328 4.46676 4.47208 4.45316 4.45718 4.55717 4.55737 4.55896 4.57664 4.58621 4.57658 4.58162 4.56824 4.58199 4.56733 4.57887
4.40655 4.40145 4.40049 4.4051 4.40713 4.41323 4.4055 4.42746 4.41886 4.42071 4.4464 4.38442 4.41117 4.41597 4.4169 4.40549 4.43197 4.46545 4.42567 4.45856 4.44024 4.45952 4.4417 4.44064 4.44902 4.43017
5.12512 5.06139 5.04445 5.07532 5.13617 5.19104 5.19317 5.21145 5.15054 5.23739 5.06133 5.15354 4.88914 5.07587 4.77982 5.68598 4.99758 5.37644 5.11811 4.97628 4.84606 5.15067 5.02045 4.98683 5.00104 5.44611
4.24814 4.24602 4.27565 4.25632 4.32226 4.32823 4.2851 4.34357 4.34196 4.31304 4.36069 4.34346 4.44553 4.27018 4.38474 4.56386 4.82342 4.77472 4.3882 4.53024 4.58303 4.40218 4.48619 4.57921 4.56288 4.70926
7.60781 7.60171 7.58152 7.59768 7.57101 7.5752 7.61139 7.58431 7.5874 7.63327 7.49531 7.54384 7.58746 7.64562 7.46894 7.82696 7.65474 7.61345 7.57048 7.51259 7.68058 7.53706 7.49919 7.5123 7.47408 7.68045
97.0119 97.5648 97.5992 97.3462 97.9184 98.0749 98.2033 97.6021 97.9381 98.0902 97.6211 97.8173 97.6288 97.5081 97.6224 96.5939 97.9664 97.1234 96.9521 96.9671 96.8127 97.8713 97.11 96.8009 97.1646 98.8956
141.977 141.977 141.951 141.951 141.928 141.928 141.975 141.975 141.644 141.644 141.71 141.71 141.737 141.737 141.822 141.822 141.669 141.669 141.661 141.661 142.013 142.013 142.04 142.04 141.94 141.94
141.617 141.617 141.893 141.893 142.164 142.164 142.771 142.771 142.136 142.136 141.65 141.65 142.211 142.211 141.34 141.34 142.577 142.577 142.053 142.053 142.228 142.228 142.114 142.114 141.91 141.91
5.52127 5.52832 5.53618 5.53182 5.53733 5.5375 5.53641 5.52628 5.52871 5.51985 5.50902 5.50433 5.52608 5.49639 5.48357 5.55047 5.52485 5.57875 5.59791 5.55348 5.58545 5.6279 5.55018 5.58655 5.59029 5.60736
4.34565 4.35978 4.35139 4.35712 4.29049 4.28578 4.28099 4.16596 4.16591 4.30522 4.30088 4.20429 4.28342 4.29215 4.26701 4.40204 4.41548 4.38781 4.37882 4.39421 4.25867 4.42236 4.38842 4.43137 4.4104 4.48824
5.62624 5.62053 5.63838 5.62777 5.59443 5.5976 5.60106 5.59362 5.57244 5.59012 5.59334 5.58466 5.53561 5.56541 5.54411 5.6177 5.61834 5.51001 5.54283 5.57114 5.44593 5.69574 5.58581 5.56104 5.57513 5.54959
7.83004 7.83004 7.80956 7.80956 7.80995 7.80995 7.81705 7.81705 7.78022 7.78022 7.78077 7.78077 7.78105 7.78105 7.81729 7.81729 7.80197 7.80197 7.78208 7.78208 7.8448 7.8448 7.86124 7.86124 7.84793 7.84793
7.80561 7.80561 7.85838 7.85838 7.81576 7.81576 7.86528 7.86528 7.89551 7.89551 7.84588 7.84588 7.84191 7.84191 7.71671 7.71671 7.89036 7.89036 7.84983 7.84983 7.8524 7.8524 7.90313 7.90313 7.78172 7.78172
93.5647 93.5544 93.5674 93.5525 93.9064 93.8397 93.8559 94.0273 93.9385 94.1729 93.8321 93.9731 94.0318 93.7375 93.9325 93.6327 93.5732 93.5611 93.5851 93.5752 93.7524 93.5858 93.6456 93.3077 93.7043 93.847
103.687 103.825 103.802 103.868 104.13 104.13 104.344 103.563 103.789 104.02 104.174 103.747 103.629 103.987 103.765 103.716 104.14 103.133 103.453 104.005 102.446 104.595 103.92 104.165 103.499 102.276
5.53537 5.53819 5.54305 5.53934 5.53681 5.54253 5.54844 5.53048 5.52238 5.53191 5.52068 5.51549 5.50974 5.49912 5.52734 5.45845 5.47582 5.53708 5.51226 5.51554 5.49384 5.5293 5.50345 5.54056 5.51309 5.42835
4.39348 4.39417 4.39696 4.39902 4.35345 4.34491 4.35017 4.35967 4.30613 4.33555 4.23233 4.37212 4.33119 4.30969 4.34296 4.41435 4.41903 4.35913 4.38646 4.42074 4.35907 4.38543 4.406 4.41581 4.36881 4.28893
13.5058 13.4974 13.5253 13.4957 13.8415 13.7574 13.8359 13.9097 13.7486 14.0165 13.3246 13.3551 13.7124 13.4193 13.2633 13.3736 13.3474 13.4218 13.3254 13.3238 11.1158 13.336 13.4245 13.2481 13.4691 11.0246
5.41964 5.44495 5.44203 5.43597 5.46914 5.4816 5.48807 5.46141 5.4849 5.46226 5.48979 5.45093 5.41639 5.46148 5.46217 5.40931 5.43332 5.37273 5.3582 5.42113 5.51872 5.60474 5.41368 5.42112 5.39428 5.61601
7.83522 7.82451 7.83299 7.83136 7.85212 7.85165 7.84624 7.86448 7.85776 7.82879 7.8395 7.81559 7.8111 7.82874 7.8576 7.80292 7.82802 7.80349 7.81748 7.81001 7.84861 7.82163 7.81249 7.80489 7.81584 7.75897
93.2723 93.2592 93.285 93.3052 93.4979 93.4199 93.5035 93.5781 93.5072 93.6158 93.4545 93.5713 93.5269 93.5104 93.4536 93.3833 93.3319 93.0302 93.2601 93.2966 93.6207 92.8507 93.2814 93.3367 93.2693 93.1063
103.035 103.107 103.106 103.056 102.875 102.854 102.792 102.906 102.608 103.069 103.031 102.729 103.063 103.035 102.759 103.422 103.392 102.948 102.977 103.015 103.435 103.237 103.069 103.025 103.104 103.27
142.366 142.408 142.395 142.365 142.284 142.28 142.332 142.237 142.235 142.271 142.237 142.399 142.268 142.289 142.139 142.276 142.309 142.558 142.356 142.532 142.342 142.706 142.428 142.442 142.457 142.359
5.56526 5.56848 5.56664 5.56491 5.56921 5.57556 5.55974 5.55946 5.5548 5.56189 5.54519 5.54344 5.53297 5.53046 5.57463 5.51625 5.53524 5.56372 5.51959 5.53389 5.62991 5.57718 5.52634 5.54823 5.52878 5.67755
4.37822 4.38206 4.37866 4.38228 4.27408 4.27075 4.25957 4.26517 4.26446 4.24528 4.22325 4.19217 4.21941 4.21154 4.2041 4.28124 4.30358 4.35531 4.42139 4.42264 4.23674 4.33541 4.42141 4.40784 4.33666 4.2162
13.368 13.3837 13.3654 13.3892 13.5361 13.6271 13.6718 13.6584 13.7546 13.772 13.6477 13.3015 13.5608 13.5241 13.2844 11.2782 11.2907 13.4319 13.245 13.3322 11.2627 13.2602 13.3085 13.3836 13.4104 11.0299
4.53378 4.53154 4.53513 4.54331 4.49058 4.49359 4.4917 4.45746 4.48079 4.49898 4.49264 4.50665 4.50046 4.47534 4.49982 4.60287 4.62281 4.63944 4.62843 4.63493 4.58929 4.61967 4.63002 4.63189 4.61691 4.59948
4.43276 4.42751 4.43097 4.43695 4.43665 4.42775 4.41192 4.41831 4.41718 4.41628 4.4143 4.44139 4.41523 4.38496 4.45242 4.47158 4.48223 4.4601 4.45985 4.45754 4.5153 4.47654 4.45654 4.46645 4.47598 4.5119
5.59259 5.59368 5.58844 5.60815 5.60002 5.60105 5.59014 5.58913 5.581 5.56894 5.57803 5.57424 5.54959 5.61613 5.53413 5.58283 5.61923 5.57211 5.50956 5.59315 5.62447 5.59187 5.56388 5.5868 5.53062 5.70092
8.0015 7.98517 7.99185 8.01293 8.01635 8.01088 8.0158 8.00575 8.00306 7.99708 8.0005 8.02001 8.02168 8.02726 8.00537 7.97218 8.01415 8.04306 7.98375 8.02169 7.94456 7.97878 8.00603 8.00856 7.96807 8.02053
97.2541 97.1179 97.3085 96.9153 96.4751 96.6011 96.4716 96.5688 96.4001 96.4128 96.799 96.6813 96.8226 96.5787 97.0012 95.8261 95.9405 95.9093 96.801 96.7916 96.3119 96.3892 96.6414 96.8161 96.6993 95.075
142.008 142.008 142.028 142.013 141.651 141.617 141.66 141.815 141.66 141.69 141.841 141.797 141.922 141.893 141.716 142.185 142.068 142.181 141.982 142.099 142.067 142.481 142.095 142.145 142.169 142.406
5.54955 5.54528 5.5464 5.54441 5.51293 5.51787 5.51269 5.5154 5.50522 5.50183 5.50294 5.51363 5.52085 5.47772 5.51024 5.62984 5.62043 5.55828 5.55772 5.55863 5.67572 5.60174 5.55065 5.57374 5.58892 5.68229
4.33142 4.32397 4.33096 4.32297 4.13535 4.13259 4.13823 4.13485 4.13329 4.13332 4.13001 4.12168 4.13687 4.13187 4.13116 4.37573 4.35475 4.38504 4.39387 4.39084 4.39221 4.40094 4.40401 4.3766 4.40954 4.39088
5.66112 5.66827 5.66385 5.65801 5.64977 5.64705 5.65876 5.65855 5.6391 5.6437 5.59997 5.57484 5.58164 5.62228 5.56773 5.65128 5.61789 5.59921 5.55359 5.58111 5.65014 5.62001 5.57745 5.60576 5.57951 5.64353
7.88075 7.88265 7.88003 7.89397 7.86259 7.85931 7.85616 7.87273 7.86572 7.86461 7.86331 7.9013 7.88 7.88486 7.8942 7.91819 7.92243 7.94691 7.88183 7.89946 7.9295 7.98937 7.8947 7.91879 7.92806 8.04195
97.7509 97.6665 97.695 97.565 97.1431 97.1569 96.6166 96.7784 96.6699 96.524 96.9369 96.858 96.5562 96.9707 97.268 97.2434 97.3735 96.7729 96.8623 97.1099 97.5207 96.9128 97.1694 97.0157 96.9114 96.6132
141.456 141.444 141.452 141.469 141.452 141.507 141.527 141.506 141.503 141.416 141.28 141.417 141.473 141.414 141.606 141.537 141.527 141.637 141.535 141.703 141.499 141.713 141.6 141.702 141.7 141.491
5.56799 5.56845 5.56619 5.56385 5.54412 5.54353 5.54096 5.54044 5.54452 5.52635 5.53871 5.5521 5.56301 5.53406 5.55156 5.62808 5.61549 5.56983 5.57379 5.57543 5.62457 5.59255 5.57463 5.58987 5.58343 5.60695
4.3067 4.30914 4.31353 4.31208 4.14676 4.14828 4.15074 4.15167 4.15181 4.15155 4.14995 4.14349 4.13176 4.13117 4.13911 4.39601 4.34796 4.39496 4.39296 4.39136 4.4058 4.39493 4.40034 4.38965 4.40748 4.39228
5.5496 5.54228 5.55172 5.54009 5.46567 5.44314 5.45063 5.47404 5.45337 5.43005 5.46902 5.47167 5.49646 5.49032 5.44155 5.44318 5.34174 5.42071 5.43064 5.43073 5.41043 5.42906 5.45475 5.41971 5.45649 5.35291
7.75871 7.75954 7.76343 7.76527 7.77897 7.77698 7.78196 7.7704 7.78589 7.77476 7.77067 7.78899 7.78747 7.76843 7.76812 7.7701 7.77746 7.7475 7.7599 7.75722 7.78053 7.75825 7.75804 7.76363 7.77219 7.78737
98.9257 98.9032 98.8649 98.7971 98.3586 98.482 98.18 97.8286 97.9189 97.7381 98.1739 98.0837 98.2797 98.6236 98.2697 98.4854 96.5536 98.1417 97.7594 98.3466 96.5388 98.306 98.4175 98.1105 98.0204 96.2899
141.557 141.564 141.578 141.576 141.455 141.555 141.571 141.5 141.526 141.465 141.424 141.491 141.488 141.477 141.603 141.664 141.54 141.657 141.694 141.742 141.5 141.714 141.791 141.722 141.729 141.654
5.62652 5.62832 5.63101 5.62594 5.61611 5.62111 5.60591 5.60725 5.62048 5.62012 5.62349 5.60758 5.61977 5.6068 5.62405 5.64185 5.54453 5.6591 5.65923 5.6589 5.55435 5.66798 5.66416 5.68223 5.66663 5.54293
4.13355 4.13694 4.13986 4.13911 4.04331 4.04149 4.02651 4.08692 4.09621 4.0927 4.1071 4.1007 4.09377 4.06045 4.1023 4.18444 4.14715 4.1862 4.18891 4.18058 4.17385 4.18275 4.18234 4.20473 4.1909 4.18679
5.57963 5.5792 5.57729 5.58401 5.53969 5.54982 5.54341 5.56534 5.54899 5.51811 5.50657 5.49401 5.57834 5.57459 5.57905 5.50544 5.45592 5.48754 5.46843 5.50392 5.46501 5.50275 5.49943 5.48411 5.50058 5.43305
7.73434 7.73434 7.73762 7.73823 7.73089 7.72309 7.75508 7.74677 7.75749 7.76264 7.76007 7.76667 7.75866 7.72563 7.7481 7.74006 7.75812 7.74676 7.76045 7.74737 7.7535 7.74837 7.74931 7.75358 7.75522 7.76401
