91.9326 91.9331 91.9598 91.9997 91.9852 92.1018 92.4131 92.5098 92.4449 92.0121 92.0052 92.0065 92.0046 92.0585 92.0354 92.0141 92.0262 92.0654 91.9917 92.063 92.0478 92.0113 91.998 92.0178 91.9934 92.0274 91.9802 92.0186 91.9937 92.002
75.3647 75.5405 75.3729 75.4702 75.4267 75.407 75.4389 75.5479 75.5912 75.5275 75.5057 75.5131 75.5366 75.7281 75.4874 75.7706 75.6918 75.7815 75.6678 75.6699 75.5249 75.4924 75.9389 75.8578 75.5564 75.631 75.5956 75.5753 75.4664 75.6547
73.1509 73.1381 73.6663 72.8479 72.9016 72.7949 72.6584 73.1055 72.8561 73.8741 73.7217 74.0766 74.0316 74.0366 73.5235 73.977 74.0392 74.0632 74.1907 73.724 73.8875 74.0398 73.9338 74.3508 73.7482 74.2551 73.5873 74.3366 73.7286 74.2716
82.8931 82.8857 83.1059 82.8359 82.8859 82.7911 82.7842 82.772 82.6287 83.1041 83.0918 83.1847 83.1556 83.1284 83.0512 83.1565 83.168 83.1904 83.1998 82.9332 83.0155 83.1318 83.1685 83.2905 83.0594 83.1741 82.9912 83.2257 83.0116 83.2707
66.2444 66.3494 66.3378 66.309 66.4157 66.3965 66.4225 66.4632 66.498 65.9656 65.9492 66.0643 65.9336 66.0596 65.9189 65.8943 66.0501 65.8593 66.1382 65.9713 65.9242 66.0021 65.9165 65.9641 66.0019 66.0867 65.9554 66.2181 65.8572 66.0208
136.987 137.364 138.032 137.135 137.254 137.392 137.76 138.256 137.921 138.705 138.601 138.77 138.831 138.929 138.622 138.857 138.916 139.001 138.863 138.616 138.871 138.757 138.9 139.173 138.439 138.996 138.388 138.913 138.606 139.154
12.6379 12.5597 12.4427 12.563 12.5209 12.733 12.2024 12.3363 12.366 12.3298 12.3352 12.275 12.2911 12.3324 12.377 12.374 12.355 12.3316 12.3711 12.3266 12.3053 12.3171 12.2876 12.363 12.3756 12.3232 12.2969 12.3825 12.3345 12.333
5.68588 5.70759 5.70477 5.69654 5.6988 5.71265 5.69821 5.68854 5.69376 5.89832 5.90176 5.89953 5.8966 5.89299 5.91726 5.90075 5.90542 5.89964 5.89912 5.89122 5.9032 5.8947 5.91788 5.90756 5.89788 5.89774 5.90038 5.90764 5.89876 5.92148
4.58754 4.60266 4.5818 4.60396 4.60611 4.63615 4.53477 4.47386 4.34681 4.68672 4.69711 4.70049 4.68247 4.7315 4.69941 4.63489 4.7164 4.64613 4.70637 4.7017 4.71471 4.71026 4.60629 4.66039 4.72968 4.73655 4.7245 4.76674 4.69739 4.74653
4.57599 4.57494 4.58835 4.56386 4.55901 4.55024 4.43556 4.51131 4.44927 4.60602 4.61311 4.63748 4.64088 4.65218 4.5945 4.61963 4.62165 4.61914 4.64203 4.59214 4.63044 4.63566 4.59959 4.64324 4.64457 4.65871 4.63867 4.62228 4.61781 4.66096
4.50807 4.50643 4.49933 4.50621 4.5064 4.50613 4.48288 4.46209 4.49574 4.52856 4.52807 4.52847 4.52889 4.52716 4.51791 4.52577 4.52246 4.51639 4.53149 4.54311 4.543 4.53959 4.51742 4.5137 4.53074 4.5304 4.53021 4.53379 4.53056 4.51795
4.33917 4.32825 4.31605 4.31196 4.32155 4.29885 4.25589 4.26341 4.27037 4.72295 4.72087 4.73388 4.72492 4.74342 4.71153 4.71552 4.72312 4.71418 4.7286 4.72532 4.7351 4.72776 4.70801 4.71474 4.72658 4.73831 4.72397 4.73027 4.76586 4.72474
4.25988 4.28018 4.24406 4.27121 4.24094 4.26514 4.24803 4.2524 4.23339 4.30464 4.30705 4.30823 4.30088 4.2976 4.30282 4.3053 4.30099 4.29623 4.30965 4.30381 4.31647 4.30683 4.30261 4.30087 4.31177 4.3139 4.31556 4.32595 4.33827 4.30367
7.88445 7.96128 7.81659 7.9141 7.80065 7.89639 7.80635 7.88737 7.88638 8.0158 8.06118 8.04646 8.05934 8.07508 7.95936 8.01967 8.01922 8.00621 8.07462 8.09347 8.07471 8.08401 7.95892 8.0219 8.21226 8.05511 8.27091 8.02773 8.04579 8.02539
146.434 146.646 146.436 146.644 146.549 146.651 146.226 146.156 145.715 145.364 145.437 145.143 145.411 145.2 145.382 145.519 145.221 145.329 145.464 145.222 145.247 145.358 145.214 145.244 145.649 145.409 145.402 145.218 145.318 144.897
92.3681 92.4292 92.4534 92.3845 92.4192 92.5224 92.9514 92.8898 92.727 92.7489 92.8012 92.7583 92.7526 92.5325 92.789 92.7139 92.6876 92.7129 92.6686 92.679 92.7342 92.6757 92.8435 92.6234 92.6826 92.5895 92.6264 92.8825 92.7145 92.7542
75.1018 74.9653 75.2655 74.9659 74.9417 75.0838 75.2852 75.3691 75.512 75.2249 75.462 75.3332 75.2731 75.3796 75.2744 75.5027 75.4156 75.602 75.263 75.6627 75.3954 75.2511 75.4394 75.8243 75.3731 75.3005 75.4203 75.242 75.2834 75.4329
72.0554 72.297 72.2033 72.6321 71.8347 72.2205 72.448 73.2126 73.0999 73.1212 72.7654 73.0787 72.9646 73.2098 72.4925 73.6597 73.0668 73.7607 73.1514 72.8413 72.9645 73.2943 73.3435 73.9631 72.7986 73.2175 72.9378 72.7857 73.1182 72.8404
82.5079 82.5302 82.5657 82.6402 82.4551 82.4717 82.5801 82.5909 82.5781 82.5636 82.4151 82.5423 82.5435 82.656 82.2997 82.7026 82.5494 82.831 82.603 82.4352 82.4186 82.627 82.6098 82.8067 82.4664 82.4001 82.4692 82.3319 82.4912 82.3301
65.5821 65.5724 65.6666 65.6032 65.4639 65.4777 65.7007 65.6316 65.6492 65.7151 65.7004 65.7286 65.7009 65.6758 65.6624 65.9844 65.7484 65.9529 65.7368 65.7915 65.7221 65.8531 65.9791 65.9812 65.7213 65.7808 65.7195 66.0501 65.7281 65.615
135.297 135.462 135.662 135.85 135.195 135.89 135.789 135.904 136.176 136.438 136.37 136.395 136.481 136.517 136.354 137.387 136.658 137.341 136.546 136.22 136.426 136.403 137.423 137.683 136.294 136.503 136.455 136.204 136.43 136.87
12.5967 12.5855 12.7816 12.6171 12.5197 12.6585 13.3642 13.0567 12.8357 12.9463 12.975 12.9283 12.9632 13.0129 12.9934 13.0418 12.9629 13.0677 12.9486 13.0494 13.0154 12.9487 13.0185 13.045 13.0129 12.9775 13.0536 12.9786 12.9787 12.9707
5.67941 5.67458 5.68959 5.67479 5.67028 5.68606 5.675 5.69088 5.6906 5.87471 5.88585 5.88169 5.87725 5.9061 5.86127 5.90053 5.89051 5.91982 5.87567 5.90101 5.89288 5.88888 5.8731 5.92415 5.88254 5.89751 5.88809 5.89564 5.87807 5.88301
4.48833 4.46818 4.51702 4.52827 4.4777 4.52232 4.2377 4.22622 4.24442 4.59052 4.57026 4.56465 4.59412 4.57921 4.63927 4.62984 4.58388 4.64104 4.58938 4.56671 4.60528 4.60937 4.61052 4.65328 4.58361 4.62668 4.61536 4.57837 4.613 4.61636
4.57042 4.56124 4.57561 4.55546 4.55541 4.56525 4.55357 4.53511 4.51753 4.60229 4.55542 4.59122 4.58102 4.6085 4.53881 4.59087 4.59763 4.61698 4.58653 4.53994 4.58618 4.6178 4.57648 4.61788 4.56921 4.64012 4.5697 4.60399 4.59502 4.59057
4.51497 4.50926 4.51056 4.50651 4.51474 4.51832 4.47214 4.48269 4.46816 4.52258 4.52636 4.52159 4.52397 4.53187 4.51274 4.53646 4.52136 4.5213 4.52246 4.52753 4.53268 4.5229 4.52667 4.52435 4.54058 4.54451 4.5368 4.55469 4.52246 4.52367
4.3845 4.40189 4.4103 4.43104 4.3781 4.40969 4.40006 4.42185 4.42357 4.70668 4.68292 4.7064 4.69571 4.7719 4.67386 4.74194 4.71657 4.76166 4.72582 4.71224 4.69521 4.70746 4.67403 4.79478 4.71158 4.82602 4.70402 4.7422 4.72775 4.70206
4.24895 4.24306 4.25194 4.25389 4.24946 4.26095 4.17914 4.18787 4.22773 4.33521 4.33312 4.33202 4.33055 4.31248 4.3311 4.44001 4.32445 4.38549 4.32257 4.32644 4.33589 4.34532 4.49253 4.40279 4.33277 4.42645 4.32934 4.36677 4.3576 4.33336
7.64321 7.50728 7.57698 7.53593 7.54061 7.60524 7.54923 7.43784 7.35634 7.51904 7.52199 7.49936 7.48875 7.46373 7.53219 7.64227 7.51113 7.57082 7.46384 7.49842 7.47261 7.47168 7.79393 7.62518 7.49594 7.44361 7.47536 7.51802 7.49521 7.50564
146.673 146.73 147.235 146.998 146.588 147.153 149.482 149.557 149.144 149.302 149.308 149.259 149.26 149.461 148.919 149.08 149.334 149.172 149.286 149.699 149.299 149.342 148.988 149.07 149.429 149.506 149.355 149.221 149.367 149.224
93.1832 93.0696 93.2096 93.1496 93.0756 93.2551 93.4344 93.0477 93.1607 93.4911 93.5116 93.4129 93.5658 93.312 93.689 93.4151 93.7819 93.4452 93.503 93.5148 93.5047 93.3286 93.6913 93.1969 93.5009 93.6685 93.5529 93.4365 93.5933 93.5532
75.7381 75.8064 75.7606 75.857 75.7711 75.7494 75.3653 75.7449 75.9667 75.6284 75.7489 75.6133 75.6295 75.807 75.6853 75.768 75.4508 75.6776 75.603 75.7576 75.6725 75.7879 75.5837 75.9419 75.6294 75.6693 75.634 75.6801 75.5664 75.7631
72.4253 72.1947 72.408 72.2348 72.2514 72.283 73.663 72.5731 72.0053 72.3658 72.0411 72.253 72.1389 72.1465 72.1463 72.147 71.948 72.0129 72.2294 71.8977 72.1558 72.1804 71.7717 71.7284 72.3093 72.1189 72.3539 72.073 72.3039 72.111
82.8856 82.994 82.7963 82.9579 83.0165 82.8375 82.8145 82.8605 82.7963 82.7123 82.6477 82.7389 82.6178 82.7302 82.4505 82.5587 82.6547 82.5397 82.7234 82.5686 82.5695 82.7573 82.3909 82.7224 82.6837 82.3428 82.5865 82.557 82.5299 82.6735
96.1292 94.6445 96.5206 95.0496 94.6215 95.7713 97.0366 95.9213 95.9034 96.3145 96.4135 96.2869 96.3767 96.0248 96.7261 96.3483 97.0584 96.6908 96.312 96.3234 96.7408 96.5552 96.5881 98.9617 96.3083 96.5926 96.549 95.6386 96.4665 98.8889
64.7732 64.8786 64.5874 64.8128 64.8098 64.7158 64.84 64.6113 64.6405 64.9245 64.8362 64.8938 64.8159 64.8832 64.9148 64.9217 65.0503 64.856 64.9573 65.0354 64.792 64.9649 64.8499 65.2307 65.0321 65.1336 65.0046 65.0234 64.9789 65.1729
140.445 140.499 140.217 140.473 140.42 140.346 140.53 140.698 140.617 140.798 140.768 140.774 140.82 140.762 140.737 141.072 141.044 140.986 140.666 140.856 140.744 140.895 140.711 141.791 140.858 140.665 141.001 140.791 140.8 141.558
5.52564 5.50431 5.51759 5.51157 5.50789 5.51328 5.52323 5.50979 5.51103 5.56758 5.58162 5.5609 5.58739 5.57733 5.58496 5.60252 5.61765 5.60359 5.56408 5.58823 5.60873 5.57555 5.61794 5.61339 5.57176 5.5914 5.59084 5.58506 5.56983 5.58531
4.41226 4.3905 4.36921 4.38816 4.39394 4.39091 4.36212 4.21125 4.1416 4.43859 4.43404 4.43452 4.4201 4.43586 4.43733 4.46293 4.38547 4.46111 4.44907 4.4563 4.41067 4.46974 4.40915 4.46111 4.45557 4.43539 4.46688 4.38618 4.46636 4.44766
4.48694 4.4804 4.46825 4.48268 4.47869 4.48234 4.49781 4.45648 4.46961 4.50163 4.50356 4.50136 4.50257 4.5346 4.50303 4.50796 4.46587 4.50496 4.49843 4.50629 4.4849 4.493 4.50025 4.47782 4.52137 4.51722 4.52045 4.47025 4.51157 4.47791
4.31134 4.30295 4.31139 4.3 4.30398 4.30691 4.29692 4.28736 4.32043 4.35796 4.36425 4.36186 4.35752 4.36434 4.36092 4.3694 4.37264 4.38052 4.3626 4.3625 4.36631 4.35898 4.36935 4.32129 4.36242 4.3725 4.36622 4.35113 4.36712 4.32066
4.86021 4.85334 5.01738 4.95699 4.78833 5.02942 5.20536 5.05983 5.10791 5.02031 5.0924 5.00973 5.01937 4.95556 5.15808 5.02229 5.16201 5.08494 5.0485 5.09703 5.10668 5.07672 5.11093 5.35092 5.04176 5.14553 5.11145 4.95155 5.0922 5.37569
4.34374 4.363 4.39013 4.36879 4.36233 4.34773 4.36471 4.34156 4.37222 4.44351 4.46334 4.45469 4.44528 4.4883 4.43479 4.51079 4.42947 4.55434 4.46537 4.44205 4.45242 4.55592 4.44045 4.50093 4.45023 4.64902 4.45054 4.52073 4.47393 4.59612
4.17547 4.1663 4.16068 4.15869 4.16646 4.17599 4.17855 4.11948 4.12286 4.50012 4.50652 4.51207 4.49719 4.50687 4.49778 4.49626 4.53985 4.50001 4.50037 4.53897 4.49514 4.46767 4.50764 4.60931 4.51945 4.53904 4.51201 4.50734 4.52698 4.55733
7.45488 7.49331 7.44154 7.49273 7.48803 7.47503 7.50703 7.48362 7.49822 7.58189 7.59026 7.57193 7.58804 7.53297 7.6244 7.59006 7.70336 7.58548 7.57653 7.61303 7.60168 7.55977 7.59484 7.6095 7.57053 7.57924 7.60611 7.56061 7.588 7.65098
92.5691 92.4328 92.37 92.361 92.4659 92.4352 92.8294 91.8834 91.981 92.7398 92.8309 92.6963 92.7771 92.5294 92.9117 92.89 92.7363 92.9 92.825 92.7878 92.7444 92.7299 92.7305 92.4421 92.7553 92.7472 92.8175 92.644 92.7038 92.7782
153.987 153.857 153.831 153.921 153.997 153.892 153.931 154.062 154.144 153.685 153.685 153.73 153.972 153.606 153.906 153.566 153.534 153.751 153.666 153.997 153.897 153.678 154.13 153.778 153.784 153.768 153.639 153.947 153.862 153.693
75.4089 75.4459 75.4991 75.4579 75.4798 75.4794 75.8479 75.8673 75.952 75.6547 75.7041 75.6571 75.9698 75.699 75.4893 75.6263 75.5228 75.539 75.4937 75.6837 75.5743 75.5006 76.0139 75.5994 75.5098 75.7478 75.6509 75.5363 75.6057 75.9062
73.8513 73.63 73.5557 73.6448 73.6498 73.6441 73.6073 73.4702 73.6326 72.8968 72.8856 73.1921 72.815 72.9837 72.8982 72.8521 73.3401 72.7544 73.1386 72.3607 73.4082 73.141 72.9842 73.1376 73.0676 73.4947 72.9312 73.3445 72.7672 73.0103
82.9559 82.9618 82.9639 82.9786 82.9813 82.9422 82.6128 83.2094 83.0927 82.4725 82.5059 82.5167 82.4226 82.5173 82.3371 82.3854 82.4422 82.2578 82.5624 82.3003 82.623 82.6008 82.3485 82.7729 82.4782 82.5894 82.4476 82.6932 82.2089 82.2298
65.6392 65.5424 65.5255 65.4967 65.5581 65.5637 65.1673 65.186 65.3206 65.4845 65.3832 65.5093 65.3669 65.3509 65.439 65.4892 65.5427 65.4284 65.5382 65.5228 65.5149 65.509 65.5188 65.5242 65.5839 65.5852 65.5877 64.919 65.4545 65.4386
140.272 139.758 140.053 139.928 140.052 140.063 140.545 139.965 139.268 139.521 139.315 139.402 139.609 139.341 139.372 139.344 138.541 139.216 139.253 139.189 139.777 139.213 139.481 138.731 139.497 139.468 139.473 139.279 139.345 139.541
5.96727 5.97199 5.96743 5.96724 5.96736 5.96356 5.96745 5.91597 5.94452 6.41172 6.42807 6.40514 6.44953 6.41598 6.41603 6.4277 6.38889 6.43914 6.40917 6.4257 6.43072 6.43049 6.46057 6.45719 6.41796 6.4081 6.42185 6.42556 6.39973 6.45145
7.59449 7.62075 7.62079 7.60249 7.62963 7.63587 7.51621 7.6024 7.80834 6.98723 6.9847 7.04513 7.00955 7.04897 6.96116 6.96052 7.00904 6.90634 7.01555 6.99572 7.04057 6.97354 7.04326 6.98931 6.98423 7.06038 6.98222 7.00574 7.07155 6.96792
4.46101 4.45711 4.46976 4.4819 4.47035 4.47025 4.19051 4.17803 4.16717 4.66039 4.59958 4.61728 4.57283 4.62846 4.66619 4.63797 4.56232 4.65378 4.64047 4.67751 4.61473 4.64387 4.57937 4.59781 4.68737 4.62358 4.64329 4.57798 4.69044 4.6094
4.65261 4.65259 4.64146 4.63888 4.64726 4.65376 4.67895 4.6663 4.62738 4.81108 4.77992 4.8221 4.78042 4.80046 4.80498 4.80675 4.78969 4.80729 4.79879 4.79457 4.80157 4.77306 4.76842 4.74408 4.80276 4.80426 4.80506 4.68935 4.81837 4.79922
4.48851 4.48712 4.48221 4.48069 4.48409 4.48498 4.47142 4.43378 4.45919 4.58829 4.58314 4.5903 4.58835 4.59139 4.58339 4.59265 4.57902 4.59225 4.57744 4.58737 4.58744 4.58573 4.58939 4.58339 4.58134 4.57632 4.59044 4.5499 4.5972 4.59689
4.50331 4.5528 4.57518 4.53381 4.51983 4.53914 4.37645 4.53993 4.56588 4.62098 4.67881 4.63442 4.66822 4.73632 4.62506 4.63792 4.90265 4.65171 4.66082 4.6468 4.64603 4.73565 4.69395 4.78111 4.65135 4.64203 4.63427 4.8147 4.66477 4.70064
4.24058 4.24113 4.23609 4.23843 4.2408 4.2421 4.2318 4.20179 4.19082 4.4393 4.44076 4.44204 4.44055 4.44209 4.44944 4.45678 4.53754 4.46231 4.43622 4.45736 4.43441 4.44697 4.44681 4.44112 4.4555 4.39561 4.45635 4.43597 4.47517 4.46391
8.141 8.14355 8.16908 8.08348 8.11589 8.13711 8.14222 8.01499 7.98873 7.96001 7.9862 7.98862 8.01162 7.96346 7.98773 7.9471 8.06778 7.96371 7.99483 7.94635 8.06118 7.98071 8.08834 7.93077 7.98413 7.94204 7.96751 7.85753 7.93256 7.99519
92.8728 92.9681 92.897 92.8449 92.8125 93.0061 93.1808 92.9634 93.028 93.2755 93.165 93.0553 92.899 93.1268 92.9846 93.2355 93.1976 92.9553 93.2179 93.1227 93.0435 93.2514 93.0652 92.8466 93.1336 93.1075 93.003 92.8841 92.9666 92.9131
75.9054 75.6515 75.9017 75.7574 75.906 75.6156 75.4874 75.4466 75.3105 75.5924 75.6527 75.7314 75.7294 75.7549 75.9432 75.6086 75.5818 75.9602 75.5496 75.9456 75.932 75.7295 75.8207 75.8362 75.5547 75.7089 75.7682 75.9097 75.8376 75.9256
72.8478 72.652 72.5134 72.8153 72.7516 72.5424 72.931 73.0965 72.8497 72.4722 72.5351 72.6689 72.5811 72.6681 72.0482 72.5189 72.7962 72.1388 72.7449 72.5752 73.1397 73.0048 71.7084 72.5775 72.7435 73.1112 72.6522 72.2061 73.0296 72.9419
82.9823 83.0987 83.1148 83.1181 83.0933 83.0488 82.7703 82.8266 82.7266 82.7325 82.8552 82.8974 82.7163 82.7255 82.8479 82.7344 82.8379 82.7544 82.8794 82.6331 82.8873 82.8084 82.524 83.1419 82.7792 83.1153 82.7523 83.0064 82.605 82.8921
97.3391 96.9105 96.796 96.877 96.748 97.2035 98.4928 97.6716 97.4748 97.1896 96.8936 97.2922 97.8382 97.438 98.3535 97.087 97.0709 97.2405 96.9993 96.6847 97.4381 97.1171 99.0052 96.7839 98.8295 96.9301 97.1454 95.3041 97.6927 99.1216
65.0287 65.2316 65.1286 64.9872 65.0043 65.2147 65.1863 65.5385 65.3573 65.3692 65.202 65.2288 65.0346 65.294 65.1119 65.5064 65.2282 65.1329 65.4288 65.6595 65.1827 65.3885 65.06 65.0215 65.3853 65.3037 65.4197 64.7808 65.203 64.7849
140.384 140.385 140.407 140.347 140.432 140.345 140.55 141.047 140.755 140.299 140.43 140.417 141.139 140.34 140.889 140.3 140.473 140.529 140.34 140.421 140.464 140.257 141.285 140.435 140.772 140.417 140.372 140.231 140.696 141.241
5.47142 5.45715 5.45799 5.446 5.44744 5.45269 5.4252 5.28587 5.2426 5.46729 5.46404 5.47071 5.45748 5.48621 5.472 5.4844 5.48678 5.4905 5.47321 5.48082 5.51992 5.47538 5.45312 5.4721 5.46612 5.46811 5.46918 5.46997 5.52461 5.50982
4.41616 4.42659 4.41328 4.4221 4.41016 4.43516 4.36228 4.4008 4.3647 4.47162 4.46717 4.41676 4.47034 4.39167 4.4594 4.4345 4.42516 4.43672 4.44109 4.46509 4.2855 4.40469 4.4629 4.47344 4.50319 4.39035 4.45293 4.40156 4.30102 4.31035
4.40065 4.39154 4.3972 4.36143 4.38231 4.38297 4.41341 4.37139 4.3652 4.41277 4.42426 4.42817 4.43012 4.42302 4.44392 4.43651 4.43715 4.43578 4.44097 4.47282 4.45174 4.45298 4.44835 4.38262 4.47047 4.39745 4.46002 4.39308 4.46472 4.44132
4.28453 4.28137 4.27536 4.27566 4.27763 4.28196 4.27716 4.29059 4.27814 4.34562 4.32826 4.35005 4.34777 4.34458 4.31131 4.34093 4.33867 4.33461 4.33775 4.34248 4.33653 4.33095 4.31302 4.31531 4.33088 4.33262 4.33869 4.31362 4.34685 4.32631
5.14468 5.16483 5.1928 5.2383 5.22592 5.19357 5.44098 5.37197 5.45767 5.16693 5.15443 5.16611 5.34524 5.20361 5.19268 5.18795 4.98473 5.14894 5.13397 5.18198 5.13246 5.15759 5.45557 5.17371 5.29252 5.17435 5.14708 4.89643 5.32895 5.42613
4.40543 4.28312 4.26735 4.44823 4.45762 4.23442 4.24104 4.07714 4.06912 4.26656 4.26742 4.3045 4.63014 4.1464 4.50334 4.18459 4.32359 4.56419 4.28245 4.29021 4.30414 4.33102 4.51137 4.6689 4.50107 4.23886 4.29588 4.56517 4.25432 4.55195
4.13031 4.15516 4.15494 4.11385 4.11986 4.15663 4.09346 4.08676 4.11291 4.47178 4.47772 4.48135 4.46004 4.47934 4.49678 4.49295 4.48765 4.48133 4.48141 4.49344 4.45352 4.47743 4.53622 4.4371 4.49776 4.42968 4.48556 4.45494 4.49973 4.51929
7.37772 7.45324 7.42309 7.41128 7.41837 7.42516 7.44258 7.46818 7.45556 7.37894 7.39278 7.40934 7.49256 7.40979 7.41094 7.38695 7.34072 7.3817 7.39435 7.31183 7.36506 7.35391 7.46494 7.38988 7.42118 7.41534 7.33094 7.35356 7.45164 7.53464
92.1876 92.4215 92.2753 92.2755 92.2277 92.5179 91.9798 92.5116 92.9142 92.4788 92.1761 92.0414 92.1084 92.0344 91.7516 92.0759 91.9916 91.6707 91.924 91.9405 91.2636 91.8882 91.5996 91.9774 91.8639 91.9437 91.2285 91.5898 91.2841 91.1442
154.095 154.14 154.155 154.069 154.221 154.231 153.892 154.019 153.991 153.227 153.105 154.196 153.042 154.275 154.009 154.408 154.376 154.243 154.188 155.82 154.09 154.052 154.049 154.209 153.758 154.392 154.551 154.55 154.401 153.381
75.8649 75.8554 75.8986 75.8611 75.8451 75.8861 75.9486 75.8801 75.8059 76.0137 75.8075 75.8657 76.2684 75.9855 76.1984 75.8391 76.0918 76.3183 76.1981 76.1088 75.8708 75.8959 76.0678 76.1958 76.083 76.0496 76.3372 75.9434 75.5574 75.7956
73.8737 73.574 73.5723 73.3736 73.5651 73.4326 73.3609 73.4857 73.2676 72.9041 73.586 73.4317 73.7905 73.4209 73.7193 73.8104 74.158 74.0068 73.7571 73.7918 74.0691 73.6757 73.3967 73.3694 73.7367 73.8372 73.8891 73.8773 74.5092 74.4775
83.1109 83.0139 83.1349 82.9911 83.0907 82.9293 82.7207 82.6225 82.5529 82.2836 82.717 82.6294 82.3209 82.7527 82.8005 82.7044 82.7705 82.7488 82.6836 82.1576 83.1592 82.8243 82.7338 82.8238 82.5922 82.9371 83.1054 83.0018 83.1181 83.0314
66.052 66.1502 66.0165 66.0116 66.0142 66.1263 65.794 65.9145 66.0473 65.7803 65.8402 65.8033 65.7745 65.7188 65.7147 66.1954 65.9007 65.6895 65.9263 66.186 65.5648 65.818 66.3727 65.8873 66.363 66.0108 65.8631 65.847 66.1619 65.6349
140.667 140.693 140.388 140.299 140.386 140.689 140.612 140.101 139.58 139.123 139.88 139.778 139.884 139.877 139.631 139.67 139.973 139.765 139.652 139.037 140.639 139.649 139.508 138.905 139.736 139.598 140.327 139.524 140.694 140.775
6.01513 6.00128 6.01034 5.99928 6.01684 6.01019 5.9221 5.92907 5.92096 6.44186 6.44311 6.37808 6.49433 6.39513 6.47746 6.44816 6.41403 6.46884 6.46418 6.55584 6.35124 6.43852 6.54461 6.4765 6.4524 6.44865 6.4625 6.39697 6.45146 6.42919
7.56479 7.64445 7.66505 7.6563 7.6897 7.68718 7.4907 7.32006 7.33577 6.80362 6.80993 7.02677 6.73998 7.10903 7.02026 7.23404 7.08665 7.04559 7.12894 7.08124 7.33838 7.10549 7.56479 7.1865 7.01333 7.2159 7.33947 7.10741 7.28097 6.97749
4.6959 4.70703 4.68001 4.69088 4.71451 4.71752 4.42341 4.24093 4.24006 4.6609 4.73594 4.7251 4.64644 4.67848 4.56774 4.74007 4.63052 4.53322 4.64627 4.86232 4.61765 4.69347 4.57494 4.54719 4.59373 4.74255 4.54484 4.70008 4.60891 4.72235
4.68004 4.68498 4.6784 4.67836 4.67381 4.69205 4.56921 4.58379 4.56128 4.7972 4.83145 4.87216 4.82673 4.81759 4.81127 4.94509 4.87667 4.81557 4.89085 4.86505 4.80675 4.882 4.75844 4.79767 4.88893 4.89297 4.87446 4.80977 4.76606 4.89078
4.48844 4.48635 4.48703 4.47884 4.48375 4.48567 4.46187 4.456 4.47066 4.59249 4.5938 4.58591 4.60296 4.58131 4.60018 4.58223 4.59024 4.59762 4.59523 4.68221 4.58417 4.60195 4.57975 4.60278 4.61618 4.59995 4.58295 4.5718 4.58642 4.58829
4.50577 4.49343 4.52869 4.53924 4.53069 4.4991 4.41545 4.42804 4.44339 4.54501 4.64805 4.58844 4.60334 4.61942 4.76507 4.59787 4.58818 4.70857 4.58987 4.58036 4.71568 4.67132 4.65107 4.70442 4.68997 4.5663 4.78886 4.73138 4.67333 4.76623
4.27708 4.27886 4.27791 4.2679 4.27138 4.27744 4.20536 4.2505 4.25431 4.47512 4.47075 4.47693 4.49284 4.45956 4.4957 4.47746 4.482 4.52538 4.49446 4.50116 4.46196 4.48025 4.52325 4.51952 4.52095 4.47228 4.48578 4.46535 4.52118 4.48939
8.08435 8.16513 8.1344 8.16689 8.09539 8.20713 8.03231 8.01912 8.04006 7.79761 7.92007 7.88144 7.83462 7.83666 7.89795 7.88538 7.88203 7.8994 7.89852 7.71058 8.14868 7.89605 7.92261 7.85079 7.96309 7.93205 7.96017 7.88146 7.93033 8.12309
91.1965 91.2195 91.1788 91.1572 91.2505 91.2185 91.9619 91.855 91.6483 91.652 91.9543 91.3517 91.8749 91.38 91.09 89.9371 91.5459 91.3829 91.3968 90.4167 91.4845 91.5182 91.1789 91.1741 91.2302 91.362 89.691 90.5778 91.3017 91.5687
76.0212 75.9915 75.9256 75.7908 75.8103 75.8549 74.926 75.2326 75.3026 75.7465 75.3791 75.6448 75.7251 75.5834 75.7131 75.3773 75.428 75.7935 74.8148 75.3118 75.7097 75.2609 75.409 75.2878 75.3905 75.3254 75.5214 75.9001 75.3502 75.6317
74.203 74.1581 74.0233 74.0883 73.8825 74.0255 74.3231 73.8324 73.9372 73.9203 73.9848 73.5742 74.2765 73.4892 74.1299 75.6264 73.9618 73.1884 75.6853 75.5708 74.4201 74.7189 75.3702 75.5632 74.1455 74.5772 75.0273 75.4414 76.2048 75.464
83.1603 83.0899 83.2042 83.1586 83.0913 83.0765 83.2655 82.8383 83.0389 83.273 83.1619 83.1256 83.5899 83.3283 83.4688 83.9334 83.4869 83.1765 83.737 84.0737 83.5803 83.4743 83.4667 83.6032 83.3601 83.404 84.491 83.4856 84.0187 83.5089
66.4207 66.5049 66.3291 66.3894 66.4195 66.4738 66.3864 66.6714 66.6175 66.2356 66.4683 65.8925 66.4179 65.5745 65.5567 67.8327 65.8419 66.6452 66.3695 69.2556 66.3121 66.3997 66.3724 66.8807 66.6959 66.6066 66.5489 67.8669 68.7531 66.5258
137.443 137.241 137.406 137.243 137.37 137.517 137.717 137.061 137.024 137.542 136.708 137.231 138.803 137.216 138.607 138.405 137.389 137.748 138.441 140.297 138.613 137.105 139.376 137.579 137.664 136.702 140.002 138.835 139.271 139.105
10.8678 10.8491 10.7915 10.8383 10.8334 10.9015 10.5117 10.6953 10.745 10.559 10.6198 9.42871 9.24533 9.48939 11.2016 11.0087 9.82973 11.5007 11.5878 11.656 11.3457 13.0822 11.0359 12.6436 10.86 7.79571 11.071 10.8595 11.2737 11.2693
5.55939 5.47678 5.50839 5.49055 5.43023 5.47342 5.5344 5.46216 5.48829 5.65041 5.71156 5.75425 5.80954 5.73409 5.7718 5.74457 5.72957 5.83226 5.61603 6.07187 5.8647 5.64806 5.69008 5.51824 5.77469 5.49586 5.95596 5.90923 5.87641 5.85183
4.50051 4.50022 4.52859 4.48244 4.50789 4.49956 4.47103 4.32695 4.3624 4.57754 4.59673 4.63323 4.71966 4.6022 4.46819 4.38814 4.5039 4.41809 4.67813 4.55805 4.66111 4.55976 4.54089 4.61091 4.49379 4.62622 4.49409 4.64031 4.93093 4.8179
4.56843 4.56522 4.54892 4.55362 4.55442 4.54091 4.52559 4.50399 4.48656 4.58714 4.55908 4.58203 4.70933 4.46628 4.59675 4.45462 4.59751 4.59855 4.65507 4.62646 4.59566 4.56769 4.50555 4.62305 4.55935 4.62458 4.55323 4.62378 4.97274 4.67155
4.43783 4.4391 4.42093 4.42766 4.42974 4.42286 4.3963 4.37698 4.39938 4.4485 4.45366 4.48001 4.43776 4.43536 4.45973 4.35003 4.45303 4.50326 4.38751 4.36703 4.46252 4.42734 4.35681 4.45773 4.47191 4.41795 4.42892 4.48452 4.42502 4.46205
4.19213 4.19687 4.28081 4.27179 4.19204 4.16581 4.21745 4.13682 4.12634 4.60671 4.46231 4.76037 4.46468 4.86844 4.92327 4.67107 4.73716 4.66035 4.56054 4.52609 4.77071 4.65498 4.2897 4.71792 4.83242 4.45569 4.13048 4.53858 4.90128 4.70719
4.25341 4.26268 4.26817 4.27241 4.26292 4.25657 4.18497 4.22557 4.22313 4.38024 4.31497 4.3268 4.50474 4.25857 4.3195 4.35462 4.33262 4.43352 4.32205 4.20251 4.30744 4.33769 4.16587 4.42662 4.4551 4.33354 4.25711 4.57737 4.29456 4.46545
7.50373 7.5136 7.46343 7.55225 7.52893 7.53707 7.37995 7.35491 7.33882 7.54589 7.42253 7.49274 7.73594 7.32607 7.52931 6.9129 7.49943 7.57388 7.7557 7.89572 7.58867 7.49965 7.86037 7.48579 7.66875 7.64724 7.51516 7.57719 7.58991 7.7969
146.046 146 146.025 146.216 146.164 146.068 144.582 146.516 146.447 145.661 144.693 144.41 143.992 144.234 145.321 145.024 142.991 148.264 146.906 145.475 145.238 146.77 145.054 148.584 144.303 146.307 145.108 145.014 146.037 146.125
90.4831 90.5034 90.92 90.8676 90.7157 90.8047 92.2498 90.9841 91.0604 90.3929 91.5429 91.3656 91.2574 91.942 90.9015 91.8161 90.912 90.4742 91.7933 90.5768 90.9775 91.2528 91.2419 91.5692 91.2935 89.9278 89.0311 91.4559 91.3867 91.5551
151.901 151.333 153.387 153.506 152.827 153.198 154.092 153.17 153.288 155.696 156.608 154.712 154.991 155.008 154.344 154.684 155.047 151.406 154.849 155.063 155.991 154.933 154.007 154.663 154.606 154.269 153.763 155.475 155.108 154.394
75.1745 75.1611 75.4994 75.2368 75.1452 75.2924 75.1117 74.9437 75.1 75.6936 75.7576 75.6352 75.4953 75.7525 75.4641 75.6238 76.2362 76.4023 75.8216 75.6881 75.1251 75.8186 75.432 75.6456 75.641 75.969 75.4379 74.97 75.8725 75.6363
74.2161 74.264 73.6139 73.5012 73.5165 73.9138 73.5364 73.8231 73.3307 74.2819 74.7752 74.1123 73.7445 72.5481 73.8605 73.1468 74.3794 75.9302 73.9031 76.7412 73.7511 74.1709 74.615 74.1977 74.6442 75.4955 76.9355 72.0162 73.5162 73.7448
82.8483 82.8815 82.8223 82.6668 82.6653 82.8832 82.8875 82.6898 82.6394 83.1371 83.5021 83.1371 83.0956 82.9169 83.162 83.2286 83.3703 83.4873 83.4722 84.6084 82.8252 83.5803 83.1673 83.6324 83.3393 83.7531 84.1442 82.3467 83.6062 83.1357
65.7568 65.8284 65.7753 65.671 65.6416 65.8031 66.1644 65.3761 65.4658 66.0052 66.008 65.8825 65.7731 65.7843 66.0397 66.1593 65.8601 67.2497 66.4682 65.4509 66.6819 66.3155 65.4044 66.6895 65.8616 66.466 66.7368 66.6941 67.4728 65.9698
141.348 141.441 140.935 141.479 141.343 141.446 140.237 140.8 140.807 140.253 140.506 140.694 140.292 140.059 141.038 142.307 142.578 142.98 142.146 141.744 140.244 142.291 141.517 142.058 141.755 141.336 140.703 141.747 142.059 142.253
5.86165 5.8265 5.95354 5.96325 5.9407 5.94049 5.82362 5.64959 5.72188 6.53759 6.71366 6.4678 6.44556 6.46075 6.42339 6.48068 6.4633 6.5158 6.48068 6.41689 6.31496 6.45276 6.48998 6.43759 6.40373 6.71003 6.3301 6.36084 6.49915 6.45036
6.68369 6.40015 7.26223 7.34508 6.69767 7.0534 7.60974 6.49907 6.55476 7.90572 7.49307 7.2771 7.18088 7.39374 7.04618 7.59225 7.56479 8.78116 7.58866 7.70151 7.90058 7.57732 7.08329 7.43219 7.43076 8.48555 7.02887 7.84457 7.70011 7.43904
4.8264 4.70282 4.41611 4.48319 4.50193 4.95523 4.43755 4.30961 4.31714 4.80824 4.71968 4.77748 4.67386 4.60233 4.77452 4.73236 4.54817 4.68054 4.7249 4.78963 4.66506 4.55637 4.61811 4.69311 4.60783 4.64074 4.86395 4.54737 4.62926 4.76103
4.84408 4.84181 4.78133 4.8534 4.89285 4.79801 4.74848 4.76983 4.77206 4.97783 4.94735 4.87643 4.86608 4.76544 4.95432 4.84723 4.88047 4.93395 4.85861 4.85248 4.44597 4.77816 4.76073 4.8209 4.82051 4.87585 5.01591 3.34188 4.80166 4.91208
4.53197 4.53996 4.51823 4.52104 4.53502 4.51906 4.46335 4.49024 4.49359 4.61526 4.58523 4.60106 4.60243 4.58456 4.60345 4.60833 4.60421 4.68823 4.57752 4.37534 4.5227 4.57917 4.61926 4.56947 4.58672 4.92858 4.61884 4.66046 4.612 4.60647
4.82056 4.8374 4.64881 4.67565 4.70596 4.61468 4.44747 4.55556 4.57712 4.86196 4.6326 4.66593 4.76089 4.70738 4.77907 4.69166 4.68447 4.42522 4.66632 4.05395 4.55325 4.65513 4.66545 4.66014 4.68864 4.73986 4.53616 3.8706 4.70402 4.6956
4.37406 4.35937 4.46936 4.49335 4.5305 4.40647 4.32621 4.33652 4.31925 4.51677 4.47681 4.49953 4.50624 4.52647 4.51321 4.56808 4.51808 4.52606 4.44462 3.38443 4.48621 4.40976 4.50596 4.4274 4.4762 4.6023 4.45538 4.51344 4.60169 4.51525
7.74781 7.79192 7.7247 7.81687 7.80952 7.85266 7.85555 7.69181 7.72181 7.82571 7.84861 7.70953 7.94685 7.75082 8.05005 8.24864 8.25939 8.23608 8.43699 8.71841 7.65062 8.40844 7.85959 8.35137 8.05121 8.04358 8.2964 8.18866 8.63938 8.10588
91.259 91.2071 91.3563 91.3096 91.265 91.157 92.1668 91.8547 91.9107 89.8234 92.0438 92.1542 91.9168 91.4398 92.0845 92.3762 89.4079 91.5067 92.1743 91.3636 90.2024 89.773 91.9785 91.883 91.643 92.8636 91.6742 91.4683 92.0814 92.3474
74.6183 74.538 74.7134 74.5901 74.6351 74.6955 74.9831 75.0894 74.886 75.2279 75.9437 75.4723 75.3179 74.8766 74.9881 75.3077 74.8882 76.057 75.3401 75.919 75.6701 76.059 75.3438 75.9778 75.7276 74.4276 75.2539 75.4398 74.8606 75.1314
73.4874 73.3866 72.2765 73.1921 73.4382 74.2582 72.2707 72.7004 72.8152 76.1098 74.8254 73.3587 73.5787 74.0413 73.694 73.0191 75.8989 77.9531 73.6597 78.9075 74.8443 75.3833 74.2476 73.8128 74.2234 73.3475 74.6896 77.748 73.5375 73.4968
82.0841 82.105 81.9095 81.8261 82.0169 82.3 82.7343 82.6641 82.7386 84.3484 83.8743 83.1524 83.3987 82.8569 83.4065 83.0516 83.5242 85.2598 83.0062 84.9645 83.4757 83.6023 83.556 83.1235 83.5988 83.7872 83.687 83.0707 83.0338 83.1519
63.601 63.9154 64.5675 62.5016 63.4334 63.2016 66.3563 65.6251 65.6518 68.0274 66.6008 66.9769 66.4322 66.5017 66.9369 66.5702 66.1233 69.1696 66.05 67.9584 66.4971 65.7704 67.0209 65.5913 65.9648 68.6455 66.2318 68.0617 66.7084 66.3907
139.021 139.299 139.731 139.127 139.266 138.63 138.223 139.342 139.028 140.549 139.138 139.335 138.893 138.191 139.136 137.007 138.512 140.933 138.016 139.708 140.333 138.668 139.615 137.095 137.695 138.238 139.281 137.575 137.697 137.989
5.75091 5.75283 5.7567 5.75912 5.75634 5.75657 5.77765 5.76045 5.77615 5.91144 5.83609 5.83576 5.83676 4.02192 5.81086 5.59695 5.61693 5.94782 5.56417 5.47075 5.91274 5.77754 5.81946 5.74237 5.86496 5.69432 5.82109 6.28141 5.20396 5.74618
4.286 4.26826 4.38056 4.36273 4.3304 4.37875 4.27074 4.36388 4.33754 4.6112 4.57847 4.60652 4.60288 4.56516 4.58327 4.55266 4.65574 4.50846 4.55183 4.76428 4.565 4.15627 4.60669 4.53202 4.64494 4.64686 4.55825 4.41554 4.54579 4.54063
4.62958 4.65947 4.47299 4.60054 4.59899 4.62179 4.43175 4.43948 4.42072 4.39196 4.37411 4.44943 4.42441 4.47767 4.39197 4.46137 4.62622 5.89388 4.66312 5.59507 4.49422 4.49919 4.53905 4.33197 4.51219 4.38665 4.44271 4.73188 4.48698 4.50845
4.51727 4.52009 4.53143 4.52839 4.52892 4.51834 4.47568 4.46844 4.4261 4.42873 4.50978 4.52843 4.50378 4.43785 4.50124 4.49312 4.52669 4.45987 4.49934 4.39474 4.5206 4.5162 4.52508 4.49477 4.5232 4.53159 4.51969 4.45422 4.49993 4.51676
5.37559 5.37334 5.49153 5.76147 5.56855 5.30021 4.45923 4.69726 4.68017 4.74153 4.74956 4.63815 4.80459 4.84069 4.78856 4.67234 4.78422 5.06395 4.62378 3.93917 4.70658 4.76017 5.00315 4.84158 4.81946 4.62654 4.71737 5.1226 4.92447 4.64423
7.12112 6.71643 5.99188 8.84741 7.46772 7.48374 4.32571 4.51245 4.46765 4.27808 4.34511 4.58712 4.42023 4.5046 4.38769 4.36804 4.43805 4.55314 4.3167 4.18998 4.53228 4.37814 4.39825 4.19348 4.41404 4.12528 4.39192 4.79243 4.44116 4.38037
7.33751 7.40398 7.56908 7.32413 7.42058 7.10279 7.10779 7.47637 7.28543 8.02369 7.7956 7.96502 7.69697 7.67237 7.76715 7.31657 7.29964 7.96425 7.43783 7.97743 8.0392 7.36676 7.87347 7.23092 7.68318 7.66918 7.9695 7.2517 7.738 7.63499
92.4567 92.5433 92.433 92.3967 92.4364 92.3298 93.0672 92.9978 92.9502 92.8192 92.8793 93.1603 93.1057 92.7451 93.1525 92.812 89.7954 92.8189 92.6515 90.2179 92.9072 89.7585 92.5418 89.4742 92.3294 92.2458 92.9678 90.06 92.8844 93.1724
75.0522 75.062 75.1567 75.2663 75.1236 75.6046 74.5529 75.1854 75.0992 74.8794 75.2101 75.8484 75.7518 75.5251 75.24 75.4613 75.9555 74.6025 74.7189 75.0138 75.7296 75.8469 75.3378 75.14 75.2291 75.6875 75.0268 74.0795 74.9694 75.0214
72.4829 71.9837 72.2671 72.7991 72.5408 73.0814 71.3077 71.5819 71.7549 72.5852 73.3114 72.4254 71.3655 73.3721 72.3387 73.9339 74.571 72.751 75.3723 76.5419 72.1562 74.5164 73.4463 75.6457 74.4713 72.9564 72.3459 76.7521 72.1656 72.7132
83.0758 82.8913 82.8455 83.0721 83.0478 83.2881 82.3216 82.5766 82.686 83.273 83.534 83.0509 82.8127 83.6107 83.0566 83.6474 83.4718 83.0669 83.6463 84.4959 83.1788 83.5322 83.7169 83.9767 83.6407 82.1993 83.1202 83.573 83.363 83.2901
103.965 103.947 103.955 103.949 103.893 104.01 103.703 104.09 104.356 104.211 102.928 104.378 104.198 105.586 104.524 104.966 106.201 105.095 103.376 105.635 104.424 106.169 104.497 105.301 103.702 104.882 105.703 103.672 104.373 104.065
65.7606 65.6844 65.5649 65.7718 65.8037 65.9262 63.606 65.4465 65.3407 65.13 65.8443 65.0507 64.566 65.0319 64.8794 65.9515 67.0995 65.5573 65.7192 68.3978 65.0258 66.7256 66.1428 66.2645 65.3702 66.6755 65.1025 66.6935 65.4024 65.4653
5.65442 5.65463 5.66295 5.66737 5.66165 5.68513 5.58017 5.59919 5.59035 5.58418 5.388 5.59817 5.58242 5.55595 5.56262 5.21063 6.05483 4.90727 5.67808 6.03 5.56593 6.07094 4.6674 6.22213 5.59278 5.40613 5.53471 5.89508 4.73658 4.76127
4.49498 4.5028 4.50357 4.48318 4.50573 4.47786 4.42823 4.43874 4.42673 4.41825 4.39377 4.36826 4.3151 4.42418 4.30538 4.32619 4.3851 4.27814 4.37962 4.40276 4.36623 4.376 4.33801 4.44325 4.37759 4.32451 4.41708 4.4722 4.36821 4.39336
4.41353 4.42656 4.44018 4.42559 4.419 4.42515 4.33443 4.38101 4.39587 4.48435 4.25412 4.52954 4.59335 4.53148 4.55036 4.42201 4.49468 4.49495 4.52821 4.59958 4.53805 4.52962 4.61193 4.56854 4.53809 4.54141 4.51855 4.65309 4.47169 4.48483
4.40347 4.40744 4.41253 4.41202 4.40818 4.4152 4.44331 4.45696 4.4699 4.47115 4.40038 4.45453 4.46294 4.46249 4.42253 4.4075 4.50182 4.41167 4.41089 4.51985 4.48007 4.50967 4.32709 4.48241 4.46609 4.58692 4.45501 4.54369 4.31529 4.35785
5.54049 5.48188 5.50536 5.50612 5.5501 5.53943 5.47492 5.45292 5.48727 5.39072 5.29343 5.15204 4.85308 5.52631 4.84334 5.64237 5.68415 5.52879 5.31423 5.66976 5.34193 5.68183 6.64639 5.67974 5.21154 5.80487 5.55207 5.57733 5.63122 5.66016
4.22305 4.3482 4.2829 4.15855 4.20253 4.1144 4.84294 4.24444 4.34751 4.18901 3.56262 4.63229 4.72497 4.53472 4.61947 4.4231 4.46345 4.24725 4.62334 4.62669 4.5483 4.51734 4.60134 4.75972 4.49997 4.1762 4.50972 4.98581 4.55651 4.62061
4.48147 4.547 4.56795 4.54124 4.50715 4.47239 5.23822 4.86749 4.87109 4.65669 4.26925 4.53619 4.49393 4.42929 4.39647 4.33802 4.5368 4.41432 4.43159 4.82366 4.40527 4.49441 4.46846 4.33769 4.35082 4.62597 4.42218 4.41938 4.24704 4.22863
7.81007 7.79286 7.80452 7.80655 7.80784 7.82185 7.7062 7.65059 7.68869 7.56309 7.36153 7.65277 7.71857 7.77743 7.69139 7.45518 7.75115 7.51056 7.92636 7.79266 7.65195 7.75319 7.09676 7.74595 7.71715 7.5917 7.74002 7.71354 7.67798 7.65171
90.1438 90.2558 89.9104 90.0916 90.2478 90.4251 92.6203 90.6026 90.5851 92.5777 92.4328 92.4605 92.5122 92.5021 92.6726 89.5049 92.2408 91.574 91.6524 91.7039 92.382 92.3977 91.8055 92.283 92.1797 93.4069 92.5105 92.0775 92.4349 92.408
75.2056 75.1061 75.415 75.3529 75.1709 75.2666 75.1536 74.8657 74.9179 75.6347 75.8877 75.4121 75.2123 75.4439 75.4315 75.5545 76.1511 74.4875 75.408 76.0453 75.699 75.8316 75.479 75.8172 75.7812 75.6615 75.7914 75.7145 75.9722 75.4202
76.1674 76.114 76.1708 76.3644 75.9517 76.2212 74.5536 75.8116 76.218 72.8845 73.7622 71.6181 70.1328 73.4651 71.9647 75.9941 73.1797 73.1882 75.7347 75.2818 73.3632 73.7324 72.7702 73.4019 73.7303 74.3267 72.5576 73.5534 71.4912 73.5469
83.9716 83.9477 83.848 84.1542 83.9604 84.3203 83.1872 83.0915 83.5234 82.7395 83.5346 82.0743 82.1438 82.6706 82.621 83.6981 83.678 82.7196 83.9003 84.6776 83.4193 83.5831 82.3301 83.5563 84.1049 83.8115 82.8907 83.3522 83.5033 83.389
101.29 101.447 101.555 102.16 101.854 102.03 103.704 103.397 103.001 103.497 104 104.482 104.316 104.002 103.943 107.151 103.208 104.815 105.121 106.828 104.454 103.706 105.498 103.223 103.944 102.179 104.153 105.427 102.741 103.859
66.9432 66.9681 67.1935 66.8556 66.9743 66.5253 66.6141 66.9528 67.1732 65.9603 65.4136 65.3506 65.126 65.6509 65.5549 67.9098 65.1424 65.2158 66.0554 65.5696 65.2403 65.3043 65.5316 64.8711 64.9888 66.5542 66.0379 65.7263 65.1744 65.4119
142.008 141.965 142.584 142.287 142.066 141.919 141.609 142.638 142.758 141.337 143.142 141.569 140.836 142.223 142.182 144.401 143.128 141.834 143.837 143.496 141.896 142.938 142.885 141.807 143.333 141.805 143.642 142.894 141.656 141.646
6.04978 6.05073 5.97827 6.05547 6.03894 6.05506 5.43574 6.09526 6.02025 5.61198 5.6257 5.59336 5.34418 5.56543 5.56381 6.16958 5.54693 5.15135 5.78044 5.68831 5.57311 5.54746 5.62059 5.53927 5.53967 5.51816 5.60899 5.61547 5.50412 5.71015
4.03843 4.03537 4.08683 3.9887 4.04649 4.10273 4.35125 4.52189 4.52728 4.55478 4.48628 4.47149 4.35969 4.52853 4.49042 4.39593 4.50462 4.37292 4.39819 4.32815 4.38036 4.51179 4.26551 4.49522 4.41189 4.51684 4.39905 4.35173 4.29771 4.47869
14.8638 15.523 17.2907 15.2941 15.538 13.3116 11.4473 16.739 16.4655 11.3746 11.7408 13.5 13.979 14.1136 13.852 11.7527 13.1265 13.2994 11.9146 11.6947 13.1162 12.4162 13.0524 11.4285 13.4404 11.3242 12.9551 13.1191 13.5176 12.9715
4.54709 4.56006 4.5497 4.54473 4.55812 4.54553 4.4294 4.44629 4.44982 4.63103 4.61843 4.64104 4.54052 4.62581 4.58674 4.59283 4.64911 4.50236 4.70861 4.58994 4.6048 4.65745 4.68951 4.65314 4.55122 4.68171 4.63085 4.82042 4.50927 4.64297
4.41542 4.41623 4.42222 4.42439 4.42092 4.435 4.31533 4.41384 4.39541 4.43553 4.41402 4.45287 4.415 4.47491 4.42554 4.46707 4.4329 3.97843 4.42499 4.56497 4.4385 4.43775 4.49242 4.41954 4.38915 4.42021 4.44642 4.46406 4.35957 4.3754
4.96145 5.06188 5.31941 5.16282 5.00143 4.88014 5.59275 5.4586 5.46928 5.37284 5.11626 5.6118 5.72631 5.54851 5.19648 5.75048 5.70533 5.723 5.70766 5.75543 5.62419 5.74089 5.64176 5.54834 5.8438 5.24394 6.31989 5.67703 5.47862 5.6706
4.47471 4.47417 4.52701 4.4099 4.43951 4.32729 4.42414 4.60388 4.57532 4.74787 4.52758 4.50167 4.44232 4.57798 4.56133 4.58127 4.44799 4.47203 4.56274 3.52998 4.50433 4.51329 4.31539 4.4052 4.33152 4.39846 4.60571 4.43648 4.60097 4.68739
3.68608 3.72804 3.92372 3.68593 3.58961 3.59435 4.10921 4.19268 4.13472 4.37927 4.33762 4.33372 4.25253 4.33516 4.34829 4.49324 4.27554 4.39789 4.28764 5.15221 4.26727 4.29175 4.50165 4.31939 4.22972 4.45763 4.35823 4.39755 4.26702 4.27938
7.92128 8.00296 7.92842 7.8804 7.92888 7.96564 7.84946 8.05969 8.08782 7.72339 7.83727 7.81947 7.88502 7.73878 8.18886 7.86153 7.85525 7.66753 7.90311 7.89651 7.79733 7.89652 7.73691 7.86275 7.84825 7.66548 7.96271 7.75425 7.66123 7.84839
91.7585 91.7644 91.5741 91.7687 92.1127 92.0521 90.4391 91.5148 91.4334 92.2252 91.9938 92.0372 92.0953 92.1319 92.5708 92.0886 91.9695 90.8998 91.6748 91.466 92.0056 92.1026 91.2689 92.0938 91.9318 92.1516 91.4762 91.0567 89.7346 92.1024
154.837 154.953 154.699 154.482 154.681 154.704 155.218 155.274 155.23 155.017 155.029 155.241 154.984 155.276 154.745 154.932 155.722 155.708 154.39 154.576 154.563 154.876 154.714 154.578 155.171 154.368 154.723 156.855 153.938 153.836
75.2762 75.2132 75.2502 75.2014 75.1584 75.2574 75.9816 75.6134 75.7033 75.7766 75.4125 75.4984 75.9638 75.5049 76.7887 75.0552 75.9952 75.5344 75.3196 75.3907 75.6973 75.8443 75.6173 75.5182 75.8325 75.525 75.7721 75.1127 75.8499 75.6278
75.77 75.6914 75.6889 75.8344 75.7995 75.9776 75.6012 75.6765 75.4957 74.2434 74.8862 74.0946 74.5343 74.4982 75.086 74.8873 74.266 73.8081 74.5613 74.9154 76.3197 74.2531 74.5349 74.0011 74.0208 74.0897 74.273 75.1583 74.3395 74.1688
83.7469 83.6743 83.9341 83.8535 83.7916 83.7527 84.2665 83.8064 83.848 83.0569 83.0495 83.1291 83.8445 83.438 83.7673 83.7065 83.5032 83.9934 83.8213 84.0535 84.1846 83.312 83.8105 83.351 83.677 83.0843 83.5812 83.9526 84.5335 83.599
66.723 66.737 66.2997 66.6746 66.7499 67.0211 66.4822 66.4076 66.4814 66.6925 66.6656 66.209 66.2286 66.3958 66.3946 66.1261 65.774 65.6857 65.4167 65.788 67.0984 66.2732 66.3315 66.272 66.065 66.3052 66.3638 67.458 65.2701 65.7778
141.697 141.216 142.228 142.305 141.642 142.113 143.414 141.273 141.16 140.883 141.032 140.864 141.729 141.252 142.17 140.631 140.796 142.016 141.531 141.361 141.357 140.675 141.948 140.567 140.863 140.344 141.031 142.656 140.805 140.859
5.58586 5.56759 5.52994 5.49801 5.5548 5.61502 5.78176 5.42793 5.44924 6.48223 6.5151 6.42993 6.42255 6.45741 6.48093 6.40227 6.50118 6.48075 6.49746 6.40916 6.4148 6.49271 6.453 6.44333 6.59711 6.45835 6.70653 6.41786 6.67604 6.43312
8.0757 8.09154 8.0716 7.97934 8.04314 8.03078 8.07277 8.05016 7.98733 7.57498 7.35898 7.68997 7.46613 7.6994 7.32076 7.65692 7.65388 7.84121 7.42866 7.77475 7.30037 7.39577 7.83511 7.55247 7.37757 7.46177 7.48319 8.28214 7.53815 7.17455
4.70389 4.71646 4.72809 4.72628 4.72884 4.70773 4.35874 4.52374 4.56011 4.68012 4.66445 4.6537 4.77515 4.63924 4.72772 4.64184 4.63875 4.53881 4.66395 4.67258 4.85321 4.63541 4.62993 4.64877 4.66994 4.67421 4.6357 4.5911 4.68303 4.7021
4.66902 4.67152 4.63761 4.65586 4.66103 4.66815 4.62687 4.60427 4.60075 4.78038 4.79284 4.80108 4.89057 4.81095 4.80201 4.75981 4.70175 4.68911 4.78478 4.83519 4.87807 4.77308 4.73701 4.78897 4.83837 4.7997 4.79834 4.6771 4.8206 4.80061
4.48353 4.48213 4.4826 4.49091 4.48135 4.48983 4.50041 4.43209 4.43782 4.64164 4.65706 4.62707 4.60474 4.62555 4.63181 4.63989 4.62096 4.59036 4.63104 4.5959 4.62672 4.63645 4.62705 4.61282 4.60355 4.62925 4.63927 4.63782 4.61814 4.60173
4.54838 4.55722 4.35127 4.49759 4.50083 4.5422 4.36502 4.24665 4.15471 4.79549 4.73197 4.89846 4.56448 4.84687 4.68091 4.43513 4.55795 4.82485 4.16075 4.66992 4.45612 4.65785 4.85142 4.75767 4.59488 4.71627 4.83945 4.83901 4.45875 4.56042
4.28848 4.29959 4.29605 4.29438 4.28943 4.29447 4.15507 4.25149 4.24421 4.5355 4.53114 4.49921 4.49146 4.47468 4.52257 4.52784 4.49873 4.33154 4.5082 4.45464 4.49274 4.51723 4.64837 4.48388 4.47871 4.50784 4.48647 4.5648 4.50348 4.50974
8.3287 8.3122 8.27212 8.27855 8.27505 8.24979 8.35842 8.25102 8.29641 8.20242 8.37912 8.23762 8.00864 8.1777 8.39276 8.13146 8.11811 8.31308 8.38685 8.35081 8.05869 8.08983 8.22939 8.14146 8.13999 8.11055 8.24829 8.24509 8.33226 8.03562
93.0934 93.0088 93.1182 93.1675 93.2722 93.2 92.6226 93.0339 93.0617 92.6757 92.871 92.7491 92.3907 92.6942 92.5982 92.9098 92.7027 92.1077 92.7311 92.5888 91.7593 92.6063 92.4343 92.8364 92.452 92.7705 92.5853 91.8916 92.4798 92.9229
75.5757 75.4169 75.4615 75.4091 75.3023 75.1091 76.1338 75.3099 75.2537 75.6963 75.8443 75.5629 75.7981 75.8796 75.9376 75.6543 75.7126 75.8855 75.5491 75.6237 76.7106 75.7554 75.7844 75.6102 75.5395 75.5075 75.8725 75.7485 75.7181 75.7562
73.3577 73.672 73.4459 73.2371 73.4758 73.89 73.2588 72.7763 72.8756 73.151 72.3083 73.1065 72.6318 73.466 73.689 72.6711 73.0194 72.979 72.8751 73.1298 74.7155 73.4716 73.3538 72.4803 73.2498 72.9521 73.1964 72.8404 72.6853 71.8884
82.9856 82.9804 82.9127 82.8876 82.8357 82.7832 83.5697 82.9881 82.9554 82.6081 82.4441 82.7843 82.9178 82.8368 83.4256 82.6989 82.7995 83.0355 82.7268 83.0917 83.5494 83.1249 83.0996 82.7827 83.4285 82.7588 83.1948 82.2661 82.5291 82.8111
103.231 103.177 103.161 102.963 103.06 103.344 104.418 103.258 103.361 104.337 103.931 102.933 104.74 102.617 103.69 103.531 103.145 104.76 103.725 104.282 106.018 103.658 105.493 103.702 103.743 103.98 103.305 106.305 104.898 104.26
65.6268 65.693 65.7374 65.755 65.8809 66.1062 64.9386 65.4873 65.5579 65.3307 65.373 65.3546 65.5085 65.5932 65.4243 65.4163 64.8143 65.2744 65.2183 65.4158 66.1162 64.9206 65.3805 65.1628 65.0563 65.1934 64.5053 65.4432 65.4389 64.9533
141.506 141.504 141.585 141.643 141.575 141.66 141.983 142.393 142.32 142.072 142.017 141.437 142.581 141.625 142.292 141.127 141.338 142.796 140.94 142.453 143.374 141.154 142.717 141.187 141.543 141.305 141.889 142.347 142.724 141.222
5.25399 5.29859 5.18134 5.1659 5.18778 5.24984 5.55315 5.18555 5.17013 5.2255 5.32865 5.41937 5.19271 5.48109 4.80649 5.44097 5.47454 4.60264 5.47525 5.41058 5.63843 5.5093 5.3075 5.4069 5.5188 5.42956 5.55831 5.17829 5.17702 5.41483
4.43495 4.4382 4.42344 4.41679 4.42038 4.4317 4.31096 4.54586 4.63763 4.4733 4.47375 4.49221 4.52595 4.4363 4.41306 4.46619 4.49417 4.42982 4.47367 4.53341 4.32928 4.4455 4.44575 4.48803 4.55122 4.53222 4.49197 4.36219 4.43315 4.48424
14.229 14.1566 14.1146 14.1491 14.1387 14.1163 13.3919 14.0147 13.8842 13.7545 13.5133 13.5988 13.2531 13.7674 13.4877 13.9785 13.7022 12.6954 13.5252 13.2515 12.1006 13.5289 13.7308 13.5196 13.2331 13.5083 13.7843 14.5612 11.8724 11.6951
4.45 4.44902 4.44588 4.44837 4.4467 4.44534 4.53377 4.44279 4.45117 4.61166 4.62839 4.58992 4.62085 4.59628 4.57022 4.58054 4.58688 4.57528 4.61035 4.6074 4.61391 4.6234 4.58717 4.62364 4.59901 4.62154 4.63547 4.57795 4.57118 4.57457
4.34457 4.34441 4.33607 4.3424 4.33363 4.31464 4.37773 4.38615 4.40151 4.43381 4.45275 4.44061 4.42793 4.42876 4.5123 4.41928 4.44679 4.42364 4.45132 4.44733 4.50084 4.44828 4.4405 4.45459 4.45192 4.45589 4.46176 4.4392 4.44173 4.4362
5.21883 5.19528 5.22176 5.14522 5.18997 5.29207 5.64435 5.40401 5.38027 5.7137 5.62518 5.19462 5.62383 5.08014 5.49981 5.25809 5.39212 5.81044 5.22614 5.45902 5.75663 5.136 5.8289 5.3237 5.19944 5.49909 5.10139 5.90825 5.59963 5.44407
4.34949 4.3185 4.33515 4.33466 4.31752 4.17053 4.40288 4.41335 4.34995 4.41031 4.33018 4.2995 4.579 4.01299 4.46805 4.23835 4.41477 4.42896 4.40715 4.44238 4.47214 4.64917 4.3126 4.56132 4.72014 4.47969 4.85169 4.36578 4.40226 4.62254
4.22475 4.22573 4.21677 4.22106 4.2255 4.22672 4.20124 4.23822 4.22896 4.33869 4.35631 4.33075 4.26151 4.35424 4.22221 4.33256 4.32189 4.30602 4.34342 4.28463 4.27953 4.32477 4.33136 4.32761 4.2824 4.33431 4.31518 4.37388 4.30541 4.32139
7.33225 7.3207 7.33736 7.26319 7.22702 7.32346 7.76162 7.58726 7.61329 7.74466 7.77873 7.46016 7.75159 7.51373 7.62508 7.51572 7.58791 7.64985 7.47902 7.54649 7.79439 7.51514 7.67678 7.52484 7.61845 7.57173 7.64078 7.70233 7.53635 7.62335
161.396 160.971 160.603 160.713 160.445 160.329 160.565 161.572 161.468 161.604 160.139 159.529 159.581 160.374 159.563 162.268 160.333 159.054 161.091 160.401 156.812 161.781 160.889 161.208 160.771 161.602 161.611 158.002 157.385 159.779
91.9028 91.8995 91.8699 91.7925 91.8208 91.8135 92.3173 92.355 92.5578 92.3235 92.1607 92.2115 92.3236 92.2677 92.0936 92.2297 92.2012 92.174 92.1189 92.0704 92.4354 92.1385 92.1544 92.025 92.4157 92.2286 92.3411 92.0981 91.896 92.2355
74.9998 75.0597 74.9936 74.9393 74.9198 75.2 75.4508 75.2431 75.1091 75.0523 75.0935 75.2334 75.2046 75.4699 75.6838 75.612 75.2871 75.7463 75.3735 74.4557 74.9068 75.2007 75.3824 75.3083 75.0919 75.1946 75.5626 75.1651 75.3164 75.2233
73.6659 73.502 73.4379 73.3996 73.506 73.3617 73.444 74.3934 74.1628 74.0362 73.9789 73.8623 73.9897 74.4556 73.4908 74.2246 73.9189 73.4719 74.3606 74.6815 74.2643 74.5063 74.0674 74.2335 73.9068 74.0471 74.2853 73.9492 74.0671 73.8643
83.3957 83.2912 83.329 83.2877 83.261 83.3227 83.1779 83.5222 83.1852 83.1937 83.3242 83.1494 83.1912 83.2864 83.2774 83.353 83.2292 83.2559 83.3996 84.2652 83.7495 83.4536 83.1054 83.3917 83.0634 83.2794 83.2783 83.2124 83.4269 83.1397
65.9912 65.986 65.9349 65.9013 65.8884 65.8912 66.1836 66.3042 66.5211 66.149 65.8065 66.0862 66.0652 66.283 66.025 66.2617 66.0736 66.1072 66.1395 66.1676 66.8809 66.1861 66.2964 65.8895 66.6211 66.1973 66.3642 66.076 65.9228 66.1733
12.31 12.2078 12.481 12.4288 12.4589 12.4624 11.9271 12.0702 12.2179 12.1046 12.1412 12.1198 12.2167 12.2709 12.0303 12.3077 12.1995 12.0168 12.1246 12.3033 12.4051 12.2705 12.3049 12.0671 12.2407 12.1242 12.4973 12.4092 12.5832 12.6047
5.68071 5.68039 5.67441 5.67054 5.66958 5.68593 5.6562 5.64495 5.62282 5.81985 5.8313 5.82483 5.79443 5.8466 5.87075 5.8569 5.8375 5.84933 5.85728 5.355 5.55804 5.85986 5.86413 5.85203 5.80993 5.84249 5.87846 5.85474 5.85571 5.86758
4.5887 4.60609 4.59029 4.59804 4.59589 4.59272 4.2506 4.39034 4.3849 4.58102 4.57747 4.58027 4.59754 4.61154 4.59165 4.65925 4.59731 4.58249 4.61289 4.56369 4.58285 4.62586 4.62546 4.61781 4.57777 4.57918 4.61599 4.56117 4.57265 4.57738
4.50029 4.49762 4.49655 4.4906 4.49907 4.50382 4.4749 4.45373 4.46937 4.5325 4.52372 4.5324 4.51325 4.53287 4.53084 4.54989 4.52311 4.50316 4.57113 4.48506 4.5074 4.55992 4.53968 4.56175 4.50602 4.53837 4.53857 4.47974 4.54341 4.48567
4.51894 4.51934 4.5179 4.51992 4.5243 4.51922 4.50081 4.47899 4.48643 4.53894 4.53601 4.55857 4.52833 4.55507 4.53779 4.55164 4.54491 4.541 4.5401 4.40635 4.51262 4.53912 4.56384 4.55015 4.53166 4.54246 4.56718 4.54605 4.53854 4.55869
4.3711 4.37661 4.3636 4.36944 4.37778 4.38723 4.37067 4.28774 4.33586 4.60672 4.46313 4.63871 4.53004 4.7091 4.69363 4.72077 4.63066 4.69676 4.67555 4.64781 4.55226 4.71171 4.70959 4.55243 4.76375 4.62325 4.69809 4.73232 4.67411 4.66549
4.3303 4.33345 4.32558 4.3304 4.32428 4.33794 4.23478 4.20333 4.29484 4.38234 4.36519 4.36798 4.34414 4.46919 4.4442 4.46131 4.36931 4.42598 4.41066 4.31585 4.36067 4.43052 4.5384 4.37699 4.37076 4.36834 4.49234 4.42875 4.46139 4.46164
7.73647 7.7631 7.75737 7.85982 7.83138 7.77969 7.68338 7.66208 7.67786 7.77761 7.78305 7.77831 7.72714 7.87629 7.76035 7.87367 7.77774 7.81425 7.82784 7.71296 7.75489 7.86406 7.88048 7.78915 7.74221 7.79313 7.99087 7.85374 7.82856 7.77169
146.039 146.299 146.273 146.17 146.304 146.253 146.649 145.368 145.833 145.396 145.97 145.986 145.585 146 145.91 146.102 146.214 145.963 145.964 145.419 146.498 145.989 145.578 146.206 146.084 146.047 146.927 145.981 146.178 146.733
92.8084 92.8849 92.8525 92.9548 92.9153 92.8436 93.4781 93.1443 93.2729 93.2615 93.1778 93.1114 93.1724 93.1899 92.9774 93.0481 93.1142 93.0905 93.0987 93.2788 93.2605 93.2566 93.2026 93.2046 93.163 93.122 93.072 93.2783 93.2423 93.1541
75.3453 75.4341 75.4539 75.5653 75.3639 75.5151 75.4891 75.3768 75.4312 75.5736 75.7244 75.5477 75.5393 75.601 75.8329 75.7347 75.5368 75.8048 75.555 75.7277 75.8888 75.5507 75.7433 75.5042 75.531 75.771 75.6119 75.6061 75.7884 75.4777
74.0348 73.2395 73.736 73.3358 73.5506 73.3172 72.708 72.0355 72.8011 72.319 72.2065 72.5035 72.3132 72.0082 71.2036 71.6682 72.2632 71.9064 72.0761 72.8276 72.4264 72.2826 72.1614 72.1381 72.3019 72.4725 72.4216 72.6663 71.6771 72.3208
82.8547 82.6335 82.8766 82.7315 82.636 82.7741 82.4933 82.8089 82.938 82.5407 82.4535 82.5446 82.5006 82.4741 82.4743 82.5006 82.4473 82.6367 82.5476 82.7678 82.7027 82.4896 82.4296 82.4833 82.4817 82.5819 82.5512 82.8504 82.475 82.5158
103.252 103.039 103.159 103.204 102.994 103.063 103.028 102.827 103.12 103.195 103.237 103.119 103.202 103.073 103.291 103.199 103.197 103.44 103.172 103.054 103.199 103.143 103.235 103.126 103.31 103.244 103.31 103.327 103.236 103.482
65.1893 65.0967 65.2109 65.2205 65.1564 65.2202 64.7505 64.878 65.1251 65.0161 65.0052 64.9073 64.9912 64.8369 64.9095 64.9171 64.9415 64.909 64.9135 64.8047 65.0635 65.0205 64.9397 64.9346 64.995 64.8581 64.9267 64.9007 64.9568 64.9067
141.401 141.21 141.305 141.064 141.136 141.212 141.076 140.729 140.841 141.281 141.264 141.284 141.376 141.463 141.505 141.614 141.415 141.58 141.287 141.228 141.379 141.301 141.488 141.178 141.359 141.404 141.677 141.081 141.728 141.487
5.59949 5.58411 5.60815 5.59922 5.59121 5.59258 5.58236 5.62942 5.61574 5.57139 5.57556 5.56951 5.56596 5.5715 5.55143 5.57679 5.58943 5.55785 5.57652 5.58138 5.55344 5.57937 5.57217 5.57435 5.56303 5.58215 5.57573 5.55961 5.56385 5.60025
4.40804 4.45191 4.45814 4.47018 4.44829 4.45693 4.43308 4.2557 4.25874 4.50522 4.51655 4.49979 4.50301 4.48576 4.41409 4.4738 4.49579 4.4009 4.50855 4.43437 4.41861 4.51305 4.46853 4.52797 4.51088 4.46376 4.50407 4.48002 4.43199 4.52088
14.4877 14.4506 14.4709 14.3335 14.5091 14.3618 13.8455 12.4985 12.6257 13.6144 13.5904 13.687 13.7003 13.7545 13.7149 13.8093 13.6168 13.545 13.6483 13.6519 13.6509 13.6849 13.8884 13.6574 13.6557 13.5768 13.7328 13.8586 13.7543 13.6733
4.53952 4.56564 4.53446 4.54211 4.57704 4.53557 4.59071 4.60799 4.57511 4.68358 4.67081 4.68446 4.6925 4.70511 4.69109 4.70809 4.68626 4.67753 4.69716 4.64678 4.65875 4.68807 4.69322 4.69571 4.68426 4.67397 4.69508 4.65527 4.69386 4.68271
4.41772 4.41696 4.41551 4.4179 4.42521 4.41814 4.38004 4.41968 4.40892 4.45906 4.46394 4.47841 4.45697 4.47157 4.49545 4.46893 4.46786 4.48535 4.46545 4.41656 4.46194 4.46388 4.48981 4.47582 4.46025 4.45074 4.47243 4.3873 4.48831 4.47368
5.11939 5.04016 5.09956 5.01541 5.00195 5.00129 5.14052 5.05273 5.06199 5.15126 5.17373 5.03867 5.09023 5.07922 5.04691 5.0348 5.08956 5.09962 5.07609 5.18333 5.08423 5.09787 5.07393 5.02481 5.13021 5.14294 5.11533 5.23425 5.15791 5.10648
4.35143 4.32314 4.34734 4.33395 4.325 4.35894 4.29486 4.3406 4.29607 4.54898 4.55493 4.56985 4.56108 4.5984 4.6583 4.63877 4.56732 4.64689 4.58485 4.72812 4.55993 4.57481 4.60497 4.57475 4.55858 4.54775 4.60815 4.63652 4.60955 4.57243
4.22928 4.26155 4.23351 4.25656 4.24555 4.2365 4.25085 4.23938 4.24863 4.36911 4.36591 4.35875 4.36661 4.36473 4.3331 4.3444 4.37131 4.3264 4.36317 4.32516 4.34569 4.36604 4.36335 4.36368 4.37352 4.37731 4.36673 4.35155 4.31902 4.37068
7.76662 7.8484 7.79031 7.78711 7.85463 7.83976 7.61065 7.66743 7.63216 7.72027 7.72987 7.69137 7.69652 7.71535 7.64902 7.6775 7.70312 7.66021 7.69276 7.71158 7.68063 7.72078 7.69906 7.67546 7.72289 7.72597 7.70791 7.71359 7.72276 7.7383
162.742 163.535 163.448 163.279 163.141 163.521 161.969 164.729 164.203 162.286 161.95 161.889 162.184 162.108 161.861 163.052 162.222 162.217 162.108 162.078 162.244 162.668 163.119 162.594 162.118 162.305 162.34 160.89 161.428 162.128
92.1519 92.1929 92.2089 92.2005 92.3556 92.1446 92.6744 92.4988 92.5561 92.5203 92.5611 92.4364 92.4246 92.3674 91.8671 92.371 92.5822 92.1545 92.461 92.4801 92.161 92.6032 92.1605 92.4742 92.5862 92.4822 92.7009 92.4654 91.8324 92.5359
75.4998 75.3924 75.3884 75.0584 75.5399 75.2891 75.5623 75.4778 75.5984 75.4381 75.569 75.4037 75.3878 75.5107 75.4809 75.387 75.4354 75.4443 75.4479 75.5112 75.7593 75.4493 75.4493 75.4987 75.4359 75.5707 75.7797 75.3944 75.4897 75.4932
73.4484 73.4015 73.5954 74.4475 73.1843 73.8541 74.54 73.3886 73.3812 73.1905 73.106 73.4063 73.2631 73.3347 73.7967 73.4532 73.3678 74.1478 73.241 73.6698 73.9294 73.0533 73.7713 73.2174 73.024 73.7754 72.95 73.3501 73.8212 73.0917
83.0438 82.9627 83.0121 83.3214 82.942 83.1218 82.8896 82.6073 82.4374 82.6541 82.5951 82.8173 82.735 82.8087 83.0838 82.8199 82.6489 83.1941 82.6659 82.7562 83.0309 82.5582 82.9756 82.6485 82.536 82.8516 82.3062 82.7215 83.1778 82.5367
65.6761 65.7105 65.7275 65.855 65.7823 65.7389 66.002 66.4058 66.2352 66.0535 66.0831 65.9565 65.9201 65.7591 65.3394 65.7369 66.2133 65.9557 65.9341 66.072 65.8149 66.1416 65.7056 65.997 66.093 66.0631 65.9563 65.7902 65.179 66.1277
136.888 136.607 137.206 137.511 136.164 137.324 137.472 136.541 136.609 136.729 136.835 136.943 136.897 136.891 137.295 136.858 136.755 136.738 136.791 137.175 137.311 136.591 137.306 136.79 136.697 137.512 136.897 136.909 137.393 136.773
12.1093 12.1813 12.3977 12.3872 12.1484 12.296 12.1396 12.4466 12.3135 12.2392 12.2255 12.2261 12.2547 12.2956 12.2373 12.2535 12.3552 12.2848 12.2353 12.3407 12.3074 12.179 12.2388 12.2803 12.3035 12.2959 12.2336 12.3418 12.2109 12.2785
5.73083 5.72437 5.72761 5.75837 5.71623 5.73128 5.66989 5.69972 5.70273 5.85282 5.85245 5.85892 5.85707 5.86691 5.89405 5.86054 5.84503 5.91914 5.85333 5.87533 5.92147 5.84659 5.8825 5.85056 5.84583 5.88308 5.84411 5.862 5.9106 5.85317
4.45156 4.41957 4.45266 4.39911 4.46272 4.45405 4.25256 4.22955 4.20438 4.57666 4.56951 4.5637 4.58994 4.56785 4.61575 4.60819 4.59242 4.63642 4.57441 4.59718 4.63751 4.57834 4.62063 4.58825 4.58111 4.59846 4.53999 4.58848 4.6007 4.58642
4.58881 4.57948 4.5833 4.61761 4.59507 4.58234 4.54941 4.56563 4.55384 4.58366 4.57438 4.60362 4.59187 4.58577 4.5827 4.59458 4.57759 4.62529 4.58267 4.60421 4.60327 4.57947 4.60077 4.57377 4.56772 4.60195 4.57678 4.59013 4.5907 4.57569
4.52118 4.52735 4.51955 4.51657 4.52879 4.51545 4.50016 4.47564 4.48352 4.5462 4.54229 4.54555 4.54783 4.54646 4.55306 4.54343 4.54835 4.54018 4.56217 4.5394 4.53154 4.54406 4.54557 4.54576 4.55386 4.5493 4.59462 4.53643 4.54226 4.54363
4.3264 4.36176 4.33619 4.35365 4.28151 4.35943 4.40951 4.44363 4.43067 4.64074 4.6555 4.63288 4.60428 4.5777 4.44529 4.54799 4.69678 4.72102 4.62435 4.73152 4.66915 4.66975 4.56851 4.62394 4.65858 4.73435 4.64109 4.57076 4.31858 4.70044
4.24121 4.25225 4.24406 4.24889 4.2107 4.25546 4.21845 4.25818 4.23622 4.33856 4.33836 4.3336 4.33659 4.33499 4.32911 4.34193 4.3348 4.37747 4.34079 4.40965 4.37188 4.34397 4.34336 4.33476 4.33749 4.44394 4.34395 4.33614 4.31496 4.34293
7.60242 7.68232 7.62967 7.67219 7.57372 7.65767 7.63405 7.88293 7.95491 7.82974 7.83182 7.82296 7.83433 7.84425 7.72714 7.84548 7.78195 7.83548 7.85723 7.89633 7.78932 7.83186 7.77321 7.82817 7.82841 7.90323 7.84035 7.80127 7.60097 7.83106
145.879 146.126 146.128 146.476 146.178 146.34 146.522 147.477 147.406 147.78 147.729 147.58 147.687 147.886 147.524 147.745 147.432 147.545 147.793 147.91 147.784 147.764 147.504 147.82 147.912 147.769 147.58 147.531 147.526 147.542
93.6097 93.5792 93.6103 93.6741 93.7182 93.6393 93.6575 94.0169 94.0569 93.9033 93.9205 93.8587 93.8761 93.8453 93.9011 94.0251 93.9077 93.8607 93.8731 93.9679 93.8407 93.8919 93.9344 93.927 93.8643 93.8373 94.0639 93.8846 93.9077 93.9138
75.575 75.625 75.5139 75.5329 75.5686 75.6508 75.2679 75.5573 75.5927 75.6306 75.6669 75.6806 75.5827 75.6159 75.8524 75.5952 75.6722 75.4602 75.6171 75.5842 75.7991 75.6115 75.6381 75.6442 75.7421 75.5705 75.6512 75.6789 75.5498 75.6683
72.1942 71.9033 72.2079 72.1954 72.0074 72.0544 72.5997 71.9459 71.9007 71.8272 71.9299 71.8755 71.8899 71.8139 72.2593 71.7955 71.8479 71.6823 71.8691 71.5592 71.3108 71.873 71.8157 71.9619 71.7976 71.8148 71.6517 72.03 71.7971 71.8528
82.5771 82.7138 82.6225 82.532 82.5473 82.6016 82.0459 82.2011 82.2326 82.3914 82.2701 82.4564 82.3917 82.4231 82.2381 82.278 82.4015 82.3398 82.3889 82.3069 82.1227 82.3569 82.2741 82.3185 82.3598 82.3812 82.111 82.4303 82.3312 82.299
96.3953 95.0991 96.6417 96.4813 96.2068 96.2171 97.5436 96.7325 97.163 95.9928 96.5137 96.0737 96.0452 95.8998 96.556 96.0907 96.0034 96.1559 96.076 96 98.1855 96.1878 96.1385 96.3771 96.0934 96.0179 97.2911 97.8899 96.2357 96.322
64.5747 64.7751 64.6294 64.582 64.5214 64.6603 64.4828 64.6267 64.786 64.8193 64.7236 64.7738 64.8412 64.7971 64.8453 64.8914 64.8431 64.7498 64.8267 64.8228 64.7431 64.815 64.8593 64.794 64.8243 64.8134 64.6448 64.8558 64.8176 64.7509
5.59708 5.58439 5.59456 5.60259 5.58964 5.59419 5.58952 5.56973 5.55676 5.58809 5.59918 5.59332 5.59537 5.59187 5.60887 5.59483 5.59987 5.6049 5.5923 5.59781 5.63735 5.58407 5.60784 5.59656 5.5933 5.60388 5.6007 5.59772 5.6037 5.59741
4.28446 4.31092 4.30006 4.29928 4.30595 4.30806 4.21752 4.13925 4.15328 4.37732 4.3764 4.3719 4.38915 4.39252 4.30364 4.38467 4.37803 4.40677 4.38861 4.40545 4.46128 4.39134 4.39807 4.3692 4.38042 4.38655 4.40434 4.38178 4.43548 4.38167
4.46265 4.472 4.45046 4.47038 4.47463 4.45242 4.4651 4.47351 4.43591 4.46772 4.46653 4.46958 4.46243 4.46242 4.47796 4.46802 4.46594 4.50221 4.4641 4.47049 4.43195 4.45773 4.47218 4.46448 4.4552 4.46727 4.43213 4.44266 4.45875 4.46581
4.35796 4.35245 4.35667 4.35772 4.3567 4.35589 4.39398 4.34693 4.34614 4.39619 4.39543 4.40021 4.39464 4.39617 4.40006 4.395 4.39866 4.40498 4.3951 4.40338 4.39347 4.39615 4.39764 4.3988 4.39961 4.39979 4.4138 4.37307 4.39332 4.40031
5.01198 4.95797 5.09239 5.08949 5.02468 5.12584 5.24915 5.27299 5.23017 5.0581 5.14853 5.03775 5.06014 5.01292 5.09364 5.08214 5.07408 4.77532 5.05261 5.02394 5.19595 5.10759 5.07808 5.12467 5.1175 5.02891 5.33188 5.19911 5.08733 5.13333
4.43167 4.4158 4.47093 4.46807 4.37858 4.47922 4.33048 4.40108 4.35314 4.49989 4.50354 4.49745 4.50116 4.53887 4.51397 4.51107 4.50548 4.59572 4.50705 4.53936 4.68281 4.51255 4.51141 4.51226 4.50441 4.59409 4.5083 4.621 4.51026 4.51337
4.16891 4.19075 4.15956 4.17493 4.19685 4.16093 4.10954 4.18117 4.18015 4.51221 4.51904 4.51131 4.50504 4.50272 4.49891 4.51104 4.51072 4.55021 4.50928 4.51948 4.53423 4.50699 4.50749 4.50749 4.5131 4.49777 4.52221 4.51606 4.51771 4.51265
7.62963 7.67304 7.64827 7.58805 7.61398 7.64226 7.65356 7.62741 7.61297 7.65606 7.67108 7.64194 7.65234 7.63603 7.66394 7.65518 7.67218 7.62531 7.64911 7.65935 7.633 7.65591 7.65711 7.66703 7.67205 7.65681 7.67327 7.66819 7.65712 7.67735
92.8655 92.9397 92.8982 92.9219 92.9184 92.8844 93.0923 93.3651 93.487 93.3392 93.2954 93.3672 93.2925 93.3983 93.1789 93.3116 93.3533 93.3353 93.3064 93.4224 93.0977 93.3496 93.3275 93.2477 93.2359 93.4033 93.582 93.4387 93.4453 93.3418
76.956 76.9674 76.9605 76.9668 76.9629 77.0017 76.8763 76.9873 77.0351 77.0509 77.0705 77.0566 77.0169 77.0076 77.1372 77.0042 77.0559 76.9899 77.0071 77.0215 76.9859 77.034 77.0322 77.0572 77.1052 77.0483 76.9244 77.0486 76.9398 77.1015
70.322 70.1416 70.1521 70.1858 70.3017 70.0835 70.1357 69.7094 69.6401 69.5687 69.5301 69.623 69.7468 69.6633 69.6441 69.6785 69.496 69.6325 69.798 69.4969 70.089 69.5019 69.5602 69.6494 69.4792 69.4481 68.9931 69.4292 69.7002 69.4049
82.6328 82.6372 82.6271 82.5838 82.678 82.6076 82.514 82.1673 82.134 82.0604 82.0912 82.0354 82.1142 81.9579 82.3207 82.1164 82.0537 82.1232 82.0875 81.982 82.0301 82.0508 82.0605 82.1391 82.1251 82.0488 81.99 81.989 81.9852 82.035
98.7069 98.1986 98.5614 98.7192 98.5982 98.8111 99.4844 98.4978 98.5448 97.9288 98.2763 98.1365 98.1145 97.9258 100.079 98.0458 97.9215 97.6909 98.159 97.524 98.7792 97.9589 98.0722 98.1945 97.8574 97.7943 99.0006 98.3299 99.0667 97.931
64.528 64.6186 64.6154 64.5803 64.571 64.5681 64.6469 64.525 64.6302 64.6937 64.5774 64.6058 64.6507 64.6432 65.3217 64.699 64.6827 64.7495 64.6584 64.7576 64.2461 64.6548 64.6305 64.6383 64.7007 64.7003 64.6503 64.5794 64.5391 64.6534
141.419 141.526 141.511 141.487 141.442 141.578 141.638 141.631 141.524 141.696 141.62 141.689 141.768 141.755 142.847 141.8 141.66 141.792 141.76 141.789 141.706 141.647 141.759 141.723 141.706 141.736 141.976 141.805 141.936 141.678
5.64016 5.63052 5.62813 5.63325 5.63611 5.63808 5.64518 5.61692 5.61069 5.66567 5.67109 5.67111 5.67185 5.67543 5.6826 5.67137 5.67353 5.67393 5.66892 5.67676 5.71407 5.66739 5.68546 5.67753 5.67164 5.67727 5.65259 5.68915 5.67049 5.6766
4.15853 4.1577 4.16299 4.15471 4.15966 4.18278 4.0783 4.08161 4.10072 4.16806 4.16864 4.17974 4.17973 4.18271 4.14528 4.18514 4.17418 4.19467 4.17991 4.19706 4.21006 4.17647 4.20099 4.1813 4.17558 4.1952 4.26611 4.19534 4.28106 4.18172
4.32244 4.32681 4.32173 4.32659 4.31876 4.31939 4.34313 4.31153 4.29958 4.33016 4.32335 4.32236 4.3287 4.33008 4.33406 4.331 4.3316 4.33594 4.32775 4.33316 4.33904 4.32658 4.33178 4.33073 4.32924 4.33327 4.29857 4.33132 4.30425 4.3274
4.32749 4.32391 4.31872 4.32217 4.32542 4.32462 4.3095 4.32241 4.34034 4.38284 4.39149 4.38626 4.3762 4.38058 4.32658 4.37627 4.38615 4.37784 4.37775 4.37734 4.37847 4.38615 4.38897 4.38076 4.38081 4.38395 4.36428 4.38391 4.35841 4.39011
5.44138 5.47987 5.50338 5.47634 5.49802 5.55429 5.61566 5.59368 5.57182 5.44824 5.47113 5.46039 5.44496 5.43786 5.56802 5.44078 5.44978 5.38514 5.44785 5.41796 5.49924 5.45779 5.43308 5.44981 5.45266 5.43852 5.5034 5.50626 5.47038 5.45044
4.45523 4.41492 4.44095 4.42297 4.4726 4.49752 4.39571 4.36033 4.35787 4.33338 4.40992 4.39521 4.39762 4.36515 4.2708 4.39497 4.3397 4.38601 4.39372 4.35906 4.69401 4.38645 4.39466 4.39946 4.39706 4.40461 4.47796 4.4396 4.47205 4.38299
4.13884 4.15131 4.14202 4.14719 4.13677 4.14255 4.12761 4.1322 4.11923 4.49134 4.48831 4.4837 4.4838 4.49053 4.62294 4.48912 4.49592 4.49045 4.48227 4.49603 4.49603 4.48725 4.49281 4.49272 4.49232 4.4968 4.50685 4.50642 4.47023 4.49712
7.70047 7.72185 7.71949 7.70872 7.70392 7.73023 7.68122 7.7371 7.74736 7.75075 7.7419 7.74114 7.74425 7.74909 7.85389 7.74478 7.75266 7.74457 7.7414 7.75584 7.7993 7.7475 7.74787 7.74324 7.75073 7.74754 7.77167 7.76976 7.75432 7.7514
