92.0727 92.2077 92.0883 92.1688 92.1115 92.2202 92.0276 92.0415 92.2026 92.0123 91.9964 91.9101 92.0063 91.9268 91.974 92.0143 91.9959 91.9837 92.3097 91.9752 91.975 92.0348 92.0407 92.0574 91.9714 92.1444 91.9683 91.8809 92.0515 91.9243
75.4519 75.5555 75.6256 75.6102 75.5976 75.5677 75.5508 75.538 75.6793 75.5572 75.5498 75.5347 75.6087 75.7028 75.5227 75.5165 75.8631 75.6046 75.4305 75.5883 75.5307 75.5055 75.5195 75.5892 75.613 75.8001 75.6133 75.6029 75.4904 75.5798
72.9454 72.5117 72.8603 72.6222 72.7109 73.0473 74.1159 73.8434 72.6294 74.2232 73.7757 74.0279 74.0669 74.1217 74.0413 73.9773 74.0017 73.8444 73.6889 74.2138 73.959 74.2171 73.814 74.2321 73.8377 73.3746 74.1454 74.3762 73.9175 74.414
82.8658 82.8156 82.9186 82.8607 82.8172 82.8394 83.1854 83.1159 82.6492 83.2295 83.0922 83.309 83.1566 83.2921 83.1128 83.1555 83.1747 83.1405 83.1094 83.1748 83.1901 83.2539 83.1083 83.2378 83.0872 83.0837 83.2233 83.4607 83.1365 83.1407
66.4121 66.397 66.5202 66.4374 66.3927 66.5401 66.0467 65.9638 66.408 66.0389 66.0061 66.0177 66.1231 65.9115 66.1354 66.0604 65.8703 65.9228 66.0792 66.1668 66.0307 66.0155 65.9136 65.9882 65.9673 65.9014 65.9376 67.6763 65.9215 66.6449
137.509 138.234 138.555 138.531 137.887 138.331 138.835 138.694 137.873 138.948 138.567 138.926 138.822 139.028 138.715 138.734 138.961 138.873 138.565 138.861 138.865 139.009 138.748 139.07 138.676 138.422 138.946 139.022 138.832 138.78
12.3555 12.2727 12.218 12.421 12.1133 12.2262 12.3405 12.3559 12.5466 12.2824 12.268 12.3063 12.3192 12.3546 12.2474 12.3295 12.331 12.329 12.3364 12.357 12.333 12.3428 12.3465 12.3306 12.3156 12.302 12.3552 10.5788 12.3391 12.2623
5.69236 5.70656 5.71171 5.72054 5.71628 5.69868 5.88519 5.89481 5.6895 5.89188 5.89208 5.9069 5.89423 5.90451 5.89476 5.89346 5.8968 5.91363 5.89425 5.88133 5.90233 5.89342 5.89597 5.89362 5.89138 5.9203 5.88394 5.87998 5.89246 5.89711
4.71014 4.66174 4.67737 4.68228 4.68305 4.32062 4.73073 4.69591 4.30403 4.71369 4.68506 4.68895 4.71673 4.61234 4.73766 4.71597 4.63563 4.68207 4.72025 4.7287 4.70129 4.69662 4.69632 4.72682 4.68434 4.64357 4.67648 4.6137 4.69528 4.71135
4.59343 4.56099 4.55856 4.56113 4.56543 4.47155 4.69095 4.62279 4.46336 4.67002 4.6214 4.62849 4.65505 4.62168 4.59854 4.63053 4.60287 4.59846 4.64013 4.64935 4.61867 4.65012 4.62266 4.67301 4.59752 4.58387 4.65393 4.62912 4.63668 4.65952
4.50546 4.50835 4.501 4.50323 4.50362 4.47501 4.52458 4.53156 4.45881 4.52601 4.52408 4.49644 4.52245 4.5172 4.51898 4.5247 4.5134 4.53416 4.53051 4.53366 4.51728 4.52162 4.52948 4.52329 4.53423 4.51982 4.52371 4.51915 4.53659 4.54057
4.2985 4.27786 4.27439 4.27662 4.28982 4.24267 4.71386 4.70859 4.24128 4.71176 4.71537 4.70477 4.71302 4.69826 4.70373 4.70192 4.69722 4.70175 4.70153 4.71765 4.70303 4.70598 4.70615 4.70783 4.71061 4.69685 4.70413 4.73283 4.71175 4.72805
4.21319 4.19598 4.18617 4.2052 4.22402 4.19059 4.29309 4.29729 4.21054 4.29285 4.3035 4.2955 4.29943 4.29254 4.28917 4.29225 4.28965 4.29491 4.30453 4.29843 4.29442 4.29171 4.29442 4.28327 4.29523 4.30441 4.28156 4.38029 4.29369 4.33536
8.06543 8.01032 8.02776 8.05116 8.09129 7.91651 8.15785 8.04639 7.83798 8.08316 8.07784 8.00462 8.09962 7.99076 8.00238 8.05476 8.03238 7.99747 8.03638 8.06322 8.03451 8.03282 8.06662 8.07734 8.03713 7.8668 8.07677 7.99702 8.05865 8.08096
146.208 145.979 145.485 146.077 145.848 145.006 145.469 145.443 145.811 145.138 145.372 145.177 145.151 145.753 144.992 145.336 145.271 145.172 145.685 145.545 145.053 145.308 145.382 145.025 145.504 145.513 145.52 144.448 145.447 145.183
92.2906 92.2853 92.3567 92.3501 92.4091 92.6592 92.663 92.7401 92.8036 92.6807 92.7277 92.76 92.7205 92.6349 92.7147 92.7141 92.5769 92.758 92.7799 92.5791 92.7496 92.7546 92.787 92.7281 92.7088 92.9236 92.5775 92.5282 92.7317 92.7085
75.4426 75.4152 75.3197 75.3524 75.449 74.9282 75.367 75.3776 75.5939 75.4678 75.3233 75.3432 75.3747 75.2567 75.289 75.3663 75.5608 75.3702 75.2244 75.2325 75.3607 75.2336 75.3233 75.3468 75.434 75.4183 75.3046 75.2657 75.3977 75.3608
82.4946 82.6451 82.6527 82.5829 82.5926 82.6208 82.5596 82.4854 82.4923 82.5501 82.5162 82.553 82.4892 82.7014 82.5195 82.5202 82.872 82.4733 82.7538 82.6599 82.4986 82.6512 82.5228 82.6393 82.5579 82.5914 82.7114 82.8419 82.5388 82.6937
65.6753 65.6672 65.7255 65.6349 65.6989 65.8279 65.7568 65.7383 65.759 65.7948 65.8341 65.8811 65.8597 65.8774 65.7608 65.7828 65.8631 65.776 66.0189 65.8698 65.8205 65.7671 65.7376 65.8043 65.7315 65.9617 65.7995 66.03 65.7625 66.5943
135.678 136.052 136.332 136.456 136.321 136.134 136.426 136.419 136.607 136.618 136.409 136.661 136.281 136.974 136.374 136.441 137.501 136.531 136.637 136.484 136.491 136.59 136.43 136.545 136.498 137.422 136.62 136.992 136.647 136.588
13.1123 13.0938 12.9192 13.0439 13.057 12.7039 13.0115 12.9664 12.9385 12.9205 12.9544 12.9639 12.9958 13.012 12.9669 12.9431 13.053 13.0024 12.9993 12.9597 13.0001 12.9767 13.0167 12.9446 12.9561 13.0236 12.984 12.6472 12.9922 12.9239
5.69525 5.69914 5.69535 5.70565 5.70756 5.66848 5.8725 5.87459 5.6867 5.88317 5.87439 5.87472 5.88743 5.87385 5.87389 5.8716 5.90482 5.89163 5.88986 5.87348 5.87759 5.87371 5.87735 5.89923 5.8856 5.84909 5.87969 5.84144 5.88132 5.87768
4.54641 4.52326 4.54897 4.55445 4.50508 4.54636 4.59731 4.58233 4.24002 4.5791 4.59673 4.62498 4.59697 4.63223 4.58288 4.57727 4.65392 4.58649 4.61849 4.59927 4.60191 4.60105 4.60318 4.59502 4.56978 4.60395 4.61088 4.57126 4.59987 4.60738
4.55599 4.57913 4.57455 4.56806 4.58503 4.51605 4.58811 4.56566 4.50051 4.60272 4.57438 4.58077 4.5748 4.5735 4.6206 4.58143 4.61016 4.57478 4.61081 4.6136 4.58974 4.6089 4.59254 4.61855 4.59611 4.56597 4.60343 4.51841 4.60611 4.61229
4.50526 4.51296 4.50275 4.50595 4.51104 4.44864 4.52445 4.52249 4.48476 4.53595 4.51725 4.52156 4.53448 4.51108 4.51897 4.52529 4.51146 4.50667 4.51883 4.52222 4.51563 4.51396 4.51517 4.51287 4.5202 4.51846 4.52338 4.49955 4.52533 4.51755
4.45445 4.47995 4.46059 4.47914 4.46678 4.37606 4.69823 4.67642 4.40824 4.69548 4.69165 4.68161 4.7071 4.7171 4.68917 4.6735 4.68838 4.67313 4.70508 4.71149 4.67392 4.69136 4.67643 4.69361 4.68701 4.6578 4.71237 4.57451 4.68263 4.69491
4.23122 4.24281 4.2379 4.24587 4.24953 4.22614 4.31352 4.3227 4.22767 4.32342 4.32961 4.33255 4.32313 4.36004 4.32232 4.31808 4.34107 4.32809 4.32599 4.31921 4.32768 4.32145 4.32837 4.31551 4.32429 4.50746 4.32125 4.22151 4.33209 4.36687
7.47326 7.46724 7.41113 7.416 7.40661 7.36969 7.42059 7.49548 7.53723 7.46063 7.51364 7.51482 7.46716 7.61519 7.50615 7.50332 7.57123 7.52153 7.38785 7.43545 7.50331 7.46897 7.49779 7.43885 7.51137 7.81671 7.52892 7.69705 7.49837 7.47766
148.446 148.566 148.489 148.365 148.058 148.927 149.501 149.293 149.478 149.277 149.307 149.487 149.618 149.323 149.436 149.306 149.24 149.097 149.164 149.375 149.322 149.49 149.437 149.37 149.236 148.695 149.49 147.354 149.258 149.353
93.2298 93.3057 93.2699 93.2515 93.2865 93.5438 93.5555 93.4665 93.1326 93.4606 93.4548 93.6738 93.4771 93.5005 93.2929 93.4082 93.2438 93.3007 93.4935 93.457 93.3538 93.4766 93.5795 93.3319 93.3199 93.2494 93.4564 93.4543 93.4435 93.4725
75.8749 75.7555 75.862 75.862 75.7839 75.9022 75.6265 75.6337 75.9547 75.6684 75.6172 75.5982 75.703 75.6093 75.7578 75.6894 76.0645 76.1111 75.6567 75.6043 75.9455 75.6569 75.6512 75.8014 75.6371 75.9997 75.7562 75.7848 75.8632 75.6325
72.2639 72.3415 72.3591 72.3116 72.4678 72.551 72.3413 72.3859 72.2667 72.6592 72.3185 72.3291 72.1539 72.1572 72.4899 72.2947 71.4424 72.5918 72.562 72.3654 72.2973 72.3277 72.1936 72.388 72.1141 71.0575 72.2464 71.6351 72.1164 72.5248
82.7725 82.6802 82.7221 82.767 82.6757 82.3945 82.6222 82.6767 82.5244 82.66 82.6484 82.4919 82.6426 82.5372 82.778 82.6999 82.5851 82.8026 82.6163 82.7218 82.6326 82.6529 82.5941 82.6229 82.6709 82.6787 82.6445 82.3102 82.5288 82.5926
96.5423 97.2308 96.8011 96.816 97.4697 97.0892 96.529 96.5228 97.1708 97.4229 96.5376 96.9972 96.2428 96.3391 96.5065 96.6118 96.4734 97.0378 96.4424 96.4128 96.8772 96.4753 96.5967 96.5992 96.541 96.918 96.2691 96.351 97.1683 97.2059
64.7429 64.804 64.7994 64.8206 64.8095 64.7396 65.0294 64.9386 64.8639 64.9534 64.9814 65.0093 64.9548 64.9179 64.9237 65.0135 64.7795 65.1208 65.0697 65.0088 64.8592 64.9345 64.9726 64.8875 64.7702 64.954 64.9178 64.617 64.8027 65.1379
140.507 140.257 140.37 140.539 140.584 140.505 140.697 140.765 140.473 140.926 140.695 140.623 140.682 140.72 140.79 140.567 140.984 140.86 140.664 140.63 140.749 140.658 140.677 140.793 140.645 140.827 140.77 140.725 140.624 140.659
5.51725 5.51397 5.52276 5.5195 5.54024 5.51361 5.56723 5.56832 5.53781 5.60437 5.56948 5.59489 5.58151 5.59191 5.56152 5.56177 5.60164 5.6277 5.57219 5.56189 5.5918 5.57739 5.57398 5.60037 5.58835 5.56808 5.57918 5.50712 5.61327 5.58444
4.40544 4.38799 4.38196 4.40312 4.38319 4.2338 4.4446 4.45434 4.20255 4.37713 4.45739 4.48654 4.43205 4.44865 4.45025 4.4563 4.45866 4.33422 4.45557 4.4577 4.38247 4.46593 4.45004 4.38823 4.41543 4.4057 4.4589 4.43669 4.39977 4.44824
4.46207 4.48382 4.47369 4.47809 4.49538 4.47682 4.4983 4.50112 4.46963 4.51546 4.49218 4.4885 4.48986 4.48771 4.47736 4.49789 4.49511 4.50519 4.50336 4.4922 4.51758 4.49435 4.49578 4.51112 4.48186 4.4832 4.5094 4.4828 4.50277 4.49785
4.30261 4.30262 4.30544 4.30602 4.30894 4.31658 4.35908 4.35547 4.29094 4.36952 4.35977 4.36798 4.35426 4.35641 4.36436 4.3643 4.36166 4.37494 4.36135 4.36063 4.35813 4.35715 4.36006 4.35937 4.35745 4.34761 4.35765 4.33829 4.37318 4.36384
5.21031 5.19505 5.15289 5.20526 5.19461 4.86744 5.12166 5.07769 5.22512 5.18307 5.08325 5.17301 5.0383 5.06825 5.04806 5.1082 5.11825 5.16616 5.05814 5.06698 5.14011 5.04137 5.13252 5.06841 5.07525 5.14737 5.03033 4.91048 5.1674 5.22963
4.40125 4.3029 4.35064 4.36243 4.32103 4.27502 4.41153 4.43031 4.33077 4.42449 4.45464 4.46192 4.44982 4.45021 4.47751 4.42088 4.55137 4.45546 4.45252 4.44422 4.42446 4.44174 4.42591 4.42844 4.43553 4.54725 4.44944 4.42637 4.45575 4.43242
4.14487 4.19291 4.16491 4.16511 4.19229 4.09749 4.50796 4.50239 4.13241 4.51594 4.49454 4.48713 4.48576 4.49069 4.47009 4.5058 4.45042 4.50132 4.48421 4.49478 4.50217 4.48654 4.50696 4.50424 4.5026 4.46133 4.4923 4.45485 4.50725 4.51818
7.4966 7.47741 7.49949 7.52532 7.50053 7.51083 7.59335 7.58171 7.44763 7.58447 7.57591 7.59353 7.56381 7.5766 7.56165 7.56458 7.56924 7.5759 7.55928 7.55876 7.58696 7.56177 7.594 7.55151 7.55465 7.55586 7.5679 7.53318 7.54915 7.58281
92.1102 92.2435 92.1551 92.1695 92.3524 91.9812 92.4379 92.3372 91.9915 92.1986 92.3931 92.6488 92.5804 92.408 92.2102 92.3652 91.9759 92.3227 92.3943 92.4363 91.9559 92.5449 92.3982 92.0454 92.2861 90.771 92.3984 92.3693 92.0746 92.3325
153.488 153.518 153.524 153.75 153.791 153.308 152.885 152.462 153.297 152.526 152.767 152.067 152.883 152.58 152.567 152.679 152.605 152.897 152.736 152.481 154.554 152.389 153.055 153.004 152.918 154.079 153.005 153.019 154.303 153.624
76.0483 76.0001 76.0426 76.1287 76.0833 75.871 76.0567 75.9167 75.8364 76.0901 75.8058 75.853 76.0735 76.0234 76.0343 75.8384 76.0484 75.9845 75.8222 75.7911 75.5956 75.8181 76.0199 76.223 76.1039 76.2348 75.9909 75.8967 76.4221 76.2756
73.7223 73.8649 73.8211 73.6016 74.096 74.1563 73.1424 73.0837 74.1358 72.9481 73.582 73.245 73.1805 73.0367 73.5807 73.298 73.3345 73.5504 73.4797 73.3921 73.7351 73.3765 73.0423 73.5883 72.9969 74.7559 73.236 73.1025 72.8248 73.6891
65.8224 65.849 65.8304 65.796 65.9012 65.7354 65.6297 65.7418 65.6854 65.6315 65.7158 65.7533 65.874 65.8789 65.6071 65.7509 65.5062 65.5771 65.6382 65.7548 65.6838 65.7029 65.5567 65.7569 65.7539 66.1584 65.5753 65.8071 66.382 66.0436
140.047 140.387 140.159 140.301 140.581 139.425 139.488 139.451 139.209 138.973 139.424 139.203 139.521 139.503 139.609 139.381 138.633 140.407 139.584 139.468 139.838 139.455 139.603 139.694 139.607 137.797 139.48 138.846 139.533 139.751
6.00809 6.00589 5.99752 6.02765 6.01518 5.96106 6.43339 6.45482 5.9498 6.42315 6.44637 6.4618 6.45513 6.46931 6.43576 6.4497 6.49387 6.47355 6.43592 6.44808 6.41209 6.44975 6.43954 6.4656 6.47319 6.48685 6.44773 6.45827 6.52424 6.47808
7.44082 7.46118 7.43121 7.55847 7.45805 7.28747 6.80554 6.72764 7.33807 6.75059 6.75739 6.59576 6.78955 6.71571 6.7801 6.7816 6.80202 6.91137 6.76878 6.73724 7.23267 6.68281 6.84349 6.97308 6.86749 7.17486 6.79109 6.82982 7.20311 7.03225
4.60734 4.62664 4.61231 4.61052 4.61005 4.58593 4.6826 4.73904 4.51688 4.62344 4.6752 4.71593 4.6407 4.65496 4.68496 4.74207 4.64043 4.74535 4.74138 4.72641 4.63544 4.72662 4.67296 4.58039 4.6249 4.53491 4.68041 4.61717 4.54419 4.6465
4.67204 4.67812 4.68144 4.6867 4.69457 4.64504 4.83316 4.83714 4.64028 4.78155 4.83644 4.81304 4.78576 4.79053 4.83212 4.84607 4.81952 4.84291 4.84989 4.83593 4.82487 4.82455 4.83654 4.80353 4.78614 4.79783 4.84707 4.79443 4.74381 4.88187
4.49887 4.48558 4.4957 4.49909 4.45254 4.49416 4.56865 4.58203 4.45033 4.76896 4.59538 4.58216 4.60016 4.63566 4.6224 4.61839 4.7438 4.67201 4.61663 4.57672 4.64001 4.58207 4.602 4.69525 4.6279 4.72435 4.64061 4.69074 4.71621 4.5519
4.27573 4.27406 4.27504 4.28394 4.28104 4.237 4.45801 4.45636 4.22411 4.4783 4.46487 4.45871 4.4429 4.46243 4.45048 4.46204 4.47308 4.46752 4.45608 4.4528 4.47136 4.45013 4.47286 4.42899 4.45277 4.46077 4.4706 4.4663 4.54754 4.47993
8.04147 8.07126 8.0624 8.05911 8.07658 8.11976 7.8713 7.8764 7.99836 7.86973 7.92294 7.891 7.97256 8.0121 7.87804 7.90589 7.82296 8.16559 7.89144 7.91447 7.90566 7.90897 7.90116 7.98661 8.02075 7.78664 7.91859 7.90342 8.00645 7.91099
91.7838 91.7741 91.6976 91.6812 91.7191 92.0914 92.184 92.2005 92.0622 92.081 92.1544 92.299 91.7421 91.8581 92.3526 92.0877 92.0433 92.0957 91.9222 92.112 91.5269 92.2905 92.0161 90.1432 91.8882 91.6358 91.9659 91.4983 91.7821 91.8949
75.641 75.6277 75.698 75.6702 75.639 75.7185 75.7943 75.586 75.8034 75.7618 75.4256 75.6465 75.8784 75.6196 75.4471 75.6119 75.6601 75.649 75.5897 75.6299 75.4659 75.5277 75.6494 75.5365 75.5397 75.7147 75.5299 75.4955 75.303 75.667
73.6249 73.5102 73.587 73.6432 73.5813 73.1746 73.5217 73.1341 73.7402 74.0879 73.6452 73.2715 73.463 74.216 73.6933 73.1738 74.3627 73.4487 73.0461 73.1355 73.2375 73.1584 74.5555 75.5481 74.2041 77.6489 73.7343 74.8828 74.5302 74.1911
83.075 83.0885 83.1661 83.0775 83.0944 82.6475 82.8667 82.6385 83.0648 83.1222 82.8194 82.7913 82.9778 82.8553 83.0742 82.6422 83.0068 82.979 82.7904 82.7515 82.92 82.7558 82.988 83.2348 83.1418 83.7166 82.918 83.1297 82.8851 83.1504
66.0909 66.1368 66.0202 66.003 66.1206 66.1906 66.2008 66.3401 66.3856 66.2189 66.3224 66.2899 65.9527 66.0259 66.0818 66.1059 66.2625 66.0714 65.9984 66.2356 65.7625 66.2432 66.2766 66.1539 66.1286 66.6125 66.1433 67.3264 67.4186 66.1975
137.155 137.18 137.136 137.331 137.493 135.957 137.249 135.704 136.643 136.781 136.402 135.757 136 135.945 137.317 136.13 136.481 136.203 136.067 135.985 136.857 135.568 137.32 138.212 136.687 139.639 136.422 136.407 137.981 137.951
12.2138 12.1111 12.3566 12.4015 12.2637 12.0398 12.4699 12.3435 12.814 12.4813 12.2861 12.4093 12.5017 12.7035 12.512 12.2979 12.6444 12.4461 12.171 12.4384 12.7532 12.431 12.7443 12.6242 12.6671 12.8017 12.2602 12.7578 13.0456 12.3582
5.52517 5.5176 5.53527 5.52471 5.49924 5.52164 5.71427 5.70523 5.5311 5.72221 5.71202 5.71134 5.72805 5.72952 5.71923 5.70928 5.77344 5.71691 5.7116 5.71643 5.77726 5.73929 5.79479 5.89267 5.78993 5.8829 5.73635 5.80722 5.29755 5.33383
4.51075 4.50502 4.47434 4.58702 4.51576 4.26849 4.60271 4.6441 4.30374 4.60614 4.53923 4.5662 4.63796 4.54752 4.68777 4.55651 4.6281 4.63025 4.60721 4.61397 4.5251 4.65041 4.61502 4.59616 4.57153 4.61613 4.63767 4.59749 4.57736 4.5025
4.52492 4.51835 4.51599 4.53098 4.5291 4.46094 4.60973 4.52131 4.46291 4.58564 4.53289 4.56288 4.53606 4.55297 4.85539 4.54843 4.59807 4.59948 4.55325 4.56261 4.54434 4.57933 4.60899 4.72725 4.57366 6.31066 4.55889 4.60975 4.53789 4.57541
4.43447 4.42967 4.43531 4.43534 4.43077 4.38189 4.47454 4.45739 4.41205 4.45383 4.4711 4.45094 4.45817 4.47026 4.45856 4.48022 4.48396 4.46646 4.47671 4.45819 4.49619 4.45957 4.49705 4.47851 4.47885 4.45043 4.46718 4.4848 4.57148 4.50665
4.37308 4.31966 4.3999 4.4056 4.38516 4.23118 4.4721 4.45772 4.27512 4.58407 4.53349 4.45641 4.71887 4.7549 4.4655 4.41893 4.72607 4.66247 4.44608 4.4138 4.81806 4.45747 4.62014 4.54484 4.71333 5.59446 4.65854 4.76621 4.6114 4.6318
4.24546 4.23998 4.24051 4.24729 4.26065 4.20652 4.62277 4.31746 4.19246 4.34564 4.33914 4.31933 4.29776 4.32934 4.5565 4.3185 4.37362 4.3362 4.30844 4.31086 4.32413 4.31518 4.4184 4.42199 4.30765 4.69749 4.34198 4.38317 4.49049 4.34702
7.3695 7.35481 7.33062 7.36974 7.42805 7.35544 7.6656 7.3348 7.35396 7.34889 7.4268 7.30783 7.15293 7.11197 7.6485 7.39339 7.37032 7.39449 7.3725 7.36298 7.26337 7.325 7.52209 7.44925 7.25771 7.85688 7.39986 7.12706 7.80905 7.75071
146.201 146.203 146.401 146.681 146.618 146.529 145.571 145.714 146.383 145.674 146.136 145.64 145.92 148.227 145.898 147.578 146.512 145.505 146.397 146.575 146.681 145.474 146.6 146.425 147.694 145.954 146.705 147.136 147.34 146.849
92.5105 92.4958 92.3993 92.5644 92.3919 92.4443 92.3627 92.6408 92.2879 92.2283 92.5375 92.5233 92.2285 92.2135 92.5049 92.3913 92.8185 92.2779 92.5167 92.4231 92.6014 92.5737 92.8766 92.2182 91.2712 91.5074 92.7219 91.6355 91.9611 91.9978
154.469 154.477 154.43 153.905 154.417 155.258 155.594 155.452 155.58 155.645 155.553 155.628 153.824 154.852 154.82 154.797 154.817 154.916 154.778 154.89 155.066 155.135 155.502 155.081 154.935 157.032 154.873 155.372 155.054 154.742
75.055 75.1553 75.0219 75.2352 74.9882 75.2339 75.3597 75.4159 75.4054 75.3164 75.211 75.3224 75.897 74.8296 75.2436 75.3986 75.5066 75.4345 75.0774 75.1202 75.3195 75.4718 75.7255 75.8587 75.9038 75.9298 75.3337 74.4057 75.0857 75.564
73.5708 73.5337 73.6712 73.4756 73.616 73.4351 73.481 73.5711 73.6768 73.4846 73.0296 72.9541 73.7404 74.0226 73.2141 73.7293 73.0455 73.3108 73.782 73.3643 73.516 73.7028 72.914 74.22 74.2861 73.421 73.7317 74.8539 72.0676 73.3951
83.1056 83.1218 83.1999 83.1538 83.1855 82.9739 82.9068 82.7929 83.1619 82.9173 82.8977 82.8503 83.0544 83.4675 82.964 83.2487 82.9848 82.7903 83.145 83.0815 83.178 82.8495 82.5832 83.2282 83.5051 82.7424 83.0305 83.8687 82.1331 83.4932
65.8675 65.8467 65.8819 66.0121 65.9057 65.899 65.7894 65.8301 65.9872 65.671 65.7033 65.7039 65.7756 66.1881 65.8777 65.7709 66.2306 66.0259 65.8125 65.7135 65.9833 65.9759 66.1939 67.4796 66.3221 68.6125 65.8828 66.4507 66.3754 65.9267
140.106 140.036 140.2 140.265 140.203 139.244 139.692 139.449 140.126 139.915 140.435 139.466 139.278 141.455 139.233 140.052 140.561 139.366 139.653 139.435 140.718 139.295 140.297 141.692 142.043 138.905 139.872 141.338 141.027 140.336
5.89828 5.90651 5.89999 5.92921 5.90856 5.80369 6.39426 6.38358 5.8705 6.38188 6.32308 6.34965 6.39828 6.36283 6.37739 6.39829 6.49244 6.22431 6.36032 6.33988 6.39071 6.34854 6.45855 6.4314 6.38194 6.64311 6.39194 6.34453 6.37418 6.38957
7.98456 8.04414 7.97808 7.54082 7.86756 8.84386 8.2905 8.15848 8.52391 8.28407 7.76396 8.34678 6.81526 7.62856 7.17541 7.55308 7.72328 7.6486 7.30815 8.03 7.76426 7.87504 7.90136 7.75883 7.58158 8.3059 7.47967 7.46749 7.93982 7.51463
4.51684 4.51855 4.51736 4.51591 4.51965 4.3557 4.65747 4.65029 4.39695 4.61847 4.61926 4.60251 4.48427 4.62715 4.5976 4.62928 4.57451 4.52787 4.62493 4.54506 4.60928 4.58596 4.59221 4.62329 4.54896 4.59941 4.61764 4.69203 4.57244 4.54431
4.61692 4.62101 4.62157 4.56606 4.62206 4.55234 4.80588 4.77932 4.64162 4.81415 4.89471 4.81014 4.76051 4.86901 4.72394 4.77468 4.74847 4.68737 4.77843 4.73397 4.80709 4.7267 4.76499 4.59314 4.79786 4.81724 4.75332 4.79055 3.69863 4.71614
4.50038 4.50078 4.49982 4.49919 4.50084 4.46677 4.61295 4.59751 4.49954 4.61246 4.60243 4.59682 4.59355 4.61581 4.59583 4.61179 4.63967 4.57926 4.60315 4.59519 4.61099 4.57844 4.60733 4.61506 4.58938 4.53388 4.60277 4.62073 4.10746 4.60913
4.54958 4.56694 4.55438 4.56459 4.54809 4.48646 4.68776 4.71707 4.40692 4.71147 4.62612 4.68773 4.70229 4.67104 4.65127 4.6694 4.65147 4.6244 4.67083 4.69063 4.66929 4.63014 4.78477 4.6991 4.74435 4.7721 4.63051 4.61083 4.17697 4.66827
4.31069 4.31002 4.29666 4.31237 4.30523 4.25901 4.51733 4.52215 4.25734 4.52543 4.50961 4.51818 4.48009 4.4508 4.51214 4.52713 4.52133 4.52052 4.50634 4.49903 4.48188 4.51368 4.40507 4.54853 4.4952 4.63405 4.51689 4.5623 4.32108 4.5112
8.16873 8.2376 8.26106 8.05328 8.17999 7.75025 8.00777 7.78539 7.98415 8.11726 7.97393 7.97847 7.84113 8.38256 7.56798 7.85208 8.05851 7.5906 7.80609 7.63295 8.16309 7.6202 8.07085 8.2056 8.63469 6.89115 7.75667 8.08278 7.98038 7.79271
93.1343 93.0841 93.0358 93.1799 93.0438 93.3596 93.2698 93.0701 93.3444 93.1806 93.1169 93.088 92.6131 92.7553 93.1786 93.1697 92.9822 93.0302 93.2602 93.2982 92.9547 93.189 93.1001 92.78 93.2877 93.088 93.3133 92.5361 93.2033 92.8615
75.3634 75.3596 75.2867 75.3203 75.1202 75.1445 75.1974 75.2371 75.2365 75.1686 75.0588 75.2682 75.1883 75.3107 75.3822 75.1734 75.0983 75.3283 75.3093 74.9721 75.4973 75.4366 75.4984 75.5765 75.1185 75.339 75.5098 75.0023 75.7736 75.2788
72.9843 73.088 73.2045 73.1425 72.9716 73.3719 72.2506 72.2329 73.0711 72.5431 72.9132 72.4999 72.5357 72.4234 72.2155 72.8102 73.0325 72.2775 72.3215 72.6496 72.2012 71.6549 72.0885 72.2387 72.0974 72.9447 72.7966 72.6362 71.4635 72.4656
83.12 83.1449 83.1876 83.1843 83.2177 83.0314 82.6989 82.7657 83.4095 82.7698 83.0602 82.8941 83.2798 82.8927 82.8735 82.8502 82.6684 82.9051 82.8942 82.5509 82.6057 82.5993 82.6421 83.3473 82.5881 82.8714 82.9 82.5331 82.3297 83.1033
103.062 103.08 103.137 103.482 103.169 103.325 102.736 102.736 102.647 102.591 102.296 102.813 102.538 104.202 103.817 103.176 103.895 103.487 102.695 102.815 104.359 103.151 103.585 102.536 103.574 105.212 103.48 103.877 101.992 102.927
64.9615 64.8855 65.0443 64.8804 65.0576 64.7751 64.763 64.6344 64.7181 64.8024 64.7855 64.8177 64.7756 65.5139 64.8279 64.7945 65.175 64.6538 65.0327 64.6777 65.4924 64.5136 65.1252 66.6743 65.2793 64.856 64.9078 65.6641 65.1762 64.4472
141.077 141.114 141.147 140.516 141.101 141.614 141.23 141.524 141.428 141.364 141.904 141.236 141.087 142.024 141.131 141.631 141.981 141.431 140.869 142.209 142.493 141.613 142.404 142.495 142.959 141.488 141.203 142.724 141.501 141.538
5.46628 5.46911 5.46548 5.47314 5.48056 5.43209 5.43904 5.44427 5.46865 5.45117 5.36059 5.42254 4.77196 5.16666 5.4638 5.39159 5.24636 5.43409 5.43911 5.36881 4.60114 5.48793 4.80959 4.57939 5.43492 5.52296 5.43147 5.07231 5.38359 5.43856
4.34681 4.33469 4.32856 4.31523 4.28882 4.24639 4.43388 4.41873 4.18003 4.43698 4.33687 4.3496 4.34075 4.31125 4.42385 4.37424 4.08812 4.41309 4.4285 4.42441 4.32599 4.4398 4.31386 4.31189 4.40997 4.45717 4.3578 4.31655 4.49526 4.43404
14.2269 14.0383 14.1534 13.8277 13.758 13.7975 13.7702 13.8899 13.7525 13.8558 13.8798 13.7724 13.3947 13.1934 13.7156 13.8158 13.1711 13.5143 13.7819 13.9264 13.1612 13.9191 13.4005 13.7231 13.389 13.5876 13.6071 13.5189 13.6174 14.0706
4.44543 4.44555 4.43984 4.43191 4.43994 4.4408 4.5652 4.58569 4.45187 4.56551 4.6006 4.57014 4.54645 4.57395 4.55992 4.56851 4.5526 4.56089 4.55878 4.66691 4.54644 4.58998 4.54216 4.54299 4.58667 4.61344 4.54725 4.49476 4.53762 4.57765
4.38644 4.38722 4.38433 4.38493 4.384 4.40121 4.43695 4.43568 4.41459 4.42571 4.43143 4.44212 4.4294 4.40552 4.43446 4.43409 4.4409 4.43677 4.42386 4.45274 4.40532 4.4533 4.416 4.49593 4.45719 4.4449 4.41955 4.21738 4.42426 4.42803
5.22238 5.21758 5.22868 5.28124 5.21032 5.28287 4.74624 4.93683 5.04514 4.8499 4.96951 4.85926 4.99717 6.27573 5.06207 5.1416 5.40587 5.08956 4.76122 5.27486 5.64617 5.03109 5.37039 5.21086 5.52552 6.63514 5.20527 5.57653 5.18212 5.1896
4.39093 4.42176 4.37145 4.43188 4.37613 4.36917 4.60528 4.73221 4.40034 4.46795 4.61519 4.70084 4.69589 4.32373 4.5982 4.50416 4.65725 4.75697 4.42199 4.57903 4.42756 4.69988 4.61179 4.34219 4.82885 4.52507 4.49778 4.17104 4.59913 4.78268
4.20415 4.19862 4.19433 4.19416 4.20279 4.1644 4.33501 4.32673 4.24713 4.34301 4.28596 4.30646 4.2511 4.31892 4.32235 4.3211 4.29862 4.31107 4.32132 4.21831 4.31257 4.33379 4.28939 4.35284 4.34362 4.39203 4.30912 4.25688 4.34749 4.28345
7.59524 7.60314 7.59979 7.56214 7.61712 7.73436 7.58946 7.64276 7.63308 7.62737 7.64262 7.58993 7.55784 7.82428 7.59097 7.51898 7.49186 7.69614 7.47406 7.73637 7.72334 7.7097 7.61622 7.61199 7.80216 7.92649 7.53431 7.7957 7.79362 7.67174
161.948 161.947 162.129 162.624 162.041 161.634 162.684 161.221 161.808 161.925 158.629 161.972 160.933 161.034 161.786 162.142 160.018 162.289 162.269 161.086 162.17 161.896 160.638 161.174 160.219 161.002 161.771 159.335 160.43 161.64
93.2444 93.0987 93.116 92.889 92.778 93.5125 93.3736 93.4448 93.7133 93.2618 93.3494 93.273 93.4694 93.4085 93.5185 93.3762 92.6596 93.3912 93.5031 93.4532 93.154 93.4863 92.9334 93.0043 93.3161 93.4938 93.1954 93.1501 93.1904 93.2963
75.5079 75.6193 75.5369 75.5862 75.7011 75.2025 75.6336 75.3311 75.4035 75.7453 75.2258 75.2712 75.2057 75.1951 75.4236 75.4538 75.5533 75.2939 75.2054 75.1805 75.4149 75.3111 75.7295 76.083 75.4475 75.7701 75.4641 75.7154 75.5661 75.3162
73.5199 73.2176 73.2376 73.8307 73.4828 73.7521 73.0349 73.1026 72.5354 72.774 72.9846 72.6664 72.7324 72.7418 72.5119 72.8938 71.4744 72.8133 72.7951 72.9603 73.0018 72.5306 73.2073 73.4372 72.8916 73.0919 72.9788 72.2309 73.4718 72.7654
83.1716 83.2298 83.2929 83.3234 83.5751 83.2606 83.0718 83.0883 82.8421 83.0532 83.2252 83.0325 83.041 83.1918 82.9204 83.0664 82.8704 82.898 82.8854 83.2172 83.3177 82.843 83.4786 83.5792 83.0921 82.9871 83.186 82.8982 83.2777 83.28
97.38 97.1908 96.6296 97.4005 94.8888 97.5267 97.6392 97.3858 97.5077 98.6207 97.2744 97.1308 96.9381 97.1357 97.6628 97.5356 96.7751 97.6287 97.6201 97.4484 97.5271 97.6143 97.2315 97.2744 97.1938 98.9238 97.8773 97.6477 97.0546 97.7904
141.735 141.761 141.937 142.053 142.374 141.74 142.039 141.967 141.509 142.294 142.208 142.085 142.131 142.086 142.057 142.082 143.137 142.137 141.879 142.212 142.072 142.036 142.346 142.37 142.346 141.082 142.227 142.389 141.083 142.279
5.55674 5.54616 5.54444 5.5602 5.55003 5.49594 5.5342 5.52312 5.49327 5.56792 5.50025 5.52058 5.49408 5.47758 5.54378 5.52924 5.60685 5.51714 5.52191 5.48503 5.52868 5.54233 5.5509 5.5661 5.55952 5.5957 5.54656 5.48021 5.55832 5.5582
4.41241 4.36129 4.41968 4.4403 4.43984 4.27208 4.42173 4.37692 4.18847 4.38396 4.34331 4.39187 4.40242 4.40714 4.38599 4.40056 4.73317 4.37601 4.38772 4.40983 4.44289 4.38792 4.39067 4.42708 4.39156 4.3244 4.39035 4.36603 4.26063 4.40595
4.39577 4.39741 4.39868 4.39273 4.40224 4.40704 4.37016 4.38893 4.39127 4.40161 4.41387 4.40806 4.38966 4.38689 4.4085 4.39694 4.36106 4.39993 4.39334 4.33763 4.38808 4.40799 4.40389 4.37264 4.4076 4.42451 4.39027 4.38667 4.38533 4.39409
4.37197 4.36758 4.36243 4.36484 4.35023 4.35389 4.41443 4.4168 4.35291 4.40326 4.41409 4.41624 4.40412 4.402 4.42114 4.4158 4.38503 4.41767 4.42825 4.39863 4.42373 4.42822 4.41175 4.41767 4.41958 4.45243 4.41754 4.4135 4.42165 4.40181
5.64501 5.65702 5.68132 5.69864 5.68242 5.61844 5.54238 5.55921 5.55409 5.61228 5.56824 5.57608 5.54985 5.59923 5.54837 5.57942 5.98994 5.55815 5.52218 5.52564 5.59626 5.5553 5.54487 5.55744 5.62124 5.95724 5.60247 5.58903 5.59986 5.61404
7.7712 7.78155 7.79321 7.82008 7.89718 7.68564 7.82012 7.82839 7.78717 7.83623 7.85019 7.85776 7.84312 7.86549 7.8425 7.85044 7.8304 7.83086 7.83542 7.83843 7.85715 7.83578 7.88489 7.89415 7.83256 7.7412 7.85154 7.82653 7.68711 7.82168
92.8503 92.8701 92.7493 92.7272 92.6307 92.7272 93.1023 92.9507 93.0136 92.5296 92.8098 92.7598 93.39 93.3509 92.9271 92.9276 91.8145 92.7635 93.264 93.3238 93.2465 92.7347 92.3868 92.5638 93.0672 92.9041 92.371 92.5283 92.4063 93.169
76.0779 76.0948 76.0473 75.876 75.9235 75.6027 76.004 76.1901 75.923 75.6916 75.573 75.4751 76.1386 75.6528 76.0234 76.1809 75.7312 75.5808 75.7328 75.6293 75.6128 76.2107 75.9505 76.3368 75.8518 75.7144 76.0611 75.6921 76.1479 75.7415
73.5415 73.4791 73.5504 73.869 73.988 73.58 72.4177 72.3762 73.0136 72.7851 73.1071 72.715 72.6479 72.3839 71.7949 73.0268 74.612 72.8989 71.8516 72.3483 72.3196 72.8684 73.0327 73.5477 72.4329 72.881 73.5513 72.273 71.9836 72.4336
83.0598 83.1806 83.1397 83.2192 83.2943 83.3871 82.5875 82.5201 82.7075 82.733 82.7192 82.3239 82.3234 82.28 82.3755 82.6767 84.0901 82.5248 82.3363 82.5876 82.3602 82.529 83.0813 82.5532 82.598 82.6495 82.9757 82.3283 83.1384 82.487
104.314 104.217 104.67 103.999 103.44 105.025 103.871 103.932 104.39 104.897 104.409 104.592 103.847 103.84 104.228 104.335 105.367 104.444 103.593 103.768 103.922 104.363 103.984 105.137 104.358 104.576 104.628 104.509 103.402 104.543
65.2993 65.2259 65.3343 65.3773 65.2683 65.2116 64.9232 65.0552 65.1182 64.6234 64.8706 64.8166 65.0594 65.295 64.7748 65.0452 64.9546 64.8766 65.1177 65.1537 65.0581 65.1685 64.917 64.8933 64.9041 64.3376 64.9763 63.8808 64.7234 65.0195
141.944 141.829 141.972 142.357 142.32 141.891 141.753 141.898 141.957 142.021 142.063 141.999 141.916 141.622 141.997 142.098 142.988 142.013 141.692 141.449 141.813 142.17 142.099 142.743 141.794 141.8 142.4 142.076 141.251 141.846
5.62013 5.59986 5.62822 5.66174 5.65749 5.60254 5.57674 5.57755 5.574 5.53359 5.53148 5.50937 5.56726 5.5566 5.52281 5.58887 5.48554 5.51565 5.54525 5.55458 5.56293 5.55757 5.50777 5.42089 5.56587 5.52752 5.49652 5.556 5.59283 5.56257
4.49667 4.48218 4.52272 4.55967 4.53343 4.2253 4.43284 4.39526 4.36208 4.43389 4.48562 4.49997 4.44637 4.59017 4.36491 4.44992 4.44257 4.48028 4.53476 4.55051 4.56587 4.48731 4.4209 4.33049 4.47175 4.39779 4.32353 4.45443 4.35027 4.51675
13.5213 13.3102 13.5724 13.5381 13.6616 13.0797 13.2668 13.2651 13.3858 13.0861 13.2345 13.1438 13.044 13.3611 13.2087 12.9138 12.4874 13.1303 13.2951 13.3866 13.1966 13.2566 13.3088 13.2093 13.1862 13.1799 13.5069 13.4721 13.3906 13.2717
4.62911 4.5966 4.62139 4.6326 4.62475 4.54723 4.65091 4.66361 4.58713 4.67965 4.65765 4.68272 4.6568 4.65588 4.6662 4.65443 4.65158 4.65626 4.66387 4.64271 4.66916 4.64736 4.63368 4.61674 4.66607 4.67451 4.62744 4.68163 4.65242 4.65794
4.41225 4.41146 4.40957 4.40649 4.4051 4.41064 4.44816 4.44376 4.39173 4.44796 4.46421 4.4581 4.45436 4.45368 4.4783 4.45655 4.46549 4.45279 4.44869 4.44101 4.45636 4.44873 4.42664 4.46052 4.45371 4.47949 4.44117 4.48545 4.42081 4.45088
5.54698 5.56615 5.58449 5.42204 5.42843 5.54566 5.38688 5.33477 5.52454 5.55337 5.48594 5.51166 5.46066 5.45067 5.50555 5.47353 5.73345 5.50191 5.41278 5.21137 5.44585 5.46372 5.46691 5.63987 5.46977 5.64142 5.52063 5.47901 4.85505 5.5175
4.32587 4.38552 4.3653 4.275 4.30222 4.37546 4.62602 4.54579 4.36096 4.78434 4.58764 4.66288 4.54563 4.47063 4.69638 4.56852 4.67162 4.6322 4.50116 4.55227 4.56423 4.62693 4.59948 4.70703 4.62801 4.89259 4.55478 5.01241 4.63989 4.56067
4.28906 4.27682 4.27435 4.29986 4.28389 4.30277 4.37489 4.39238 4.25746 4.39456 4.39271 4.43112 4.39631 4.38357 4.3981 4.37313 4.27822 4.40985 4.39514 4.38585 4.38516 4.38162 4.31476 4.32875 4.40615 4.61832 4.35514 4.65895 4.38151 4.37581
7.79895 7.8334 7.81705 7.83852 7.85141 7.7621 7.76199 7.79904 7.80349 7.80117 7.79779 7.78604 7.79812 7.78566 7.79198 7.80743 7.83925 7.78218 7.79621 7.70473 7.77099 7.76943 7.86757 7.84455 7.76848 7.70939 7.85385 7.66395 7.78579 7.8073
160.956 160.766 161.675 164.029 163.872 161.74 162.389 162.707 161.843 160.652 161.023 161.242 161.809 161.405 160.803 162.758 160.995 160.769 161.37 163.757 161.329 161.319 161.103 160.213 161.061 159.364 162.136 161.54 161.009 161.19
91.9698 91.8206 92.0083 92.0552 91.9395 92.5166 92.2755 92.1426 92.306 91.7055 91.8879 92.0463 92.3962 92.4554 91.6644 91.4654 91.4714 91.9693 92.2476 91.7553 92.4281 91.9503 91.367 92.2221 91.9896 91.5363 91.5194 91.6652 92.027 91.9989
75.353 75.3728 75.4302 75.5529 75.5389 75.0444 75.9371 74.8155 75.6525 75.3748 75.4788 75.0605 75.5906 75.4346 75.244 76.0861 75.6328 75.7493 75.1519 75.5389 75.3913 75.6614 75.8684 75.1986 75.8398 75.6814 75.5784 75.3797 74.1014 75.4523
83.6804 83.9885 83.6557 83.9299 83.9762 82.965 83.2196 82.469 83.0513 83.367 83.6171 83.2551 83.1975 82.752 83.4875 83.6458 83.6082 83.4664 82.9958 82.3263 82.9883 83.8348 83.8213 83.4682 83.3422 83.6347 84.1102 83.4524 83.6191 83.2417
66.592 66.4877 66.8582 66.7681 66.6351 67.1255 66.5814 66.2468 66.7552 65.9667 66.111 65.9932 66.6294 66.8722 65.8815 66.4801 66.2888 66.152 66.2322 66.9681 66.6224 66.8736 65.9574 66.1778 66.2347 66.4238 65.9257 66.5934 65.9963 66.3003
138.48 138.505 138.325 139.113 139.309 137.476 138.365 138.248 136.769 138.579 138.902 138.551 137.847 136.924 138.388 138.134 139.417 138.677 137.198 137.045 137.401 138.385 138.838 138.427 137.849 138.859 139.579 138.959 138.277 137.688
10.8178 10.5434 10.9152 10.9609 10.7563 10.2934 11.2317 11.3351 7.60349 11.023 11.0654 10.9225 10.8118 11.1337 11.1484 9.7818 10.8066 10.6704 10.6632 11.1296 10.6241 11.2598 9.95455 11.3797 10.4712 10.5764 10.8933 11.0373 11.0128 10.2518
5.7058 5.7274 5.70938 5.72802 5.69982 5.68518 5.82481 5.79476 5.66733 5.86361 5.8702 5.83786 5.85756 5.75406 5.867 5.92319 5.8855 5.87292 5.81122 5.74391 5.80834 5.81328 5.86059 5.86462 5.88969 5.89743 5.8789 5.9105 5.75713 5.83545
4.49099 4.49557 4.4677 4.52647 4.50209 4.2584 4.58722 4.60475 4.23688 4.5868 4.61396 4.56124 4.6456 4.60947 4.57507 4.6832 4.50615 4.58041 4.59078 4.56586 4.56486 4.63527 4.65883 4.57702 4.59678 4.56227 4.53352 4.58265 4.5655 4.57072
4.5213 4.5238 4.53378 4.53999 4.51491 4.45248 4.50954 4.51304 4.43835 4.50724 4.54168 4.55851 4.56575 4.46549 4.51903 4.51235 4.55731 4.55558 4.50623 4.49304 4.56311 4.50329 4.44221 4.53259 4.51431 4.54481 4.4541 4.54632 4.54306 4.53929
4.52342 4.52381 4.52173 4.55115 4.54237 4.52859 4.55672 4.57269 4.51111 4.54373 4.52953 4.54013 4.55249 4.55165 4.52806 4.5547 4.54937 4.52333 4.53664 4.53383 4.54144 4.48992 4.49809 4.52458 4.54631 4.52547 4.52384 4.53734 4.52678 4.53567
4.38766 4.32659 4.37779 4.32642 4.31127 4.44882 4.80116 4.78476 4.53898 4.65414 4.65518 4.65785 4.77024 4.91137 4.6185 4.70533 4.6858 4.67954 4.6496 4.87511 4.81108 4.55777 4.58842 4.57283 4.74177 4.73914 4.55013 4.72012 4.70465 4.68223
4.31879 4.3074 4.29919 4.25206 4.23481 4.38432 4.69853 4.62747 4.49136 4.39513 4.40881 4.38279 4.50247 4.38615 4.40679 4.52779 4.46657 4.43979 4.41383 4.44192 4.39894 4.36451 4.35249 4.36488 4.4534 4.4432 4.29328 4.37701 4.49633 4.41638
7.75478 7.75885 7.68807 7.85094 7.86935 7.56612 8.21754 8.10561 7.51643 7.9276 7.80546 7.99122 7.85995 7.72049 7.89567 7.83203 7.86314 7.95168 7.84476 7.97811 7.8616 7.84142 7.82529 7.77858 7.87511 7.92363 7.70275 7.87251 8.16221 7.83956
143.472 143.105 144.115 143.876 143.641 144.225 145.208 145.316 140.796 145.15 145.145 145.559 145.296 144.937 145.93 145.276 145.205 145.372 144.696 145.565 145.412 144.222 142.973 145.724 145.454 145.855 144.374 145.792 144.763 143.249
92.1187 91.976 92.0335 92.3422 91.9114 92.923 92.1243 92.4597 92.7482 92.3504 92.4702 92.2858 92.3477 92.589 92.3598 91.89 92.5672 92.352 92.3477 92.8234 92.4948 89.8106 92.1066 92.943 92.164 91.9472 92.2057 92.6626 92.1981 92.1676
75.6629 75.5892 75.574 75.641 75.6419 75.1859 75.6146 75.433 74.8119 75.8057 75.5392 75.4855 75.2755 75.4806 75.8432 75.7466 75.7188 75.9361 75.3046 75.9849 75.49 75.2372 75.3817 75.7067 75.739 75.1352 76.0322 75.02 75.9865 75.3466
74.6549 74.6126 74.4408 73.8694 74.6322 73.9972 74.3063 74.8014 73.9125 73.7287 73.9 74.0861 73.3445 73.7706 73.9864 73.886 73.1611 72.2732 73.5783 73.9466 73.6141 76.9368 73.6912 72.8221 73.9471 73.6945 73.3044 73.1895 74.3114 74.8257
83.7414 84.053 84.0174 83.7078 84.2068 83.1149 83.9269 82.9303 82.9864 83.5436 83.5863 83.4357 83.2356 83.2184 83.3534 82.5582 83.4059 83.1796 83.2073 83.7426 83.5387 84.5966 83.4388 83.2707 83.4634 84.328 83.8333 83.1176 83.666 83.977
103.064 103.112 102.745 102.943 103.156 103.382 105.481 104.836 104.161 104.543 104.697 104.436 104.949 104.794 104.683 105.86 102.669 104.611 104.775 106.181 104.601 104.683 104.367 103.475 104.748 105.403 103.052 105.312 103.495 105.533
65.2215 65.1923 65.156 65.301 65.2263 65.0385 65.441 65.3733 65.2934 65.2534 65.1755 65.3632 65.0936 65.0887 65.2925 65.4177 64.9981 65.2405 64.7874 68.0429 65.0038 70.0865 65.523 65.0541 65.2378 65.1771 65.2099 65.5776 65.2537 64.8514
141.521 141.443 141.456 141.05 141.522 141.46 141.733 141.278 141.669 140.919 141.001 140.75 141.068 141.285 140.983 142.091 141.608 141.135 141.075 142.644 141.08 141.967 143.202 140.785 141.167 141.032 141.627 141.201 140.882 141.053
5.37252 4.90737 4.85136 5.36526 4.79116 5.63518 5.35702 5.48208 5.60833 5.48252 5.45513 5.4176 5.35154 5.36215 5.44125 5.52423 5.51555 5.49163 5.32229 4.95316 5.37362 5.99018 5.63741 5.52882 5.39 5.1275 5.53047 4.86211 5.52702 5.31565
4.41787 4.4032 4.40756 4.41311 4.39793 4.22822 4.3634 4.37036 4.36652 4.3508 4.38086 4.40143 4.41726 4.46289 4.43523 4.49135 4.36364 4.27723 4.44524 4.26181 4.41838 4.3892 4.54755 4.38682 4.30922 4.31466 4.39095 4.24497 4.30156 4.46115
4.44423 4.42304 4.42781 4.43812 4.42071 4.4835 4.60273 4.67729 4.48744 4.62248 4.62718 4.63796 4.63468 4.59842 4.69677 4.64772 4.51612 4.61002 4.63748 4.56558 4.61148 4.62533 4.6388 4.61007 4.63742 4.57761 4.57581 4.56551 4.62675 4.63362
4.29549 4.21015 4.22259 4.29888 4.18309 4.37789 4.46982 4.45018 4.33295 4.3376 4.34111 4.34037 4.3083 4.3759 4.37382 4.24608 4.41392 4.37677 4.37672 4.30849 4.39074 4.44181 4.42305 4.39899 4.32055 4.11394 4.37694 4.28188 4.33091 4.38784
5.16225 5.1618 5.26502 5.18798 5.20863 5.44195 5.70815 5.27892 5.52388 5.27077 5.33127 5.49343 5.40855 5.68081 5.32331 5.90052 5.25519 5.60373 5.43754 5.65135 5.41645 5.78828 5.74783 5.30547 5.35355 5.9892 5.10486 6.10453 5.11529 5.66808
4.25088 4.12295 4.24484 4.33577 4.14354 4.49517 4.34174 4.85144 4.40723 4.51993 4.51784 4.51216 4.60725 4.20601 4.52354 4.40053 4.63188 4.57188 4.60714 4.37972 4.58225 4.14267 4.54459 4.56112 4.54597 4.23872 4.44883 4.56323 3.71716 4.57723
4.18291 4.16926 4.14966 4.144 4.13181 4.31298 4.21574 4.41514 4.30752 4.29033 4.29557 4.31802 4.30515 4.35829 4.32442 4.47831 4.22823 4.27197 4.33276 4.36336 4.26332 4.40754 4.34004 4.30012 4.27204 4.17095 4.30205 4.32178 4.27778 4.31
7.59154 7.58141 7.57697 7.59994 7.59045 7.54178 7.6363 7.5936 7.67351 7.5862 7.58694 7.53229 7.51832 7.67133 7.5825 7.61125 7.64344 7.56424 7.67229 7.65593 7.59783 7.48768 7.85832 7.56192 7.51401 7.53283 7.46092 7.49849 7.55834 7.65392
90.3508 90.5609 90.31 90.5779 90.5862 90.5599 90.904 90.5312 90.9069 91.0855 91.2019 91.1394 91.1543 91.0947 89.8504 90.6483 91.2129 91.1018 91.0221 89.8122 91.2718 90.0626 91.5046 91.2311 90.9184 90.7411 91.0029 90.6128 91.3466 91.1225
156.963 155.718 155.914 156.574 155.624 159.928 154.62 154.988 158.077 154.859 154.87 154.89 154.627 154.544 154.895 154.367 154.326 154.579 154.652 154.959 154.75 154.879 154.65 156.674 154.865 154.66 154.371 154.899 154.492 154.174
76.1837 76.2165 76.0443 76.1585 76.2286 76.3181 76.0463 76.0374 76.1172 75.9614 75.9959 75.9838 75.9618 76.1427 76.6935 76.1902 76.3314 75.763 76.1346 75.4956 75.8494 75.6768 76.16 75.9507 76.0093 75.9715 76.1406 76.0658 75.6594 75.9039
75.2309 74.969 75.4425 75.2338 74.8633 74.985 74.3503 77.5376 74.8033 73.7593 73.5045 74.0383 74.5108 73.9884 76.3061 73.6917 74.2542 73.7264 73.6614 75.9006 73.8187 77.6648 73.7277 75.1443 74.4023 74.2364 73.9159 74.9945 75.2852 74.3641
83.9919 83.8288 83.9207 84.1657 83.8132 84.2114 83.5904 84.7517 83.7674 83.6482 83.5563 83.5628 83.6095 83.5768 83.9818 83.6381 83.5538 83.4853 83.6609 84.2582 83.5158 84.7009 82.4703 83.7237 83.7396 83.9138 83.5694 83.5805 84.1367 83.6971
68.0981 68.5999 68.4427 67.3377 68.6934 67.8032 65.9796 69.3951 67.2346 66.0643 66.334 66.8033 66.2403 66.0976 67.1079 67.3657 66.0088 65.867 66.1805 67.329 66.3633 69.1859 66.9031 66.1719 66.1759 66.0996 66.634 66.5423 66.062 66.2717
143.539 143.639 143.655 143.54 143.704 143.132 142.115 143.077 142.889 142.314 142.365 142.446 142.366 142.425 143.098 142.236 140.82 142.414 142.571 142.668 142.246 142.724 141.01 140.867 142.422 142.789 139.73 142.42 141.631 142.451
6.01642 6.00415 5.98539 6.03524 6.0077 6.12931 6.38868 6.474 6.11509 6.4474 6.45003 6.37288 6.44661 6.42765 6.37352 6.4622 6.46338 6.42781 6.43173 6.38884 6.43321 6.49671 6.47466 6.45749 6.37068 6.41102 6.44769 6.43602 6.41355 6.42782
8.75808 7.82467 8.00047 8.49425 7.70455 12.0086 7.35871 7.52029 9.51065 7.21038 7.20023 7.30913 7.1797 7.23853 7.47104 7.13511 7.29617 7.19453 7.23448 7.56263 7.21273 7.81206 6.74996 7.83391 7.3294 7.20861 7.32409 7.48541 7.08901 7.09182
4.6904 4.62476 4.6527 4.68689 4.62037 4.22138 4.64815 4.63036 4.21074 4.65462 4.64093 4.73348 4.63804 4.61925 4.74311 4.62828 4.63 4.67866 4.63138 4.76792 4.68204 4.77914 4.61414 4.77037 4.72046 4.74528 4.63499 4.50535 4.72357 4.70948
4.52575 4.46897 4.53968 4.51724 4.41718 3.91833 4.88181 4.97201 3.84649 4.82034 4.82 4.87823 4.85084 4.85407 4.94693 4.75624 4.891 4.83245 4.82382 4.87492 4.82826 4.82408 4.78426 4.9191 4.8665 4.8158 4.83626 4.87062 4.80203 4.85744
4.44114 4.42534 4.42667 4.44656 4.42042 4.44013 4.55045 4.58136 4.43782 4.55083 4.54446 4.55183 4.55673 4.54932 4.57493 4.7118 4.55345 4.54622 4.55025 4.60144 4.55018 4.54163 4.64283 4.56716 4.54629 4.53625 4.56143 4.502 4.55613 4.56097
4.3328 4.3447 4.28603 4.30094 4.29846 4.44464 4.67685 4.61356 4.47501 4.5694 4.58736 4.6778 4.69231 4.62042 4.61392 4.33007 4.43141 4.61007 4.57136 4.50148 4.57903 3.95893 5.08204 4.46103 4.58154 4.55374 4.34462 4.47412 4.60918 4.55353
4.11442 4.08189 4.07232 4.21065 4.06299 4.26567 4.44498 4.51382 4.28199 4.50715 4.51569 4.38777 4.47112 4.46502 4.43799 4.44376 4.50639 4.5385 4.4847 4.46559 4.52979 4.48565 4.53108 4.45764 4.35771 4.4532 4.49949 4.44374 4.46119 4.44837
8.38817 8.41374 8.39475 8.35537 8.42163 8.31478 8.29684 8.3586 8.29474 8.33369 8.41634 8.2373 8.39562 8.30145 8.46644 8.27383 7.78015 8.23567 8.36057 8.14953 8.3821 8.06768 8.39339 7.80401 8.23596 8.25825 8.01903 8.19203 8.12437 8.27436
91.733 91.8604 91.4711 91.9831 91.8458 91.5049 91.7379 91.7828 91.1441 92.0469 92.0568 92.095 91.7628 92.3838 91.7649 91.5064 91.5827 92.0028 92.1405 92.596 92.1336 92.1477 90.8935 90.6737 91.9496 92.1355 92.0422 90.8914 92.316 91.8584
155.338 155.399 155.936 155.289 155.097 155.229 154.612 155.966 155.116 155.219 155.286 155.094 154.88 154.513 155.132 155.747 153.878 155.221 154.646 154.561 154.495 154.623 155.007 154.987 155.177 154.909 154.642 154.033 154.76 155.061
75.8512 75.6668 75.7971 75.8824 75.7486 75.2951 76.1794 75.5648 74.9966 75.674 75.7179 75.6949 75.5721 75.443 75.6369 75.5365 74.406 75.5034 75.4032 75.7617 75.2181 75.2123 76.27 76.3266 75.8015 75.5691 75.5589 75.7215 75.5126 75.2415
73.6356 72.8942 73.9689 73.4176 73.2339 73.5595 74.9515 75.0056 73.4044 74.2255 74.2694 73.9485 73.6946 72.6269 74.1257 75.1984 74.2691 73.4004 73.4694 74.7104 73.4082 73.8908 76.2205 74.5559 74.2075 73.7913 75.6406 73.4383 74.2567 71.9266
82.4004 82.473 82.6887 82.5451 82.5516 82.1544 83.5816 83.8823 81.238 83.2531 83.2283 83.2469 83.1535 82.3924 83.4727 83.7643 83.3689 83.0817 82.9894 83.3549 82.9125 83.7785 83.6133 83.3394 83.4432 83.1672 83.7937 83.5842 83.5136 82.1662
67.1381 66.9608 67.0381 67.0054 66.9309 67.5156 66.2648 70.3814 66.5917 66.3528 66.375 66.3869 66.6504 65.8998 66.0189 67.301 66.4849 66.2627 65.9526 68.8154 66.2161 67.4886 68.2108 66.4545 66.3946 66.2561 69.0766 66.3453 66.609 65.8727
141.859 141.602 141.754 141.956 141.719 141.887 141.508 143.058 141.91 140.705 140.686 140.717 141.896 141.107 142.227 140.665 140.517 140.457 140.639 142.812 140.696 142.145 141.395 141.146 141.458 140.623 140.598 141.327 140.69 140.38
6.01415 5.9125 5.93727 6.05385 5.89229 6.09743 6.32819 6.39422 5.88647 6.21464 6.23564 6.20176 6.20959 6.29767 6.37097 6.32547 6.16837 6.23774 6.27533 6.09905 6.18848 6.39055 6.16164 5.87291 6.21743 6.2425 6.0065 6.47622 6.32128 6.29427
8.33055 8.50105 8.49483 8.39056 8.38987 8.26409 7.6028 7.61797 8.21312 7.69957 7.70711 7.67947 7.5575 7.56642 7.59159 7.72192 6.98288 7.81533 7.65357 7.53401 7.42889 7.65879 7.53784 6.9987 7.59545 7.7002 7.5549 7.06785 7.56286 7.65692
4.46647 4.48846 4.492 4.48105 4.50088 4.17068 4.62752 4.62322 4.23333 4.58188 4.57606 4.6548 4.57825 4.66096 4.66954 4.5245 4.68341 4.52958 4.62911 4.64248 4.56162 4.62426 4.62435 4.6715 4.66469 4.63533 4.75896 4.70054 4.62485 4.56687
3.57086 2.46878 3.52728 3.14413 2.86028 3.8161 4.71244 4.64902 3.95354 4.61557 4.61745 4.71107 4.65695 4.75006 4.73538 4.65526 4.66883 4.66105 4.68957 4.79533 4.67546 4.71948 4.79621 4.82003 4.72334 4.68443 4.79201 4.89185 4.66328 4.68383
4.32156 4.40643 4.37266 4.33666 4.41255 4.43414 4.59355 4.61715 4.48622 4.58431 4.58579 4.57023 4.56022 4.60504 4.59173 4.5837 4.55256 4.5663 4.58549 4.63459 4.56374 4.58 4.70572 4.55233 4.56992 4.57259 4.55606 4.59946 4.56474 4.59818
4.22312 4.27959 4.41557 4.22652 4.27684 4.3851 4.74461 4.90941 4.27337 4.64751 4.69045 4.57732 4.78719 4.87875 4.75475 4.6609 4.69085 4.79003 4.77818 4.42429 4.50164 4.66367 4.60239 4.99989 4.45554 4.55131 4.58659 4.86747 4.43769 4.62126
4.46075 4.53415 4.35142 4.47958 4.53068 4.3485 4.55875 4.55008 4.40179 4.53792 4.55426 4.49835 4.38268 4.86094 4.50026 4.46433 4.50413 4.46445 4.55436 4.48471 4.52642 4.46479 4.39669 4.43956 4.47251 4.47287 4.49149 4.42691 4.51044 4.67252
8.09757 8.02676 8.07916 8.13962 8.0493 8.28467 7.99016 8.37931 7.72891 7.52654 7.4797 7.69057 8.04317 7.84833 8.09127 7.86181 7.91126 7.91555 7.65978 8.21857 7.60877 8.41648 8.01559 7.86209 7.76322 7.61801 7.93088 7.88036 7.73716 7.50561
90.3206 90.0032 90.5535 89.9579 89.8646 90.2266 92.1194 92.3628 90.3697 92.2338 92.4664 92.2095 92.4788 92.7724 92.4062 91.8265 92.2731 91.8283 92.9646 92.2147 92.6596 92.3046 89.2899 92.2499 92.1283 92.1223 89.9477 92.111 92.5503 92.1092
74.8813 74.9188 74.8631 74.8927 74.8623 74.3942 76.0585 75.717 75.5201 75.8255 75.3833 75.799 75.9855 75.7198 75.6447 75.4489 75.8327 75.9252 75.2217 75.7473 75.8439 75.9433 75.4891 75.1085 75.8454 75.9649 75.2738 76.0631 75.6272 75.8673
75.2633 75.093 75.1151 75.3222 75.2964 74.9072 72.6512 72.8952 75.5942 72.1211 72.3253 72.3688 72.678 72.5811 72.384 75.24 72.4137 72.1932 73.4011 73.5297 72.4263 73.268 76.3909 75.8306 73.0546 72.653 75.5236 72.7569 72.9552 71.5346
83.4915 83.3677 83.398 83.5266 83.4768 83.451 82.951 83.1922 84.3316 82.7881 82.8825 82.897 83.1062 82.785 82.8097 84.3052 83.2167 83.0882 83.0922 83.6483 82.9976 83.3569 84.198 83.8316 83.3516 83.3277 83.7993 83.3819 83.1558 82.3335
101.502 102.69 102.449 101.666 102.789 103.154 103.519 104.701 103.469 104.891 105.748 105.271 103.167 103.387 105.201 105.645 105.341 104.792 103.977 105.468 104.113 104.23 106.724 105.96 105.096 104.624 106.971 102.695 104.29 106.023
65.6477 66.1037 66.0383 65.9354 66.1936 65.7497 65.4373 66.5378 65.1886 65.1635 65.3304 65.483 65.3287 65.2034 65.7712 65.9566 66.4682 65.2426 65.647 66.268 65.3046 65.9835 67.0021 65.5086 65.4694 66.2049 67.0674 65.4782 64.9725 65.2338
142.766 142.946 142.886 142.843 142.963 143.878 142.901 142.035 143.466 141.776 141.872 141.718 142.021 141.463 141.686 142.403 143.451 141.976 142.399 143.672 142.066 142.923 144.035 142.825 142.513 142.246 144.424 141.327 141.008 143.425
5.87435 5.98419 5.84274 5.99189 6.01938 5.97156 4.72755 5.18765 6.06066 5.0254 5.12884 4.8403 5.42715 5.41972 4.92833 5.38323 5.4856 4.39803 5.41534 5.43081 5.48448 5.02206 6.12877 5.54369 4.4763 4.43194 5.94566 5.45585 5.40806 5.53579
4.29172 4.27121 4.28983 4.30796 4.29564 4.42766 4.3906 4.53359 4.19996 4.4174 4.47507 4.44735 4.42207 4.4282 4.4857 4.41941 4.45393 4.30474 4.47264 4.40584 4.49375 4.36804 4.54499 4.35296 4.39652 4.31281 4.45292 4.53177 4.43286 4.61633
4.33673 4.35298 4.33887 4.35911 4.36624 4.4894 4.5835 4.57003 4.41175 4.56874 4.56555 4.55929 4.59655 4.59137 4.54495 4.52745 4.47917 4.54181 4.54768 4.61315 4.54866 4.62023 4.51113 4.5344 4.52221 4.54235 4.626 4.53102 4.57572 4.6854
4.33342 4.34205 4.33264 4.33861 4.34554 4.36547 4.37336 4.15579 4.29932 4.32341 4.3338 4.33297 4.38688 4.397 4.31646 4.28541 4.40205 4.31354 4.39471 4.39628 4.39664 4.36658 4.40155 4.42655 4.3205 4.33724 4.33176 4.43265 4.39486 4.44989
5.12715 5.29414 5.28152 5.2262 5.31547 5.62034 5.47451 5.81505 5.71378 5.70048 5.78583 5.81074 5.4119 5.49332 5.70647 5.74883 5.65602 5.70237 5.86285 5.80163 5.79499 5.86237 6.45468 5.75769 5.66762 5.89405 5.85977 4.92054 5.4073 6.08982
4.11594 4.07182 4.07754 4.08968 4.0791 5.20625 3.93162 3.91961 4.38456 4.22504 4.1883 4.16386 4.50647 4.52554 4.0994 4.03275 4.37754 4.39919 4.2824 4.64974 4.51492 4.40327 4.63009 4.28294 4.14251 4.21497 4.58269 4.60675 4.42984 4.57119
4.39205 4.37448 4.31368 4.36419 4.37421 4.31207 4.34375 4.29926 4.1656 4.29183 4.3137 4.26976 4.286 4.32611 4.28586 4.23868 4.29802 4.26752 4.32624 4.27754 4.30664 4.28399 4.3018 4.35066 4.25129 4.25517 4.20338 4.20321 4.31224 4.46267
7.48947 7.58277 7.61553 7.54225 7.59573 8.75797 7.61448 7.72745 8.52282 7.65945 7.73703 7.68808 7.45961 7.43137 7.73591 7.67576 7.62231 7.48549 7.65526 7.5903 7.75164 7.39581 7.52207 7.70578 7.66052 7.61614 7.74035 7.53015 7.44582 7.67109
91.9112 91.9205 91.883 91.818 91.8237 90.5813 91.6767 91.8416 90.6433 91.5019 91.6665 91.32 91.7215 91.5847 91.9659 91.5562 90.894 90.9351 91.4354 91.49 91.8478 91.403 91.4477 91.2707 91.5 90.8126 91.3772 91.9237 91.6564 91.427
153.217 153.174 153.273 152.927 153.135 153.536 153.147 152.975 152.527 153.106 153.42 153.192 152.843 153.21 152.759 153.022 155.444 153.179 153.193 153.286 152.827 152.591 153.609 154.574 153.168 153.573 154.905 154.276 153.79 152.771
75.7985 75.9039 75.7613 75.7727 75.7781 75.6196 75.8392 75.8404 75.8147 75.8422 76.1445 76.068 75.7618 75.5983 75.9691 76.2598 76.1272 76.1344 75.9982 75.5696 75.8719 75.1246 75.7676 75.6661 75.9604 76.2001 76.0277 76.3297 76.2926 75.4803
73.2706 73.1371 73.3493 73.3544 73.5068 74.6282 74.0095 73.9441 74.8529 74.1374 74.3585 74.1259 73.8405 73.1436 74.0376 74.9635 73.2006 74.5431 73.6093 73.8549 73.4628 74.0946 74.0729 73.4735 73.845 74.879 75.3692 74.6487 73.5678 74.0023
82.7161 82.5142 82.8365 82.639 82.6094 83.917 82.377 82.6077 83.8838 83.1907 83.0314 83.2955 81.8573 82.2373 83.1139 84.0574 80.0111 83.563 81.6825 82.6347 81.8605 82.308 83.2733 83.2623 83.1696 83.6941 83.9941 83.2026 83.0489 82.0356
65.8175 65.9437 65.7776 65.9401 66.0069 64.8508 66.4118 66.7606 64.9862 65.6826 66.3788 65.5259 66.571 66.542 66.2477 66.2134 67.3965 65.1887 66.7078 66.2137 66.7016 66.0983 65.7373 66.1749 65.5599 65.517 66.4725 66.6163 66.2386 66.4586
140.795 140.678 140.647 140.63 140.647 140.74 140.274 140.452 140.915 140.525 140.672 140.576 140.97 141.088 140.727 141.305 142.316 140.696 141.269 140.559 141.44 141.081 140.88 140.341 141.154 140.747 140.123 141.262 140.647 141.11
5.96488 5.98216 5.97181 5.98712 5.98254 6.06046 6.53958 6.51832 5.96048 6.47278 6.4518 6.46345 6.44523 6.57093 6.48993 6.38136 6.5749 6.4918 6.50439 6.5455 6.52947 6.67062 6.43139 5.98613 6.44754 6.4676 6.28257 6.50612 6.4281 6.64086
7.37748 7.35169 7.40976 7.37304 7.44928 7.28085 6.91808 6.97961 7.02856 6.87174 6.937 6.82843 6.81588 6.91674 6.75626 6.84848 7.68883 6.83098 6.78186 7.06942 6.76335 6.47024 6.86712 7.2886 6.85605 7.03766 7.15028 7.18537 7.14518 6.67948
4.65972 4.63786 4.6574 4.65553 4.65055 4.51441 4.68922 4.72943 4.53888 4.74804 4.67417 4.68019 4.6903 4.64173 4.7572 4.66602 4.50039 4.67428 4.60311 4.7944 4.64895 4.82719 4.7356 4.69819 4.74151 4.64732 4.72838 4.79066 4.67895 4.7484
4.67525 4.67882 4.67688 4.67697 4.67632 4.60583 4.84094 4.83707 4.61026 4.83052 4.86636 4.78229 4.79271 4.75558 4.82412 4.81889 3.69269 4.80875 4.85009 4.86906 4.79838 4.81038 4.80573 4.93246 4.81332 4.8477 4.80064 4.93358 4.92603 4.83547
4.4772 4.48222 4.47725 4.48464 4.48625 4.4661 4.64359 4.62965 4.49706 4.61172 4.59408 4.59611 4.68619 4.66439 4.61697 4.53709 4.84617 4.59507 4.70285 4.63567 4.67668 4.72359 4.5717 4.5484 4.59651 4.59313 4.61944 4.60961 4.59907 4.80483
4.46649 4.46425 4.45608 4.43732 4.42461 4.06936 4.56949 4.67659 4.08984 4.49402 4.65044 4.41478 4.54292 4.73033 4.52769 3.5852 4.46093 4.32591 4.77359 4.73976 4.66941 4.11157 4.5862 5.48934 4.50081 4.30829 4.13165 4.61598 4.59661 4.52178
4.28815 4.30353 4.29581 4.30996 4.3044 4.25321 4.4953 4.44813 4.22077 4.47201 4.47612 4.46026 4.52134 4.4837 4.48548 4.05276 4.60836 4.46763 4.49517 4.5213 4.50964 4.54374 4.47604 4.41984 4.47677 4.44367 4.45807 4.46571 4.4792 4.55411
8.26371 8.229 8.17411 8.0145 7.98167 8.00384 7.98803 8.15809 8.11763 8.06262 8.02574 8.02236 8.38352 8.35101 8.05767 7.98312 8.0616 8.02048 8.15318 8.30434 8.24977 8.15416 8.25615 7.5101 7.96666 7.99063 8.1536 7.99574 7.8902 8.22313
91.3415 91.4193 91.2884 91.3082 91.2163 92.0177 91.7844 91.7398 91.9301 91.7485 91.9101 91.7204 91.8361 91.494 91.8672 91.7604 91.6058 91.8782 91.8724 91.9426 91.7542 91.8532 91.9437 91.1952 91.935 91.3696 91.8545 91.7586 91.293 91.7921
75.6871 75.6578 75.6876 75.6113 75.6784 75.2007 75.6449 75.4663 75.3021 75.5273 75.3954 75.6173 75.3561 75.6038 75.5218 75.5849 75.5382 75.5572 75.421 75.2773 75.441 75.3644 75.2838 74.9402 75.5805 75.8226 75.4475 75.8137 75.7441 75.6392
73.2841 73.5159 73.1152 73.4337 73.2563 73.65 74.1274 73.7119 73.6478 73.702 73.4109 73.9674 73.7239 73.5334 73.9963 74.1147 72.4488 73.8869 74.3279 73.7213 73.9328 73.8244 73.659 74.131 73.4181 73.6562 74.3964 75.053 73.4419 73.3316
83.0773 83.1417 83.1115 83.0436 83.1485 82.8361 83.0689 82.9007 82.8989 82.9188 82.6573 83.02 82.8353 82.9439 82.9237 83.1016 83.0004 82.9383 83.017 82.6258 82.9297 82.8424 83.0532 84.0173 82.9134 83.3657 83.2622 83.2787 83.1915 82.5365
65.9589 65.9929 65.8896 65.927 65.7784 66.2725 66.2643 66.1301 66.3232 66.3031 66.4546 66.241 65.9412 65.8449 66.3229 66.4115 66.3633 66.3084 66.5256 66.645 66.0012 66.1848 66.4136 65.3465 66.2715 66.0578 66.6161 67.7199 65.9265 66.2879
136.739 136.951 136.707 136.914 137.029 136.554 136.927 136.489 136.428 136.515 137.277 136.931 136.307 136.424 136.157 137.398 137.312 137.232 137.185 136.229 136.605 136.121 136.558 136.853 136.556 137.16 137.783 138.501 137.513 135.551
12.3766 12.4721 12.7466 12.5029 12.8653 11.7546 12.1263 12.1876 12.1792 12.1488 12.0932 12.03 12.1941 12.2302 12.0256 11.9496 12.1942 12.0101 12.0611 12.1937 12.1213 12.0907 11.9204 11.8602 12.1288 12.4114 12.0162 12.3149 12.3094 12.2072
5.51161 5.48593 5.49964 5.50389 5.50355 5.47633 5.76438 5.74536 5.52848 5.69352 5.66506 5.71023 5.76954 5.76097 5.71733 5.71343 5.81571 5.71714 5.71397 5.73272 5.76401 5.64377 5.69846 5.93215 5.74917 5.71774 5.50086 5.22438 5.68903 5.73295
4.60151 4.59863 4.54326 4.60434 4.56023 4.44771 4.60405 4.62908 4.31825 4.61397 4.62825 4.6609 4.62634 4.6636 4.6518 4.64064 4.48514 4.65931 4.64639 4.63457 4.62472 4.64322 4.62049 4.69144 4.57279 4.56303 4.64822 4.6242 4.56621 4.56155
4.50846 4.49207 4.48923 4.51641 4.48714 4.49991 4.61328 4.58477 4.44431 4.55789 4.51046 4.5722 4.575 4.57039 4.54 4.53468 4.51648 4.58971 4.59946 4.552 4.58156 4.53222 4.51865 4.49685 4.57145 4.43075 4.51714 4.6051 4.56214 4.5753
4.43481 4.42289 4.42788 4.43651 4.42907 4.38939 4.46224 4.47495 4.42844 4.45413 4.48183 4.45929 4.4799 4.46862 4.45958 4.46424 4.50185 4.46821 4.46845 4.47217 4.4623 4.42154 4.43745 4.42887 4.45532 4.44537 4.41862 4.49059 4.45774 4.47517
4.46174 4.45324 4.44834 4.488 4.48064 4.33281 4.68231 4.62005 4.31617 4.53687 4.61497 4.61245 4.7488 4.84044 4.63691 4.56796 4.66765 4.60178 4.73424 4.54507 4.75214 4.81363 4.45416 5.10327 4.50039 4.63085 4.51244 4.57616 4.72341 4.63606
4.25518 4.24404 4.24668 4.26466 4.22801 4.26575 4.3685 4.3323 4.22744 4.32367 4.49538 4.38899 4.3392 4.32023 4.31397 4.3714 4.55595 4.51371 4.38518 4.36876 4.33911 4.36193 4.31517 4.39241 4.33212 4.25312 4.31785 4.36824 4.3694 4.3628
7.33549 7.28536 7.35673 7.30796 7.30516 7.27652 7.41487 7.33845 7.40222 7.33601 7.66522 7.44796 7.22636 6.86899 7.20391 7.56079 7.45488 7.58511 7.57 7.3595 7.25764 7.28782 7.44411 7.48516 7.37748 7.51756 7.57466 7.74347 7.66794 7.30256
146.847 146.819 147.076 144.839 145.281 146.07 146.391 146.902 146.16 146.886 146.384 146.507 146.424 146.469 146.197 146.068 147.115 146.198 146.374 146.695 146.38 146.607 145.822 145.785 146.379 147.148 146.252 145.205 147.544 146.997
91.7301 91.7067 91.6232 91.7339 91.6092 92.0507 91.9221 91.8777 92.0875 91.7239 92.001 91.8347 92.1415 92.3122 92.1378 92.0503 91.9081 92.1227 92.192 92.0097 91.8892 91.9864 92.1276 92.1599 91.9923 91.5962 92.0711 91.3829 91.3727 91.429
153.942 154.014 153.716 154.184 154.047 153.718 153.202 153.597 153.641 153.635 153.413 153.579 153.651 152.501 153.986 153.975 155.158 153.302 154.253 153.855 153.677 153.445 154.567 154.238 155.496 154.556 154.409 153.225 153.576 154.288
75.6801 75.6996 75.5855 75.6997 75.7232 75.5802 75.6094 75.6575 75.4229 75.658 75.5171 75.7025 75.5024 75.4199 75.4707 75.8499 75.7018 75.5446 75.7532 75.6307 75.6006 75.4683 75.7105 75.5524 75.7928 75.7837 75.7063 75.0324 75.2717 75.8679
73.2651 73.0907 73.1348 73.3258 72.6581 73.6032 73.6193 73.4676 73.6998 73.3652 73.4331 72.94 73.8224 73.5817 73.0195 73.0353 74.3019 73.2219 73.2666 73.9297 73.5632 73.2628 73.5995 73.5352 73.9085 73.1369 72.8089 75.2614 73.7014 74.4196
83.1435 83.1321 83.1311 83.0639 83.1487 82.9063 83.0052 82.905 82.8666 82.9173 82.7122 82.7617 82.9359 82.7879 82.6607 82.8631 83.2433 82.6723 82.6938 82.865 83.0578 82.74 83.0061 83.0753 82.9835 83.2322 82.7774 83.3797 83.1242 83.274
65.7779 65.7449 65.775 65.7142 65.6506 65.8616 65.8972 65.7442 66.0784 65.6144 65.602 65.6375 65.9919 65.9886 65.6884 65.7841 66.1019 65.7876 65.9869 66.0025 66.0004 65.6597 65.8868 65.535 65.9992 65.9539 65.8543 67.0251 65.8654 65.5413
139.594 139.737 139.722 139.65 139.58 139.77 139.699 139.676 139.723 139.453 139.489 139.058 139.588 139.214 139.032 139.285 140.71 139.21 139.196 139.587 139.534 139.486 139.573 139.202 140.01 139.61 138.958 140.934 140.127 139.492
5.91816 5.89533 5.90905 5.92039 5.88557 5.84366 6.39981 6.35671 5.80345 6.35359 6.34886 6.38165 6.48399 6.43391 6.39744 6.39017 6.20049 6.39222 6.37644 6.36687 6.43862 6.38159 6.3693 6.3302 6.42328 6.43578 6.36687 6.1249 6.31745 6.38212
7.64115 7.69015 7.62771 7.6466 7.63759 7.62588 6.76847 7.12201 7.58782 7.07338 7.17704 7.03824 6.79095 6.35238 7.03638 7.10549 7.41899 6.79737 7.21235 7.19535 6.84859 7.00359 7.2 7.05403 7.33825 7.41688 7.08044 6.78872 7.21953 7.36987
4.51053 4.5233 4.54211 4.49695 4.50888 4.36802 4.6586 4.6859 4.37336 4.67247 4.6333 4.65504 4.54434 4.60041 4.65029 4.59275 4.75841 4.70151 4.64932 4.68059 4.62347 4.65723 4.66236 4.696 4.67758 4.54235 4.67911 4.55329 4.46194 4.53026
4.6531 4.64083 4.63802 4.664 4.61981 4.66657 4.83061 4.86829 4.63847 4.87284 4.8756 4.83381 4.79481 4.78982 4.83446 4.8222 4.86478 4.83303 4.85849 4.89064 4.80791 4.84479 4.8324 4.82993 4.79086 4.71187 4.84025 4.90384 4.70304 4.91473
4.44108 4.43407 4.43843 4.44388 4.43059 4.42423 4.5587 4.55517 4.40101 4.56064 4.55915 4.55604 4.57203 4.57568 4.55187 4.5499 4.57433 4.55844 4.5682 4.55987 4.5531 4.55092 4.54307 4.49161 4.57326 4.54932 4.54609 4.68571 4.54503 4.58162
4.47529 4.48809 4.52076 4.4907 4.5021 4.46141 4.57433 4.63341 4.43234 4.68391 4.6909 4.70676 4.63063 4.64134 4.62368 4.60211 4.63552 4.67529 4.61198 4.59143 4.58259 4.69527 4.52263 4.80598 4.64223 4.60283 4.61272 4.65164 4.63372 4.6904
4.25738 4.24493 4.24532 4.26586 4.23835 4.25363 4.46661 4.48142 4.22752 4.4748 4.48345 4.47129 4.45268 4.44884 4.49273 4.44703 4.48824 4.49361 4.47704 4.48927 4.4038 4.49611 4.4442 4.41929 4.4699 4.46074 4.46075 4.4574 4.43448 4.46898
7.78489 7.95104 8.11174 7.79732 8.06204 7.82121 7.74299 7.71063 7.76823 7.72046 7.73266 7.6292 7.72842 7.61791 7.62915 7.69006 7.97235 7.62305 7.71673 7.71762 7.75215 7.67746 7.68298 7.68518 7.7977 7.77804 7.69207 8.20581 8.11678 7.79225
92.3514 92.2005 92.3662 92.2815 92.1229 92.4647 92.4702 92.2299 92.4101 92.2435 92.1898 92.2098 92.3987 92.9448 92.2878 92.1196 91.851 92.5198 92.4098 92.1101 91.4251 92.2005 91.4622 92.7711 92.5988 91.2676 92.5418 92.6288 91.8614 91.6976
154.769 154.575 154.737 154.615 154.527 154.881 154.355 154.689 154.509 154.479 154.612 154.287 155.004 154.667 154.176 154.564 153.598 154.149 154.572 154.695 153.466 154.425 153.813 154.82 155.259 155.412 154.63 154.081 154.764 155.207
75.564 75.6021 75.5406 75.5785 75.638 75.4569 75.4822 75.6354 75.6237 75.5645 75.6806 75.4627 75.4651 75.6532 75.2312 75.3839 75.7538 75.4625 74.7481 75.4485 75.5614 75.4887 75.706 75.6237 74.9733 75.3628 75.555 75.1049 75.9981 75.4108
73.2364 73.3119 73.3016 73.3005 73.2974 72.9989 73.1711 73.2279 72.9965 73.1343 73.2983 73.1824 73.317 72.8868 73.3627 73.3911 73.8445 72.9023 73.4457 73.398 74.9281 73.5118 75.1893 72.819 72.9639 73.2876 73.0819 73.8744 73.8751 73.4064
82.796 82.8185 82.7864 82.7638 82.8205 82.8084 82.5985 82.7683 82.5853 82.7901 83.0433 82.7308 82.9207 82.9649 82.5538 82.7728 82.764 82.4024 82.5666 82.9162 82.461 82.7821 82.7374 82.5408 82.1845 82.0771 82.157 82.5994 83.4271 83.1676
65.7691 65.713 65.7833 65.7288 65.6634 65.8647 65.7907 65.632 65.9502 65.6084 65.8 65.5974 66.1853 66.3634 65.7604 65.4339 66.0915 66.012 65.8451 65.5747 66.4582 65.8741 66.4914 65.9277 65.9806 65.7203 65.6985 65.6711 66.6214 65.4087
140.428 140.358 140.403 140.512 140.135 139.64 139.282 139.919 139.552 139.8 139.918 139.375 139.228 138.631 139.704 139.6 140.866 139.42 139.681 140.06 139.685 139.89 140.512 139.487 140.617 140.134 139.652 138.876 141.733 140.612
5.87407 5.87203 5.87752 5.86696 5.85201 5.73744 6.32208 6.32426 5.79813 6.31831 6.35286 6.32567 6.38423 6.38279 6.25286 6.28793 5.53904 6.3133 6.13549 6.34277 6.12595 6.31584 6.34712 6.24478 6.27925 5.52245 6.15269 6.36826 6.33691 6.33424
7.99661 7.95143 7.99662 8.00624 8.04091 8.17325 7.3836 7.53488 8.00064 7.44307 7.58615 7.39257 7.93898 7.75155 7.51276 8.02889 6.67945 7.28321 8.32804 7.5348 6.88414 7.34477 6.86972 7.2029 7.82102 7.9337 7.80634 7.60309 7.49595 7.60055
4.52884 4.5258 4.5188 4.52633 4.5269 4.18008 4.63793 4.64714 4.15858 4.625 4.57966 4.60492 4.57087 4.57517 4.48679 4.53236 4.49598 4.6405 4.55214 4.63378 4.53911 4.59077 4.68071 4.599 4.52801 4.68477 4.49415 4.40123 4.74186 4.69589
4.57916 4.6019 4.58287 4.59993 4.59679 4.49976 4.73371 4.75623 4.53806 4.74168 4.77838 4.74139 4.76131 4.72196 4.73196 4.76995 4.81014 4.73788 4.81371 4.7414 4.85067 4.72397 4.84564 4.76716 4.71695 4.70583 4.73015 4.78968 4.88504 4.81334
4.47652 4.47487 4.4744 4.47546 4.47728 4.44902 4.5814 4.58658 4.44167 4.57773 4.58628 4.58202 4.57657 4.57623 4.58421 4.58809 4.54658 4.56287 4.57553 4.58911 4.60296 4.58559 4.58134 4.56582 4.53729 4.60826 4.58381 4.61055 4.58242 4.57785
4.60824 4.63881 4.61902 4.5968 4.63243 4.43931 4.63299 4.66707 4.43085 4.64563 4.66458 4.76895 4.83978 4.52468 4.74181 4.78218 4.64324 4.34824 4.55834 4.81005 4.62361 4.72243 4.23419 4.44291 4.60618 4.62977 4.56853 4.70346 4.60887 5.35957
4.24851 4.24291 4.24073 4.24954 4.2511 4.21734 4.44863 4.44232 4.20183 4.44394 4.43763 4.44673 4.49829 4.45998 4.43549 4.44095 4.37173 4.45863 4.44537 4.43648 4.37678 4.42953 4.39488 4.41779 4.46408 4.47285 4.45237 4.45457 4.46495 4.42608
8.05489 8.0439 8.05539 8.09715 7.91768 7.84516 7.64151 7.70009 7.8221 7.71229 7.78559 7.65864 7.92249 7.6367 7.8574 7.7495 8.06581 7.6845 7.97997 7.69902 7.64775 7.84602 7.8053 7.78311 8.08903 7.94068 7.62072 7.70054 8.10646 7.88105
93.5652 93.4225 93.5419 93.5047 93.3974 93.7355 93.7397 93.6652 93.7178 93.6963 93.3732 93.4281 93.494 93.4518 93.2915 93.2783 92.9643 93.4036 93.3447 93.593 93.0143 93.6262 93.2194 93.1286 93.6353 93.2265 93.1214 93.1279 93.3484 93.5649
75.2714 75.3033 75.2196 75.5726 75.465 75.1205 75.179 75.2389 75.3642 75.1052 75.2922 75.5814 75.1718 75.5368 75.3547 75.1346 75.1351 75.6746 75.2878 75.2704 74.9458 75.4398 74.9446 75.2996 75.2891 76.0919 75.5713 75.5279 75.4878 75.2759
73.161 73.1655 73.0174 73.02 72.9435 72.9509 72.5189 72.4477 72.6569 72.6027 72.5585 72.064 72.4375 72.8806 72.6964 72.6397 72.8856 72.2003 72.7247 72.7299 73.5055 72.388 72.5504 72.8807 72.6932 72.7941 72.6866 72.7309 72.7466 72.7605
82.8255 82.9749 82.8457 82.8685 82.8187 82.6602 82.6307 82.7296 82.7113 82.8234 83.0301 82.883 82.7345 83.113 82.9937 83.1326 83.3108 82.872 83.1167 82.9549 83.8941 82.7518 83.0972 83.2185 82.9078 81.9474 82.6707 83.312 82.7525 83.0374
98.4011 98.3163 98.3086 98.3855 98.4834 97.511 97.6828 97.9412 97.633 97.2154 96.4282 97.4952 97.1114 97.3268 97.932 96.6045 96.98 97.7611 96.1423 97.2015 95.8998 97.6149 98.1278 96.5829 96.1569 100.299 98.6082 95.7482 97.6507 97.143
65.0728 65.0836 65.0314 65.076 65.016 65.4854 65.2544 65.2718 65.4395 65.3548 65.0709 65.1039 65.442 65.3536 64.7209 64.9069 65.1379 65.296 65.0886 65.3807 65.2235 65.2028 64.9414 65.0262 65.2556 65.4047 64.3981 64.8681 65.8997 65.5194
140.287 140.845 140.412 140.525 140.912 140.907 140.455 141.062 140.857 140.616 141.421 140.628 141.694 141.211 140.667 140.926 141.358 140.783 140.538 140.558 141.722 140.582 142.141 140.717 140.678 142.439 141.132 140.651 142.828 140.888
5.45039 5.44757 5.44444 5.45649 5.45823 5.32456 5.46284 5.42791 5.36847 5.44929 5.38993 5.4786 5.17187 5.09095 5.51127 5.47272 5.15516 5.51884 5.49279 5.45906 5.46519 5.50162 5.26466 5.35487 5.46196 5.50221 5.5264 5.49918 5.42673 5.32548
4.43364 4.42834 4.41277 4.38012 4.4208 4.24836 4.4049 4.43162 4.17818 4.38956 4.42785 4.44888 4.34036 4.36049 4.43983 4.38708 4.32808 4.421 4.38812 4.38445 4.26065 4.43383 4.37641 4.35595 4.4232 4.18257 4.44319 4.37463 4.63034 4.35783
4.32746 4.33096 4.33057 4.32799 4.3431 4.312 4.33397 4.3382 4.3084 4.34243 4.36976 4.34452 4.33655 4.33744 4.35791 4.3684 4.33339 4.35505 4.36892 4.34498 4.38956 4.35424 4.35524 4.33436 4.36157 4.3284 4.36391 4.38345 4.35569 4.31734
4.3483 4.34971 4.34726 4.35604 4.352 4.31843 4.4001 4.39196 4.34 4.39083 4.38038 4.40556 4.38145 4.37835 4.42125 4.40764 4.40593 4.40645 4.39794 4.3893 4.397 4.39564 4.40982 4.40131 4.40756 4.40954 4.43946 4.39983 4.36397 4.37904
5.27647 5.36312 5.33322 5.26137 5.37672 5.36699 5.18008 5.38663 5.39611 5.09566 5.392 4.93102 5.26979 5.90962 4.89698 4.9818 5.08362 4.97994 4.38752 5.12948 5.2035 5.08172 5.52012 5.2721 5.05733 5.78024 5.3559 4.57462 5.67235 5.3293
4.40924 4.45549 4.40783 4.44592 4.43863 4.1557 4.35158 4.40106 4.10858 4.24459 4.58745 4.59507 4.36644 4.61731 4.72992 4.63809 4.69922 4.45086 4.56954 4.26079 4.50047 4.32329 4.73895 4.71009 4.67998 4.86757 4.77194 4.71015 4.27383 4.36369
4.1758 4.17377 4.17425 4.18575 4.18597 4.19057 4.52121 4.51269 4.20159 4.52904 4.51428 4.51247 4.51935 4.48844 4.53087 4.51563 4.46515 4.53222 4.50528 4.51353 4.45114 4.53906 4.49437 4.48351 4.53419 4.66114 4.52561 4.50778 4.50142 4.50037
7.4211 7.47096 7.44367 7.4381 7.48631 7.46909 7.42093 7.49768 7.46914 7.39211 7.5651 7.43013 7.37093 7.49696 7.39645 7.51093 7.47121 7.37725 7.42236 7.40616 7.67799 7.36475 7.65931 7.50109 7.41559 7.58771 7.6089 7.47598 7.65489 7.36601
93.256 93.0877 93.2406 93.0348 92.9626 93.7355 93.2569 93.3471 93.5397 93.298 93.2649 93.1952 93.4077 93.0418 93.2364 93.3003 93.3565 92.4717 93.4651 93.2745 93.7241 93.2177 93.4389 93.3053 93.3518 93.5999 93.1978 93.2547 93.0388 93.1142
75.8543 75.8195 75.8845 75.8524 75.8033 75.7971 75.8621 75.7466 75.9847 75.8217 75.6762 75.817 76.0411 75.7977 75.7417 75.666 75.8608 75.1065 75.6286 75.7051 75.7181 75.7131 75.9054 75.9406 75.6365 75.5016 76.0038 76.0055 75.7737 75.8033
72.6824 72.6827 72.6479 73.0569 72.903 72.2273 72.4335 72.312 72.5022 72.0336 72.4675 72.3531 71.9437 71.9746 72.346 72.2472 72.2992 75.5814 72.1814 72.252 73.3565 72.2462 72.3647 72.4381 72.2378 73.1054 71.5727 72.0689 71.1863 72.986
82.9193 82.8868 82.9338 83.083 82.9497 82.7991 82.5031 82.4266 82.6542 82.3593 82.543 82.5289 82.4585 82.7064 82.4354 82.4386 82.2974 83.3622 82.5472 82.5045 82.9465 82.5695 82.3813 82.4632 82.378 84.2744 82.4851 82.556 81.7734 82.8299
105.37 104.972 105.07 105.016 105.437 104.37 104.136 103.947 103.755 103.826 103.914 103.871 103.967 103.254 103.661 103.748 103.862 105.049 104.054 103.95 103.642 103.867 104.366 103.71 104.027 104.517 104.744 103.808 103.221 103.64
64.9628 64.8809 64.8851 64.8549 64.841 65.0919 64.9046 64.8964 64.8761 64.8963 64.8349 64.7603 64.9178 64.4613 64.8375 64.8435 64.8234 65.6351 64.874 64.8522 65.0954 64.8233 64.878 64.9301 64.9271 65.5809 64.8703 64.9603 65.4528 64.7985
141.377 141.579 141.288 141.645 141.702 141.523 141.653 141.72 141.569 141.698 141.597 141.703 141.988 141.533 141.733 141.637 141.723 142.87 141.534 141.621 141.679 141.724 141.838 141.591 141.716 142.515 142.317 142.136 142.974 141.933
5.60394 5.59209 5.59252 5.59713 5.57023 5.53737 5.55978 5.55879 5.57339 5.57704 5.54528 5.57578 5.51978 5.42552 5.56661 5.54228 5.48914 5.68537 5.56092 5.55724 5.56418 5.57575 5.54854 5.43438 5.57419 5.50541 5.53101 5.54014 5.60088 5.55458
4.51306 4.48285 4.49733 4.48672 4.44298 4.4349 4.44798 4.51086 4.40944 4.51362 4.49671 4.49965 4.42049 4.52102 4.50202 4.50269 4.443 4.32959 4.54261 4.49905 4.58356 4.511 4.45582 4.43711 4.51408 4.45973 4.43477 4.44789 4.58567 4.48776
13.7153 13.8267 13.8958 13.4031 14.4206 13.9117 13.4462 13.3756 13.7196 13.4135 13.3572 13.2386 13.322 13.4106 13.4382 13.3552 13.392 13.5978 13.271 13.3398 13.3202 13.2765 13.4318 13.4553 13.4075 13.0473 13.3297 13.2841 13.3661 13.5785
4.55309 4.55534 4.54196 4.54844 4.54363 4.48491 4.64977 4.67043 4.53292 4.67201 4.66544 4.65792 4.64277 4.66753 4.67235 4.6558 4.63508 4.62299 4.65743 4.66823 4.64627 4.66616 4.63475 4.63408 4.67713 4.60741 4.66166 4.66016 4.67095 4.66191
4.41276 4.41199 4.41245 4.41015 4.41123 4.42843 4.45971 4.46462 4.43004 4.47241 4.46137 4.47497 4.47824 4.48612 4.46786 4.46439 4.46584 4.44475 4.46354 4.46553 4.4641 4.46298 4.45354 4.44952 4.48254 4.37056 4.46561 4.47973 4.47412 4.46958
5.43157 5.48533 5.4254 5.51788 5.54844 5.47801 5.40686 5.42459 5.48892 5.39635 5.42638 5.43312 5.41449 5.45532 5.38731 5.42032 5.38756 5.48042 5.34053 5.40765 5.47802 5.38899 5.48309 5.38991 5.43732 5.63713 5.43864 5.39372 5.5854 5.46383
4.33883 4.33281 4.35145 4.42066 4.40084 4.28918 4.54049 4.56338 4.32047 4.52736 4.56496 4.65545 4.53574 4.60225 4.55773 4.51784 4.48075 4.6848 4.53332 4.52573 4.39944 4.6178 4.5137 4.47746 4.5334 4.63498 4.40116 4.41183 4.3476 4.57111
4.25145 4.2483 4.24323 4.23691 4.23747 4.20698 4.34916 4.34655 4.2555 4.35255 4.33863 4.32623 4.30639 4.3065 4.34457 4.34251 4.34936 4.30952 4.34174 4.3426 4.33828 4.33812 4.35535 4.33855 4.35477 4.28687 4.313 4.30655 4.40128 4.33178
7.78754 7.80741 7.79403 7.81454 7.84825 7.8339 7.81646 7.81523 7.87618 7.80809 7.80711 7.81714 7.7816 7.83655 7.80479 7.83377 7.80446 7.84776 7.79315 7.80876 7.84493 7.7921 7.8261 7.78575 7.82547 7.82845 7.7757 7.74291 7.93441 7.81899
162.872 162.117 162.541 160.737 162.269 160.756 161.472 161.427 160.072 161.226 161.468 161.559 161.037 161.14 160.975 160.966 160.782 161.606 161.592 161.077 159.328 161.266 161.198 161.059 160.875 160.596 160.695 159.575 161.94 161.724
92.3327 92.2574 92.2245 92.2597 92.1002 91.9442 92.4344 92.5163 91.9269 92.5433 92.5224 92.6419 92.0812 92.6312 92.5139 92.5591 92.4194 92.4342 92.6236 92.5317 92.9116 92.5343 92.5069 92.346 92.479 92.7726 92.0828 92.172 92.56 92.254
75.4833 75.4006 75.4825 75.5583 75.6474 75.7613 75.3884 75.5561 75.4534 75.403 75.4928 75.4717 75.7878 75.558 75.4906 75.4718 75.6994 75.5402 75.5324 75.4321 75.7008 75.4233 75.5825 75.8176 75.4581 75.5987 75.6981 75.7157 75.5101 75.4995
73.8302 73.4614 73.682 73.525 73.269 73.5236 73.5876 72.9651 74.0031 73.3695 73.1896 73.3196 73.7284 73.1682 72.9874 73.1856 73.7867 73.2571 73.6066 73.2091 73.25 73.3595 73.9323 73.666 73.2709 73.1637 73.8966 73.5982 73.2257 73.4771
82.9945 82.9364 82.9928 83.0081 82.9884 83.2192 82.8317 82.6865 83.3114 82.7759 82.6483 82.6516 83.0275 82.6081 82.6827 82.6539 82.7766 82.885 82.7721 82.6697 82.6211 82.7227 82.88 82.832 82.6892 82.5237 83.1127 82.8651 82.6644 82.9767
65.8964 65.8041 65.8234 65.8165 65.6919 65.3673 66.0051 65.9386 65.3288 66.117 65.9876 66.0672 65.7663 66.163 65.9344 66.1353 66.0103 65.8072 66.2342 66.0526 66.4359 66.1568 66.0624 66.0268 66.1119 66.2583 65.4289 65.3757 66.361 65.6537
137.327 137.022 137.112 137.564 137.371 137.319 136.941 136.68 137.285 136.72 136.75 136.756 136.656 136.556 136.66 136.722 137.718 138.641 136.723 136.629 137.923 136.669 137.59 136.981 136.723 137.289 137.128 136.928 136.777 137.469
12.661 12.5127 12.7053 12.6161 12.4676 12.3062 12.3078 12.2503 12.5721 12.3104 12.1959 12.1992 12.3128 12.235 12.2108 12.2415 12.2517 12.6573 12.2503 12.2348 12.6002 12.2669 12.3275 12.3444 12.2599 12.3242 12.2385 12.4489 12.3555 12.323
5.71809 5.713 5.72159 5.71194 5.72315 5.72336 5.85404 5.84394 5.7467 5.84755 5.84093 5.8309 5.89967 5.82289 5.84316 5.83326 5.8588 5.87767 5.84423 5.83426 5.86691 5.83946 5.87523 5.87605 5.84603 5.85849 5.89125 5.86978 5.86248 5.86391
4.52461 4.50449 4.52499 4.55155 4.52456 4.25272 4.60628 4.57932 4.27422 4.58455 4.58437 4.60157 4.60354 4.56983 4.57009 4.58438 4.57877 4.58127 4.59098 4.5934 4.56416 4.59664 4.58851 4.59077 4.58831 4.58775 4.56238 4.56747 4.60564 4.59929
4.57783 4.55832 4.5604 4.56302 4.56252 4.5196 4.57955 4.55806 4.52947 4.58792 4.57405 4.5829 4.55673 4.56964 4.56666 4.58027 4.58597 4.56259 4.59867 4.57073 4.59986 4.59063 4.61035 4.56485 4.57545 4.55385 4.61784 4.56363 4.56974 4.58934
4.52243 4.52791 4.51905 4.51574 4.52721 4.50294 4.52944 4.54208 4.50801 4.53473 4.55206 4.5313 4.5286 4.54571 4.54602 4.53428 4.54443 4.55415 4.52875 4.54187 4.58495 4.53518 4.54047 4.54621 4.5452 4.58914 4.53538 4.54032 4.53975 4.52924
4.35998 4.37719 4.37382 4.35571 4.34767 4.10579 4.67342 4.59871 4.13562 4.66074 4.62042 4.62314 4.67549 4.67011 4.61623 4.66536 4.68624 4.65983 4.65395 4.63301 4.70314 4.65007 4.71049 4.74762 4.65405 4.76408 4.45269 4.42511 4.72784 4.49509
4.27131 4.27735 4.27232 4.27679 4.2907 4.23147 4.37025 4.32625 4.25771 4.32419 4.33423 4.33237 4.34866 4.32954 4.32586 4.33097 4.42893 4.55466 4.32737 4.33274 4.58625 4.33693 4.43363 4.38991 4.33554 4.406 4.32265 4.31577 4.33686 4.31807
7.78646 7.82666 7.76779 7.77577 7.9086 7.73787 7.85443 7.81403 7.72307 7.8062 7.8313 7.81082 7.75286 7.8487 7.82778 7.83546 7.94164 8.1218 7.80154 7.8401 8.1103 7.83583 7.89709 7.88475 7.84685 7.91931 7.7146 7.6719 7.83335 7.79
147.504 147.258 147.581 147.773 147.176 147.303 147.772 147.634 147.514 147.175 147.481 147.378 147.615 147.986 147.707 147.631 147.591 147.87 147.921 147.672 148.086 147.629 147.601 147.508 147.731 148.114 147.673 147.164 147.781 147.631
93.8556 93.8434 93.7567 93.887 93.8648 93.9366 93.9061 93.9333 93.8772 93.901 93.9068 94.0608 93.6242 94.0644 93.9573 93.9255 93.9592 93.9211 93.9833 93.974 93.9157 93.9551 93.8504 93.663 93.8564 93.9173 93.9084 93.7843 93.9384 93.848
75.7094 75.6742 75.8124 75.8547 75.7481 75.7778 75.6118 75.6284 75.8159 75.6304 75.6102 75.7409 75.747 75.5105 75.6452 75.6117 75.6465 75.7445 75.609 75.5616 75.7435 75.7426 75.5953 75.6416 75.6241 75.7173 75.4967 75.6062 75.671 75.6109
72.1461 71.6029 71.9822 72.2343 71.9625 72.1992 71.878 71.9636 71.9346 71.8169 71.886 71.824 71.5929 71.8019 71.8748 71.8654 71.6635 71.9707 71.8822 71.8241 71.8217 71.903 71.7102 71.7481 71.9686 71.7946 71.4589 71.9124 71.9309 71.9344
82.2653 82.5142 82.4148 82.2488 82.2998 82.2847 82.3281 82.3371 82.4654 82.4345 82.3275 82.1909 82.3597 82.3061 82.3689 82.3533 82.2805 82.4637 82.1715 82.3673 82.3552 82.3275 82.3661 82.2999 82.3888 82.1984 82.3231 82.386 82.3413 82.3632
96.729 95.1474 95.988 97.093 96.5513 96.2013 95.8295 96.1867 96.0097 96.0308 96.3556 96.4938 96.1393 96.1623 96.0179 96.2877 96.4024 96.2987 96.5229 96.0749 96.1981 96.2087 96.2706 96.6389 96.222 96.3398 96.4682 96.7965 96.3051 96.3603
64.7315 64.9322 64.793 64.6764 64.6514 64.8375 64.9487 64.8423 64.6472 64.8404 64.8141 64.8385 64.7108 64.8561 64.8189 64.7793 64.7826 64.8332 64.8012 64.8532 64.7771 64.8424 64.8103 64.5623 64.8158 64.7143 64.7155 64.7533 64.825 64.7936
140.927 141.016 141.038 141.099 140.992 140.842 141.291 141.214 140.666 141.145 141.122 141.119 141.312 141.029 141.151 141.135 141.346 141.351 141.101 141.113 141.299 141.172 141.415 141.247 141.171 141.24 141.035 141.509 141.204 141.193
5.55898 5.56709 5.55915 5.55599 5.57191 5.5395 5.58781 5.58643 5.56497 5.59427 5.58785 5.59645 5.60535 5.58877 5.5824 5.58225 5.60047 5.62988 5.57748 5.57941 5.59839 5.58875 5.5992 5.60884 5.59259 5.596 5.59144 5.58045 5.60637 5.59725
4.31528 4.31741 4.31974 4.29896 4.33653 4.15346 4.39469 4.37651 4.12442 4.37658 4.39447 4.38111 4.38157 4.37495 4.37448 4.38717 4.38649 4.34919 4.38621 4.39093 4.36033 4.36917 4.38865 4.39932 4.38759 4.36794 4.42641 4.37714 4.36862 4.40752
4.46059 4.48076 4.46163 4.45282 4.47258 4.4555 4.4674 4.46456 4.45833 4.46882 4.45822 4.4655 4.4691 4.46181 4.46911 4.46103 4.46942 4.47151 4.4659 4.46119 4.46802 4.46856 4.47742 4.47166 4.45847 4.46311 4.4623 4.48293 4.46544 4.46579
4.35086 4.34256 4.35162 4.35175 4.35041 4.33579 4.38903 4.38859 4.34004 4.39901 4.39467 4.40072 4.41897 4.39016 4.39328 4.39633 4.39946 4.39867 4.39382 4.39379 4.40213 4.3959 4.39872 4.42137 4.39188 4.39629 4.40085 4.40008 4.39774 4.39488
5.22927 5.0261 5.135 5.31096 5.23774 5.2085 5.02937 5.12584 5.19749 5.06418 5.12418 5.17446 5.01973 5.12854 5.03641 5.14893 5.13072 5.07845 5.13379 5.09882 5.07822 5.10498 5.05842 5.0606 5.08387 5.11023 5.13953 5.15229 5.12598 5.12821
4.43423 4.36821 4.41321 4.44117 4.40173 4.36917 4.50509 4.49594 4.4475 4.49194 4.50517 4.49744 4.60815 4.49506 4.48672 4.49765 4.52406 4.51662 4.50422 4.50528 4.50814 4.50219 4.54 4.60801 4.51284 4.54319 4.50438 4.48504 4.51892 4.50501
4.16262 4.22275 4.17876 4.15866 4.2015 4.14756 4.50467 4.50945 4.16648 4.51965 4.50315 4.50868 4.50279 4.52139 4.51685 4.50589 4.53079 4.49753 4.50898 4.50416 4.50961 4.50421 4.52514 4.51094 4.49993 4.49563 4.53381 4.54285 4.50727 4.50079
7.65141 7.67671 7.64761 7.64679 7.63018 7.61018 7.67202 7.66878 7.64661 7.65761 7.65622 7.66758 7.64164 7.66866 7.6483 7.67129 7.68336 7.65461 7.6666 7.66216 7.66546 7.65906 7.67198 7.63403 7.66167 7.68204 7.65262 7.69847 7.67771 7.65742
93.1989 93.0562 93.1898 93.2153 93.202 93.5137 93.3254 93.3015 93.3892 93.4221 93.3375 93.3942 93.4232 93.3186 93.4094 93.3814 93.3258 93.2726 93.2638 93.3851 93.3769 93.4273 93.331 93.4298 93.2458 93.1098 93.4286 92.9312 93.3195 93.3363
77.0119 76.9966 76.9888 77.04 77.0111 76.9485 77.0205 77.0416 77.0107 76.9916 77.0233 77.0385 76.9525 77.0087 77.0159 76.9851 77.0539 77.0636 77.018 76.993 77.0346 77.0363 77.0639 77.09 77.0274 76.9888 76.9545 76.9413 77.0324 77.0188
70 70.0046 69.9185 69.94 70.0589 69.6656 69.694 69.513 69.5866 69.5793 69.5371 69.4713 69.2594 69.5484 69.5753 69.6026 69.6019 69.5515 69.6464 69.605 69.6441 69.4895 69.6749 69.2166 69.7383 69.5686 69.2499 70.2971 69.508 69.652
82.2456 82.5163 82.2293 82.2034 82.2548 81.8534 82.0454 82.0953 82.179 82.0558 82.0571 81.9647 82.0021 82.1627 81.9334 82.046 82.0469 82.1564 82.1284 82.0479 82.0249 81.9468 82.088 81.937 82.1171 82.183 82.0836 82.4778 82.1499 82.0171
99.122 98.1694 99.1468 99.704 99.2154 98.3303 98.1195 98.1231 97.6946 97.8699 98.0053 98.0616 97.3492 97.8041 97.9638 97.9978 97.853 98.2139 98.1964 97.8069 98.0916 98.1735 97.9695 97.5619 98.2621 98.1724 98.0009 99.1348 97.9998 98.0762
64.7062 64.6711 64.6877 64.6701 64.6296 64.4511 64.674 64.6525 64.7815 64.6836 64.6565 64.7146 64.6987 64.7461 64.6714 64.682 64.6889 64.692 64.695 64.7422 64.6504 64.6441 64.7007 64.6568 64.6326 64.4873 64.7383 64.7147 64.6927 64.6814
141.512 141.557 141.634 141.679 141.613 141.481 141.72 141.609 141.547 141.686 141.681 141.687 141.746 141.674 141.639 141.669 141.735 141.812 141.726 141.707 141.701 141.635 141.781 141.597 141.718 141.745 141.931 141.813 141.741 141.705
5.63637 5.63176 5.63601 5.64822 5.64282 5.65378 5.67092 5.66485 5.62931 5.66658 5.66718 5.66818 5.67104 5.6597 5.66787 5.66064 5.67107 5.68343 5.66424 5.6585 5.67365 5.66699 5.67114 5.67292 5.67022 5.66967 5.64899 5.66278 5.6714 5.67158
4.13167 4.1652 4.14902 4.14146 4.1462 4.10166 4.18091 4.16765 4.09782 4.17788 4.18713 4.17579 4.19375 4.19118 4.16909 4.17191 4.18482 4.1787 4.17379 4.17549 4.16404 4.16778 4.18143 4.19201 4.17778 4.24457 4.24679 4.12537 4.17861 4.18599
4.34816 4.3356 4.34869 4.35204 4.33933 4.3225 4.33017 4.32824 4.32408 4.32446 4.32626 4.32916 4.33334 4.33024 4.33123 4.32677 4.32972 4.33674 4.32978 4.32842 4.33115 4.32592 4.32839 4.32602 4.32992 4.31139 4.30197 4.32781 4.33102 4.32879
4.33112 4.32802 4.33174 4.33531 4.33882 4.33972 4.3803 4.38671 4.33636 4.38225 4.38326 4.37925 4.37638 4.37445 4.38491 4.38132 4.37983 4.37512 4.37962 4.37751 4.38193 4.38611 4.37829 4.3952 4.37607 4.38427 4.36215 4.35285 4.37737 4.38269
5.56444 5.49957 5.55613 5.63045 5.5843 5.51947 5.44981 5.46606 5.46005 5.45175 5.45246 5.47288 5.43207 5.41109 5.44786 5.45962 5.43106 5.44832 5.46603 5.45069 5.45365 5.47549 5.43716 5.42474 5.46096 5.43875 5.4593 5.53246 5.44956 5.47195
4.23367 4.40203 4.16698 4.18783 4.30422 4.34167 4.38681 4.37297 4.25425 4.35325 4.39969 4.33715 4.36133 4.38369 4.30626 4.35436 4.36457 4.34013 4.37962 4.35171 4.32701 4.34958 4.37907 4.36764 4.40411 4.55485 4.50905 4.40892 4.3834 4.37588
4.17827 4.16433 4.18545 4.19006 4.16855 4.14273 4.48609 4.4881 4.13649 4.49324 4.48621 4.50369 4.51263 4.48406 4.49324 4.49122 4.48639 4.50571 4.49253 4.48822 4.49227 4.49832 4.48561 4.49403 4.48081 4.46562 4.46948 4.47269 4.50017 4.48614
7.72101 7.73979 7.72998 7.73251 7.72595 7.73618 7.74366 7.74363 7.77085 7.74976 7.74402 7.75145 7.77452 7.73521 7.74885 7.74821 7.74733 7.75491 7.74484 7.74992 7.7533 7.7453 7.74694 7.75636 7.74177 7.73896 7.76362 7.71472 7.75025 7.74832
