92.5404 92.4028 92.3116 92.4911 92.1588 92.1674 92.2481 92.1225 92.1852 92.268 92.1335 92.2538 91.8939 91.9256 91.9804 91.8724 91.8768 91.9753 91.9734 91.8973 91.9315 91.871 91.95 91.9653 91.8784 91.9356 91.9366 92.0072 91.9337 92.0772
75.1781 75.1514 75.2181 75.1709 75.6241 76.0067 75.6597 75.647 75.5266 75.5996 75.6367 75.43 75.7734 75.6908 75.5591 75.6046 75.7065 75.4705 75.6252 75.5997 75.5213 75.578 75.532 75.5328 75.4908 75.6196 75.571 75.8222 75.5859 75.5565
71.7077 71.6475 71.8503 71.7109 72.8251 72.3557 72.7686 73.214 73.0104 73.0584 72.885 73.1829 74.2723 74.1989 74.0278 73.9846 74.2665 74.4576 74.1584 73.922 73.8441 73.9174 73.8928 74.1503 73.697 74.2519 74.0029 74.1559 73.9953 74.084
82.7724 82.7429 82.772 82.7718 82.7427 82.3241 82.6329 82.8556 82.8255 82.7744 82.8548 82.8721 83.2451 83.299 83.1481 83.117 83.3508 83.3557 83.1834 83.1522 83.0522 83.1621 83.1498 83.2331 82.9189 83.2084 83.1074 83.2172 83.2187 83.1767
66.5116 66.4772 66.4562 66.4937 66.4483 66.3911 66.4229 66.4555 66.4186 66.3552 66.4629 66.4105 65.9917 65.9047 65.9339 65.972 65.9024 65.9925 66.0176 65.9292 65.9381 65.9163 65.9489 66.0196 65.9546 66.0745 66.0719 65.9191 65.9914 65.9959
137.791 137.655 137.797 137.8 138.276 137.701 138.238 138.454 138.321 138.207 138.085 138.09 139.276 139.21 138.96 138.868 139.315 139.349 139.046 138.892 138.766 138.834 138.889 139.036 138.128 139.085 138.877 139.115 139.019 139.024
5.77817 5.7705 5.76976 5.77985 5.7168 5.69433 5.73332 5.70966 5.70433 5.7043 5.71246 5.68701 5.89765 5.90235 5.88845 5.89386 5.909 5.89581 5.89625 5.89505 5.89528 5.89002 5.90209 5.90477 5.88403 5.90481 5.90788 5.90403 5.90606 5.88694
4.72659 4.69553 4.68369 4.70686 4.31631 4.28924 4.31053 4.38468 4.32038 4.35416 4.36509 4.33505 4.72725 4.64656 4.70376 4.69936 4.62371 4.70701 4.7238 4.66148 4.68017 4.64677 4.69363 4.74148 4.7091 4.73942 4.72853 4.65317 4.68769 4.70725
4.49423 4.48531 4.49744 4.48995 4.47275 4.40848 4.47114 4.47829 4.50031 4.50415 4.44917 4.49768 4.64953 4.63089 4.63637 4.61541 4.62683 4.65576 4.64636 4.61064 4.61089 4.61443 4.61019 4.67274 4.64193 4.65198 4.59916 4.62746 4.61616 4.67012
4.49321 4.49255 4.49407 4.49291 4.4529 4.49301 4.44972 4.45899 4.44013 4.43614 4.46759 4.44874 4.52628 4.51961 4.52801 4.5226 4.51815 4.52286 4.51498 4.51931 4.53627 4.52183 4.52171 4.51648 4.53931 4.52262 4.52752 4.51743 4.51536 4.50724
4.22863 4.234 4.23929 4.23141 4.23199 4.26278 4.23893 4.23823 4.24606 4.25722 4.23894 4.25935 4.71508 4.70594 4.71303 4.71605 4.70061 4.70611 4.71743 4.70889 4.70841 4.71152 4.71018 4.71111 4.72577 4.71766 4.71071 4.70275 4.70566 4.7133
4.19854 4.20353 4.2078 4.20353 4.22956 4.16902 4.23238 4.17119 4.28643 4.23388 4.24855 4.22749 4.29151 4.29366 4.29696 4.30018 4.2948 4.2944 4.29986 4.30023 4.30337 4.30205 4.30115 4.29855 4.32328 4.30334 4.30382 4.29949 4.30061 4.30294
7.76161 7.78234 7.84449 7.7797 7.95498 7.82806 7.87211 7.87528 7.8787 7.89571 7.87049 7.83262 8.04057 7.99571 8.05919 8.07611 7.96985 7.98092 8.03557 8.03123 8.08094 8.04531 8.00901 8.09556 8.41387 8.02854 8.00503 8.02227 7.99312 8.05655
92.6645 92.5653 92.5106 92.5968 92.2024 92.0712 92.1345 92.2397 92.1695 92.3206 92.4968 92.204 92.0763 92.0502 92.1933 92.1304 92.1415 92.0334 92.0882 92.0294 92.1786 92.1292 92.2903 92.2767 92.1357 92.113 92.1356 92.1537 92.238 91.9802
75.3271 75.4534 75.4362 75.4846 75.4622 75.4135 75.386 75.4387 75.4354 75.309 75.2469 75.7481 75.4972 75.6609 75.4771 75.4864 75.5417 75.431 75.4763 75.7779 75.4336 75.5223 75.416 75.4801 75.4023 75.5307 75.5415 75.8136 75.5334 75.4784
82.8399 82.8239 82.8842 82.8472 82.8307 82.6371 82.8235 82.707 82.9083 82.7243 82.5526 82.8439 82.8541 82.9892 82.7645 82.8024 82.9337 82.8507 82.7555 82.8981 82.7853 82.9199 82.674 82.7502 82.7512 82.7601 82.7034 82.9808 82.7507 82.829
137.19 136.985 137.085 137.215 136.836 136.185 136.079 136.312 136.635 136.408 136.621 136.712 136.735 137.084 136.578 136.584 137.339 136.791 136.667 136.659 136.554 136.875 136.483 136.583 136.435 136.535 136.362 137.46 136.61 136.565
5.70224 5.69267 5.70546 5.70989 5.71721 5.61304 5.6938 5.68366 5.65875 5.67969 5.67433 5.62745 5.87705 5.89872 5.85736 5.86547 5.88188 5.85249 5.85253 5.892 5.88819 5.86653 5.85791 5.8957 5.84818 5.87291 5.86976 5.88876 5.86507 5.86226
4.65362 4.68139 4.65656 4.65686 4.47107 4.42336 4.37171 4.40158 4.4316 4.42007 4.46158 4.26347 4.68079 4.64386 4.67164 4.67488 4.70368 4.69783 4.67717 4.6064 4.59771 4.67981 4.68278 4.58112 4.68694 4.67669 4.68142 4.71298 4.68255 4.6849
4.60302 4.59916 4.60367 4.61285 4.55468 4.50804 4.5317 4.51968 4.56914 4.54599 4.53648 4.47419 4.63706 4.67039 4.63497 4.64309 4.63949 4.64878 4.63307 4.6417 4.6271 4.64772 4.60701 4.66341 4.64317 4.65239 4.62231 4.66845 4.63329 4.64812
4.45082 4.45251 4.45044 4.45173 4.41342 4.46314 4.40978 4.41773 4.41545 4.44168 4.41387 4.42931 4.49043 4.48701 4.49402 4.48155 4.49702 4.49818 4.49979 4.47139 4.47502 4.4846 4.49358 4.5003 4.49715 4.50413 4.49604 4.49287 4.49118 4.50048
7.42444 7.41756 7.40846 7.44537 7.35875 7.46354 7.42327 7.37384 7.43533 7.3365 7.40391 7.46045 7.41151 7.50671 7.42293 7.43034 7.58394 7.37101 7.39791 7.46941 7.4426 7.51193 7.43282 7.4244 7.43098 7.42497 7.43954 7.57337 7.45057 7.4381
92.937 92.9864 92.7971 92.7633 92.7068 92.4274 92.3351 92.5873 92.4718 92.5398 92.519 91.7016 92.5402 92.1784 92.4937 92.4232 92.6438 92.473 92.4285 91.939 92.1547 92.416 92.6173 92.1976 92.3998 92.3312 92.4427 92.2852 92.663 92.3832
153.58 153.53 153.461 153.573 153.085 153.643 153.934 153.39 153.551 153.217 153.492 154.097 152.571 152.975 153.158 152.848 152.504 152.847 152.975 153.189 153.299 153.155 152.867 152.907 153.103 153.039 152.962 152.806 152.916 152.882
75.6531 75.6255 75.7003 75.7382 75.8285 75.7853 75.926 75.6577 75.6415 75.754 75.8639 75.6736 75.6697 75.9629 75.9401 75.6393 75.7202 75.6076 75.5924 75.8193 75.844 75.7768 75.585 75.7221 75.5939 75.6561 75.6983 75.6404 75.7086 75.5546
73.8112 73.6923 73.801 73.7617 73.1174 73.3928 73.088 73.2637 72.9294 72.7961 73.5471 73.2421 73.3055 73.5103 73.2712 73.3067 73.3989 73.4485 72.9165 72.9974 73.669 73.3899 73.2686 73.4477 73.3367 73.4274 72.9562 73.3777 73.5027 73.434
82.4497 82.3934 82.4944 82.5024 82.4614 82.4894 82.5526 82.5795 82.5188 82.408 82.6309 82.8911 82.4285 82.6267 82.4073 82.4382 82.3896 82.4774 82.359 82.3568 82.6478 82.4456 82.3711 82.4631 82.3779 82.4244 82.289 82.5003 82.4284 82.462
139.887 139.621 139.859 139.865 140.196 139.434 139.81 139.602 139.605 139.69 139.575 139.55 139.49 139.647 139.567 139.548 139.65 139.504 139.399 139.353 139.691 139.494 139.394 139.577 139.381 139.436 139.277 139.458 139.457 139.32
6.05952 6.05365 6.05833 6.05689 6.00938 5.99064 5.98682 5.98679 6.01744 6.0182 6.02289 5.98221 6.50985 6.51632 6.48112 6.49184 6.52364 6.48968 6.48419 6.4912 6.49922 6.48619 6.50268 6.48952 6.48146 6.49411 6.50413 6.52542 6.53668 6.49686
7.53388 7.52872 7.55809 7.52558 7.57057 7.75167 7.79736 7.74487 7.82523 7.79568 7.85034 7.92827 7.03764 7.05648 7.10879 7.06301 7.04993 7.07336 7.07212 7.12123 7.11096 7.12729 7.05661 7.01695 7.12373 7.0667 7.07816 7.11564 7.0579 7.07149
4.72247 4.73329 4.67228 4.66795 4.35505 4.27555 4.37409 4.25679 4.26772 4.28449 4.23362 4.23646 4.72868 4.62526 4.68027 4.72686 4.72318 4.73248 4.77598 4.64536 4.62885 4.67198 4.76169 4.7095 4.74583 4.74864 4.74633 4.73598 4.7278 4.74724
4.73952 4.73422 4.72915 4.729 4.67785 4.71281 4.67283 4.67438 4.64062 4.65627 4.67752 4.73519 4.85487 4.82077 4.86666 4.8662 4.86141 4.86964 4.86401 4.79116 4.83766 4.87111 4.86266 4.8313 4.87565 4.87721 4.86363 4.859 4.86126 4.86475
4.50674 4.50482 4.50782 4.50671 4.49934 4.48758 4.4652 4.48267 4.48205 4.49563 4.47125 4.49842 4.61819 4.61911 4.60671 4.61557 4.62926 4.62248 4.61583 4.61267 4.61778 4.61784 4.61648 4.61075 4.6316 4.62865 4.61982 4.62942 4.6171 4.62369
7.84673 7.82583 7.84237 7.82573 7.91273 7.70322 7.7047 7.76258 7.8229 7.76367 7.74971 7.96441 7.66065 7.75834 7.67403 7.68054 7.72107 7.63655 7.64052 7.86597 7.82476 7.66442 7.66501 7.82876 7.64137 7.63538 7.65732 7.67745 7.63954 7.66443
92.904 92.8706 92.8671 92.7915 92.8427 92.8455 92.7519 92.9888 92.9288 92.9379 92.8447 92.4539 92.9184 92.5656 92.6947 92.8574 92.9361 92.857 92.7949 92.615 92.597 92.6564 92.8747 92.8403 92.6794 92.6536 92.779 92.9351 93.0941 92.7774
74.731 74.7409 74.6926 74.7106 74.6948 74.7749 74.8729 74.5841 74.6117 74.6666 74.7185 74.6189 75.0021 75.5132 75.2617 75.3443 75.1216 75.0725 74.9108 75.0954 75.0335 75.0063 74.8543 75.4504 74.9793 75.0117 75.5206 75.0137 75.0263 75.0175
74.1098 74.2247 73.9804 74.1392 73.5038 73.7814 74.3882 72.8982 73.3761 73.6142 73.5301 73.2692 73.6177 73.9332 73.7161 73.3994 73.4486 73.4859 73.3018 73.5809 73.863 74.1251 73.2147 73.3564 73.5416 73.4841 72.9761 73.4943 73.7119 73.5495
82.862 82.9099 82.8926 82.9703 82.646 82.803 82.8779 82.3679 82.4485 82.5984 82.4783 82.7511 82.6831 83.1483 82.8492 82.7298 82.6202 82.7615 82.5998 82.7405 82.8892 82.935 82.5479 82.6524 82.7322 82.697 82.4975 82.6121 82.5442 82.6101
137.295 137.123 137.134 137.296 136.863 137.149 138.168 136.437 136.878 136.901 137.23 136.75 136.105 137.01 137.369 136.348 135.98 136.205 136.021 136.109 136.388 136.873 135.855 135.958 136.149 136.214 136.399 136.153 136.196 135.911
5.59279 5.58063 5.60275 5.60223 5.53453 5.53348 5.35063 5.51349 5.50612 5.52732 5.48878 5.51332 5.78869 5.81453 5.75346 5.80159 5.81433 5.79861 5.77038 5.7899 5.78694 5.77954 5.77145 5.80825 5.78739 5.78931 5.80616 5.79785 5.78643 5.78956
4.65211 4.65893 4.67452 4.65531 4.19693 4.34569 4.36909 4.14168 4.16631 4.16079 4.17494 4.18746 4.58355 4.75473 4.6383 4.575 4.6555 4.60303 4.58007 4.60673 4.62385 4.6333 4.56572 4.58434 4.59883 4.59468 4.57941 4.60608 4.60409 4.60031
4.48806 4.48735 4.47971 4.4829 4.45205 4.40115 4.41518 4.3951 4.41073 4.40539 4.41925 4.41187 4.4858 4.58842 4.51882 4.49948 4.5113 4.51572 4.48227 4.48063 4.51373 4.5517 4.44814 4.51019 4.50213 4.49309 4.52536 4.47718 4.4812 4.49564
4.4931 4.48875 4.49481 4.49164 4.44468 4.45458 4.44875 4.49059 4.44866 4.47504 4.47845 4.49561 4.52389 4.54081 4.52503 4.51955 4.5226 4.52914 4.52587 4.53714 4.51924 4.5198 4.5247 4.53597 4.53003 4.53774 4.54311 4.52827 4.52823 4.53602
7.22728 7.20956 7.19674 7.23494 7.40833 7.46281 7.60029 7.38447 7.45006 7.39856 7.53611 7.37883 7.33792 7.28289 7.49364 7.38317 7.23985 7.33953 7.376 7.22895 7.36105 7.46623 7.35029 7.28803 7.37182 7.33697 7.39785 7.37136 7.30619 7.35164
93.7355 93.784 93.7846 93.6621 93.5733 93.7704 93.7724 93.575 93.7327 93.638 93.6171 93.3957 93.448 93.2901 93.3789 93.5101 93.3034 93.6365 93.4593 93.4898 93.5325 93.5159 93.5998 93.3631 93.4488 93.4098 92.9261 93.5445 93.5846 93.2957
75.0981 75.1474 75.452 75.3257 75.4878 75.4599 75.329 75.3745 75.3843 75.6064 75.3685 75.193 75.8406 75.6152 75.7323 75.8505 75.9054 75.5875 75.4694 75.8358 75.5145 75.6828 75.6582 75.7708 75.3286 75.522 76.114 75.6676 75.7021 75.3843
72.6208 72.4557 72.5828 72.5662 72.1628 72.9447 72.1546 73.6564 73.3043 73.5196 73.8107 72.9472 72.7652 71.8685 72.2735 71.541 71.7763 71.9895 72.2354 72.4958 72.2462 72.3337 71.93 71.5416 71.9675 72.36 72.673 72.472 72.2567 72.1879
82.7238 82.5996 82.6618 82.6557 82.4639 82.5781 82.4264 83.014 82.9929 82.8965 83.1131 83.0417 82.438 82.3419 82.3367 82.0566 82.2116 82.3069 82.2901 82.2759 82.3018 82.283 82.2811 82.17 82.286 82.3504 82.1976 82.3193 82.235 82.3111
102.471 102.42 102.444 102.663 103.26 103.707 103.335 103.398 103.199 103.448 103.476 102.856 103.266 102.953 103.483 103.387 103.024 103.176 103.141 103.055 102.934 103.031 103.044 103.375 103.109 103.062 103.436 103.209 103.054 103.114
64.9856 65.0374 65.0104 65.0253 65.2146 64.9827 65.1904 64.9587 64.9429 65.075 64.8711 65.0321 64.9364 64.9183 65.1089 65.1619 65.2123 64.879 64.9194 64.9823 64.9678 65.02 64.9588 65.2334 64.9739 64.964 65.9407 65.1076 65.0287 64.9883
140.691 140.775 140.799 140.937 141.636 141.229 141.289 141.611 141.722 141.614 141.568 141.38 141.511 141.765 142.451 141.957 141.3 141.151 141.297 141.527 141.376 141.387 141.328 142.051 141.21 141.226 141.965 141.365 141.284 141.305
5.68379 5.68246 5.67041 5.67489 5.6231 5.61986 5.63368 5.64224 5.60849 5.65006 5.6502 5.60912 5.63178 5.62805 5.59797 5.61672 5.61621 5.6109 5.60709 5.61322 5.60946 5.60436 5.60296 5.6069 5.59849 5.59397 5.60462 5.63266 5.65626 5.59461
4.60653 4.59633 4.58949 4.58674 4.51541 4.53789 4.34018 4.61348 4.65158 4.51374 4.65356 4.51841 4.4441 4.50906 4.46985 4.43357 4.53889 4.47974 4.50622 4.44721 4.51655 4.48075 4.48913 4.452 4.55678 4.49023 4.36667 4.49945 4.53421 4.54388
4.57516 4.58132 4.59743 4.59055 4.5184 4.52617 4.57362 4.5001 4.50815 4.49144 4.51262 4.52886 4.67735 4.72684 4.6721 4.6735 4.70779 4.70781 4.69111 4.69207 4.69571 4.68369 4.71138 4.67915 4.69546 4.70264 4.66988 4.69623 4.70525 4.70423
4.43418 4.43169 4.4313 4.43133 4.42087 4.36317 4.45492 4.42604 4.46409 4.43689 4.4302 4.4086 4.46464 4.49662 4.48802 4.49088 4.47913 4.48639 4.48449 4.473 4.47802 4.47998 4.47863 4.50257 4.48475 4.48471 4.50325 4.4927 4.47708 4.48906
5.03773 5.02585 5.03355 5.05266 5.04926 5.15272 5.05477 5.12169 5.19716 5.2501 5.12414 5.0026 5.2065 4.77104 5.18878 5.25612 4.88648 5.11036 5.09171 5.09318 5.09721 5.10007 5.09197 5.22052 5.10893 5.03839 5.21237 5.15827 5.1473 5.06997
4.3173 4.30937 4.32313 4.31902 4.23136 4.36049 4.35725 4.18242 4.20314 4.21812 4.21173 4.24386 4.56135 4.65198 4.47427 4.3727 4.57557 4.59377 4.56607 4.57631 4.59806 4.57822 4.5922 4.43577 4.57971 4.59198 4.29819 4.60891 4.56301 4.58648
4.30692 4.31184 4.30465 4.306 4.25057 4.31386 4.23323 4.23427 4.22947 4.23183 4.30776 4.30197 4.39234 4.35829 4.33438 4.3146 4.36975 4.37607 4.3883 4.40014 4.37566 4.3928 4.39636 4.35531 4.39846 4.38506 4.43031 4.3957 4.39392 4.40003
7.57634 7.58973 7.59782 7.59912 7.7197 7.71951 7.65274 7.64125 7.70948 7.67742 7.64607 7.71853 7.73865 7.61949 7.77965 7.69558 7.66508 7.66567 7.71519 7.7312 7.73608 7.7333 7.73551 7.65228 7.70985 7.69163 7.61974 7.71274 7.72674 7.71467
92.9506 92.8276 92.6125 92.7985 93.0669 92.7031 93.2128 92.8707 92.925 92.9267 92.9553 92.9088 92.7945 92.6611 92.6874 92.3875 92.677 92.459 92.6079 92.5518 92.6215 92.5083 92.3055 92.0961 92.6632 92.5338 92.5834 92.6381 92.6257 92.6105
74.6468 74.8215 74.816 74.735 75.6018 75.3886 75.3617 75.5499 75.5294 75.5086 75.3075 75.2891 75.4061 75.5272 75.5493 75.4867 75.3941 75.5561 75.4257 75.5305 75.3072 75.5735 75.3657 75.3804 75.4151 75.4098 75.3364 75.5138 75.2785 75.2599
136.374 136.522 137.363 137.145 136.966 137.407 136.374 137.093 137.255 137.001 137.442 136.881 137.205 136.685 136.742 136.633 136.644 136.702 136.512 137.419 136.486 137.603 137.178 136.927 136.278 136.588 137.122 136.596 136.301 136.576
5.7349 5.7467 5.74557 5.72201 5.66913 5.68869 5.69877 5.67302 5.65708 5.66804 5.66205 5.67274 5.8726 5.86019 5.87934 5.89669 5.87302 5.87114 5.85797 5.88378 5.85374 5.88256 5.8718 5.88924 5.84963 5.86425 5.855 5.85883 5.85751 5.85173
4.4842 4.43872 4.49519 4.50662 4.23737 4.27528 4.23484 4.25011 4.23598 4.23749 4.25608 4.26785 4.59666 4.609 4.5902 4.57195 4.57628 4.60558 4.59802 4.60712 4.58482 4.63143 4.64162 4.62209 4.61657 4.56304 4.61025 4.56819 4.58651 4.61449
7.69091 7.7048 7.77369 7.72113 7.76203 7.79888 7.77938 7.73442 7.77367 7.77576 7.67624 7.73465 7.88898 7.85275 7.76306 7.69132 7.82737 7.80937 7.80267 7.91899 7.81618 7.88072 7.81296 7.62872 7.81564 7.81166 7.95546 7.79978 7.74197 7.83946
94.1396 94.0332 94.3843 94.3013 94.2414 94.2269 94.3906 94.2668 94.392 94.1621 94.1429 94.3023 94.0806 94.1853 93.9407 93.895 94.0889 94.1901 94.0692 93.9864 93.9511 94.0501 94.0748 93.8807 94.0459 93.9463 94.1136 93.9433 93.7824 94.023
75.3069 75.3434 75.5954 75.591 75.526 75.5358 75.4093 75.3928 75.6078 75.4721 75.4704 75.5731 75.4302 75.5396 75.2859 75.4344 75.4925 75.5264 75.4642 75.5598 75.4379 74.9363 75.5273 75.4936 75.5022 75.4668 75.4358 75.422 75.6256 75.439
71.4685 71.7239 71.5121 71.7204 71.9138 71.4252 71.0487 71.742 71.5387 71.5545 71.9955 72.0085 71.5732 71.8415 71.7741 71.7948 71.8731 71.6863 71.8664 71.7408 71.7895 71.3892 71.81 72.2843 71.4319 71.9069 71.8588 72.0983 72.3713 72.1699
82.1065 82.131 81.8983 82.0494 82.207 82.2771 82.0737 82.122 82.0643 82.1125 82.2539 82.1482 82.1701 82.0989 82.314 82.3889 82.389 82.1884 82.3039 82.0951 82.3749 82.0286 82.0903 82.1845 82.2102 82.3415 82.2413 82.3193 82.4823 82.3822
95.2658 95.6119 96.1354 95.9858 96.9543 96.5593 96.233 96.6438 96.3127 96.403 96.3145 96.4424 95.6959 96.417 96.0798 95.945 95.6251 95.9692 95.8334 96.1177 95.7119 96.0942 96.1759 96.4958 96.1342 95.8863 95.8538 96.6077 96.3085 95.9016
140.905 141.018 141.047 141.037 140.956 141.006 140.902 141.122 141.14 141.081 141.073 141.305 141.436 141.231 141.335 141.211 141.143 141.178 141.228 141.459 141.009 141.249 141.227 141.538 141.207 141.158 141.34 141.038 141.286 141.083
5.54802 5.54977 5.58351 5.56958 5.5501 5.57624 5.53117 5.58895 5.57958 5.5645 5.5647 5.55819 5.5824 5.60204 5.60531 5.59287 5.59398 5.59897 5.58336 5.59281 5.58508 5.56818 5.59804 5.61123 5.59221 5.57606 5.59118 5.59836 5.58529 5.5923
4.48837 4.4517 4.48743 4.43121 4.14475 4.16326 4.15575 4.17242 4.17401 4.1662 4.17256 4.1814 4.44038 4.44406 4.45813 4.41795 4.41736 4.43833 4.39182 4.39276 4.41872 4.58765 4.44137 4.34127 4.41433 4.38668 4.42259 4.37774 4.33398 4.40117
4.45689 4.4572 4.4798 4.4875 4.44131 4.43672 4.41172 4.46649 4.45615 4.47413 4.45729 4.46378 4.47295 4.46256 4.4748 4.475 4.47034 4.46375 4.48139 4.48841 4.46264 4.4508 4.48712 4.49677 4.45385 4.48337 4.48404 4.47794 4.47443 4.46817
4.35522 4.36351 4.36369 4.36666 4.34257 4.42098 4.34643 4.35413 4.35529 4.34295 4.36074 4.36388 4.4061 4.40539 4.40177 4.41088 4.4056 4.40559 4.40363 4.41264 4.40276 4.40322 4.41183 4.40956 4.40427 4.4067 4.40843 4.40799 4.40652 4.39668
5.11019 5.11035 5.15613 5.13347 5.34966 5.37736 5.24297 5.12369 5.262 5.09612 5.2978 5.24651 4.97831 5.19714 5.05047 5.05833 4.98777 5.08225 5.06152 5.09745 5.0348 5.14041 5.12205 5.10856 5.19206 5.05001 5.06413 5.13541 5.02614 5.10007
7.57084 7.60508 7.59064 7.58731 7.63329 7.6601 7.59993 7.63486 7.64 7.632 7.63371 7.64753 7.65942 7.67349 7.64565 7.63841 7.6118 7.658 7.66281 7.68183 7.64052 7.66368 7.65407 7.64667 7.67176 7.63868 7.66906 7.63708 7.6841 7.6317
94.187 94.2337 94.3107 94.2989 94.2826 94.2599 94.2497 94.2201 94.3044 94.422 94.4326 94.534 94.0915 93.9614 94.0496 93.8476 94.2055 94.4272 94.1373 93.8909 94.0574 94.2072 93.9865 93.9716 94.0002 93.8029 93.8336 93.8159 93.448 93.8509
75.3443 75.2916 75.5039 75.4328 75.9541 75.8794 75.9775 75.8963 75.96 76.1033 75.8864 75.672 75.9065 75.8043 75.3825 75.6928 76.0918 75.5145 75.3386 75.6686 75.6199 75.7061 75.8256 75.4295 75.8031 75.6991 75.953 75.5562 75.9201 75.6209
72.2634 72.2396 72.4104 72.2558 71.5192 72.1467 71.6685 71.38 71.4401 71.0429 71.8726 71.9909 71.9086 72.9259 72.4814 72.6975 72.4708 71.9613 72.3991 72.3123 72.2253 72.5909 72.3705 71.9129 72.3636 72.5919 72.2634 72.7704 73.0278 72.2125
82.5593 82.4644 82.3184 82.4424 82.4418 82.5445 82.4466 82.4557 82.419 82.348 82.5609 82.1215 82.4041 82.3326 82.5078 82.4783 82.384 82.2004 82.4929 82.436 82.4801 82.0906 82.352 82.8069 82.7152 82.5473 82.558 82.8387 83.0539 82.6883
97.7599 98.4651 98.3665 98.9172 98.0069 96.9414 96.5669 96.8766 97.3161 97.5899 97.5923 97.7101 97.4738 98.1315 97.9148 97.7036 97.5396 97.3057 97.4677 97.8078 97.51 98.1993 97.7411 99.6556 96.5485 97.8307 97.6507 97.447 98.9589 97.2837
141.625 141.497 141.465 141.447 141.345 141.059 141.075 141.116 141.236 141.426 141.119 141.108 141.637 141.923 141.788 141.939 141.875 141.597 141.587 141.562 141.67 141.405 141.611 142.91 141.298 141.677 141.716 141.248 142.024 141.37
5.5586 5.56346 5.58248 5.58414 5.63859 5.58472 5.58265 5.59743 5.60651 5.60541 5.60837 5.58938 5.63679 5.63212 5.60752 5.62463 5.63121 5.62278 5.59358 5.61957 5.61729 5.64135 5.62663 5.608 5.60541 5.59091 5.63014 5.60017 5.60841 5.60415
4.42048 4.3793 4.41164 4.4002 4.18888 4.17017 4.18835 4.1953 4.2045 4.19374 4.19124 4.20569 4.36771 4.38759 4.4182 4.40891 4.32894 4.41781 4.35092 4.33617 4.40951 4.34012 4.31775 4.34706 4.38996 4.27657 4.36835 4.36105 4.25238 4.32007
4.39154 4.40503 4.39292 4.40738 4.4112 4.40806 4.37768 4.40619 4.39842 4.38494 4.3843 4.39811 4.42931 4.38789 4.40967 4.39794 4.39537 4.40755 4.41115 4.42834 4.40591 4.44704 4.42797 4.42176 4.39928 4.41119 4.42023 4.40894 4.40371 4.41723
4.34967 4.35845 4.3668 4.36548 4.37022 4.34402 4.34277 4.36327 4.3515 4.36163 4.35726 4.37417 4.41363 4.4143 4.41186 4.40092 4.42636 4.42012 4.41129 4.41657 4.40957 4.42317 4.41949 4.35782 4.40233 4.41828 4.41721 4.4016 4.4016 4.40083
5.51412 5.54563 5.5416 5.56292 5.51052 5.4868 5.43502 5.42432 5.45264 5.47242 5.43444 5.53491 5.43969 5.48788 5.44975 5.4586 5.4525 5.45032 5.43814 5.41962 5.41901 5.42209 5.47782 5.56278 5.37535 5.47057 5.45839 5.4176 5.51861 5.4088
7.73534 7.70815 7.70854 7.69616 7.69707 7.72136 7.74961 7.70603 7.70603 7.70486 7.68617 7.72101 7.71929 7.74846 7.7318 7.74357 7.76186 7.73864 7.73502 7.7209 7.71698 7.6922 7.72125 7.86781 7.73776 7.72464 7.73088 7.69871 7.75196 7.71248
93.557 93.6167 93.4691 93.3554 92.9532 93.5786 93.3027 93.4853 93.4721 93.1686 93.6804 93.3898 92.5496 92.4737 93.0433 92.736 92.7847 93.2296 93.0475 92.5729 93.0753 91.9334 92.7006 93.1865 93.0393 92.5129 92.6137 93.0911 92.5197 93.0738
75.7231 75.9017 75.9536 75.9779 75.5163 75.4292 75.7003 75.4587 75.6327 75.405 75.6594 75.5576 76.2806 75.7567 76.0511 75.5155 75.8654 75.8842 75.8698 75.92 75.8677 75.9845 75.9049 75.6831 75.9315 75.5907 75.9545 75.6786 76.1637 75.7547
72.8072 72.6329 72.8066 72.7697 72.4507 73.8278 73.5245 73.0647 73.3101 72.945 72.8625 72.754 73.074 72.828 73.0233 72.9262 73.1309 72.2955 72.9725 73.2484 72.6921 73.4248 72.7413 72.8926 73.7732 73.6516 73.4905 72.6779 73.3969 72.7007
82.4038 82.2878 82.2097 82.4222 82.8679 82.7595 83.1159 82.4479 82.5218 82.9012 82.0094 82.1175 82.6948 83.1274 82.4414 83.2691 82.8382 82.4946 82.4748 82.5271 82.625 82.7881 82.6169 82.0151 82.4819 82.7897 83.0973 82.2775 83.1899 82.9012
104.079 104.12 104.171 104.33 102.755 100.593 100.237 101.181 101.755 102.448 101.611 102.447 104.596 106.111 104.685 106.167 105.351 104.284 104.284 103.348 105.2 103.755 103.688 103.107 101.347 103.689 105.087 102.41 104.777 101.968
141.668 141.819 141.788 141.825 141.334 141.719 141.677 141.428 141.554 141.367 141.369 141.434 142.106 142.181 142.208 141.897 142.195 141.771 142.04 141.975 141.841 141.655 141.831 141.814 141.756 142.024 142.378 141.343 142.475 141.42
5.6228 5.59399 5.62833 5.61924 5.62662 5.51155 5.60264 5.56377 5.5659 5.58558 5.48704 5.56562 5.58536 5.65446 5.60446 5.64538 5.57916 5.59832 5.57458 5.53887 5.58319 5.63248 5.56678 5.47274 5.43505 5.54234 5.59588 5.56408 5.65159 5.54793
4.49192 4.45329 4.41811 4.37584 4.52129 4.44268 4.57137 4.20181 4.2156 4.52886 4.17908 4.57553 4.30122 4.53461 4.40787 4.58048 4.56619 4.5112 4.38275 4.24231 4.50945 4.34695 4.41662 4.40799 4.33973 4.45032 4.4571 4.46424 4.44846 4.42906
4.48557 4.49034 4.52697 4.50602 4.52201 4.50063 4.51546 4.4784 4.50118 4.49795 4.52746 4.49284 4.60296 4.66273 4.64048 4.63168 4.60599 4.65582 4.62389 4.58946 4.65685 4.69285 4.64953 4.64567 4.54346 4.62706 4.63992 4.67012 4.58449 4.65548
4.40006 4.41067 4.41613 4.4076 4.40514 4.40526 4.39743 4.3865 4.43079 4.39629 4.44218 4.399 4.45301 4.46737 4.45487 4.43423 4.46019 4.43329 4.45647 4.44906 4.43844 4.44128 4.4463 4.43431 4.42226 4.43772 4.44975 4.46499 4.43893 4.44981
5.59952 5.622 5.62525 5.61588 5.54117 5.33975 5.29726 5.38798 5.44472 5.49951 5.41709 5.49748 5.53908 5.63596 5.57283 5.68647 5.84316 5.52976 5.47901 5.47058 5.59141 5.60656 5.56894 5.5514 5.40378 5.56797 5.44108 5.41311 5.69374 5.37797
7.7922 7.82337 7.78267 7.79037 7.84845 7.82961 7.83368 7.80901 7.80517 7.80592 7.81166 7.82797 7.7973 7.72893 7.86049 7.73877 7.83485 7.83307 7.76656 7.90043 7.8603 7.82375 7.83033 7.79515 7.86314 7.80854 7.77874 7.73879 7.83354 7.74766
92.1036 91.9483 91.8785 91.8799 91.6322 91.8947 92.16 91.9181 91.912 91.9204 91.8403 92.2727 91.5369 91.5803 91.4628 91.571 91.6464 91.8551 91.6129 91.2161 91.5297 92.2357 91.2305 91.4772 91.6087 91.3541 91.3708 91.472 91.2781 91.15
76.1365 76.361 76.1304 76.1735 76.2193 75.6607 75.9863 76.0955 76.1634 75.9992 76.1029 75.5792 75.817 75.7728 75.7144 75.9634 76.123 75.6546 75.9701 75.9415 75.9836 74.8655 76.0536 76.0421 76.0126 75.7422 75.8029 75.4147 76.0121 75.3501
70.9804 72.5304 74.0185 73.8588 73.736 73.7761 73.6267 72.961 73.4921 73.0716 73.4136 73.7894 73.7411 73.0201 74.5082 74.4042 74.1471 73.0457 73.9863 74.2639 73.8144 73.3746 74.3358 75.2877 73.8889 74.0664 73.62 74.9107 73.7519 75.0925
82.2231 82.7353 83.049 83.0034 82.9589 82.8617 82.7525 82.2949 82.3778 82.4626 81.9906 82.507 83.5637 82.5846 83.6413 83.2256 82.991 83.2089 83.2579 83.0556 83.3266 83.0552 83.4447 83.3916 82.9816 83.4333 83.2687 83.2021 83.3546 83.5881
136.895 137.448 137.699 137.821 137.761 137.301 137.61 137.076 137.252 136.637 136.975 137.382 139.716 136.992 139.134 137.313 139.037 137.121 137.923 138.41 138.482 138.438 137.842 138.518 138.157 138.305 137.02 137.238 137.667 137.198
5.70034 5.73249 5.74874 5.75471 5.72087 5.66927 5.72639 5.70678 5.74883 5.64482 5.71651 5.66476 5.8677 5.92087 5.90523 5.95131 5.93394 5.83438 5.94095 5.93049 5.86947 5.80946 5.93465 5.92436 5.89307 5.8739 5.87974 5.85322 5.9391 5.89894
4.39586 4.51957 4.52534 4.5186 4.25962 4.533 4.36903 4.24625 4.27757 4.26313 4.2853 4.45223 4.78008 4.59633 4.64205 4.4246 4.49226 4.55401 4.6257 4.39867 4.61534 4.69721 4.45593 4.70046 4.61956 4.56018 4.55535 4.5938 4.59341 4.59724
4.46777 4.58188 4.60711 4.60024 4.52706 4.50928 4.57176 4.49666 4.53889 4.49623 4.54262 4.53245 4.67141 4.5896 4.5974 4.46735 4.71866 4.56133 4.59896 4.6463 4.61616 4.56436 4.62049 4.69148 4.68484 4.62089 4.6234 4.61774 4.59203 4.6224
4.49169 4.49475 4.47424 4.4768 4.43549 4.47825 4.48128 4.50456 4.4886 4.49742 4.57253 4.45322 4.49416 4.49724 4.47504 4.46029 4.5502 4.48121 4.49447 4.53039 4.49545 4.55856 4.51114 4.50786 4.50149 4.49129 4.5007 4.49616 4.51648 4.50725
7.57301 7.57729 7.54535 7.58658 7.74416 7.6795 7.71587 7.64934 7.60767 7.55432 7.66011 7.57675 8.04706 7.79043 7.9075 7.79682 8.35206 7.53562 7.74261 7.95452 7.89327 7.63881 7.74529 7.7308 8.11192 7.75108 7.59006 7.75307 7.66076 7.82378
91.4577 91.8811 92.0153 91.8471 91.6225 92.5901 92.2551 91.7122 91.8391 91.5058 91.6272 92.5011 92.0007 91.7191 91.6493 90.9757 91.4721 92.1184 91.6768 90.3202 91.857 91.5232 91.6387 91.2333 91.7184 91.4969 91.397 91.5902 90.4392 91.6151
153.474 154.1 153.983 154.315 154.244 154.882 154.366 154.055 154.007 154.034 153.743 154.239 154.256 154.297 155.969 155.551 153.869 155.944 154.278 154.146 154.446 154.25 154.017 155.443 153.88 153.999 156.063 154.616 154.557 154.602
75.5675 75.7 75.6661 75.6667 75.6842 75.9961 76.0362 75.9153 75.8956 75.7842 75.9569 76.0449 76.0421 75.6479 76.0943 76.1009 75.933 76.0269 75.6871 75.8298 75.6545 76.1983 75.6251 76.2137 75.4437 76.0261 75.7578 75.7773 75.8372 75.778
73.6781 74.1482 74.1483 74.196 74.566 73.7008 74.316 74.3845 73.951 74.129 73.9436 73.5866 74.2903 72.9427 74.7812 74.6729 74.4352 73.8573 74.1243 75.6153 73.4437 75.4506 74.1242 74.6691 73.925 74.5771 74.4644 73.9 75.3295 73.8005
82.6883 82.7288 82.7609 82.7853 82.8486 82.7593 82.7732 82.3683 82.2929 82.474 82.3372 82.159 83.06 82.0951 83.0803 84.1258 83.1931 82.9783 82.6748 83.5957 83.0603 83.065 83.2355 83.1833 82.5311 82.9573 83.1345 83.4204 82.8376 83.5
66.0853 66.3014 66.2618 66.2731 65.6669 66.0352 65.99 65.6691 65.6809 65.6781 65.6142 65.5245 66.4038 64.4439 66.1717 66.8735 66.3495 65.8754 66.1163 67.1619 65.8031 68.1566 66.1722 66.1911 65.902 65.8014 65.812 66.1543 66.6233 66.2762
139.805 139.7 140.135 140.039 140.667 140.948 141.012 140.417 140.544 140.421 140.7 141.185 139.302 139.681 141.195 142.356 141.904 140.98 140.269 139.191 140.369 140.846 142.061 142.363 140.382 140.283 141.087 141.829 142.587 141.759
6.20036 6.11905 6.09649 6.10711 6.04836 5.9128 6.04587 6.07177 6.04464 6.04331 6.01738 5.99847 6.55593 6.50644 6.54598 6.52272 6.48211 6.47882 6.47605 6.51844 6.49195 6.26318 6.46628 6.45302 5.96371 6.48987 6.41923 6.45732 6.11033 6.46521
7.41288 7.38964 7.25117 7.2729 7.77727 7.74991 7.86906 7.74421 7.47083 7.72608 7.46825 7.672 6.77855 7.27934 7.48919 7.68432 7.32743 7.79566 6.88942 7.22254 7.49199 7.38485 7.29836 7.51892 7.03821 7.36003 7.64782 7.41555 7.64804 7.48227
4.55851 4.54579 4.62319 4.60548 4.25102 4.20323 4.26568 4.13291 4.09756 4.13227 4.18549 3.88689 4.62786 4.62823 4.73195 4.58682 4.63471 4.79891 4.56465 4.77987 4.76275 4.70146 4.69022 4.57938 4.58858 4.47238 4.57552 4.69615 4.6132 4.70709
4.67038 4.70653 4.74326 4.73846 4.76031 4.73971 4.73661 4.76673 4.77317 4.76653 4.77745 4.75017 4.85015 4.82678 4.98479 4.6449 4.83074 4.9582 4.82388 4.93045 4.88819 4.9987 4.85265 4.88408 4.84863 4.91674 4.8826 4.88786 4.79709 4.86896
4.57066 4.56588 4.5457 4.55149 4.67458 4.56018 4.50918 4.67524 4.72142 4.66588 4.66234 4.64277 4.61018 4.61331 4.58871 4.55056 4.61617 4.59039 4.64575 4.88383 4.63316 4.5455 4.61517 4.60544 4.66573 4.6686 4.62795 4.59269 4.6117 4.59098
4.61356 4.61399 4.63452 4.63916 4.40832 4.42512 4.41535 4.38449 4.40794 4.37093 4.38087 4.39219 4.78687 5.13617 4.64376 4.65135 4.61123 4.60508 4.63886 4.63158 4.65113 4.75655 4.67403 4.80971 4.59558 4.73052 4.64294 4.69176 4.36643 4.69113
4.30415 4.35141 4.35866 4.36495 4.27078 4.31018 4.26164 4.258 4.26232 4.24254 4.26288 4.24872 4.47093 5.1139 4.50104 3.53719 4.50536 4.49515 4.47107 4.50648 4.48962 4.71839 4.53308 4.59574 4.48992 4.47033 4.46653 4.43995 4.50586 4.45452
8.50651 7.99218 7.93164 7.92563 8.00389 7.97231 7.98455 7.98184 7.94561 7.95369 7.94597 7.87777 7.41019 7.62639 8.03161 8.04541 8.11017 7.82453 7.89651 8.17064 7.81881 8.08065 8.21974 7.98511 8.02238 7.98425 7.77713 8.27422 8.19233 8.35182
91.4056 91.5234 91.6392 91.5627 92.1274 92.1253 92.1828 92.1359 92.0247 92.2068 92.1626 92.1973 92.1291 92.1349 92.1289 92.2766 92.4668 92.212 91.9598 90.1782 92.449 93.577 92.2405 92.1161 91.9394 92.0266 92.1219 92.1461 91.4307 92.123
75.4492 75.3404 75.32 75.2338 75.5044 75.6076 75.4378 75.3383 75.2669 75.0588 75.2917 75.3671 75.544 74.7646 75.3692 75.8014 75.6141 75.3874 75.5439 75.5686 75.5255 75.1582 75.3318 74.9099 75.5165 75.3527 75.5644 75.5409 75.8591 75.5198
77.0004 77.1765 76.8112 77.0473 75.3983 75.3437 75.3226 75.7092 75.557 75.0644 75.6483 75.0877 74.9568 73.9807 74.1523 73.0766 73.1973 73.1953 73.5408 74.3395 73.3669 74.8081 73.0548 72.4393 73.4477 73.6608 72.8342 72.5424 73.7507 72.8499
84.9094 84.704 84.5407 84.6266 83.7995 83.9597 83.6701 84.4849 84.2049 83.7214 83.6968 84.0381 83.6802 82.9185 83.2899 83.1007 82.9558 82.7806 83.1599 83.1089 82.9393 83.0339 82.9044 82.2465 83.0343 83.2558 82.9359 82.5333 80.623 82.5909
70.7323 69.6696 68.8014 69.3091 67.7359 67.8534 67.7805 68.0506 68.1725 68.3149 67.7983 68.3638 66.1723 66.1548 66.0047 66.3523 66.0094 66.1959 66.4948 67.8972 66.1667 68.7859 65.8054 65.7959 66.2127 66.195 65.7325 65.396 65.2518 65.4089
137.681 137.578 137.088 137.436 139.321 139.535 139.694 139.13 139.423 139.211 139.004 139.561 139.367 137.489 139.625 138.304 137.89 138.787 139.196 139.872 136.892 137.804 136.957 137.906 139.057 138.924 137.361 137.113 139.443 137.022
5.9779 5.96897 5.92544 5.96083 5.52212 4.98883 4.95323 5.57083 5.28583 5.08438 5.4484 5.22502 5.87876 5.72895 5.86732 5.7661 5.76448 5.03307 5.86293 5.90412 5.77198 5.86269 5.82431 5.83639 5.85686 5.85881 5.82723 5.7741 5.69735 5.69393
4.87821 4.8737 4.86672 4.85442 4.62262 4.64188 4.61056 4.7447 4.6328 4.65822 4.65462 4.66769 4.93724 4.7088 4.66434 4.59054 4.5901 4.58058 4.66138 4.67869 4.57994 4.94164 4.61911 4.40793 4.64378 4.61947 4.55892 4.56033 4.53887 4.59973
6.03788 6.63572 6.32467 6.53172 5.08907 5.16829 4.88164 5.2508 5.3443 4.88167 5.27676 5.25464 4.64928 4.51577 4.49979 4.61109 4.52518 4.45431 4.51962 4.55577 4.53837 4.65199 4.53535 4.5472 4.53338 4.507 4.55074 4.59267 4.66181 4.56709
4.37735 4.38876 4.41413 4.40855 4.35956 4.39816 4.43027 4.32873 4.31286 4.38514 4.42593 4.36654 4.47921 4.45973 4.49941 4.51499 4.48734 4.46256 4.49626 4.50478 4.5085 4.49514 4.51084 4.55446 4.51687 4.51678 4.52786 4.51416 4.55679 4.5004
4.83441 4.82697 4.81178 4.82183 4.57209 4.63365 4.59624 4.72443 4.7367 4.72965 4.67689 4.87699 4.48351 4.73542 4.71585 4.76393 5.56272 4.66069 4.78975 4.76704 4.67922 4.8495 4.87798 4.93541 4.8646 4.79856 4.87802 4.86689 4.87354 4.87088
3.78092 3.82333 4.06343 3.92066 4.13785 4.25913 4.23461 4.13876 4.18162 4.21712 4.12631 4.1282 4.25167 4.43398 4.427 4.38285 4.62245 4.39974 4.37308 4.21024 4.32496 4.26449 4.36495 4.6436 4.38909 4.31602 4.30329 4.28273 4.40705 4.21809
6.6266 6.69155 6.30211 6.47192 7.53022 7.34223 7.33824 7.2885 7.46818 7.02663 7.34662 7.58711 7.80161 7.69381 7.89073 7.78651 7.55366 7.93997 7.89987 8.03833 7.37731 7.88371 7.36366 7.7778 7.80347 7.87903 7.60117 7.5095 7.55462 7.44338
92.1751 92.0265 92.0962 92.2136 91.8378 92.0503 91.6932 91.8294 91.722 91.3776 91.3844 91.2229 93.8504 93.1888 93.7359 93.0315 93.2886 93.7967 93.3889 93.133 93.3064 93.499 93.7629 93.0771 93.7436 93.2126 93.1014 93.663 91.1562 93.6798
74.8705 74.8639 74.8577 74.8537 75.5396 75.4634 75.5153 75.397 75.3406 75.225 75.4046 75.2979 74.6476 75.7267 75.0166 75.2594 75.5101 74.4494 75.9086 75.2522 75.3002 74.9821 75.756 75.586 75.5484 75.7415 75.213 75.0528 75.9839 75.061
72.8827 72.9337 72.8635 72.7542 73.4553 73.3092 73.2913 73.0298 73.1461 73.5183 72.9898 72.9822 73.0442 74.0911 72.9018 74.5521 72.808 73.5409 73.1632 72.754 73.6416 73.7059 72.4727 72.5954 72.1266 72.1737 73.8061 72.5203 74.4026 72.7214
82.9278 82.9439 82.9853 82.9486 82.9401 83.0403 83.207 83.1373 83.059 82.9979 83.216 83.0751 82.016 83.9678 83.1788 83.2488 83.2998 83.2174 83.2545 83.1589 83.3554 83.3063 83.0423 83.4567 82.9538 82.961 83.4877 82.9293 82.4945 82.8617
97.5337 97.1588 97.1908 96.9772 100.386 100.757 100.916 100.039 100.7 101.016 99.8009 101.109 99.9541 101.36 97.2803 99.9902 97.1964 98.1366 96.8281 98.2639 97.6927 100.486 96.7298 97.203 96.4877 96.5598 97.4109 97.1971 101.137 97.3779
65.9409 66.0224 65.8954 65.9272 65.5618 65.5149 65.6359 65.7023 65.5541 65.5467 65.7486 65.6096 66.4906 66.6291 65.1353 66.0822 65.3972 65.1123 65.3434 65.2815 65.259 66.7112 65.3747 66.0855 65.4829 64.8145 65.2933 64.8452 65.4111 64.9393
145.479 145.394 145.236 145.262 142.895 143.557 143.836 143.331 143.187 142.868 143.526 143.269 142.254 143.481 141.265 142.536 141.423 141.892 141.529 142.384 141.686 142.131 140.969 141.703 140.879 141.016 141.406 141.034 142.774 140.981
5.62086 5.63047 5.63048 5.62722 5.70505 5.70237 5.71674 5.70297 5.72205 5.77557 5.71816 5.7864 5.4353 5.5229 5.63057 5.23123 5.33361 4.90607 5.67741 5.57471 5.67188 5.45091 5.62732 5.58142 5.66016 5.62855 5.46782 5.60083 5.77731 5.60196
4.35814 4.36377 4.37603 4.37663 4.29857 4.36743 4.30728 4.32731 4.2814 4.32486 4.34099 4.32042 4.73267 4.33594 4.43935 4.48173 4.38127 4.57135 4.42374 4.43439 4.38835 4.18744 4.43611 4.27878 4.39771 4.31946 4.38506 4.45431 4.25322 4.45612
4.47675 4.47731 4.48293 4.48992 4.41844 4.40623 4.4145 4.40784 4.41719 4.42616 4.41132 4.41834 4.42527 4.37903 4.39236 4.40056 4.37772 4.34964 4.36166 4.38942 4.4308 4.38187 4.40059 4.41262 4.43101 4.39872 4.39849 4.44519 4.38967 4.46669
4.32364 4.32144 4.31989 4.32063 4.33324 4.33568 4.33463 4.32759 4.32355 4.35956 4.33092 4.35448 4.93744 4.43251 4.37763 4.44466 4.35011 4.31219 4.40436 4.40471 4.39391 4.58806 4.39646 4.39384 4.40076 4.39311 4.36481 4.42142 4.46657 4.42098
5.82918 5.82895 5.82324 5.82673 5.741 6.13713 6.01544 5.73467 5.82157 5.75556 5.7748 5.86637 6.07759 5.74636 5.04291 5.69853 5.36562 5.2698 4.9527 5.06821 5.23811 5.73628 5.10578 5.25064 4.99725 4.51948 5.5184 5.19184 5.85543 5.26654
4.53773 4.55627 4.55284 4.55102 4.39595 4.5287 4.50603 4.43551 4.41439 4.54196 4.44554 4.46277 5.02404 4.79924 4.63203 4.54194 4.6927 4.60768 4.6338 4.68816 4.51387 4.68547 4.66953 4.85733 4.63035 4.62461 4.50569 4.59215 4.70678 4.5269
4.55707 4.495 4.47763 4.50149 4.15726 4.12836 4.14546 4.17124 4.16316 4.02624 4.15665 4.13827 4.64916 4.62114 4.53401 4.63307 4.57782 4.50068 4.61891 4.5596 4.58105 4.60916 4.57358 4.26827 4.57753 4.63426 4.57349 4.58466 4.5482 4.60096
7.83721 7.86274 7.89202 7.86651 7.46567 7.66676 7.72458 7.5099 7.56326 7.50628 7.6312 7.63997 7.61977 7.78404 7.58732 7.61204 7.50702 7.64721 7.5373 7.58236 7.60613 7.63411 7.52266 7.66796 7.53684 7.50893 7.59973 7.67663 7.61469 7.72965
93.3315 93.2124 93.1201 93.2143 90.2725 90.7314 90.7306 90.4173 90.7247 91.077 90.1522 89.714 90.8419 89.7202 93.4941 91.663 93.2722 89.3454 93.3623 93.1017 91.8804 92.1553 93.4426 92.7349 93.6305 92.5896 91.8179 93.6625 92.328 93.5818
76.3007 76.1843 76.198 76.201 75.4432 75.6611 75.4597 75.6675 75.816 75.5796 75.5907 75.534 75.8722 75.8919 76.0036 75.9185 75.5129 75.8454 75.9488 75.9147 76.7755 76.5928 75.5517 75.4983 75.8327 75.5398 75.9855 75.4667 75.9423 75.4893
73.5938 73.8943 73.922 73.929 75.0056 76.4122 76.0353 75.8344 76.0282 75.9341 75.8293 75.9639 76.1875 77.1875 72.2672 74.5516 73.0741 74.9319 72.4895 72.3017 73.5757 73.4288 72.4913 72.4684 72.0983 71.5731 73.9337 72.465 74.1968 72.445
82.8043 82.8286 82.7131 82.7069 83.2655 83.3159 83.2508 83.3885 83.3837 83.3173 83.4101 83.343 83.7816 85.1347 82.5539 83.4328 82.3746 82.7511 81.8157 82.2824 82.8527 82.8224 82.234 82.8125 81.9019 82.3691 82.976 82.4529 83.6591 82.4048
104.156 104.13 104.482 104.558 103.673 102.276 103.254 103.12 103.608 101.73 103.439 102.179 105.921 106.248 103.735 106.74 103.103 106.648 104.674 104.239 106.183 106.978 103.252 105.711 101.693 104.512 106.486 103.562 104.738 103.598
66.1648 65.9512 65.6491 65.6847 66.8471 66.5144 66.5232 66.0555 66.2523 66.151 66.4406 66.5842 66.9582 66.7902 65.0376 65.1744 64.9173 66.5586 64.8944 64.987 65.2452 66.139 64.8252 65.5029 65.135 64.8757 65.262 65.2473 65.3065 65.1952
141.915 141.891 141.824 141.798 142.809 142.336 142.519 142.598 142.598 142.688 142.616 142.443 143.468 143.61 141.571 143.46 142.164 144.189 142.292 142.063 143.716 144.052 142.184 142.466 141.801 142.678 143.122 141.331 143.175 141.447
5.63425 5.68723 5.73567 5.74099 6.18439 6.11382 5.98877 6.10218 6.02452 6.001 6.15866 6.35949 5.87086 5.72985 5.5873 5.63859 5.46015 6.20503 5.51503 5.59942 5.65957 5.6339 5.37547 4.93871 5.37857 5.54451 5.62023 5.58927 5.70339 5.58006
4.28791 4.27201 4.27944 4.27613 4.35777 4.16331 4.14301 4.32662 4.30102 4.32815 4.36533 4.38998 4.35482 4.39856 4.45569 4.70883 4.50661 4.38145 4.41392 4.47559 4.32581 4.38438 4.47355 4.41409 4.42463 4.53585 4.43706 4.67976 4.49197 4.63571
4.49167 4.47478 4.46835 4.46611 4.48924 4.49743 4.5344 4.5196 4.50032 4.49574 4.44483 4.45574 4.612 4.54166 4.64983 4.68366 4.63845 4.57615 4.59516 4.6541 4.63608 4.71891 4.64214 4.58524 4.64399 4.59399 4.67003 4.66791 4.67 4.68421
4.52135 4.49248 4.42902 4.43365 4.43667 4.46864 4.51075 4.4267 4.41181 4.40718 4.36145 4.40288 4.66843 4.39288 4.44815 4.44373 4.44706 4.48461 4.41678 4.42962 4.43724 4.63448 4.45474 4.42614 4.4605 4.44833 4.54752 4.45923 4.47382 4.46006
5.5188 5.5012 5.47817 5.50277 5.40352 5.39385 5.51539 5.3976 5.48748 5.5596 5.56019 5.23555 5.71657 6.00349 5.1943 5.80716 5.59812 5.72825 5.63063 5.59164 5.7531 5.78554 5.61193 6.01953 5.40056 5.68761 5.8561 5.48213 5.99198 5.52648
4.29397 4.2986 4.32908 4.33394 4.40539 4.38893 4.40196 4.42368 4.34839 4.35335 4.34246 4.39732 4.69364 4.77434 4.59577 4.59975 4.56345 4.61874 4.58903 4.49812 4.2455 4.16874 4.70317 4.46012 4.59883 4.49298 4.78904 4.59952 4.60391 4.57665
4.31728 4.27796 4.22615 4.22417 4.26014 4.22426 4.26191 4.27775 4.23405 4.22205 4.19155 4.21554 4.5214 4.1627 4.36116 4.40058 4.33595 4.45362 4.31266 4.35268 4.3193 4.51875 4.32686 4.32763 4.35192 4.33908 4.40076 4.37287 4.36992 4.37579
7.82026 7.81988 7.82545 7.85664 7.82034 7.76069 7.84872 7.80975 7.81787 7.83186 7.79765 7.75544 7.7813 7.71193 7.69344 7.79283 7.84097 7.85894 7.86231 7.87104 7.8346 7.83989 7.85302 7.90655 7.8175 7.92435 7.91744 7.7389 7.83833 7.74081
90.1309 90.5518 90.9415 91.2052 90.4854 91.8397 91.3895 90.7802 90.9572 90.981 91.1364 91.0047 92.2911 92.3381 92.0393 92.506 92.2149 92.2226 92.4217 92.5741 92.2278 93.4379 92.1732 92.1147 91.4003 92.0469 92.1869 92.3974 91.9372 92.265
75.668 75.6419 75.8554 75.7264 75.7084 75.6635 75.7246 75.6842 75.6622 75.6856 75.6263 75.5625 75.3795 75.1075 75.493 75.635 76.245 75.1782 75.9449 75.5653 75.4908 75.014 75.3969 75.848 75.8041 75.4508 74.9808 75.2336 75.6659 75.349
75.4501 75.6304 75.3119 75.6531 75.7047 74.8936 75.2223 75.1879 75.1518 75.4393 75.2858 75.1365 73.6178 73.7072 74.3256 75.9032 74.4443 74.7761 72.929 72.7788 73.2841 74.2731 73.6768 74.7302 74.5121 73.8451 73.9403 74.2012 73.4123 74.0951
84.2252 84.0913 83.959 83.9989 84.1986 83.6732 83.6867 83.7816 84.0246 84.1176 83.8349 84.0278 83.6719 83.626 82.946 83.7281 83.0023 83.589 82.6231 82.6511 83.0338 83.3075 83.0317 83.6618 82.9677 83.3728 83.0925 82.7133 83.0842 82.8099
66.1522 65.8304 65.6843 65.7053 66.431 66.2996 66.2107 66.0657 66.0769 65.7926 66.1091 65.4988 66.1961 66.0375 66.0958 67.9939 66.3516 66.0795 66.2082 66.2415 65.8789 66.7434 65.8488 66.07 65.3174 66.1996 65.9315 66.9502 66.8487 66.6509
142.418 141.982 139.927 139.782 139.635 139.584 139.501 139.565 139.553 139.476 139.825 139.311 137.718 139.652 137.918 140.495 138.167 138.438 137.596 137.881 138.553 137.457 137.541 138.207 137.224 138.137 136.442 136.884 137.904 136.842
5.82092 5.81128 5.832 5.81888 5.95447 5.84843 5.82171 5.94389 5.88425 5.84285 5.96829 5.86441 5.89101 5.80541 5.954 5.91099 5.96018 5.88323 5.93872 5.93888 5.89732 5.90887 5.91278 5.84684 5.92946 5.91815 5.83311 5.93205 5.93137 5.9383
4.70087 4.66701 4.58839 4.58929 4.28202 4.45567 4.42605 4.3245 4.31363 4.32947 4.30917 4.4686 4.58442 4.59719 4.5926 4.76962 4.57492 4.66276 4.58465 4.56115 4.55398 4.64466 4.62531 4.58165 4.5811 4.62635 4.55051 4.64756 4.50719 4.62914
4.56458 4.5759 4.56547 4.57503 4.59222 4.55958 4.58137 4.57381 4.57716 4.54761 4.58644 4.57059 4.47879 4.37042 4.5228 4.64065 4.5232 4.55715 4.47184 4.53141 4.53084 4.55652 4.52487 4.48845 4.50919 4.53299 4.53538 4.55833 4.51122 4.55972
4.52784 4.53069 4.57996 4.55797 4.43273 4.51035 4.44627 4.4368 4.45873 4.4759 4.48401 4.51127 4.61798 4.54284 4.57638 4.56449 4.59359 4.57959 4.59313 4.57816 4.61997 4.55653 4.56071 4.52963 4.58381 4.5465 4.54139 4.57055 4.57158 4.57287
4.3005 4.29031 4.32599 4.3121 4.31852 4.12174 4.03981 4.37223 4.35638 4.24827 4.33438 3.94168 4.59494 4.62869 4.7309 4.75599 4.67948 4.63981 4.79887 4.77907 4.71209 4.6267 4.59446 4.79316 4.44023 4.72015 4.77759 4.89012 4.68108 4.80891
4.55639 4.53405 4.36061 4.35124 4.35574 4.34857 4.33218 4.41823 4.35336 4.37881 4.46004 4.3117 4.50199 4.24953 4.74788 4.43517 4.34724 4.66475 4.58112 4.59759 4.49191 4.46789 4.371 4.89166 4.39686 4.41122 4.40482 4.39084 4.60948 4.39568
7.8858 7.86056 7.79966 7.76005 7.51699 7.69487 7.65754 7.58393 7.53524 7.51446 7.57808 7.57772 7.98621 8.17627 8.25759 8.00355 7.72533 8.07205 7.80147 7.86333 7.7704 7.8478 7.74309 8.23118 7.70152 7.85464 7.78854 7.81643 7.6302 7.84509
93.6683 93.6875 93.5265 93.6786 92.8929 93.2907 93.663 92.8944 93.0883 92.8964 93.0957 93.2115 93.2593 93.1156 92.4452 93.191 88.6566 93.3054 92.7298 93.0599 92.929 92.997 93.007 92.9905 91.6474 92.8747 92.7113 93.0447 91.9684 92.9447
75.9802 75.549 76.0004 75.7217 75.7569 75.568 75.4797 75.7883 75.7647 75.5702 75.4732 75.886 75.6439 75.9241 75.7794 75.6987 75.6998 75.7351 76.0576 75.6351 75.8409 75.7617 75.42 75.778 76.2181 75.7024 75.5467 75.3793 75.8436 75.4893
72.1838 72.3788 72.1411 72.3395 72.4616 72.9946 73.6955 72.2111 73.1562 72.9545 73.0719 72.6544 73.1577 71.2947 73.314 73.7696 75.8524 72.4806 71.9499 72.154 72.1327 72.7871 72.503 73.1374 74.5797 72.947 73.2145 72.8078 73.6408 72.717
82.6901 82.6866 82.7606 82.6904 83.1131 83.3753 83.5589 83.1565 83.1639 83.4801 83.0545 83.1663 83.2666 81.7095 82.8621 83.2289 83.6372 82.5382 82.9213 82.4966 82.6154 83.0801 82.8289 83.4995 83.0173 82.9289 82.9214 82.7672 83.6588 82.8549
104.268 104.268 103.595 103.504 104.247 103.849 103.816 103.869 103.87 104.272 104.022 103.792 103.636 103.452 103.832 104.388 106.348 103.561 103.284 104.207 102.783 104.035 103.696 102.569 105.69 103.931 103.764 103.941 106.719 103.894
65.3539 65.4377 65.3351 65.3992 64.9307 64.9284 64.8344 64.8904 65.0986 64.9368 65.0467 65.0428 64.809 64.7872 64.9576 65.7209 66.1755 65.0844 65.0794 65.0959 64.8289 65.1081 64.869 65.3403 65.3484 65.1951 64.8268 65.0095 66.9601 65.0066
142.19 141.871 141.868 141.472 142.808 141.705 141.755 142.942 142.69 142.608 142.942 142.539 141.907 142.224 142.294 142.247 144.542 141.471 141.954 142.436 141.522 141.417 141.226 141.597 143.567 141.936 140.936 141.573 143.618 141.523
5.70153 5.70883 5.69219 5.70747 5.68146 5.70806 5.6889 5.67161 5.67676 5.6557 5.6794 5.66094 5.65571 5.61556 5.6797 5.09696 6.20109 5.69116 5.66803 5.59887 5.57892 5.62065 5.67093 5.63171 5.66157 5.62831 5.48868 5.65487 5.67393 5.66032
4.60719 4.71018 4.5964 4.62976 4.29138 4.36278 4.36286 4.27352 4.29651 4.29806 4.3474 4.38124 4.54161 4.57344 4.45261 4.58108 4.44412 4.49483 4.41329 4.5294 4.41093 4.5095 4.6479 4.52531 4.39038 4.55897 4.43578 4.63114 4.44514 4.61242
4.5578 4.62293 4.5576 4.62815 4.52576 4.52015 4.52774 4.53359 4.49901 4.5261 4.51798 4.52618 4.6479 4.62189 4.6696 4.59276 4.65452 4.69813 4.6975 4.64151 4.62889 4.6909 4.68062 4.66877 4.6767 4.66068 4.64719 4.70796 4.80737 4.7126
4.43457 4.43389 4.43338 4.42995 4.4543 4.50646 4.54804 4.42969 4.43191 4.39851 4.46207 4.42233 4.41134 4.57086 4.45964 4.20669 4.54152 4.47178 4.48761 4.4716 4.48551 4.49091 4.48674 4.56905 4.52621 4.49132 4.43968 4.49349 4.51055 4.48325
5.34188 5.30149 5.3605 5.23273 5.54472 5.28575 5.43685 5.49671 5.3699 5.49842 5.51964 5.3624 5.13453 5.27585 5.62333 5.76166 5.92127 5.25361 5.02708 5.42563 5.24689 5.37671 5.17409 5.46993 5.82216 5.21815 5.41038 5.3535 5.86493 5.2952
4.16135 4.29267 4.16948 4.31415 4.11307 3.90569 4.00726 3.98748 4.064 3.97773 4.08959 4.00538 4.62301 4.60042 4.67348 4.71108 4.6116 4.62447 4.68441 4.42202 4.62682 4.64184 4.62196 4.49576 4.61663 4.44274 4.60081 4.61522 4.58417 4.62038
4.30131 4.30823 4.29251 4.31574 4.25821 4.24708 4.28491 4.26768 4.30738 4.27346 4.27447 4.26628 4.33753 4.42232 4.39303 4.33772 4.38029 4.38154 4.35745 4.32645 4.29594 4.36011 4.36966 4.14436 4.34418 4.34086 4.34222 4.39076 4.47221 4.3897
7.77516 7.83827 7.74504 7.78286 7.85013 7.70262 7.73331 7.87432 7.83519 7.81969 7.84263 7.84121 7.73016 7.89896 7.88579 7.78443 7.79222 7.74386 7.63955 7.72896 7.7464 7.60353 7.60082 7.75076 7.79015 7.62424 7.6585 7.65792 7.69389 7.63511
92.3722 92.8804 92.4173 92.5652 92.1511 92.3347 92.2618 92.1419 92.101 92.153 92.0396 92.0826 92.6292 91.9304 91.8845 92.1748 92.3266 92.0228 92.1162 91.9622 91.7376 91.9017 92.1394 92.1886 91.6639 91.8436 91.7169 91.98 91.8488 92.1875
76.0241 75.8673 76.0526 75.9476 75.7591 75.6998 75.7891 75.647 75.7191 75.4736 75.9046 75.7219 75.5878 75.8372 75.7031 75.8217 75.6065 75.7253 75.6936 75.6401 75.9907 75.6403 75.7375 75.4791 75.73 75.7351 75.7572 75.6731 75.6746 75.6189
73.9396 73.7455 73.9454 73.959 73.066 73.3232 73.8965 73.4806 73.5546 74.0117 73.7056 73.3761 73.4926 74.2635 73.8505 74.104 74.9508 73.9778 73.6213 73.4342 73.9864 73.8577 73.6127 72.8664 74.235 73.9334 74.143 73.9789 74.428 73.4351
82.6422 82.4453 82.5904 82.7382 82.2687 82.5105 82.5273 82.4825 82.4991 82.2872 82.6607 82.7719 82.188 82.8649 82.9359 82.8136 82.9708 82.6854 82.0764 82.7701 82.9472 82.5871 82.4039 82.1741 83.0088 82.7531 83.014 82.5296 83.2633 82.3185
136.76 136.606 136.666 137.396 136.498 136.561 136.874 136.491 136.806 137.152 136.797 137.076 137.832 137.901 137.909 138.544 138.602 137.381 137.633 137.329 137.369 136.666 136.845 136.066 138.503 137.045 137.701 136.982 138.355 136.658
5.86188 5.86886 5.87237 5.86046 5.81935 5.79738 5.79539 5.79311 5.79238 5.82416 5.78604 5.79939 6.04837 6.00664 5.9342 5.97171 5.97149 5.94787 6.11978 5.95727 5.95451 5.99694 5.97912 6.01724 5.9339 5.97058 5.93866 5.95017 5.8795 5.97507
4.66072 4.69472 4.67079 4.67631 4.34506 4.35467 4.34324 4.35745 4.36598 4.5997 4.33082 4.38766 4.71555 4.7719 4.72055 4.74671 4.90826 4.73834 4.69276 4.71292 4.6641 4.72664 4.69775 4.74523 4.72338 4.69025 4.71917 4.61867 4.61481 4.7296
4.61892 4.61384 4.6178 4.60255 4.50758 4.55857 4.58257 4.5215 4.53014 4.57828 4.54649 4.51616 4.61877 4.63772 4.58881 4.64979 4.71158 4.64436 4.59314 4.59268 4.60729 4.61318 4.61594 4.59283 4.61203 4.6578 4.67054 4.64735 4.62849 4.62277
4.5515 4.55923 4.55025 4.55232 4.54441 4.5102 4.5124 4.50159 4.56153 4.50194 4.51655 4.48929 4.59277 4.56763 4.55449 4.56315 4.58326 4.56656 4.65116 4.56994 4.55402 4.56928 4.58151 4.58215 4.58516 4.56751 4.54409 4.58579 4.58778 4.5837
7.56699 7.63983 7.57218 7.75078 7.69103 7.5667 7.576 7.64356 7.67112 7.72955 7.66762 7.64057 7.92957 8.10974 7.92206 8.01935 8.02682 7.68394 7.80126 7.65296 7.67364 7.71946 7.80835 7.61933 8.08631 7.68583 7.76116 7.80969 7.84165 7.80454
92.9048 93.075 92.9127 93.0774 92.8572 92.7209 93.0152 92.9055 93.0294 92.8459 92.8687 92.8069 92.7616 93.1742 92.9655 92.8012 93.1423 93.0396 92.7249 92.8399 92.5678 92.8478 92.9231 92.9681 92.9026 92.7127 92.6033 92.5222 92.8116 92.803
75.2692 75.0214 75.321 75.2349 75.6648 75.7147 75.5167 75.5154 75.5551 75.542 75.7008 75.5868 75.2466 75.4756 75.4331 75.1402 75.2525 75.2917 75.429 75.35 75.35 75.2608 75.4698 75.7089 75.3907 75.3566 75.2702 75.2333 75.4771 75.2446
73.0071 73.1319 73.218 72.8671 73.1011 72.1556 72.5942 72.6056 72.913 72.2782 72.317 73.214 73.0586 72.7993 72.8192 72.7875 71.8869 72.867 73.0866 72.5482 73.3112 72.8265 73.1512 73.1491 72.735 73.1857 73.0541 73.2769 73.3437 72.862
82.3719 82.2812 82.4428 82.2683 82.3167 82.1024 82.1792 82.121 82.1366 82.074 82.1866 82.2492 82.3174 82.0281 82.26 82.1741 81.6178 82.1877 82.2561 82.2376 82.5331 82.2565 82.3022 82.1021 82.3726 82.3998 82.4549 82.5702 82.7027 82.2509
137.024 137.205 137.238 137.092 136.288 136.068 136.521 136.143 136.362 136.338 136.148 136.635 136.03 137.219 136.255 136.223 136.93 136.035 136.314 136.073 136.149 136.07 136.435 136.708 136.094 136.124 136.329 136.75 137.304 136.022
5.736 5.74178 5.75389 5.74913 5.73659 5.70833 5.68157 5.68387 5.6983 5.71781 5.69685 5.71486 5.90075 5.91276 5.89559 5.88666 5.87849 5.90849 5.89794 5.87673 5.90653 5.8884 5.90363 5.89153 5.89063 5.89033 5.89076 5.87387 5.8739 5.87964
4.57362 4.53854 4.58793 4.58826 4.26938 4.2537 4.24975 4.25066 4.25753 4.30209 4.24184 4.26839 4.61189 4.63294 4.58605 4.63114 4.60784 4.62163 4.57328 4.59958 4.58815 4.62255 4.58939 4.5594 4.58558 4.54979 4.60324 4.57861 4.55629 4.58436
4.57438 4.59361 4.57613 4.56079 4.58953 4.51188 4.49738 4.51031 4.51383 4.5491 4.47376 4.54637 4.60392 4.59239 4.58952 4.60373 4.61384 4.62017 4.60406 4.54726 4.59601 4.58888 4.60357 4.61792 4.57316 4.58974 4.60928 4.59537 4.58848 4.6041
4.51573 4.51051 4.51677 4.51522 4.47065 4.4739 4.4373 4.47851 4.47063 4.49436 4.47125 4.46722 4.53905 4.55121 4.52476 4.51772 4.57849 4.53222 4.54581 4.54228 4.529 4.53124 4.52675 4.51999 4.53537 4.53818 4.53481 4.53368 4.54444 4.53519
7.40917 7.40373 7.3838 7.43648 7.32728 7.56786 7.51583 7.37938 7.45594 7.4761 7.47033 7.38754 7.3928 7.964 7.48168 7.4007 8.38464 7.40087 7.439 7.48186 7.35981 7.45721 7.45844 7.54387 7.45736 7.45142 7.40841 7.62196 7.80357 7.50144
93.8166 93.6736 93.9126 93.7699 93.7 93.8002 93.5839 93.8551 93.7531 93.8113 93.4403 93.7131 93.6475 93.6419 93.769 93.482 93.8366 93.7665 93.6121 93.7434 93.3022 93.6847 93.7351 93.457 93.7054 93.3595 93.7333 93.4497 93.0976 93.565
75.6694 75.7054 75.76 75.7952 75.389 75.3435 75.2857 75.6374 75.4533 75.4802 75.5213 75.4772 75.6734 75.8809 75.6644 75.8601 75.5591 75.7523 75.5533 75.6684 75.6917 75.8099 75.637 75.8998 75.6384 75.6 75.4898 75.6248 75.7411 75.5557
72.1764 72.2358 72.1016 71.8499 72.4107 72.5251 72.9326 72.4564 72.5286 72.7961 72.5471 72.5063 72.0894 71.0846 72.288 71.8426 72.1178 72.0115 72.164 72.17 71.9809 71.9114 72.0863 71.9406 72.0767 71.9081 72.0794 72.1272 72.5654 72.0814
82.3875 82.4746 82.2399 82.4188 82.3799 82.3545 82.3834 82.1728 82.2035 82.4524 82.2552 82.2738 82.4709 82.2821 82.4866 82.5643 82.4704 82.3601 82.5294 82.391 82.6221 82.3953 82.3199 82.5409 82.483 82.6924 82.4821 82.6873 82.6814 82.5521
96.7131 96.2682 96.965 95.9586 98.4158 97.5502 97.726 98.5253 98.046 97.6652 98.3507 98.2981 96.3379 96.2886 96.8656 97.7617 96.3597 96.2887 96.8309 96.4062 95.8789 96.1307 97.0386 99.282 96.2572 96.1656 96.2901 96.3563 97.1253 96.3158
140.789 140.719 140.873 140.804 140.602 140.464 140.469 140.511 140.516 140.608 140.706 140.333 140.754 140.912 141.021 141.253 140.636 140.781 140.838 140.793 140.848 140.745 140.755 141.338 140.788 140.731 140.751 140.866 141.058 140.707
5.57221 5.55375 5.59208 5.57443 5.56226 5.4228 5.44214 5.52104 5.55718 5.5272 5.44069 5.52651 5.59933 5.63046 5.63378 5.58858 5.59168 5.60453 5.58675 5.58881 5.58129 5.59696 5.5993 5.57034 5.57918 5.56424 5.59213 5.57757 5.61186 5.56816
4.4724 4.51854 4.45711 4.45881 4.41209 4.33475 4.44603 4.41882 4.36975 4.41956 4.43683 4.37242 4.45758 4.49636 4.38133 4.48908 4.46768 4.46845 4.44395 4.44854 4.45752 4.45118 4.45811 4.44301 4.45991 4.44772 4.47477 4.46802 4.38349 4.45255
4.49518 4.49601 4.5014 4.50365 4.46229 4.44328 4.48141 4.43647 4.45437 4.46493 4.45393 4.44266 4.52394 4.52699 4.53003 4.50586 4.51422 4.52506 4.53197 4.52504 4.51858 4.52647 4.52126 4.47721 4.52166 4.51195 4.51797 4.51624 4.5512 4.51451
4.33622 4.3367 4.336 4.33321 4.32397 4.28662 4.24801 4.32305 4.31211 4.29166 4.26597 4.32673 4.37389 4.3637 4.37795 4.33069 4.36826 4.37187 4.37974 4.36356 4.37321 4.36584 4.37754 4.31068 4.37137 4.37592 4.3767 4.37324 4.38531 4.37189
5.3134 5.23541 5.35299 5.27059 5.37946 5.41407 5.43762 5.45786 5.39751 5.32698 5.45691 5.41087 4.97053 5.09401 5.11391 5.13378 5.11913 5.09207 5.06961 5.1072 4.90841 5.09669 5.15854 5.48061 5.1115 5.01033 5.06185 5.01231 4.97898 5.08856
7.56616 7.53636 7.56808 7.56781 7.52488 7.52461 7.56264 7.56665 7.5723 7.53709 7.54809 7.55684 7.55924 7.52768 7.60054 7.56753 7.54465 7.5653 7.57986 7.58321 7.54425 7.56755 7.59983 7.58633 7.57838 7.57456 7.59276 7.58484 7.51955 7.5817
93.2221 93.3296 93.0216 93.0618 93.4205 93.1401 93.4633 93.2679 93.3846 93.3156 93.2304 93.0398 93.0204 92.7553 92.9824 92.6527 93.1368 92.9103 92.952 92.8278 92.9186 92.7954 92.878 92.6996 92.8848 92.8708 93.1929 93.0931 92.4826 92.8715
154.017 153.996 153.927 153.897 153.801 153.822 153.857 153.776 153.889 153.807 153.427 153.593 153.726 153.765 153.369 153.659 153.968 153.783 153.708 153.818 153.941 153.882 153.95 153.936 153.806 153.743 153.487 153.745 153.985 153.928
75.7323 75.5696 75.6937 75.7629 75.5789 75.4884 75.5828 75.6273 75.769 75.6171 75.6384 75.8193 75.7546 75.4971 75.7919 75.6217 75.3414 75.5571 75.6396 75.5996 75.7007 75.6122 75.77 75.5256 75.4862 75.4751 75.6116 75.6309 75.7016 75.5124
73.1704 73.0639 73.207 73.2611 72.8253 72.7436 73.2513 73.3525 72.5591 73.438 72.7902 72.8949 72.8591 72.8641 72.772 73.0583 72.6352 72.8949 72.7039 72.6724 72.8431 72.8281 72.7953 72.7602 72.9392 72.915 72.7491 72.8102 72.9893 72.8091
82.2444 82.072 82.3591 82.3978 82.1684 82.3387 82.4229 82.3398 82.1392 82.5093 82.2384 82.2833 82.3031 82.5554 81.9092 82.4432 82.1683 82.3498 82.2225 82.3626 82.385 82.5023 82.1756 82.2689 82.4176 82.435 82.0784 82.2679 82.5687 82.2562
65.5071 65.5952 65.4573 65.4789 65.2941 65.4769 65.6215 65.5448 65.6321 65.5052 65.3616 65.3036 65.3977 65.3135 65.3952 65.2391 65.485 65.3737 65.4423 65.3243 65.334 65.3762 65.3513 65.1954 65.4525 65.4891 65.4206 65.4123 65.5255 65.4345
138.879 138.554 139.091 139.031 139.371 139.758 139.485 140.007 139.513 140.093 140.064 139.91 139.459 137.897 138.547 139.06 139.036 139.285 139.164 139.446 139.485 139.165 139.634 138.972 139.199 139.241 138.553 139.169 139.486 139.254
5.99969 5.98697 5.99409 6.01094 5.91406 5.8944 5.90451 5.96399 5.92989 5.93946 5.98453 5.97208 6.44662 6.49 6.43622 6.46362 6.42282 6.43937 6.42182 6.43146 6.42843 6.44893 6.42055 6.44897 6.42852 6.42136 6.46307 6.44301 6.46497 6.41626
7.59439 7.58923 7.67704 7.69452 7.51352 7.40791 7.52648 7.41945 7.48066 7.46794 7.41226 7.40279 7.06119 6.93236 6.97803 6.93564 6.98334 7.03562 7.05046 7.08267 7.07021 7.09145 7.09744 6.95994 7.04578 7.06969 6.90588 7.01688 7.05997 7.06422
4.50292 4.50663 4.52417 4.47645 4.22773 4.20246 4.18956 4.22432 4.19545 4.19961 4.21916 4.19594 4.62746 4.58553 4.58304 4.60771 4.71788 4.64473 4.6675 4.65299 4.64502 4.61443 4.67853 4.67036 4.63112 4.65104 4.57637 4.63704 4.55336 4.68724
4.65887 4.65059 4.66071 4.64349 4.6246 4.6499 4.64855 4.61981 4.59349 4.62319 4.61228 4.60261 4.81651 4.77697 4.76751 4.79397 4.8088 4.81655 4.83108 4.81032 4.80986 4.79312 4.814 4.78331 4.8206 4.82638 4.82484 4.8036 4.74078 4.82264
4.51267 4.51216 4.51153 4.51183 4.49058 4.50405 4.46816 4.50908 4.48567 4.48505 4.49834 4.48032 4.61262 4.60404 4.61013 4.61162 4.59988 4.60603 4.60369 4.6067 4.60391 4.60047 4.59659 4.6028 4.60658 4.59954 4.61789 4.60802 4.60632 4.60235
4.46111 4.40769 4.46498 4.50537 4.52902 4.55474 4.46044 4.50528 4.48705 4.50608 4.46379 4.4963 4.66634 4.85277 4.79422 4.81741 4.63723 4.71422 4.59852 4.72873 4.72665 4.75639 4.66254 4.84888 4.7284 4.68915 4.62103 4.65374 4.8802 4.67188
4.27881 4.28009 4.27594 4.27637 4.23999 4.21493 4.24045 4.21922 4.2225 4.23488 4.23362 4.20919 4.46406 4.46082 4.43456 4.45847 4.46294 4.46153 4.45542 4.4613 4.4568 4.45633 4.46005 4.46276 4.45703 4.45422 4.46736 4.46238 4.4337 4.46068
7.89252 7.84786 7.88389 7.92643 8.10217 8.02542 8.14983 8.1601 8.09365 8.21691 8.09969 8.06393 7.95471 7.93549 7.8347 7.94012 7.94723 7.95681 7.89978 7.97177 7.99263 7.96425 7.97085 7.9133 7.98624 8.0122 7.88146 7.92152 8.00646 7.97589
93.9029 93.9144 93.8332 93.866 94.2072 94.2778 93.941 94.1314 94.0854 94.2739 94.1643 94.198 94.028 94.0092 94.1733 93.9677 93.9748 94.0018 93.9765 94.0264 94.132 93.9941 93.9786 93.8777 93.8873 93.8544 93.6259 94.1324 93.8141 93.843
75.0009 75.0911 74.8782 74.9173 75.0281 75.3446 75.2922 75.2001 74.8926 75.0054 75.0472 75.2127 75.3007 75.0361 75.1281 75.1236 75.311 75.1678 75.1618 75.0571 75.0806 75.0832 75.3435 75.5035 75.1196 75.2511 75.314 75.1806 75.2707 75.3442
72.7351 72.7254 72.7831 72.843 72.4942 72.7654 72.7746 72.8113 72.9272 72.3499 72.5227 72.3802 72.2281 72.1904 71.9734 72.5507 72.3942 72.1327 72.014 72.2363 72.2701 72.2282 72.0135 72.0802 72.325 71.8766 72.3819 72.2631 72.3117 72.3433
82.4648 82.474 82.5523 82.4482 82.6501 82.4875 82.5564 82.5919 82.4975 82.5454 82.6301 82.4645 82.6039 82.7805 82.4507 82.7572 82.7284 82.7234 82.6498 82.6272 82.4407 82.6877 82.5747 82.7246 82.7756 82.6927 82.8629 82.5946 82.7255 82.7126
98.1965 98.0699 98.122 98.3655 97.6444 97.8249 98.4291 98.0859 98.1332 97.9867 97.8844 97.5026 97.3489 96.3893 96.7223 97.4136 97.8531 96.817 96.7843 96.8139 97.3179 96.7282 98.8667 98.5159 96.8282 96.6754 96.7845 97.1704 96.9224 98.3852
140.63 140.522 140.678 140.681 140.655 141.017 140.909 140.657 141.056 140.642 140.716 140.855 140.508 140.407 140.717 140.548 140.989 140.462 140.594 140.639 140.615 140.619 141.531 141.066 140.577 140.482 140.699 140.367 140.735 141.176
5.47153 5.4892 5.4551 5.48484 5.44998 5.46547 5.45929 5.47234 5.45891 5.47104 5.47467 5.44035 5.51466 5.50071 5.51285 5.52726 5.48966 5.5086 5.49427 5.49544 5.4792 5.50409 5.48335 5.52078 5.5066 5.50544 5.52146 5.49719 5.51605 5.49112
4.46404 4.45689 4.47701 4.46123 4.28176 4.2995 4.29863 4.31952 4.25554 4.26957 4.31696 4.29526 4.40092 4.3993 4.38001 4.36528 4.43114 4.38834 4.37147 4.37506 4.3833 4.37186 4.41829 4.46271 4.38024 4.35145 4.41431 4.40162 4.41928 4.42212
4.35174 4.35349 4.34829 4.3616 4.36976 4.36805 4.34713 4.35291 4.36612 4.34625 4.34571 4.39242 4.35593 4.37958 4.35858 4.37308 4.36597 4.36092 4.35509 4.36818 4.35541 4.377 4.36517 4.37914 4.37968 4.37531 4.38279 4.35856 4.37397 4.37255
4.36642 4.36148 4.36665 4.36316 4.3263 4.36544 4.33662 4.33836 4.33127 4.34334 4.33699 4.36866 4.41417 4.40164 4.40245 4.40287 4.38421 4.41104 4.41161 4.40313 4.40168 4.3959 4.37103 4.38827 4.40189 4.40612 4.41115 4.40273 4.40583 4.38837
5.26881 5.24236 5.29171 5.26864 5.40832 5.15991 5.46233 5.3829 5.31712 5.17282 5.23997 5.38866 5.16658 5.05786 5.10262 5.09575 5.17798 5.11181 5.11706 5.11053 5.25015 5.10656 5.41064 5.23249 5.0624 5.06239 4.94882 5.15815 5.00728 5.23422
7.44523 7.45389 7.44264 7.44314 7.54693 7.37682 7.53948 7.45836 7.48335 7.38506 7.46968 7.51908 7.39124 7.42442 7.42131 7.44278 7.48641 7.43256 7.42665 7.41399 7.41639 7.42765 7.55389 7.48893 7.4161 7.42496 7.43324 7.37711 7.39496 7.50486
93.7069 93.6288 93.6901 93.723 94.113 93.8171 93.8577 93.8296 94.0741 94.1171 93.8792 94.1436 93.9609 94.0013 93.7933 93.8405 94.119 94.0815 93.9538 93.9694 93.9601 93.8294 93.8406 93.7282 93.7797 93.894 93.7914 94.2226 94.0556 93.8098
74.9295 75.0123 74.8925 74.9533 75.5145 75.5516 75.8093 75.5476 75.4041 75.6542 75.737 75.4836 75.6793 75.4128 75.5889 75.597 75.6591 75.5942 75.4339 75.5023 75.4394 75.4283 75.5814 75.5843 75.4561 76.0359 75.4718 75.5569 75.6086 75.5129
105.846 105.776 105.523 105.644 103.91 104.344 104.043 104.352 103.874 103.88 104.144 103.81 103.011 102.864 103.075 102.986 103.266 103.061 103.218 103.148 103.374 103.181 103.842 103.743 103.447 103.046 103.152 103.098 103.07 103.671
141.994 142.055 141.974 142.013 141.788 142.002 142.006 141.989 142.009 141.878 142.079 141.839 141.956 141.882 141.969 141.84 141.964 141.889 141.924 141.886 141.906 141.904 141.998 142.171 141.925 141.779 141.99 141.96 142.044 141.961
5.5779 5.58689 5.57354 5.58332 5.58643 5.604 5.60943 5.58396 5.58092 5.57959 5.58117 5.5791 5.58871 5.58285 5.57985 5.57982 5.59366 5.57967 5.57077 5.58067 5.57581 5.56033 5.58727 5.59856 5.56186 5.55558 5.57544 5.59412 5.59995 5.57906
4.38095 4.38242 4.37268 4.39388 4.23481 4.28848 4.1981 4.20149 4.2182 4.19665 4.21192 4.24954 4.42421 4.41966 4.42822 4.43183 4.42051 4.39196 4.40245 4.42344 4.4086 4.43468 4.39497 4.40886 4.42147 4.32464 4.41279 4.394 4.41242 4.40345
5.4794 5.46605 5.46589 5.46504 5.48586 5.44941 5.44464 5.41345 5.47731 5.45006 5.44813 5.28106 5.35132 5.34103 5.33737 5.3631 5.39833 5.35955 5.35456 5.3648 5.3659 5.35895 5.41716 5.42444 5.37481 5.35526 5.35484 5.37024 5.37147 5.4071
7.89743 7.87811 7.92863 7.88548 7.89641 7.93455 7.87661 7.88381 7.92681 7.87477 7.86939 7.85788 7.8545 7.86767 7.87243 7.85853 7.86307 7.85531 7.8615 7.8636 7.86489 7.86191 7.86134 7.87682 7.86091 7.85331 7.84589 7.84042 7.85677 7.86713
93.6173 93.6083 93.5855 93.6038 93.6843 93.5903 93.6655 93.8199 93.9156 93.8678 93.6696 93.6776 93.8061 93.7535 93.5831 93.5433 94.0288 93.7342 93.5966 93.6925 93.641 93.708 93.6917 93.6761 93.6948 93.0867 93.6004 93.8199 93.7368 93.6589
76.1976 76.1467 76.1785 76.2051 75.9694 75.7964 75.9986 75.6418 75.5344 75.7239 75.5331 75.2939 75.8016 75.7418 75.7777 75.8575 75.7001 75.845 75.7686 75.7487 75.6734 75.7063 75.8353 75.6761 75.8068 75.7247 75.8598 75.827 75.7752 75.7492
72.2133 72.0902 72.1415 72.1589 72.3849 72.6755 72.4351 72.1151 72.5501 72.4198 72.5274 72.6299 72.1239 72.1666 72.2387 72.0332 71.7618 72.169 72.2082 72.1976 72.1044 72.0945 72.2129 72.2657 72.3078 72.3055 72.1052 72.0824 72.2384 72.1466
83.0556 82.994 83.0947 83.0866 82.7418 82.6107 82.4793 82.2922 82.4736 82.2687 82.2222 81.8614 82.3416 82.5194 82.5755 82.5456 82.2297 82.5534 82.5786 82.5511 82.5799 82.5245 82.5659 82.6321 82.5784 82.8029 82.5324 82.4788 82.61 82.5736
95.1844 95.8527 95.5315 95.6039 97.4246 97.4533 96.6752 97.687 97.5483 97.8212 97.9806 98.0679 97.2596 96.7216 96.7347 96.576 97.1978 96.9058 96.6632 96.7874 96.8219 96.7366 97.031 96.9975 96.8399 96.9984 96.8784 97.1529 96.9459 96.9596
65.3456 65.2319 65.191 65.2085 64.7323 64.8432 65.0444 65.3068 65.1604 65.0653 65.0143 65.4502 65.282 65.2107 65.1568 65.2925 65.4835 65.2158 65.1525 65.198 65.163 65.3027 65.0128 65.1849 65.1886 64.0691 65.1299 65.093 65.093 65.09
142.559 142.42 142.514 142.497 141.893 141.647 141.775 141.56 141.755 141.827 141.618 141.428 142.01 142.041 142.141 142.024 141.791 142.06 142.114 142.098 142.063 142.03 142.196 142.172 142.099 142.034 142.074 142.058 142.239 142.144
5.59849 5.60081 5.5973 5.60133 5.60054 5.59764 5.59182 5.58172 5.60798 5.58761 5.57571 5.6084 5.60339 5.60129 5.60389 5.59891 5.60198 5.60099 5.6025 5.59608 5.59911 5.59066 5.60289 5.60804 5.59488 5.63678 5.60599 5.6116 5.61574 5.59731
4.36273 4.37535 4.37701 4.36683 4.14343 4.12763 4.11171 4.1552 4.13447 4.13169 4.13125 4.25757 4.38613 4.42685 4.38592 4.40759 4.44005 4.37229 4.3916 4.39075 4.42578 4.39117 4.37961 4.39566 4.3696 4.40629 4.40685 4.38216 4.40053 4.40815
4.44777 4.44058 4.43934 4.44226 4.4425 4.47049 4.46674 4.44451 4.4582 4.45871 4.44891 4.44777 4.46161 4.45108 4.46065 4.45427 4.44609 4.46439 4.46595 4.45689 4.45339 4.45263 4.46216 4.45834 4.46238 4.45457 4.46353 4.45891 4.4583 4.44848
4.35054 4.35401 4.34974 4.35303 4.35975 4.37979 4.37893 4.38337 4.36552 4.38629 4.37088 4.39067 4.4271 4.4062 4.41282 4.41482 4.43001 4.41799 4.41609 4.41676 4.41378 4.42406 4.41724 4.41229 4.41665 4.42486 4.4208 4.43221 4.41476 4.41739
5.65234 5.68337 5.67289 5.66762 5.6643 5.61097 5.63413 5.63033 5.63784 5.62815 5.62777 5.7517 5.54846 5.56077 5.56534 5.5639 5.54763 5.56758 5.58238 5.56156 5.56738 5.56666 5.58606 5.56671 5.58266 5.5278 5.57393 5.58823 5.57671 5.5779
4.34479 4.38622 4.37173 4.35417 4.18923 4.27829 4.19946 4.52402 4.40365 4.33081 4.46639 4.54552 4.57327 4.51128 4.50594 4.52928 4.612 4.5284 4.48616 4.52107 4.50553 4.5486 4.48231 4.51668 4.52801 4.18292 4.50908 4.48002 4.46685 4.49341
4.16756 4.16364 4.16437 4.16409 4.13591 4.15425 4.14798 4.14489 4.13444 4.16463 4.16498 4.17363 4.50792 4.50767 4.50069 4.50158 4.52695 4.51307 4.50456 4.50383 4.50521 4.50195 4.50649 4.5061 4.50003 4.51828 4.50688 4.51814 4.50805 4.50107
7.94446 7.92545 7.93579 7.93388 7.90285 7.90885 7.95963 7.84666 7.86582 7.90175 7.83611 7.87846 7.90411 7.91833 7.92375 7.91454 7.90196 7.91899 7.92038 7.91541 7.9118 7.91033 7.9308 7.92765 7.90807 7.96954 7.9134 7.91531 7.92932 7.92504
93.2593 93.3514 93.417 93.2801 93.0227 93.0395 93.3328 93.3992 93.2772 93.0266 93.2749 92.8757 93.3142 93.4232 93.1895 93.3044 93.5497 93.2873 93.1732 93.2042 93.2476 93.2601 93.2539 93.2246 93.2147 93.303 93.3599 93.3184 93.2479 92.6419
77.0046 77.0278 77.0168 76.9964 77.1202 76.9248 76.9122 76.9226 77.0272 76.9404 76.9639 76.9904 77.0752 76.951 77.066 77.0956 76.8595 77.0122 77.1254 77.0289 77.0239 77.0193 76.9878 77.0184 77.0719 76.9941 77.0089 76.9786 77.0146 76.8777
70.1341 69.8087 69.8321 69.9586 70.1755 70.1234 69.7841 69.8028 69.6866 69.9202 69.8443 70.1799 69.4645 69.303 69.4762 69.4249 68.6432 69.5944 69.4475 69.6753 69.3888 69.4401 69.7377 69.6013 69.715 69.1381 69.3673 69.5374 69.6586 70.5764
82.0904 82.043 81.9705 82.1133 82.4298 82.498 82.1206 82.0998 82.1208 82.3072 82.3119 82.4899 81.8745 81.8892 82.0997 81.9666 81.7538 82.0049 82.036 82.0631 82.0969 82.0732 81.9696 82.136 82.0233 81.9569 81.895 81.9657 82.0272 81.9359
99.0076 98.6414 98.7653 98.8577 99.1833 99.2554 98.3789 98.6847 98.6246 99.0232 99.1919 100.016 98.0108 99.0053 97.9402 97.8363 98.7454 98.1475 97.9356 98.0161 98.1793 97.7242 98.2676 97.9179 98.3353 97.3956 97.8893 98.0252 98.1885 98.7814
141.776 141.716 141.735 141.74 141.503 141.851 141.777 141.574 141.483 141.747 141.687 141.856 141.737 141.928 141.767 141.696 141.695 141.716 141.699 141.762 141.865 141.729 141.827 141.786 141.741 141.67 141.675 141.773 141.788 142.107
5.64904 5.63239 5.62822 5.63806 5.61824 5.62108 5.61687 5.59209 5.60749 5.60838 5.5962 5.62529 5.64132 5.64091 5.64644 5.6376 5.6218 5.63736 5.6443 5.65092 5.64072 5.63736 5.65006 5.65763 5.64277 5.64167 5.64402 5.6492 5.65572 5.72146
4.18144 4.20639 4.20718 4.20546 4.09072 4.09541 4.11128 4.10158 4.10721 4.11043 4.078 4.09734 4.17997 4.30415 4.17881 4.18008 4.29642 4.16881 4.17087 4.17844 4.23157 4.18336 4.17028 4.1949 4.17017 4.19216 4.18718 4.19066 4.1847 4.15062
4.3136 4.30859 4.31028 4.31171 4.31068 4.30403 4.33973 4.29314 4.32496 4.31238 4.32372 4.32803 4.32175 4.29254 4.32238 4.31654 4.29011 4.32241 4.31965 4.32498 4.30121 4.32075 4.3265 4.32609 4.32157 4.32412 4.31904 4.32196 4.32273 4.31097
4.33609 4.33604 4.33539 4.33595 4.32167 4.33285 4.33165 4.32 4.33339 4.32264 4.31831 4.32941 4.38196 4.35784 4.38227 4.38762 4.3775 4.38141 4.38642 4.37962 4.37584 4.38336 4.37718 4.37873 4.38463 4.38875 4.39056 4.37989 4.38043 4.34602
5.61697 5.61298 5.62114 5.61601 5.59891 5.5732 5.51546 5.58083 5.5777 5.57343 5.57815 5.63672 5.49638 5.51634 5.49243 5.49729 5.51839 5.52395 5.50286 5.4929 5.51975 5.48916 5.51803 5.48338 5.52225 5.47615 5.50275 5.49859 5.50254 5.50734
7.72305 7.72878 7.72417 7.7232 7.76206 7.72667 7.778 7.7151 7.71179 7.7754 7.72652 7.73018 7.75382 7.75474 7.75417 7.75445 7.76525 7.75128 7.75635 7.75073 7.75683 7.75253 7.75741 7.74846 7.74577 7.76585 7.7519 7.75207 7.74583 7.73934
