137.611 137.898 137.417 137.92 138.863 138.038 138.467 138.258 138.281 138.156 138.104 138.366 138.25 138.129 138.624 138.377 138.857 138.945 138.887 138.424 138.461 138.719 138.601 138.699 139.039 139.408 138.433 139.158 138.391 138.786
12.6879 12.6861 12.7572 12.4196 12.5764 12.3037 12.4241 12.4692 12.1453 12.311 12.0626 12.3512 12.2658 11.9159 12.8787 12.3131 12.2534 12.2867 12.2411 12.2315 12.2633 12.2284 12.265 12.2655 12.2814 12.2862 12.2482 12.2602 12.2232 12.2458
5.72503 5.73697 5.72414 5.71505 5.71942 5.70634 5.7234 5.69543 5.70414 5.70036 5.711 5.68332 5.69628 5.71324 5.69249 5.87938 5.88762 5.90065 5.90173 5.87864 5.88715 5.89211 5.89803 5.90077 5.88203 5.88024 5.87822 5.8964 5.89897 5.88769
4.65968 4.67597 4.64509 4.36739 4.5166 4.48051 4.53468 4.40422 4.52077 4.61213 4.33153 4.47311 4.5692 4.30068 4.4464 4.66723 4.69248 4.728 4.62559 4.69215 4.70652 4.70014 4.7025 4.69764 4.64128 4.68745 4.70233 4.71735 4.61694 4.69022
4.55436 4.54477 4.55826 4.47977 4.49072 4.46406 4.50108 4.47842 4.49142 4.53025 4.45468 4.49199 4.4817 4.51084 4.43932 4.63848 4.61158 4.61424 4.64276 4.61404 4.6003 4.60433 4.61527 4.63968 4.61712 4.68354 4.6181 4.61383 4.57613 4.61237
4.4952 4.48898 4.49545 4.45702 4.46695 4.47179 4.48843 4.48189 4.4746 4.48222 4.47212 4.44604 4.44929 4.4279 4.38893 4.52141 4.5178 4.50877 4.53267 4.52995 4.5325 4.53102 4.53014 4.52292 4.52431 4.50887 4.53285 4.51984 4.52066 4.52424
4.24784 4.23696 4.26949 4.24527 4.23816 4.24336 4.23765 4.237 4.23996 4.23972 4.23706 4.22562 4.23269 4.27391 4.25438 4.71053 4.7053 4.70493 4.69785 4.70707 4.70129 4.70408 4.70941 4.69436 4.7064 4.69964 4.70896 4.70429 4.69684 4.70908
7.78217 7.73832 7.8 7.82471 7.78981 7.79558 7.76071 7.76547 7.87216 7.84965 7.84493 7.79165 7.73402 7.87137 7.79137 8.09646 8.03617 8.0293 8.07309 8.13593 8.10065 8.04657 8.0723 7.98841 8.00499 8.06825 8.16238 8.00597 7.931 8.05973
92.5333 92.5925 92.4486 92.4551 92.3819 92.4636 92.5387 92.4603 92.4337 92.4929 92.5556 92.3287 92.5891 92.2827 92.3406 92.1453 92.3259 92.18 92.373 92.2397 92.3243 92.3396 92.318 92.4227 92.1451 92.1547 92.3095 92.1086 92.4352 92.1692
137.097 137.108 137.198 136.756 136.337 136.49 136.194 136.342 136.069 135.868 136.33 136.374 136.004 136.275 136.472 136.384 136.496 136.296 137.208 136.305 136.453 136.393 136.749 137.346 136.972 136.884 136.337 136.654 136.953 136.526
12.9354 13.0201 12.843 12.403 12.6792 12.584 12.0545 12.2785 12.0402 12.1609 12.3128 12.1051 11.941 12.163 11.8632 12.2125 12.2506 12.2159 12.264 12.3411 12.2291 12.2098 12.2669 12.3158 12.2523 12.1842 12.2355 12.2903 12.2769 12.2499
5.6459 5.65458 5.64845 5.66629 5.6642 5.66394 5.67053 5.66274 5.66346 5.67911 5.68192 5.63724 5.67502 5.69382 5.65213 5.83483 5.86298 5.85788 5.84625 5.84348 5.8666 5.85412 5.8763 5.85525 5.85896 5.84939 5.83985 5.85603 5.8603 5.86904
4.55799 4.55558 4.57061 4.45344 4.44474 4.44504 4.31245 4.30456 4.44394 4.34989 4.41541 4.49101 4.41025 4.27103 4.27653 4.5529 4.628 4.65297 4.644 4.59949 4.60342 4.6546 4.66477 4.65691 4.677 4.66889 4.66559 4.64095 4.68206 4.6115
4.604 4.60732 4.60642 4.54219 4.53769 4.55881 4.55251 4.62647 4.59964 4.57903 4.60932 4.59958 4.67907 4.57434 4.55874 4.64237 4.6323 4.57296 4.58649 4.66103 4.62741 4.61683 4.65587 4.65986 4.65316 4.63627 4.64748 4.65674 4.61027 4.62338
4.4704 4.47565 4.47183 4.44042 4.43283 4.4233 4.47415 4.46706 4.46738 4.45344 4.47121 4.49039 4.46407 4.48169 4.44303 4.49321 4.48754 4.50213 4.49072 4.49133 4.49391 4.49976 4.48723 4.50556 4.4923 4.49334 4.49282 4.51038 4.47947 4.48875
4.41813 4.41403 4.41684 4.36713 4.36559 4.3755 4.36578 4.35753 4.36695 4.38601 4.35456 4.35249 4.36774 4.39591 4.3262 4.6278 4.64774 4.64775 4.56463 4.64688 4.63329 4.64421 4.67007 4.5291 4.68344 4.6773 4.64866 4.67101 4.67345 4.65184
7.49531 7.53525 7.51409 7.43364 7.4016 7.38078 7.34132 7.35607 7.26974 7.35701 7.4151 7.35589 7.28954 7.38265 7.39236 7.51997 7.4505 7.42734 7.73157 7.46082 7.44389 7.44679 7.39787 7.62452 7.53638 7.49059 7.42954 7.46737 7.54905 7.43785
93.0068 92.777 92.9453 92.7346 92.8665 92.9408 93.205 93.1195 93.0759 92.8914 92.9873 92.938 92.916 92.9293 92.4935 92.3999 92.8668 92.9609 92.8662 92.5982 92.6851 92.894 92.7916 92.5456 92.8591 92.8854 92.8986 92.7159 93.0515 92.4879
153.842 153.768 153.809 154.399 154.248 154.195 154.353 154.233 154.192 154.167 154.351 154.127 153.841 154.256 154.67 154.423 154.267 154.313 154.34 154.376 154.355 154.345 154.27 154.25 154.229 154.128 154.312 154.359 154.154 154.405
140.55 140.636 140.367 139.824 139.713 139.666 139.431 139.274 139.235 138.751 139.768 139.573 138.91 138.68 140.097 139.577 139.527 139.429 139.376 139.403 139.543 139.322 139.516 139.186 139.501 139.272 139.362 139.656 139.25 139.551
5.94455 5.93536 5.94303 5.9567 5.95664 5.93776 5.96499 5.87116 5.96422 5.97976 5.9044 5.89438 5.9031 5.89511 5.87151 6.44363 6.46289 6.42509 6.44583 6.42911 6.46115 6.43432 6.44762 6.44014 6.4567 6.44805 6.43493 6.43874 6.45248 6.46961
7.85524 7.91947 7.8541 8.00773 7.93942 7.98733 8.185 8.02381 8.18827 8.21158 8.18594 8.22914 8.17857 7.99108 7.94239 7.32327 7.37966 7.36558 7.39399 7.31701 7.35826 7.29592 7.34675 7.43014 7.33307 7.33376 7.34201 7.38565 7.29878 7.30095
4.54842 4.53594 4.53597 4.1688 4.17386 4.28659 4.3713 4.19596 4.2101 4.38975 4.22931 4.46719 4.61741 4.18271 4.39488 4.57027 4.56903 4.67184 4.61652 4.61395 4.59798 4.67341 4.64817 4.64588 4.64785 4.61407 4.66291 4.65231 4.68274 4.63151
4.71857 4.70651 4.71323 4.65902 4.64779 4.64464 4.57257 4.59682 4.58558 4.53426 4.60795 4.59872 4.57153 4.60134 4.63406 4.82249 4.79639 4.82656 4.80271 4.83707 4.79229 4.83242 4.81149 4.81387 4.82588 4.84326 4.83556 4.83793 4.81196 4.77655
4.50747 4.50556 4.50605 4.50369 4.48266 4.47673 4.49983 4.48371 4.44178 4.51717 4.46557 4.49423 4.48756 4.43841 4.45933 4.6045 4.60507 4.60327 4.60286 4.59743 4.59328 4.60168 4.60393 4.61224 4.60516 4.6061 4.59437 4.60681 4.59771 4.59561
4.5254 4.53523 4.55291 4.52361 4.5283 4.51559 4.48573 4.44981 4.49159 4.53489 4.51439 4.41282 4.4198 4.40593 4.51548 4.75821 4.69464 4.67003 4.68536 4.67029 4.74082 4.63963 4.69918 4.75852 4.67004 4.6772 4.67073 4.66178 4.68817 4.71805
8.11791 8.10336 8.14327 8.00023 7.9748 8.00848 7.91406 7.90402 7.82959 7.8328 7.89851 7.82379 7.71758 7.80236 7.99813 7.92637 7.8172 7.80483 7.73134 7.80134 7.86977 7.71951 7.70562 7.69116 7.70948 7.74795 7.74587 7.71389 7.71746 7.80787
93.7036 93.7684 93.846 93.63 93.7188 93.6709 93.6195 93.5897 93.6071 93.7016 93.4938 93.5056 93.2832 93.0314 93.0332 93.8336 93.8164 94.1896 94.0475 93.5404 94.0496 94.0771 94.1954 94.0951 93.8763 93.8577 93.943 93.9925 93.9839 93.8221
98.5512 98.5474 98.4536 99.0939 98.8202 98.751 99.6116 99.7196 99.7176 99.6678 99.5026 100.098 99.8846 99.4355 99.6193 96.921 97.0975 97.2191 97.2707 96.9937 97.0428 96.6717 97.0879 97.1152 98.8793 96.9193 97.216 97.2443 98.2779 98.3864
141.429 141.339 141.277 141.306 141.307 141.269 141.216 141.073 141.405 141.086 141.164 141.429 141.376 141.154 141.702 140.755 140.797 140.724 140.622 141.185 140.321 140.752 140.508 140.454 141.07 140.67 140.839 140.693 140.806 140.938
5.32025 5.35951 5.36852 5.28161 5.33814 5.32113 5.03352 5.0683 4.99341 5.20633 5.0856 5.02033 5.25549 5.23108 5.34767 5.50658 5.50145 5.47677 5.49345 5.45435 5.50498 5.5132 5.50871 5.48423 5.49872 5.49512 5.46463 5.4871 5.51282 5.53922
4.38145 4.37082 4.35084 4.22818 4.27052 4.23607 4.26813 4.26255 4.23772 4.27703 4.26663 4.09954 4.13463 4.11863 4.18327 4.38931 4.39981 4.37957 4.37734 4.4353 4.41822 4.45858 4.41768 4.37292 4.4701 4.36436 4.39434 4.39843 4.48817 4.45767
4.36433 4.36449 4.36118 4.35486 4.37293 4.36957 4.32328 4.33528 4.34198 4.33874 4.32637 4.3279 4.32242 4.31454 4.33223 4.37907 4.37091 4.36823 4.35486 4.36833 4.37815 4.30463 4.3647 4.35744 4.36781 4.37959 4.3767 4.35587 4.39621 4.39513
4.37479 4.37053 4.37896 4.3652 4.36637 4.35985 4.35606 4.37367 4.37548 4.39558 4.3956 4.41257 4.4132 4.31376 4.31182 4.44172 4.41469 4.45856 4.41336 4.39762 4.42452 4.40177 4.40301 4.41213 4.39242 4.40963 4.40085 4.40986 4.3917 4.41181
5.40612 5.41756 5.39889 5.66496 5.62915 5.62469 6.4151 6.27474 6.32165 6.41367 5.99818 6.24614 6.30963 6.24057 5.92628 4.91506 5.0984 5.25672 5.19463 5.13083 5.0327 5.05595 5.11988 5.18557 5.25656 5.03695 5.2376 5.13383 5.17869 5.1532
4.05595 3.93137 3.92478 4.24145 4.20533 4.187 4.14097 3.9706 4.06615 3.91512 4.03937 3.96592 4.2315 4.02546 4.13088 4.57473 4.60356 4.37347 4.31213 4.67001 4.50414 4.32605 4.36561 4.29977 4.61234 4.42814 4.64752 4.38201 4.61494 4.64582
7.47912 7.48656 7.4885 7.55252 7.566 7.56386 7.60015 7.60233 7.53873 7.58183 7.58449 7.62644 7.64058 7.6345 7.62934 7.36035 7.44273 7.38477 7.40906 7.46508 7.32946 7.38786 7.37409 7.39047 7.45103 7.41829 7.41942 7.35853 7.40841 7.45244
105.466 105.43 105.594 104.938 105.077 105.187 104.498 104.695 104.697 104.214 104.913 104.182 105.028 105.653 105.14 103.783 103.706 103.261 104.026 103.768 104.003 103.278 104.116 103.969 104.322 103.817 103.821 103.753 104.405 104.135
142.095 142.184 142.176 142.27 142.256 142.267 142.382 142.3 142.308 142.262 142.401 142.309 142.525 142.192 142.307 142.469 141.962 142.051 142.221 142.003 141.771 142.424 142.029 142.074 142.133 141.877 141.866 142.106 141.903 141.536
5.58533 5.57058 5.50369 5.60804 5.60546 5.60441 5.54972 5.57252 5.55779 5.57736 5.52735 5.31491 5.10692 4.83053 4.61315 6.06691 5.55996 5.65851 5.51265 5.5378 5.5385 5.5098 5.54856 5.54305 5.58157 5.54648 5.49886 5.55093 5.56409 5.53596
4.35955 4.45352 4.2919 4.33732 4.32607 4.33288 4.27382 4.28703 4.31484 4.21938 4.3646 4.32971 4.2537 4.36607 4.45167 4.16207 4.41546 3.97417 4.26717 4.40026 4.28362 4.3871 4.38471 4.30783 4.4033 4.36448 4.3441 4.4052 4.45884 4.36129
13.5707 13.6458 13.747 13.2917 13.1467 13.4137 13.3165 13.5746 13.6337 13.0484 13.5062 10.9355 11.0557 10.6643 10.6373 13.5218 13.1248 13.6378 13.3894 13.2081 12.6096 13.0472 13.3061 12.962 12.8871 12.9338 12.8613 13.503 13.0885 13.0925
4.50331 4.45795 4.47422 4.43336 4.42624 4.44532 4.44825 4.42987 4.43298 4.36925 4.4436 4.4013 4.4187 4.42035 4.48133 4.57186 4.58436 4.64994 4.57968 4.57825 4.62503 4.54675 4.5796 4.57189 4.61093 4.6069 4.56803 4.59603 4.63796 4.5982
4.4443 4.43017 4.45328 4.44632 4.47747 4.43956 4.40561 4.39984 4.41245 4.51454 4.47256 4.34119 4.41799 4.40752 4.36377 4.71431 4.47815 5.04687 4.49802 4.47593 4.51789 4.57247 4.48332 4.51081 4.5031 4.49819 4.48483 4.48217 4.47828 4.46877
5.49327 5.53492 5.54008 5.54909 5.53164 5.51959 5.44173 5.49092 5.48841 5.42654 5.5084 5.47781 5.57406 5.53062 5.5398 5.40793 5.38919 5.40901 5.40198 5.43396 5.4952 5.41978 5.39941 5.41785 5.51953 5.39763 5.49396 5.35993 5.48804 5.43926
4.32052 4.43089 4.4086 4.47763 4.45512 4.47958 4.35764 4.43591 4.34993 4.37103 4.44674 4.26111 4.31002 4.3482 4.3906 4.67469 4.56162 4.63489 4.51083 4.57061 4.67076 4.25316 4.60453 4.57173 4.59523 4.5489 4.64981 4.55998 4.73962 4.76861
7.83109 7.81733 7.83927 7.81166 7.80418 7.80635 7.82861 7.82094 7.85564 7.79951 7.81952 7.85378 7.77693 7.70501 7.72465 7.80246 7.80391 7.84616 7.82541 7.8325 7.82396 7.81713 7.76848 7.79592 7.82574 7.77774 7.82603 7.82818 7.82582 7.74143
90.5144 90.6564 90.2682 90.0007 89.8659 89.8421 90.6813 90.3849 90.3599 90.2385 89.8087 90.5167 90.9102 90.9002 89.686 92.9934 93.2125 93.1158 89.9979 93.3291 91.6181 93.4549 93.0474 92.4723 90.6243 90.6901 93.6982 93.1767 93.5495 92.6753
104.129 103.116 104.07 103.917 103.892 103.846 104.157 104.181 104.078 104.501 103.861 104.374 104.1 105.078 105.18 105.685 104.112 104.964 103.716 103.967 105.666 103.417 104.039 104.837 103.78 104.867 103.884 103.425 103.694 104.482
143.471 143.614 143.856 143.507 143.557 143.604 143.462 143.25 143.281 142.751 143.396 143.244 143.101 142.969 143.151 143.327 142.729 143.958 143.532 142.589 144.347 142.574 142.964 143.616 143.019 142.82 142.273 142.544 142.911 141.646
5.6203 5.07283 5.51093 4.88187 5.16611 5.14898 5.29024 5.09427 5.13652 5.31299 5.12328 4.98026 4.86476 5.35635 5.51287 5.59892 5.55092 5.54912 6.01426 5.50607 5.66382 5.51572 5.49884 5.59486 6.07775 6.08754 5.4098 5.53273 5.50898 5.32331
4.35852 4.31955 4.38446 4.49794 4.50717 4.49071 4.54661 4.49984 4.4653 4.5115 4.52853 4.48471 4.59091 4.58449 4.35955 4.41444 4.41093 4.51366 4.40179 4.44309 4.50067 4.30839 4.36609 4.47233 4.33139 4.33374 4.52657 4.40989 4.39516 4.32885
11.2303 11.102 11.4829 11.102 11.1058 11.1124 10.9354 10.3295 10.8661 8.13906 10.772 6.57737 7.25218 7.39947 7.93298 11.2881 11.7652 11.0801 11.7989 12.7612 11.3645 12.874 11.16 11.1014 11.7597 11.7575 12.0924 12.9335 12.8132 8.4078
4.42596 4.42644 4.46643 4.37415 4.38852 4.40562 4.41109 4.39315 4.44096 4.43108 4.44843 4.41224 4.39997 4.4063 4.41091 4.67839 4.63995 4.67074 4.54786 4.62328 4.66272 4.64968 4.65674 4.60717 4.57949 4.59505 4.59029 4.64271 4.67941 4.60345
4.52635 4.41663 4.49108 4.35204 4.35565 4.3726 4.17726 4.31662 4.2616 4.23664 4.12948 4.15319 4.25008 4.41236 4.40528 4.49606 4.47399 4.51139 4.51381 4.48629 4.53344 4.47318 4.49401 4.50528 4.55133 4.53686 4.47434 4.47304 4.49534 4.48107
5.70554 5.71598 5.66067 5.7011 5.71231 5.70564 5.67458 5.66555 5.59186 5.67246 5.63765 5.68907 5.6619 5.86748 5.89054 5.53299 5.60655 5.43165 5.61689 5.55912 5.94508 5.56164 5.55686 5.6433 5.6195 5.79668 5.60529 5.55037 5.65898 5.78679
4.43126 3.99472 4.3283 4.33136 4.3963 4.37746 3.79163 3.95415 3.8302 3.75916 4.09215 3.95413 3.67296 4.18339 4.13957 4.50043 4.5297 4.47267 4.60856 4.6835 4.7919 4.57453 4.46804 4.57878 4.50211 4.44708 4.55636 4.60734 4.47471 4.52082
7.86752 7.88957 7.80375 7.82221 7.8201 7.83603 7.84903 7.81061 7.83549 7.80783 7.8411 7.72375 7.75404 7.78 7.79187 7.97729 7.96993 8.00045 7.78899 7.95775 7.98135 7.99121 7.93002 7.85169 7.90942 7.94418 7.9549 7.98588 8.06834 7.9032
92.7024 92.9393 92.6789 92.5362 92.678 92.6787 92.6739 92.9033 92.6879 92.7666 92.8009 92.609 92.5579 92.7796 92.8252 93.9317 92.9012 93.2881 93.0172 92.9872 93.6202 93.1785 92.9963 93.3958 93.0677 93.0721 92.6513 93.6059 93.1724 92.6587
102.036 101.991 102.341 101.863 101.91 101.976 101.445 101.755 101.385 101.704 101.826 101.892 101.693 99.777 100.319 98.3893 99.7038 96.3062 98.0556 101.827 99.6371 99.0398 99.5941 96.7197 98.0893 97.5579 99.2037 98.4139 97.5547 97.2386
143.173 143.028 142.925 142.743 142.99 142.838 142.881 142.958 142.797 142.706 143.277 143.05 143.014 143.073 142.846 141.573 141.663 141.901 142.761 142.406 142.948 142.447 143.002 141.215 142.824 142.733 142.135 142.339 142.09 142.732
5.52742 5.49274 5.47116 5.47641 5.47799 5.47354 5.529 5.50303 5.48126 5.49017 5.49331 5.50834 5.47838 5.53132 5.50313 5.71549 5.59973 5.63694 5.60979 5.65758 5.56942 5.25504 5.55969 5.71286 5.63124 5.61382 5.648 5.46835 5.43192 5.62709
4.48039 4.42405 4.30486 4.51466 4.5819 4.53806 4.32399 4.30594 4.3195 4.71189 4.3347 4.31634 4.36543 4.474 4.54651 4.42127 4.19646 4.3386 4.40253 4.42549 4.41388 4.35552 4.29878 4.24665 4.41661 4.43415 4.27259 4.43985 4.15074 4.40521
4.41591 4.41864 4.45623 4.40303 4.40314 4.40096 4.39765 4.40685 4.39764 4.40408 4.42294 4.39161 4.39265 4.41566 4.4363 4.51064 4.41669 4.50379 4.48338 4.38668 4.48014 4.40412 4.49295 4.44979 4.51034 4.48409 4.48358 4.46991 4.40397 4.48731
4.34942 4.34601 4.43123 4.29992 4.29641 4.31871 4.3761 4.35028 4.33493 4.39452 4.31071 4.4077 4.388 4.24969 4.28559 4.4755 4.4234 4.43341 4.41481 4.35384 4.42125 4.27219 4.45274 4.47707 4.42585 4.41975 4.42887 4.41846 4.43115 4.42442
5.85292 5.85026 5.90288 5.82368 5.84683 5.83064 5.8789 5.84909 5.87532 5.85059 5.86693 5.85429 5.84828 5.74797 5.75303 5.81807 5.19568 5.55695 5.65715 5.72328 5.81783 5.62204 5.55424 5.34639 5.70373 5.78983 5.69752 5.54437 5.49796 5.4349
4.35904 4.66851 4.65361 4.45366 4.42216 4.42492 4.34591 4.44477 4.55297 4.34063 4.42586 4.38083 4.42569 5.62445 5.75914 4.71367 4.83319 4.64798 4.46496 5.52987 4.56499 4.82277 4.18524 4.75235 4.55349 4.60209 4.50583 4.4002 4.39946 4.37905
7.76053 7.7502 7.7197 7.71437 7.72017 7.71061 7.72326 7.72791 7.71224 7.71935 7.7612 7.72779 7.7341 7.77992 7.78965 7.8496 7.5108 7.8266 7.85777 7.65091 7.84253 7.85633 7.80288 7.6841 7.92196 7.92696 7.65444 7.8177 7.76229 7.92776
92.8364 93.3235 92.9051 92.8076 92.7808 92.8396 93.1218 93.0592 92.8607 93.1004 92.7551 93.0131 92.9907 93.0211 93.2223 93.7602 92.8251 92.9389 92.9024 93.358 93.1889 93.3692 93.0832 92.9313 93.1644 93.2639 92.6649 93.7575 92.6654 93.1864
100.883 100.772 100.409 100.167 100.273 100.034 100.954 101.384 101.103 100.545 100.579 99.4117 99.5901 99.4222 99.3398 97.0336 99.8629 96.8299 98.3645 101.255 98.587 97.9358 98.7392 98.3879 97.6944 97.0755 100.216 99.4126 101.717 95.1439
142.519 142.246 142.068 142.084 142.057 142.216 142.7 142.599 142.002 142.521 141.779 141.964 141.942 142.172 142.5 140.957 142.48 141.882 141.477 142.069 141.091 143.711 143.517 141.012 141.435 141.192 142.455 141.686 142.511 141.209
5.56404 5.52431 5.5686 5.56422 5.56939 5.55879 5.55015 5.55031 5.55969 5.54651 5.55508 5.51401 5.50618 5.54133 5.52362 5.52439 5.59497 5.55049 5.54564 5.57615 5.48695 5.56469 5.63234 5.57566 5.50469 5.49141 5.60058 5.3734 5.60291 5.45916
4.26609 4.20307 4.16408 4.15754 4.17843 4.17075 4.14469 4.15009 4.14182 4.15191 4.14892 4.14337 4.15178 4.15836 4.16501 4.50009 4.48486 4.54645 4.42625 4.37354 4.39976 4.6407 4.31012 4.35513 4.45613 4.32722 4.63065 4.29364 4.43358 4.48264
4.42115 4.41839 4.41721 4.28529 4.25587 4.24875 4.46962 4.45263 4.41472 4.46712 4.34006 4.39138 4.41162 4.43091 4.49663 4.53846 4.5009 4.49814 4.52425 4.50897 4.53702 4.50925 4.51531 4.46311 4.54644 4.53254 4.50388 4.41955 4.508 4.54363
4.29289 4.28224 4.28017 4.2841 4.29082 4.28844 4.31847 4.29291 4.25147 4.34302 4.27144 4.33044 4.32442 4.3126 4.34071 4.41655 4.33383 4.37085 4.37333 4.34567 4.37738 4.37989 4.40382 4.38868 4.37781 4.37711 4.33885 4.39164 4.36294 4.36397
5.5356 5.74914 5.27388 5.59311 5.591 5.58298 5.6702 5.62031 5.51807 5.5755 5.40396 5.30052 5.19561 5.10305 5.17303 5.53116 5.59481 5.33484 5.43641 5.84396 5.60355 5.9712 5.62069 5.12527 5.61264 5.6412 5.69002 5.60063 5.15609 5.37294
3.47368 5.45404 4.99299 4.66742 4.6684 4.68995 4.39842 4.58093 5.12384 4.3536 4.8135 4.35917 4.36882 4.32464 4.37168 4.59817 4.51662 4.50884 4.43709 4.68509 4.40988 4.57742 4.26388 4.52003 4.42041 4.39167 4.74151 4.55696 4.54542 4.45042
7.41454 7.50982 7.74115 7.57049 7.5195 7.54892 7.69237 7.66795 7.56395 7.67554 7.28729 7.52226 7.5301 7.78162 7.81155 7.67409 7.65125 7.6664 7.62417 7.66895 7.63484 7.85074 7.66578 7.50499 7.65392 7.63758 7.65753 7.69279 7.57426 7.66297
90.7197 91.3511 91.4306 90.3772 90.3681 90.4275 90.5341 90.6027 90.6639 90.4219 90.0665 91.1648 90.2126 91.4156 90.7515 92.6381 92.4661 92.638 92.2487 92.2222 92.1845 92.6525 92.1752 92.4641 92.1283 92.0894 92.4091 93.2593 92.9093 92.3882
153.489 152.99 153.705 153.05 153.165 153.013 153.762 153.44 153.561 153.579 153.857 153.443 153.465 154.769 154.68 154.897 154.888 154.201 155.737 155.883 154.197 153.761 153.743 154.848 154.779 154.735 154.415 154.438 153.559 154.42
139.956 143.48 142.981 142.34 142.648 142.479 139.783 141.977 143.535 139.778 142.171 138.949 138.995 139.348 138.482 139.36 139.188 139.694 139.812 140.686 140.575 139.118 140.326 140.024 139.999 141.325 139.11 141.015 139.749 139.703
5.76298 5.81794 5.80273 5.91863 5.91733 5.92502 5.74597 5.76438 5.70985 5.73553 5.65698 5.77084 5.76365 5.57567 5.48955 6.50628 6.37358 6.3454 6.37349 6.39183 6.37155 6.3725 6.32494 6.37577 6.36545 6.38318 6.38171 6.45009 6.29276 6.36406
7.79692 7.92875 7.7418 7.84591 8.03852 7.89815 7.64216 7.84258 7.83934 7.64891 8.08248 7.17552 7.33747 8.1326 8.53877 6.92335 7.37504 7.12671 7.65252 7.86281 7.43306 7.16647 7.37019 7.41384 7.43423 7.71212 7.50998 7.64014 6.53896 7.43106
4.77448 4.78729 4.83227 4.63224 4.60396 4.65763 4.77773 4.61989 4.5596 4.63177 4.6062 4.84359 4.82197 4.59738 4.53606 4.71539 4.66873 4.64999 4.69452 4.62541 4.65158 4.57353 4.61637 4.60593 4.6626 4.63141 4.64843 4.6683 4.61766 4.65546
4.68677 4.71193 4.74842 4.67246 4.66525 4.66496 4.68694 4.69527 4.67711 4.68766 4.66345 4.62991 4.69406 4.60748 4.60867 4.78123 4.80395 4.78451 4.81584 4.8058 4.76739 4.71916 4.83547 4.79751 4.8224 4.72085 4.7379 4.83043 4.74659 4.81261
4.57741 4.58603 4.58704 4.52455 4.51256 4.53297 4.51898 4.47637 4.51654 4.53588 4.49074 4.49803 4.49671 4.46969 4.50863 4.63786 4.61105 4.60629 4.60617 4.61727 4.6055 4.58565 4.57478 4.61443 4.61958 4.62377 4.60672 4.64398 4.61704 4.6102
4.51315 4.54224 4.55508 4.43178 4.41069 4.45839 4.50247 4.49348 4.38982 4.43164 4.37247 4.47313 4.40349 3.75076 3.5228 4.67881 4.67013 4.6372 4.63619 4.74777 4.71643 4.67519 4.52438 4.71599 4.73929 4.76359 4.83833 4.70931 4.56986 4.70066
8.37573 9.34993 8.98433 8.6454 8.69429 8.67425 8.2305 8.75844 9.19848 8.26593 8.80716 7.98063 7.91971 8.06331 7.90612 8.01245 8.14259 8.08197 7.96122 8.09795 7.98669 8.06851 8.38743 8.29321 8.03212 8.16894 8.02972 8.39805 8.24283 8.01255
92.5933 92.4735 92.669 91.1465 90.8733 90.881 90.4275 90.5986 90.8505 90.3906 90.9136 91.3854 91.1242 92.8289 92.814 92.9516 92.9868 92.9842 92.9705 92.984 93.2166 93.7196 92.8265 92.7871 92.9983 92.9501 93.148 93.151 93.3154 93.0668
103.249 102.762 102.922 100.672 100.802 100.657 100.809 101.236 101.3 102.342 102.136 101.675 101.49 104.387 103.755 104.194 103.983 104.265 103.572 103.524 103.542 104.29 103.424 103.372 103.256 104.475 103.875 104.884 104.539 103.667
143.446 143.197 143.382 143.814 143.894 143.938 143.22 143.751 143.648 142.744 143.432 143.199 143.577 143.419 143.242 141.592 141.166 141.479 141.451 141.628 141.22 140.748 141.937 141.768 141.651 141.455 141.234 141.911 142.123 141.286
5.14326 4.91253 5.20568 5.16474 4.96571 5.04527 5.80591 4.92893 5.6661 5.80554 5.32693 5.52326 5.60877 5.12212 5.28971 5.43941 5.45857 5.44558 5.44277 5.38626 5.37172 5.40149 5.34306 5.39578 5.42953 5.23204 5.42677 5.15512 5.49796 5.39684
4.33641 4.39958 4.4006 4.45616 4.56298 4.53265 4.38388 4.48391 4.34286 4.40057 4.46069 4.39577 4.43607 4.29242 4.33279 4.42187 4.4174 4.37667 4.44792 4.35861 4.39134 4.36452 4.40583 4.35412 4.42391 4.35339 4.36816 4.42059 4.43044 4.4265
4.38257 4.32363 4.44501 4.36034 4.36522 4.37893 4.413 4.37431 4.35948 4.36923 4.37474 4.37027 4.34385 4.42144 4.38658 4.52967 4.54819 4.51462 4.55196 4.52533 4.5168 4.49615 4.54007 4.53373 4.53995 4.51541 4.54738 4.5293 4.45854 4.5316
4.41208 4.40754 4.40636 4.36214 4.38931 4.36892 4.40495 4.36367 4.41573 4.36105 4.34593 4.34525 4.39847 4.2322 4.2952 4.45115 4.46264 4.44665 4.45565 4.4499 4.446 4.46578 4.46204 4.47317 4.45297 4.43693 4.46504 4.43448 4.48769 4.44252
5.76415 5.65582 5.74818 5.56008 5.55292 5.61129 5.36847 5.42155 5.46134 5.39909 5.35908 5.40896 5.59883 5.68049 5.69286 5.00393 4.7709 5.13287 4.71829 4.95963 5.21446 5.14553 5.20725 4.94284 4.8572 5.66163 5.32394 5.5772 5.17233 5.14479
4.52397 4.46076 4.62131 4.49197 4.51901 4.5029 4.67585 4.66149 4.64214 4.69948 4.53587 4.60586 4.54014 4.28584 4.10444 4.54368 4.49646 4.6797 4.46072 4.51731 4.1954 4.5113 4.75129 4.43249 4.29071 4.50922 4.35797 4.39677 4.08654 4.45201
7.69067 7.70381 7.59358 7.69143 7.71082 7.7017 7.59567 7.7121 7.52281 7.69601 7.55845 7.56606 7.70863 7.68082 7.9362 7.44881 7.38361 7.55671 7.41529 7.42242 7.55789 7.52588 7.59708 7.34688 7.43868 7.46267 7.50052 7.48724 7.62958 7.50684
92.7627 92.7485 91.8035 92.8013 92.9303 92.9583 92.673 92.6485 92.5983 92.5574 92.7739 92.7775 92.6317 92.7968 92.2034 92.6772 92.6932 92.7352 92.725 92.5587 92.4607 93.1644 92.7658 92.2071 92.7725 92.8041 92.5942 92.647 92.7055 92.5841
103.945 103.553 102.704 102.599 102.916 102.661 102.45 102.953 103.146 102.722 102.65 102.994 103.377 104.423 104.57 104.314 104.029 103.859 103.794 103.974 103.858 104.343 103.871 103.722 103.462 103.933 103.963 103.984 103.825 103.693
142.278 142.276 142.568 142.296 142.16 142.159 142.057 142.117 142.23 141.919 142.141 142.054 142.046 142.497 142.705 142.816 142.342 142.495 142.46 142.59 142.145 142.246 142.284 142.826 142.84 142.137 142.213 142.409 142.164 142.287
5.5067 5.56243 5.59475 5.54468 5.55737 5.55256 5.54954 5.54324 5.54143 5.51255 5.53067 5.58731 5.55735 5.4742 5.57665 5.52461 5.56474 5.51563 5.54757 5.55895 5.5638 5.61103 5.53975 5.59121 5.56319 5.52157 5.55353 5.56381 5.60366 5.56516
4.5651 4.56415 4.54065 4.57128 4.50593 4.52806 4.57595 4.57275 4.64622 4.50249 4.6009 4.50757 4.58265 4.65952 4.34951 4.41751 4.49155 4.40979 4.50933 4.45572 4.47396 4.41613 4.50656 4.37472 4.47771 4.42516 4.41197 4.51242 4.48235 4.51792
13.5446 13.5371 13.6117 12.6865 12.8063 12.3968 12.7002 12.3079 13.0447 12.7066 12.9026 13.0066 13.5237 12.5353 11.9292 12.9639 12.6822 12.6625 12.6209 12.7526 12.9683 10.916 12.824 12.8523 12.0381 12.4359 12.7768 12.8737 12.7925 12.6666
4.51699 4.51755 4.55685 4.48341 4.48858 4.47678 4.47566 4.46231 4.47446 4.468 4.48912 4.48613 4.52233 4.51703 4.54191 4.65089 4.67081 4.6668 4.67736 4.66333 4.68029 4.66811 4.663 4.63807 4.66247 4.69632 4.68867 4.66682 4.64392 4.67072
4.46338 4.49258 4.42561 4.45735 4.44788 4.43563 4.40417 4.38006 4.40716 4.37359 4.4368 4.43403 4.38451 4.36511 4.46993 4.47571 4.49045 4.49395 4.48564 4.5145 4.4882 4.52008 4.48213 4.46823 4.46683 4.50906 4.49698 4.47443 4.4947 4.47935
5.66095 5.47815 5.85159 5.86317 5.75726 5.84042 5.88328 5.94171 5.89799 5.92031 6.05145 5.83306 5.89101 5.68553 5.7684 5.60332 5.57586 5.52359 5.61072 5.53142 5.59023 5.6721 5.58217 5.64283 5.60829 5.53571 5.58358 5.65682 5.58618 5.62786
4.23095 3.99969 3.96685 4.26479 4.24804 4.27161 4.0501 4.17076 4.1612 4.0901 4.1304 4.20783 4.11638 4.10362 4.07954 4.43569 4.57137 4.74517 4.50715 4.55268 4.63179 4.38917 4.51286 4.34953 4.54074 4.61445 4.48216 4.45972 4.61957 4.49845
7.85055 7.79368 8.00995 7.96575 7.91586 7.95235 7.9388 7.92605 7.91827 7.936 7.95598 7.90711 7.96457 8.00085 8.06489 7.8954 7.9164 7.89425 7.94421 7.8908 7.91944 7.9452 7.93469 7.91166 7.95959 7.91969 7.94405 7.95242 7.84202 7.93625
160.411 160.867 160.214 162.167 162.28 162.836 162.602 162.102 162.467 161.783 162.692 161.791 161.434 160.636 160.211 161.448 162.684 162.521 163.054 161.748 160.875 156.548 162.678 163.566 165.104 162.319 162.133 161.476 161.006 161.874
92.7448 92.827 92.7556 92.6549 92.7039 92.5499 92.6544 92.6839 92.7324 92.5889 92.6358 92.5619 92.8244 92.4954 92.4431 91.9325 92.3712 91.6199 92.38 92.2103 92.1382 92.2268 92.3642 92.3412 92.2254 92.1961 92.1535 92.3115 92.3378 92.315
136.118 135.952 136.029 136.82 136.602 136.783 136.897 136.48 136.336 136.625 136.694 136.947 136.806 136.991 137.2 136.842 136.634 136.795 136.748 136.966 136.456 138.271 136.714 137.018 137.182 135.809 136.636 137.97 136.504 136.808
12.2992 12.4342 12.1347 11.8887 11.9554 12.256 11.9409 12.1518 11.9743 11.9427 12.0709 11.9358 11.7674 11.5758 11.6588 11.855 12.0954 11.866 12.1026 12.1207 12.1759 12.0348 12.1328 12.4143 12.1714 12.0105 12.1139 12.3023 12.1227 12.0721
5.68988 5.69108 5.68794 5.67024 5.68259 5.6656 5.67416 5.66474 5.6574 5.66405 5.67408 5.71698 5.69683 5.68679 5.66494 5.83893 5.83624 5.86704 5.80841 5.83125 5.84658 5.89847 5.82252 5.82249 5.80142 5.82275 5.85885 5.87323 5.84529 5.81942
4.56716 4.57829 4.5599 4.24269 4.2527 4.25928 4.25738 4.24185 4.23812 4.23096 4.25568 4.27566 4.2997 4.24737 4.30567 4.61004 4.52638 4.56572 4.61684 4.61891 4.50801 4.61798 4.56446 4.55427 4.75873 4.53048 4.57715 4.61595 4.56325 4.60987
4.60005 4.59071 4.60109 4.52312 4.53034 4.54226 4.52118 4.52984 4.53557 4.52971 4.51617 4.53037 4.52599 4.53161 4.45977 4.56168 4.62515 4.60504 4.57628 4.54412 4.59865 4.59372 4.57938 4.56445 4.64858 4.61821 4.607 4.60564 4.56893 4.57957
4.5411 4.5421 4.53978 4.49456 4.48485 4.52643 4.55011 4.49782 4.48331 4.53594 4.50749 4.50055 4.51285 4.47352 4.53168 4.5526 4.55834 4.53943 4.54259 4.54462 4.55044 4.53025 4.54305 4.59078 4.60486 4.56753 4.55333 4.54576 4.54078 4.54124
4.72808 4.73251 4.61906 4.39408 4.36464 4.37961 4.39027 4.38188 4.40693 4.36559 4.3399 4.37842 4.34937 4.3446 4.27859 4.62057 4.80331 4.7063 4.70256 4.53815 4.7664 4.45303 4.74581 4.84581 4.69965 4.68279 4.71576 4.76437 4.69405 4.72953
7.61105 7.56626 7.63141 7.62658 7.6267 7.64985 7.63785 7.60454 7.66474 7.70038 7.66095 7.66493 7.67229 7.48751 7.53597 7.76797 7.74476 7.67624 7.80547 7.70762 7.79955 7.81596 7.81559 7.73772 7.75499 7.67912 7.80146 7.89969 7.73071 7.83266
94.5139 94.5001 94.4516 94.0355 94.0338 94.0377 94.0617 94.0205 94.1759 94.1472 94.1308 93.9957 94.0911 94.2454 93.8314 93.2216 93.6116 93.7374 93.8796 94.0653 93.4235 93.2846 94.0421 93.6437 93.1325 93.6134 93.328 93.4686 93.9011 93.8604
96.8501 96.4027 96.8099 97.0964 96.8395 97.0997 97.2997 96.9153 97.1859 96.7245 97.47 96.6365 96.8445 97.5414 98.3739 94.8086 97.0266 96.9045 97.3245 96.8533 96.8048 100.763 96.9609 96.4981 100.171 96.7282 97.3203 97.1733 96.5908 96.6092
140.4 140.363 140.407 140.806 140.768 140.805 140.678 140.634 140.784 140.89 140.632 140.693 140.503 140.482 141.061 146.498 141.102 141.74 141.465 141.449 141.367 141.742 141.18 141.623 141.74 141.632 141.563 141.613 141.269 141.234
5.52573 5.51719 5.52535 5.52236 5.52314 5.51448 5.54231 5.5155 5.49446 5.55583 5.51891 5.56462 5.56673 5.50142 5.56177 5.48995 5.58647 5.62186 5.58425 5.60013 5.61151 5.01881 5.57705 5.54288 5.64087 5.59517 5.60449 5.61857 5.5955 5.58403
4.38212 4.37626 4.371 4.14062 4.13363 4.1428 4.3313 4.14675 4.14363 4.34226 4.14128 4.15537 4.15744 4.20329 4.16527 4.25723 4.36647 4.40985 4.44158 4.41547 4.3639 4.54529 4.39194 4.41388 4.25719 4.50598 4.49153 4.4654 4.43781 4.35333
4.42572 4.41968 4.42437 4.42664 4.42102 4.42907 4.42011 4.41612 4.44413 4.41557 4.43195 4.38898 4.40466 4.39122 4.38467 4.56511 4.3894 4.38211 4.38486 4.43025 4.42656 4.34486 4.42527 4.40208 4.4056 4.40316 4.40102 4.42099 4.41353 4.43823
4.38185 4.38089 4.38546 4.3567 4.35812 4.35638 4.35989 4.38841 4.37824 4.35706 4.37231 4.37552 4.38239 4.32901 4.3402 4.47113 4.42594 4.42904 4.42115 4.41668 4.43364 4.31612 4.40968 4.4098 4.39541 4.41567 4.43242 4.42777 4.41981 4.41268
5.18376 5.1829 5.19137 5.24145 5.20999 5.17682 5.2959 5.2091 5.12154 5.17793 5.11294 5.29319 5.18264 5.36898 5.38081 5.80685 5.03089 5.17264 5.23857 5.2083 5.18277 5.89239 5.10246 5.05213 5.60158 5.13907 5.16911 5.02307 4.98945 5.09866
4.38533 4.40868 4.41737 4.48481 4.46338 4.4144 4.46996 4.46623 4.48535 4.44967 4.5148 4.45398 4.48435 4.42964 4.48383 4.87878 4.62323 4.52526 4.53324 4.55588 4.5896 4.62256 4.5706 4.62428 4.45019 4.66542 4.8261 4.61325 4.59614 4.54979
7.54176 7.53627 7.52903 7.60453 7.59567 7.57659 7.61324 7.59859 7.4971 7.61496 7.52987 7.63362 7.56671 7.56145 7.63812 8.30152 7.57165 7.68455 7.62921 7.63838 7.63784 7.52386 7.60091 7.62544 7.66594 7.62895 7.5706 7.55368 7.58501 7.60869
94.1201 94.0343 94.0049 93.861 93.9816 94.0017 94.2893 94.2646 94.2706 94.1431 94.3119 94.1465 94.1061 93.8994 94.0503 92.5369 93.5097 93.434 91.9648 93.2624 92.9091 92.8599 93.9432 93.181 92.9767 90.9166 92.6539 92.7015 93.2885 93.0109
104.064 103.854 104.037 102.532 102.33 102.761 101.136 102.096 102.371 102.396 101.832 101.749 102.448 102.781 104.362 105.988 103.172 104.251 106.689 104.524 105.505 106.371 104.456 104.354 109.793 108.007 106.071 106.352 104.515 103.828
142.269 142.184 142.289 142.139 142.214 142.145 141.851 142.041 142.183 141.98 141.95 142.104 142.094 141.928 142.396 143.495 142.679 142.363 143.367 142.549 142.34 143.079 141.749 142.611 142.837 143.116 143.066 143.169 142.703 142.263
5.72793 5.65448 5.72277 5.50747 5.517 5.51613 5.51929 5.53665 5.55133 5.51939 5.51644 5.60352 5.55512 5.51905 5.63559 5.62298 5.35119 5.65401 5.90192 5.55399 5.58493 5.60242 5.56042 5.59216 5.64346 6.05298 5.52456 5.60156 5.58318 5.52618
4.01477 3.84811 3.94319 4.28602 4.27085 4.21617 4.13263 4.10038 4.19261 4.11497 4.11348 4.17798 4.23567 4.07026 4.06061 4.33344 4.25775 4.27984 4.34095 4.33703 4.46021 4.40783 4.33422 4.33823 4.07636 4.39514 4.25868 4.4011 4.34694 4.30502
4.79766 4.77584 4.7666 4.44069 4.46177 4.41929 4.41392 4.41339 4.40037 4.40802 4.44408 4.47647 4.43958 4.36912 4.38137 4.54997 4.52121 4.49231 4.5159 4.50906 4.53084 4.59057 4.52891 4.53829 4.59774 4.52476 4.45744 4.5396 4.50806 4.52795
4.4291 4.43244 4.42354 4.34936 4.30084 4.26144 4.29457 4.29199 4.26747 4.28234 4.28643 4.2517 4.2513 4.18301 4.1784 4.60263 4.4776 4.55416 4.48146 4.46664 4.42275 4.46332 4.45486 4.45733 4.55125 4.49055 4.43861 4.47247 4.46278 4.46046
5.4938 5.46694 5.49441 5.46447 5.47805 5.46692 5.24805 5.43299 5.43526 5.41269 5.46711 5.40357 5.36738 5.46415 5.36856 5.68496 5.4429 5.94829 5.68849 5.48186 5.53615 5.6295 5.47627 5.53185 5.69403 5.66727 5.65578 5.88908 5.49578 5.45697
4.24234 4.2537 4.2671 4.44669 4.49766 4.57541 4.53532 4.33096 4.38559 4.46033 4.36529 4.59031 4.55214 4.49738 4.43191 4.60902 4.50541 4.58191 4.78139 4.72993 4.79135 4.63817 4.68458 4.66639 4.58458 4.8161 4.69894 4.63603 4.78538 4.70233
7.77331 7.77307 7.78285 7.88499 7.89019 7.88719 7.85006 7.89036 7.88743 7.8793 7.87764 7.89205 7.86945 7.8737 7.88409 7.81918 7.79393 7.75422 7.84071 7.8198 7.86044 7.75831 7.76927 7.85065 7.75854 7.76075 7.84865 7.83101 7.78442 7.83567
90.5884 90.7676 90.7148 91.4931 91.706 91.172 91.3298 91.175 90.9559 91.6911 91.1727 91.9696 90.882 91.8372 91.3827 92.586 92.5639 92.7921 92.743 92.8157 92.5859 91.7289 92.8302 90.9686 92.5547 91.8633 92.0514 92.633 92.6343 92.8242
105.802 105.589 105.675 105.903 106.062 105.846 104.773 105.594 105.779 104.296 105.715 104.753 104.745 104.222 105.325 105.649 105.664 103.891 104.837 106.292 105.315 105.225 104.869 105.382 104.638 104.476 105.425 105.423 105.61 104.93
144.808 144.614 144.732 144.295 144.27 144.424 143.733 143.812 143.863 143.369 143.71 143.439 143.831 143.462 143.659 143.309 143.547 143.298 143.131 143.609 143.137 143.238 142.939 143.869 143.133 143.888 143.987 143.245 143.311 143.233
5.95726 5.95124 5.95276 5.87442 5.83365 5.99084 5.98798 6.02008 5.98642 5.88383 5.96215 5.90505 6.12315 5.82903 6.06837 5.6017 5.56003 5.57286 5.61837 5.54252 5.39052 5.83047 5.416 5.96435 5.57163 5.09523 4.88448 5.6056 5.57907 5.65176
4.3817 4.36289 4.35551 4.29844 4.32012 4.36531 4.61087 4.28651 4.3088 4.54374 4.29316 4.52361 4.58593 4.57039 4.41849 4.47297 4.38946 4.60787 4.47463 4.38556 4.51695 4.40156 4.37406 4.39521 4.41869 4.45664 4.51296 4.4208 4.43489 4.40697
11.5647 11.5675 11.5674 11.6129 11.5761 11.5991 11.4932 11.7386 11.6737 11.5158 11.6013 11.7169 11.6358 11.5419 11.6255 11.6675 11.782 11.8908 11.7614 11.6878 10.3441 11.4461 10.9966 11.7697 11.5573 11.0297 10.9746 11.8486 11.779 12.1445
4.50471 4.5005 4.50171 4.48737 4.47974 4.45747 4.51659 4.47372 4.38417 4.58065 4.48829 4.49366 4.53628 4.49689 4.42384 4.63688 4.52231 4.53515 4.63066 4.50231 4.5753 4.6181 4.56987 4.51418 4.67725 4.5227 4.53608 4.60167 4.53789 4.52218
4.41772 4.42487 4.42897 4.42204 4.40999 4.38479 4.34648 4.37382 4.41789 4.37808 4.40752 4.39443 4.37741 4.42126 4.45024 4.46743 4.58658 4.45487 4.45331 4.49487 4.37163 4.49098 4.42808 4.45613 4.54748 4.5665 4.28656 5.01329 4.49187 4.49832
5.93578 5.94089 5.9436 5.87534 5.84164 5.9024 5.7213 5.78498 5.76581 5.72558 5.77551 5.70885 5.77114 5.72418 5.78432 5.72781 5.69761 6.0888 5.7704 5.71567 5.71699 5.76989 5.64394 5.79522 5.7594 5.78228 5.71189 5.69677 5.70027 5.65896
4.51225 4.49068 4.48997 4.53139 4.52812 4.57548 4.42955 4.59974 4.50835 4.54119 4.63287 4.3789 4.55932 4.45003 4.4614 4.59005 4.51875 4.56332 4.52077 4.70844 4.45301 4.54983 4.41163 4.5948 4.72375 4.20238 4.76414 4.1509 4.63072 4.50968
8.17255 8.12842 8.15719 7.93724 7.92685 8.00984 7.95406 7.9013 7.90973 7.94819 7.89271 7.92369 8.0188 7.91395 7.9144 7.9427 7.8335 7.95935 7.90575 7.90878 7.81152 7.93119 7.7991 7.94193 7.91993 7.93251 7.82044 7.86669 7.87725 7.84734
91.4382 91.5488 91.4824 91.7111 92.0741 91.7059 91.6928 91.7467 92.0484 91.9095 91.5133 91.7292 92.0075 90.7872 91.2672 92.9484 92.3089 92.3652 92.9752 92.3428 91.6894 92.8968 90.4872 92.6629 92.3435 93.2809 93.0858 92.0825 92.6951 92.6832
99.6588 99.3872 99.3461 100.211 99.4139 100.404 100.628 99.7596 99.6795 100.551 99.8895 99.4407 100.785 100.802 101.298 99.3696 100.227 101.34 98.7731 99.5852 101.198 99.4468 101.884 98.5141 98.7931 100.65 101.564 101.092 100.052 98.8834
143.087 143.167 143.088 143.474 143.49 143.398 143.241 143.483 143.326 143.418 143.38 143.228 143.464 143.296 143.024 142.568 143.42 143.499 142.296 143.355 143.029 142.554 143.547 143.061 142.391 142.456 142.827 142.756 142.735 142.23
5.89508 5.90502 5.89683 5.88818 5.82201 5.86507 5.91051 5.84107 5.8624 5.82987 5.88331 5.82878 5.87368 5.88209 5.8952 5.72809 5.70173 5.67211 5.67764 5.71319 5.8012 5.61226 5.94005 5.70838 5.72196 5.64059 5.57722 5.62786 5.68848 5.72406
4.31462 4.31052 4.31003 4.18405 4.16191 4.17517 4.17653 4.45331 4.40842 4.16835 4.40546 4.19081 4.12941 4.14768 4.19666 4.46978 4.39746 4.42768 4.45069 4.49668 4.35092 4.44305 4.27038 4.57142 4.38431 4.29692 4.62542 4.23746 4.4592 4.49503
4.55196 4.5303 4.53339 4.56042 4.54971 4.53724 4.50938 4.52886 4.53592 4.55015 4.54053 4.52432 4.49335 4.54272 4.51396 4.55125 4.52563 4.49104 4.50799 4.46733 4.56373 4.47678 4.45189 4.54904 4.63142 4.48014 4.46445 4.47122 4.39931 4.3248
4.17353 4.23358 4.37977 3.95266 4.01933 3.94438 4.32158 4.16526 4.17769 4.27368 4.16325 4.28746 4.33962 4.2877 4.33276 4.45893 4.44101 4.43007 4.43265 4.39011 4.44437 4.4514 4.37058 4.41666 4.48483 4.47507 4.44656 4.21166 4.38081 4.37918
6.18692 6.1608 6.14597 6.19008 6.22449 6.16716 6.03669 6.09033 6.06893 6.1025 6.11538 6.04638 6.09118 5.90321 5.86818 5.8994 5.82538 5.78749 5.75586 5.93361 5.75852 5.81541 5.77023 6.0009 5.97752 5.82434 5.83857 5.87915 5.83163 5.90782
4.24421 4.2067 4.22472 4.04912 4.08112 3.89189 4.23688 4.26058 4.05105 4.22906 4.34337 4.15392 4.30909 4.65502 3.99841 4.58006 4.46848 4.37288 4.51333 4.55694 4.74729 4.57806 4.75408 4.60854 4.60707 4.49663 4.70133 4.66006 4.69949 4.99714
7.8409 7.86483 7.86465 7.83738 7.8712 7.82731 7.86151 7.89535 7.88083 7.88153 7.90098 7.9657 7.90043 7.78748 7.8105 7.81598 7.86858 7.89806 7.78765 7.87872 7.73255 7.80598 7.81163 7.87095 7.86078 7.77976 7.75552 7.69435 7.80194 7.80351
92.7876 92.4314 92.8645 92.3918 92.4121 92.1863 92.7079 92.2694 92.3103 92.6565 92.4445 92.4589 92.5238 92.3278 92.4458 92.762 91.5191 91.5233 91.993 92.6069 91.1168 92.1672 91.9869 92.2206 91.9989 92.2015 91.0431 91.6325 92.8187 92.6308
140.528 140.347 140.274 140.561 140.645 141.108 139.172 140.431 140.998 139.168 140.149 139.544 139.52 139.28 139.773 136.559 138.906 138.486 137.207 137.377 138.131 137.303 136.893 132.221 138.571 138.267 135.724 139.383 136.031 133.788
10.5383 10.8511 10.6449 10.6548 10.5477 10.5454 10.6009 9.78713 8.85144 10.3551 9.36987 11.0077 10.3334 10.4797 10.2248 11.0477 11.4174 10.9624 11.2768 10.8098 11.1411 10.2613 10.6298 10.169 10.6741 11.3696 10.8277 10.8615 10.3953 10.3466
5.87574 5.86705 5.87511 5.8756 5.88482 5.85903 5.86088 5.90003 5.89072 5.83566 5.87963 5.88709 5.86368 5.86338 5.91944 5.8801 5.95888 5.89384 5.96142 5.84851 5.96808 5.92415 5.98488 5.84627 5.90256 5.97878 5.9265 5.84673 5.9085 5.86184
4.76881 4.62855 4.7689 4.2753 4.27034 4.26925 4.27772 4.23947 4.23138 4.25932 4.24204 4.26696 4.26958 4.28885 4.41191 4.76657 4.69312 4.53703 4.61001 4.55131 4.57793 4.68833 4.7197 4.63689 4.60342 4.65193 4.4892 4.507 4.56905 4.61703
5.11652 4.99505 5.09083 4.98551 5.01659 5.04641 4.68936 4.77651 4.87179 4.64155 4.74987 4.6581 4.6803 4.61227 4.74798 4.51005 4.6509 4.60349 4.67223 4.609 4.75855 4.65455 4.58552 4.57486 4.70509 4.61776 4.57429 4.64867 4.63066 4.63436
4.46132 4.48245 4.46879 4.4699 4.4759 4.46582 4.49505 4.48884 4.47298 4.49458 4.46245 4.53376 4.46774 4.52856 4.54896 4.49974 4.53993 4.58677 4.54738 4.5804 4.57789 4.55409 4.55199 4.56193 4.48799 4.51994 4.54274 4.89314 4.5888 4.59443
4.70946 4.82019 4.7303 4.62926 4.59248 4.61914 4.50236 4.59931 4.65818 4.52036 4.63728 4.54714 4.5144 4.4674 4.48579 4.73149 4.78357 4.72212 4.77539 4.63738 4.62574 4.72099 4.79338 4.78626 4.84556 4.69478 4.8195 4.67012 4.62033 4.70918
7.86248 7.85108 7.82452 7.83082 7.82307 7.93961 7.55873 7.73668 7.84985 7.55016 7.76141 7.54412 7.63721 7.48164 7.67636 7.46097 8.05549 7.97565 7.78044 7.94951 8.21587 7.76399 7.84643 8.23715 7.53105 7.62056 7.35895 7.8799 7.84001 8.06674
93.3867 93.1781 93.5785 92.8778 92.9666 92.6776 93.4584 92.711 92.8306 93.4447 92.7731 92.854 93.0687 93.1672 92.8739 91.1317 92.6426 92.1435 92.57 92.8026 92.6027 92.6449 93.2262 92.1649 92.5094 92.789 92.3241 91.3369 93.0236 92.7853
135.27 136.539 135.165 136.556 136.536 136.752 136.396 136.806 136.969 136.346 136.574 135.834 135.858 136.949 136.845 137.416 137.279 136.025 137.094 138.308 135.691 136.844 137.353 137.189 135.075 137.019 137.259 138.407 136.711 136.312
12.6467 12.56 12.6715 12.3272 12.604 12.6243 12.5888 12.764 12.8685 12.4458 12.7169 12.5434 12.2421 12.41 12.6741 12.6524 12.6667 12.2847 12.5524 12.9134 12.7389 11.4263 12.8632 12.7879 12.2984 12.819 12.7493 12.7229 12.8045 12.6317
5.56813 5.53564 5.55935 5.38101 5.33092 5.44301 5.47605 5.37203 5.35185 5.43531 5.27899 5.53781 5.39399 5.4806 5.37657 5.91037 5.50674 5.86845 5.45075 5.55496 5.86157 5.89957 5.85871 5.897 5.82115 5.30274 5.80345 5.92568 5.66049 5.82935
4.53372 4.53445 4.56046 4.27872 4.2774 4.26451 4.2713 4.23685 4.2562 4.23316 4.23417 4.21994 4.26206 4.46719 4.25656 4.54125 4.47957 4.52019 4.67341 4.55743 4.55141 4.5482 4.57127 4.60752 4.53403 4.5473 4.60472 4.60963 4.52456 4.59368
4.55092 4.55199 4.54936 4.52192 4.51477 4.5237 4.52818 4.49737 4.53684 4.55631 4.49449 4.4909 4.5282 4.48439 4.47966 4.56816 4.54001 4.57457 4.59123 4.58972 4.60938 4.63302 4.54507 4.55635 4.55849 4.61329 4.55918 4.61447 4.55076 4.56717
4.55666 4.5421 4.55779 4.47641 4.47743 4.45338 4.5195 4.4529 4.46484 4.54659 4.47706 4.46623 4.53145 4.5552 4.51055 4.60358 4.34951 4.5776 4.48517 4.55644 4.58177 4.53124 4.51465 4.54869 4.58243 4.48793 4.55681 4.58104 4.60778 4.59045
4.48321 4.48298 4.50364 4.39823 4.41441 4.40715 4.41999 4.3982 4.37314 4.41683 4.38089 4.41744 4.43987 4.49007 4.40885 4.69768 4.70688 4.88554 4.73769 4.64437 4.765 4.68634 4.73969 4.79478 4.7599 4.74502 4.7724 4.74775 4.83679 4.74938
7.78944 7.7466 7.76137 7.60547 7.61623 7.64737 7.49596 7.69055 7.68406 7.49958 7.65617 7.53829 7.46638 7.52362 7.47615 8.45856 7.8112 7.85376 7.99011 7.91044 7.58091 7.48448 7.82817 7.86755 7.88882 7.93624 8.17207 7.97845 7.93645 7.73187
93.3684 93.2519 93.4764 93.3705 93.4736 93.4377 93.2331 93.5142 93.3131 93.2723 93.1507 93.359 92.9339 93.1433 93.4481 93.4419 93.7722 93.0312 93.3988 93.501 93.2389 93.165 93.3556 93.3391 93.0682 93.2483 93.3492 93.0926 93.3856 93.3698
94.9358 94.061 94.2646 97.6936 97.7587 97.9076 97.1279 97.7131 97.7571 96.6128 97.6083 96.8303 95.9966 97.0821 97.5717 97.1057 100.393 95.7407 96.8352 99.4794 96.5385 97.1894 96.309 96.9435 97.5702 98.3994 96.4909 96.9071 95.6604 96.4285
140.149 140.354 140.004 140.458 140.465 140.478 140.485 140.481 140.426 140.525 140.458 140.501 140.366 141.015 141.048 140.927 140.605 140.703 141.129 141.449 140.492 141.062 140.699 141.259 140.959 141.073 140.765 140.813 140.671 140.624
5.43547 5.4491 5.42439 5.46453 5.43094 5.48095 5.50612 5.46017 5.47051 5.44979 5.50635 5.42089 5.49676 5.48373 5.493 5.51698 5.41709 5.51761 5.62949 5.60239 5.51479 5.53996 5.55879 5.58608 5.52882 5.53812 5.52974 5.54996 5.54334 5.54702
4.47297 4.48206 4.44567 4.42862 4.47155 4.4692 4.26289 4.31959 4.21374 4.30918 4.35216 4.21142 4.20759 4.18952 4.41382 4.39697 4.29067 4.48108 4.38635 4.46576 4.40147 4.44775 4.46902 4.42164 4.46336 4.38724 4.45216 4.44934 4.41824 4.45085
4.46452 4.48908 4.43207 4.44126 4.45765 4.44019 4.47811 4.49073 4.44709 4.42734 4.45144 4.43721 4.47295 4.4528 4.41859 4.46093 4.65346 4.48559 4.53347 4.45882 4.51464 4.52171 4.48636 4.46672 4.49096 4.5239 4.4866 4.51649 4.48552 4.50612
4.31167 4.30979 4.31195 4.28392 4.26849 4.28836 4.26867 4.28459 4.29229 4.34071 4.29154 4.32933 4.2829 4.27613 4.30116 4.35347 4.40288 4.37098 4.38671 4.31875 4.40013 4.36376 4.353 4.37008 4.39025 4.3564 4.36178 4.38115 4.3828 4.38285
4.91516 4.81383 4.97286 5.36871 5.41729 5.38096 5.26965 5.32659 5.3085 5.31842 5.35197 5.29647 5.03236 5.03627 5.18907 5.29108 5.47502 4.83326 5.19246 5.47495 5.09784 4.91369 4.99445 5.10855 5.24025 5.2138 5.10869 5.08621 4.76511 5.05824
4.32079 4.31658 4.38662 4.37037 4.34591 4.35213 4.35187 4.3463 4.4049 4.35806 4.36051 4.3042 4.35583 4.42643 4.34896 4.49087 4.29516 4.5482 4.6263 4.51196 4.47381 4.41761 4.49877 4.59382 4.62444 4.62043 4.58589 4.61283 4.52304 4.52714
7.38543 7.43514 7.3597 7.54495 7.53738 7.55054 7.47865 7.48474 7.52206 7.47745 7.51371 7.45832 7.42158 7.51371 7.54824 7.57038 7.62499 7.48 7.58533 7.6315 7.52208 7.52297 7.51896 7.6035 7.53686 7.55618 7.52947 7.52217 7.54456 7.5492
92.0879 92.1571 91.8666 92.3229 92.2875 92.2774 91.8697 92.4867 92.369 91.7584 92.1439 91.3789 91.4745 91.5876 92.0449 92.1395 92.4009 92.1756 92.1228 92.4759 91.8585 91.0451 92.1326 92.0882 92.1647 91.7321 92.1109 92.0306 92.3956 92.145
154.073 154.044 154.094 153.874 153.879 153.721 153.838 153.835 153.488 153.718 153.421 153.847 153.687 153.368 154.341 153.033 152.372 152.587 152.165 152.467 153.185 153.28 152.528 153.068 151.976 152.446 152.799 152.933 153.215 152.674
139.181 139.267 138.869 139.699 139.891 139.759 139.485 139.311 139.069 139.533 139.115 139.256 138.96 139.241 140.221 139.515 137.757 139.086 138.782 138.944 139.377 139.786 139.475 139.509 139.503 138.338 139.079 139.528 137.772 138.92
5.95651 5.95927 5.92304 5.91894 5.92742 5.92241 5.89533 5.87262 5.89395 5.84666 5.87065 5.93299 5.90089 5.96356 5.91523 6.36653 6.37546 6.37527 6.40012 6.41062 6.32951 5.67651 6.3783 6.40526 6.37899 6.46586 6.36586 6.38729 6.37647 6.37092
7.38098 7.40596 7.39222 7.37028 7.43194 7.35412 7.39551 7.04574 6.95422 7.23766 6.98376 7.3814 7.28616 6.99922 7.35677 6.55175 6.3415 6.24052 6.15423 6.35599 6.93417 7.34018 6.42806 6.64737 6.18513 6.31021 6.55804 6.78377 6.62815 6.58785
4.52636 4.50785 4.52386 4.26324 4.27513 4.28314 4.27563 4.36956 4.36743 4.2779 4.36123 4.19063 4.25619 4.2136 4.38178 4.65598 4.6698 4.69575 4.60811 4.66693 4.63548 4.64702 4.71066 4.60309 4.69278 4.4823 4.61381 4.67686 4.64719 4.66577
4.6285 4.62758 4.69583 4.65882 4.62688 4.64185 4.62308 4.54538 4.4935 4.65423 4.50927 4.70796 4.62731 4.63604 4.65254 4.81063 4.84242 4.82089 4.82831 4.81692 4.88663 4.91803 4.84774 4.75526 4.80368 4.69703 4.8026 4.85809 4.83994 4.8616
4.46232 4.46895 4.44315 4.44529 4.42597 4.43636 4.43107 4.43054 4.42404 4.42088 4.40886 4.43498 4.42826 4.46156 4.42096 4.53511 4.5856 4.57041 4.56805 4.56455 4.58258 4.47651 4.55078 4.55902 4.58784 4.58048 4.55563 4.55362 4.57108 4.56979
4.61244 4.59853 4.62779 4.47571 4.46238 4.43156 4.50679 4.49676 4.38697 4.46826 4.46796 4.59859 4.57222 4.63558 4.49564 4.55896 4.54551 4.67217 4.79274 4.64473 4.59153 4.40137 4.67015 4.55173 4.66209 4.99774 4.69332 4.66552 4.50594 4.75526
8.05704 8.06538 8.09205 7.95889 7.94103 7.9398 8.11858 7.98859 7.91301 7.9942 7.96703 7.94269 8.1228 8.13232 8.08062 7.91214 7.84068 7.87569 7.86004 7.87268 7.90434 8.08899 7.96749 7.87029 7.91358 7.86545 7.86368 7.91826 7.71535 7.89497
91.6777 91.5411 91.551 91.7228 91.5595 91.6512 91.869 91.8078 91.6914 91.4592 91.8821 91.8684 91.8001 91.899 92.3391 91.8714 92.2022 92.2642 91.9015 91.9867 91.5703 91.7613 91.8737 91.7441 92.1061 91.6856 91.8387 91.6289 92.0454 91.8239
153.469 153.594 153.472 153.417 153.432 153.505 153.486 154.14 153.717 154.047 153.63 154.105 153.935 153.789 153.617 154.24 153.676 152.898 154.183 154.331 153.4 154.664 153.288 153.665 153.508 153.887 153.683 153.815 152.706 153.67
139.736 139.884 139.286 140.281 140.59 140.41 139.869 139.667 139.895 139.863 139.76 139.366 139.283 138.923 139.993 139.132 138.893 138.933 138.479 139.427 139.365 140.202 139.575 138.689 138.277 138.342 138.486 139.771 138.013 139.056
5.42029 5.39118 5.64642 5.59457 5.59455 5.59768 5.69525 5.79916 5.76076 5.67742 5.80763 5.76335 5.84102 5.84529 5.84594 6.35101 6.32189 6.27297 6.31913 6.33715 6.26275 6.26985 6.31501 6.33191 6.3477 6.34983 6.28477 6.33978 5.95699 6.2858
7.11221 7.17995 7.35183 7.00076 7.06401 7.02568 6.99176 6.69431 6.86103 7.2041 6.86529 7.33389 7.32714 7.54558 7.67663 7.18895 7.05395 6.6389 7.04927 7.35975 7.15104 6.86094 7.04862 6.83558 6.89056 7.19825 7.11119 7.32497 6.90138 7.16827
4.45681 4.49278 4.53233 4.43593 4.40357 4.34151 4.30171 4.34984 4.30082 4.23697 4.37186 4.27629 4.25176 4.1984 4.38302 4.57929 4.64269 4.66892 4.50952 4.62083 4.64405 4.627 4.51867 4.6322 4.6093 4.49914 4.57755 4.56987 4.65693 4.6442
4.57432 4.54836 4.56938 4.57958 4.5923 4.5293 4.58662 4.56182 4.61565 4.69604 4.50251 4.74546 4.7076 4.5424 4.60737 4.74065 4.78221 4.71457 4.72555 4.79307 4.82594 4.76531 4.81155 4.7674 4.80217 4.74571 4.76885 4.82692 4.75245 4.78101
4.4567 4.46408 4.46522 4.41517 4.42185 4.41769 4.42596 4.45415 4.4205 4.4633 4.4462 4.45651 4.48783 4.47432 4.44585 4.54088 4.55169 4.53215 4.54011 4.55081 4.55099 4.53937 4.55107 4.5592 4.55097 4.54464 4.53898 4.56583 4.54142 4.57074
4.52477 4.56727 4.53618 4.56052 4.57049 4.56265 4.36657 4.33645 4.38518 4.49436 4.4044 4.35411 4.50786 4.61874 4.62026 4.57359 4.40216 4.34597 4.7276 4.45961 4.46886 4.62582 4.51248 4.78972 4.42902 4.48674 4.53573 4.55851 4.53543 4.62828
8.02321 8.02494 7.84074 7.96722 7.97712 7.94803 7.85005 7.53666 7.64936 7.68484 7.5585 7.7659 7.72204 7.58979 7.85557 7.52523 7.61674 7.58864 7.49938 7.6165 7.71788 7.56498 7.57825 7.38488 7.54039 7.52335 7.5778 7.68075 7.42915 7.61443
155.119 155.309 155.194 156.126 156.192 156.094 156.95 157.071 156.82 156.06 156.802 155.895 156.493 158.776 158.551 153.949 152.952 154.062 154.677 151.896 154.699 152.871 154.374 153.701 154.673 152.129 152.108 152.02 152.518 154.244
6.00405 6.02086 6.03357 6.06695 6.08012 6.0883 6.09991 6.06678 6.08049 6.04024 6.09431 6.08679 6.08192 6.10005 6.08508 5.54719 5.51171 6.26895 5.63281 5.47463 6.24289 6.03229 6.32157 5.67875 5.92161 4.75501 5.64433 6.24198 6.09741 6.16516
7.80605 7.82345 7.8112 8.04126 8.08088 8.12606 8.7995 8.9829 8.77278 8.23775 8.75448 8.38178 8.89427 10.1737 10.0958 7.18663 6.95444 7.05316 8.11267 6.8343 7.34722 6.81224 7.25129 7.79843 7.85787 7.00242 6.77645 6.63545 7.00677 7.39456
4.54182 4.54272 4.55544 4.26415 4.26623 4.26744 4.24052 4.25695 4.24117 4.26746 4.27082 4.24104 4.24928 4.21541 4.24149 4.59585 4.59614 4.51737 4.47314 4.42029 4.65337 4.69848 4.63186 4.46848 4.48801 4.52674 4.51521 4.62151 4.53688 4.49375
4.38167 4.42092 4.48944 4.25042 4.19738 4.14427 3.67017 3.8017 3.81702 4.04451 4.09511 4.01012 4.12766 4.03089 3.9225 4.78497 4.77498 4.82412 4.792 4.77252 4.78689 4.75038 4.829 4.73504 4.71047 4.81499 4.79476 4.80974 4.78854 4.80693
4.47466 4.45325 4.45854 4.44103 4.44135 4.45687 4.43533 4.47811 4.45194 4.45933 4.4743 4.60801 4.61155 4.50294 4.51659 4.52412 4.54076 4.54693 4.54458 4.48872 4.54478 4.53654 4.5572 4.54638 4.53734 4.53233 4.57601 4.56577 4.64235 4.55649
8.21562 8.19801 8.15575 8.35934 8.38965 8.39172 8.26891 8.27741 8.27079 8.23595 8.32213 8.31538 8.3069 8.35689 8.28864 8.02993 7.9658 7.71613 7.86979 8.09386 7.69656 7.53457 8.08943 7.85634 7.76385 7.9151 7.59942 8.16472 7.47672 7.94084
91.9776 91.8164 91.9614 91.7782 91.5871 91.6996 91.2614 91.4118 91.6267 91.61 91.5882 92.0558 91.9464 91.9533 91.2966 92.7529 92.3747 91.4746 91.5975 92.4543 92.2138 92.1785 91.8849 91.9218 91.6115 91.8694 91.7941 92.2147 92.3304 91.7532
153.995 153.7 153.939 153.32 153.323 153.182 152.744 152.173 152.236 152.774 152.486 153.25 153.981 152.892 152.635 152.772 151.825 154.246 153.305 152.068 151.525 152.105 151.895 152.682 152.237 152.314 152.036 152.421 152.353 152.614
140.439 140.22 140.283 140.956 141.131 141.132 141.377 141.315 141.098 141.005 141.283 140.349 140.208 139.875 140.349 139.279 138.878 140.24 138.692 138.82 138.776 139.191 140.216 138.465 139.098 139.037 139.013 139.056 138.701 139.248
5.66331 5.75027 5.68157 5.7382 5.75545 5.78568 5.76195 5.74977 5.80897 5.72155 5.79821 5.85553 5.86237 5.61289 5.70039 6.2281 6.36196 6.22894 6.17229 5.79484 5.78375 6.33363 6.30666 6.26359 6.08354 6.27103 6.34125 6.37276 6.3194 5.75249
7.88677 7.75107 7.87748 7.54324 7.47739 7.44406 7.38978 7.13632 7.34899 7.34482 7.2621 7.9026 8.2232 7.24212 7.12776 7.01394 6.84068 7.40499 7.22942 6.97428 7.17966 6.88195 6.74827 7.24454 6.88588 7.05554 7.00457 6.91586 7.01438 7.20619
4.56811 4.50986 4.61404 4.40739 4.40347 4.38381 4.37768 4.48477 4.37187 4.2873 4.4205 4.30736 4.38676 4.24256 4.29116 4.67413 4.45183 4.58115 4.52912 4.68826 4.6523 4.70315 4.73304 4.31705 4.65729 4.71154 4.24383 4.72841 4.64936 4.60193
4.658 4.67172 4.65235 4.63229 4.61595 4.60931 4.64869 4.62984 4.60983 4.6177 4.60985 4.62387 4.67199 4.68182 4.70241 4.71482 4.78649 4.82373 4.7932 4.72332 4.73698 4.78781 4.76369 4.85106 4.78586 4.81714 4.86876 4.79635 4.76416 4.79008
4.47604 4.48859 4.46828 4.46295 4.45781 4.45492 4.46236 4.52746 4.45837 4.51594 4.45566 4.56779 4.62046 4.45066 4.54341 4.6121 4.75997 4.61186 4.65267 4.6699 4.58413 4.60723 4.60843 4.79068 4.63286 4.62185 5.42847 4.61986 4.72913 4.63951
4.66372 4.7732 4.85601 4.56212 4.593 4.50874 4.67032 4.67 4.6321 4.48402 4.53905 4.69683 4.60171 4.74889 4.83268 4.68089 4.54832 4.76696 4.80266 4.82603 4.39844 4.49023 4.59037 4.60549 4.68248 4.73783 4.54098 4.50865 4.704 4.47612
8.27453 8.14896 8.20212 8.09503 8.10099 8.08843 8.05856 8.0843 8.075 7.97902 8.06081 7.944 7.98782 7.92771 7.91018 7.74992 7.54711 7.95523 7.39538 7.49721 7.41005 7.55294 7.82754 7.6378 7.47686 7.40008 7.51278 7.52711 7.27986 7.61481
92.7524 93.5275 92.6657 92.7728 92.9207 92.8093 92.5125 92.9407 92.7207 92.9889 92.8631 93.0561 92.7924 93.2023 93.2125 93.8226 92.775 92.2415 92.7075 92.6714 93.2635 92.7089 92.9912 92.5709 92.7774 92.7971 93.1453 92.717 92.7235 92.6254
136.336 136.278 136.401 136.033 136.289 136.175 136.411 135.785 135.907 135.88 136.241 136.822 136.789 136.773 136.379 135.636 135.8 138.428 137.256 136.338 134.973 136.369 135.982 136.891 135.556 136.158 135.51 136.208 136.462 137.533
12.0888 12.1693 12.1705 12.7887 12.4428 12.6164 11.939 12.1762 11.9622 12.3744 12.1029 11.3509 11.6422 10.7179 10.7872 13.0591 13.0968 12.8613 13.0255 13.0351 13.1047 13.1295 13.126 13.123 12.963 12.935 13.133 13.0292 12.9217 13.0429
5.59721 5.09407 5.55108 5.68121 5.6886 5.67991 5.57647 5.5572 5.61253 5.51143 5.64939 5.49884 5.43827 5.30065 5.2351 5.5126 5.74703 5.1309 5.65228 5.76192 5.64034 5.7776 5.73196 5.72219 5.73997 5.73157 5.72495 5.75591 5.73076 5.68929
4.43742 4.56014 4.46387 4.11495 4.08243 4.10824 4.17034 4.12741 4.13015 3.92444 4.10399 4.29045 4.37391 4.23312 4.2545 4.58708 4.5808 4.58431 4.61104 4.64528 4.59069 4.59357 4.56298 4.69429 4.56379 4.53118 4.59128 4.5916 4.59849 4.62461
4.51677 4.50219 4.49216 4.48129 4.46015 4.4462 4.46123 4.50743 4.44479 4.37175 4.46991 4.42198 4.44839 4.50462 4.43909 4.47256 4.53796 4.4846 4.53071 4.57382 4.4608 4.46746 4.43864 4.57362 4.46433 4.52497 4.57075 4.43058 4.51921 4.52412
4.86888 4.83312 4.57154 4.683 4.72703 4.66045 4.9107 4.93796 4.81893 4.83213 4.99879 4.52237 4.5032 4.59109 4.60836 4.45069 4.59211 4.54013 4.58457 4.53896 4.53614 4.53384 4.54016 4.58589 4.58723 4.55844 4.83508 4.53331 4.55075 4.54796
4.2965 4.03727 4.34064 4.33642 4.35522 4.34851 4.48394 4.57941 4.48732 4.31402 4.48992 4.34947 4.36055 4.94103 4.7124 4.41822 4.49708 4.78229 4.66774 4.62264 4.54034 4.5471 4.58706 4.6883 4.48197 4.44903 4.47492 4.60881 4.79076 4.67072
7.57186 7.48067 7.56267 7.35809 7.36896 7.36924 7.34985 7.30749 7.25914 7.3622 7.37888 7.41086 7.39138 7.38981 7.54543 7.27323 7.26089 7.78607 7.5637 7.20989 7.193 7.34467 7.38559 7.37443 7.27267 7.36742 7.36101 7.28212 7.13819 7.61741
93.8558 93.913 94.0282 93.8836 93.9948 94.039 93.3919 93.4407 93.597 93.6625 93.4994 93.5395 93.7608 93.6247 93.4361 94.5868 93.8271 93.8169 93.8447 93.5218 94.2128 93.6767 94.0017 93.7332 93.7033 93.6817 93.7461 93.6839 93.9019 93.9312
141.491 141.503 141.479 141.507 141.127 141.248 141.926 141.508 141.908 141.901 141.42 141.8 141.679 141.276 141.341 141.335 141.371 141.735 141.656 141.239 141.379 142.256 141.516 141.918 141.574 141.516 141.66 141.822 141.351 141.598
5.50676 5.51991 5.49803 5.51917 5.5187 5.52951 5.5161 5.52321 5.51949 5.53353 5.50381 5.57257 5.54077 5.47329 5.36315 5.51026 5.5578 5.54834 5.5754 5.551 5.57497 5.56682 5.58962 5.58524 5.5594 5.53008 5.56846 5.57511 5.56332 5.58131
4.36717 4.44056 4.37114 4.60701 4.62748 4.60541 4.54221 4.6126 4.59206 4.58223 4.60257 4.33128 4.21606 4.18141 4.31793 4.35891 4.39657 4.37435 4.36632 4.44468 4.39411 4.34035 4.41412 4.37058 4.42618 4.36549 4.40494 4.42347 4.44702 4.39377
14.1805 14.1886 14.2125 14.0111 14.2936 14.2944 14.2213 14.209 14.1337 14.0166 12.8701 14.3014 14.2904 12.8875 12.8508 13.7345 13.9214 13.9289 14.0304 13.954 13.7428 13.8812 13.9589 14.0764 13.931 13.7902 13.9713 14.0788 13.9748 13.85
4.52935 4.55243 4.54848 4.49136 4.49403 4.49943 4.52972 4.51082 4.46586 4.5191 4.50817 4.55413 4.47734 4.49903 4.45673 4.64419 4.64853 4.66167 4.67113 4.64695 4.67205 4.62283 4.64264 4.6699 4.64942 4.62671 4.65256 4.65647 4.64712 4.66937
4.47857 4.41672 4.49204 4.45065 4.50069 4.50727 4.42703 4.45685 4.51746 4.38631 4.46907 4.4136 4.43293 4.42739 4.4013 4.4562 4.46597 4.50864 4.49073 4.46629 4.46473 4.46913 4.4626 4.49328 4.47738 4.46283 4.49328 4.46769 4.46543 4.4643
5.15443 4.83365 5.15105 5.17733 5.14555 5.07914 5.13864 4.89579 4.99646 4.78961 5.14539 5.21294 5.03333 5.19592 5.4281 5.00438 4.99919 5.02875 4.91319 4.89713 4.96714 5.06119 5.0937 4.9413 5.01617 5.08016 4.98201 4.99582 4.98993 5.00737
4.23319 4.28811 4.25526 4.20969 4.15647 4.15778 4.23604 4.28198 4.31044 4.22214 4.26917 4.32396 4.33533 4.29082 4.35154 4.46991 4.58461 4.63173 4.59851 4.58188 4.54994 4.51563 4.60699 4.70424 4.57429 4.5976 4.57293 4.61693 4.59957 4.59318
7.74761 7.76014 7.77684 7.80039 7.77481 7.79813 7.76722 7.78642 7.78442 7.69618 7.83464 7.79555 7.79375 7.79344 7.53172 7.69291 7.72735 7.76728 7.72389 7.68936 7.72915 7.71376 7.76406 7.71789 7.7338 7.71173 7.74951 7.7615 7.70407 7.77341
163.581 163.322 163.985 163.059 162.638 162.514 163.556 163.546 163.429 163.821 164.312 162.558 164.366 159.852 159.398 161.858 162.088 163.495 163.203 162.184 162.306 161.587 162.022 163.522 162.218 161.485 163.048 162.725 162.533 162.156
93.7684 93.734 93.7844 93.7575 93.8321 93.8307 93.7148 93.7033 93.9419 93.8185 93.6909 93.6675 94.035 93.766 93.1981 93.28 93.5711 93.6765 93.5509 93.4633 93.7456 93.4321 93.6915 93.5411 93.6823 93.572 93.6511 93.6179 93.823 93.6154
95.8427 96.8212 96.2085 97.954 97.9656 97.9236 97.2895 97.3452 97.8039 98.0267 97.6032 98.3064 98.3767 97.3889 97.2172 96.4831 96.6635 96.9255 96.7383 96.7861 96.7774 97.1122 96.7158 96.7568 97.0997 96.7705 96.7718 96.8454 97.2107 96.7032
142.188 142.145 142.012 141.702 141.604 141.461 141.721 141.534 141.579 141.967 141.688 141.689 141.59 141.94 141.969 142.13 142.067 142.182 142.206 142.14 142.166 142.158 142.222 142.202 141.967 142.122 142.132 142.112 141.992 142.147
5.56678 5.5429 5.57021 5.57136 5.55856 5.56188 5.51605 5.54034 5.52875 5.54251 5.56047 5.57202 5.58336 5.54087 5.55813 5.65815 5.60004 5.59735 5.61343 5.60728 5.60819 5.63379 5.59625 5.62191 5.59013 5.60115 5.59246 5.60389 5.5953 5.59946
4.32378 4.30967 4.29528 4.17136 4.16692 4.16626 4.13854 4.15482 4.145 4.11242 4.17879 4.16197 4.10731 4.16829 4.11162 4.30932 4.38701 4.38982 4.38278 4.39062 4.35114 4.38034 4.39268 4.34501 4.38856 4.38005 4.39329 4.38835 4.39577 4.37389
4.47453 4.4453 4.46839 4.44573 4.44844 4.45208 4.4244 4.44081 4.44366 4.4441 4.46712 4.42113 4.43978 4.44347 4.4265 4.43828 4.46484 4.46969 4.45973 4.44681 4.46316 4.45832 4.45661 4.46866 4.45207 4.45768 4.46117 4.46113 4.45366 4.45923
4.37861 4.38876 4.38834 4.37895 4.3956 4.39372 4.3902 4.37823 4.40899 4.37906 4.37978 4.37038 4.42834 4.38159 4.35102 4.42612 4.42458 4.44948 4.42801 4.41086 4.43212 4.4282 4.42191 4.43087 4.43445 4.42443 4.4245 4.42908 4.43646 4.42529
5.62327 5.60818 5.60279 5.61913 5.57575 5.59077 5.55541 5.58078 5.58958 5.58228 5.55822 5.5598 5.62636 5.59297 5.6791 5.56689 5.52838 5.53777 5.5361 5.5469 5.53557 5.54685 5.5432 5.56373 5.53445 5.5351 5.55143 5.52637 5.52613 5.54194
4.5933 4.48908 4.57081 4.33711 4.34034 4.31502 4.35653 4.32751 4.32548 4.32879 4.37431 4.32111 4.51008 4.33758 4.32368 4.59637 4.51692 4.5478 4.39814 4.53567 4.46107 4.3669 4.50727 4.43404 4.54808 4.4163 4.48997 4.5186 4.57483 4.4631
7.94109 7.88965 7.93846 7.87676 7.87874 7.8758 7.89492 7.86326 7.87166 7.85919 7.89193 7.79937 7.7968 7.85718 7.8214 7.93371 7.90729 7.91166 7.93444 7.88404 7.92389 7.93305 7.91845 7.93245 7.88882 7.92083 7.90783 7.89739 7.89465 7.90932
93.0138 92.9876 92.9161 93.378 93.2444 93.2721 93.3762 93.4359 93.193 93.4624 93.2797 93.0264 92.9721 91.4345 93.0192 92.6812 93.2081 93.1837 93.1387 93.0818 93.1692 93.1951 93.1833 93.0815 93.2303 93.3026 93.2462 93.2883 93.1503 93.2497
141.685 141.809 141.703 141.689 141.697 141.625 141.654 141.609 141.513 141.927 141.664 141.636 141.773 142.178 141.462 141.478 141.593 141.7 141.868 141.799 141.858 141.78 141.852 141.887 141.734 141.853 141.776 141.733 141.835 141.806
5.62199 5.61902 5.62236 5.61278 5.60874 5.60416 5.61287 5.6106 5.58728 5.62847 5.58383 5.60183 5.6058 5.89756 5.60494 5.67791 5.63873 5.64251 5.64978 5.64487 5.64587 5.65207 5.64638 5.65189 5.63201 5.63093 5.63548 5.64177 5.63848 5.64372
4.15251 4.14565 4.14454 4.09628 4.0983 4.09876 4.11684 4.11895 4.08765 4.17409 4.09506 4.1158 4.08844 4.04232 4.06143 4.18998 4.16754 4.17245 4.21218 4.23316 4.18186 4.19565 4.176 4.17097 4.17525 4.17368 4.17119 4.1731 4.19107 4.17256
4.31339 4.31844 4.31568 4.30977 4.31973 4.30991 4.30922 4.32637 4.32104 4.30855 4.31276 4.31274 4.3221 4.33022 4.29731 4.33681 4.32251 4.32631 4.32473 4.31156 4.32915 4.32598 4.32361 4.33116 4.32121 4.32506 4.32092 4.32556 4.32104 4.3261
4.33929 4.33706 4.33746 4.32449 4.32987 4.3249 4.36251 4.35223 4.33407 4.32568 4.34618 4.3153 4.3067 4.28659 4.31387 4.38297 4.39366 4.39434 4.38216 4.38084 4.37432 4.3853 4.38233 4.38072 4.38471 4.37431 4.38503 4.38919 4.37868 4.38012
5.52202 5.55117 5.53203 5.58803 5.55917 5.58846 5.52665 5.53223 5.53062 5.54466 5.57328 5.5874 5.63098 5.57023 5.60314 5.55051 5.49268 5.49075 5.45667 5.50707 5.48815 5.48971 5.50264 5.50393 5.49267 5.48555 5.50443 5.48291 5.48233 5.49719
4.44517 4.38226 4.444 4.37687 4.36305 4.37977 4.27333 4.23241 4.34468 4.35207 4.4237 4.32825 4.35708 4.32191 4.27229 4.66784 4.37831 4.42798 4.45392 4.5461 4.45416 4.48753 4.41404 4.46289 4.41541 4.38075 4.39933 4.35153 4.45321 4.37755
7.75405 7.76397 7.76369 7.69959 7.70399 7.71299 7.72428 7.72592 7.70507 7.68379 7.7342 7.7185 7.72447 7.65012 7.77365 7.76482 7.75381 7.74625 7.74853 7.74185 7.75313 7.76134 7.74898 7.76003 7.74588 7.75426 7.74692 7.75304 7.7477 7.74861
