92.4954 92.6011 92.6323 92.7477 92.6157 92.6768 92.527 92.2569 92.1755 92.4031 92.5495 92.665 92.6735 91.5508 91.5862 91.9746 91.4248 91.3734 91.4602 92.1926
75.1365 75.1773 75.0844 75.1163 75.1657 75.1359 75.0953 75.2683 75.4907 75.2197 75.5755 75.6406 75.7267 74.9186 75.3536 75.3628 75.1117 75.2745 74.9523 75.3105
72.5478 73.0175 73.469 73.1429 73.1693 73.5419 73.7417 73.5721 73.6915 73.4429 73.4644 73.1148 72.9341 74.2579 74.1392 74.201 74.2376 74.5842 73.2771 74.0788
83.1605 83.1173 83.2907 83.3532 83.0891 83.1275 83.0281 83.0777 83.1135 83.1177 82.9572 82.942 82.8052 83.3206 83.4711 85.6143 83.3707 83.405 83.0561 83.4377
66.0438 66.3584 66.4854 66.4964 66.3775 66.3898 66.4743 66.4433 66.3185 66.4489 66.6435 66.5164 67.1739 65.8204 65.8038 66.7062 65.5688 65.7095 65.4856 65.9378
138.643 139.034 139.058 138.822 139.032 139.351 139.242 138.725 138.862 139.304 137.78 137.144 136.785 140.35 139.969 139.078 138.298 139.199 137.361 139.228
5.70276 5.68924 5.67247 5.66684 5.67202 5.67719 5.62182 5.63358 5.64681 5.63668 5.65603 5.66948 5.64708 5.73102 5.6831 5.66201 5.61771 5.62501 5.58266 5.87539
4.55022 4.36474 4.3901 4.36422 4.42827 4.43336 4.33723 4.31379 4.32027 4.33693 4.26152 4.27172 4.26826 4.69075 4.7441 4.64968 4.63669 4.66738 4.61797 4.6137
4.57774 4.47071 4.50437 4.50292 4.48218 4.49107 4.43231 4.46833 4.42891 4.46572 4.50615 4.48129 4.43742 4.66375 4.63847 4.49518 4.58005 4.58795 4.57318 4.57776
4.52319 4.4409 4.4316 4.45215 4.46254 4.42408 4.44943 4.45724 4.44625 4.47251 4.47959 4.49712 4.50963 4.60524 4.51569 4.24686 4.45349 4.49123 4.49307 4.49572
4.52836 4.31411 4.29561 4.30216 4.31559 4.31096 4.29791 4.28653 4.3052 4.29762 4.35114 4.31366 4.39088 4.6862 4.77188 4.7459 4.93372 4.84444 4.88862 4.7782
4.41482 4.25769 4.22463 4.19445 4.22812 4.25308 4.19283 4.18914 4.25025 4.2809 4.22542 4.18755 4.26296 4.38184 4.86779 4.28753 4.2734 4.28593 4.28872 4.28333
7.73501 7.65448 7.69374 7.61988 7.66066 7.7583 8.09831 8.00394 8.02344 8.03656 7.87773 7.88253 7.93535 8.18459 8.42337 8.32957 8.09059 8.11414 7.7773 8.0628
93.211 93.0911 93.1543 93.3523 93.1632 93.2502 92.9997 92.9483 92.9432 93.1469 93.2216 93.1198 93.0708 92.584 91.7939 92.6305 92.5283 92.511 92.6453 92.9808
75.2754 75.5449 75.2741 75.2816 75.4532 75.3657 75.1831 75.1332 75.1794 74.9328 75.3298 75.468 75.0993 75.6762 75.4378 75.9893 75.7257 75.7304 75.5724 75.6389
72.776 73.81 73.7318 73.5821 74.0096 73.8514 73.3936 73.3666 73.1268 73.2668 72.8966 74.0755 73.3375 72.0641 73.415 73.102 72.9005 72.2319 72.4467 72.6347
83.2305 83.0631 83.1538 83.0699 83.2048 83.1883 83.169 83.2213 83.1829 83.1458 83.1111 83.1074 83.3219 82.1781 83.0795 83.5954 83.3115 83.0837 83.1487 83.1456
99.9685 100.766 99.8271 99.3212 100.075 100.19 98.0983 98.3498 99.0148 98.3906 98.0188 98.7723 97.4991 97.0021 99.3598 99.8957 96.8696 98.4169 97.5088 97.0562
66.0354 65.0746 65.4037 65.5314 65.488 65.7072 65.6469 65.3383 65.2801 65.65 65.798 65.8002 66.0127 66.9348 65.8377 65.7042 65.1585 64.9176 65.0232 65.1198
141.315 140.9 140.449 140.457 140.938 141.178 141.605 141.886 141.623 141.613 140.386 140.556 139.833 144.279 144.875 142.277 142.451 142.46 142.29 140.96
5.55958 5.57676 5.50853 5.52021 5.53888 5.52664 5.41303 5.42596 5.42646 5.38558 5.34961 5.43041 5.27624 5.55848 5.68371 5.4412 5.54001 5.57748 5.55241 5.58025
4.50722 4.19444 4.20251 4.19623 4.20194 4.2031 4.24027 4.19106 4.20617 4.19942 4.16115 4.18345 4.16087 4.40967 4.41326 4.38654 4.40987 4.58281 4.53114 4.47987
4.49713 4.39362 4.41011 4.4184 4.4134 4.42607 4.47905 4.48359 4.48587 4.4872 4.41821 4.49846 4.43551 4.79229 4.58009 4.53431 4.54375 4.59476 4.51897 4.50224
4.31586 4.30049 4.30791 4.31872 4.31134 4.30977 4.31081 4.32546 4.34893 4.3348 4.3329 4.33288 4.31924 3.96348 4.27384 4.31162 4.33733 4.3461 4.34434 4.3615
5.05204 5.39511 5.15475 5.00687 5.41077 5.45139 5.47479 5.56842 5.54154 5.53116 5.22949 5.11205 4.68669 6.00664 5.88892 7.02421 5.38516 5.48058 5.3997 5.03401
4.46732 4.48588 4.48089 4.45763 4.51256 4.48078 4.33768 4.45721 4.44787 4.39365 4.3944 4.46344 4.3606 4.82087 4.30578 4.46673 4.60144 4.59881 4.60434 4.54793
4.36321 4.26044 4.2708 4.29633 4.27243 4.28062 4.22353 4.2346 4.22277 4.24106 4.185 4.14332 4.1573 4.56725 4.18134 4.23025 4.46287 4.45398 4.51623 4.51993
7.52652 7.6287 7.55087 7.53937 7.58522 7.61423 7.65806 7.65152 7.66985 7.68433 7.49633 7.43083 7.35935 7.79846 7.85767 7.5222 7.6109 7.60327 7.60465 7.51892
91.8641 91.4265 92.0515 91.9718 91.6292 91.3109 91.0033 91.4453 90.9549 90.9995 91.3645 91.4874 90.8278 89.3344 90.8883 90.9253 92.1728 92.419 92.5408 92.6209
153.466 154.114 152.627 152.625 152.528 152.872 152.291 151.925 152.231 151.926 152.376 151.08 151.79 154.399 154.955 154.207 154.365 154.327 155 155.185
76.0622 75.6874 75.448 75.4127 75.5203 75.7147 75.7653 75.568 75.7025 75.6019 75.6145 75.2198 75.3763 75.7665 75.955 76.2503 75.3683 75.6131 75.3282 75.5161
75.13 75.252 74.7589 74.9587 75.0133 75.1512 74.6097 74.1799 74.253 74.5101 74.0039 71.6776 74.7423 76.6549 76.8482 75.8609 72.6503 72.9892 73.4663 73.3501
83.9397 84.5328 83.6342 83.859 83.7739 83.5166 83.3472 82.0003 82.0006 82.5506 81.9193 81.0745 82.8234 84.37 83.3869 84.5163 82.535 82.4358 82.8652 82.826
67.697 66.9796 67.5399 67.4608 67.7148 67.3605 67.3231 67.1993 67.2597 67.8763 67.9396 67.1903 68.0743 68.4495 67.6616 67.7913 65.4876 65.4558 65.8351 65.7744
140.701 141.906 141.598 141.705 141.527 141.27 141.154 141.128 140.894 140.66 140.521 141.169 140.939 140.906 140.525 142.121 139.783 139.503 139.465 139.988
5.72901 5.41838 5.84291 5.85081 5.76549 5.81217 5.80907 5.81901 5.67619 5.70097 5.69705 5.78626 5.58467 6.34613 6.32062 5.8926 6.39504 6.37763 6.39196 6.39505
7.63317 7.60654 7.33649 7.28003 7.31376 7.50223 7.27504 7.07699 7.02256 6.89302 7.18517 6.46922 6.94781 7.87472 7.80242 7.91403 7.50482 7.51627 7.63046 7.54553
4.47472 4.20226 4.15551 4.19898 4.0433 4.047 4.22159 4.13141 4.09042 4.25409 3.9067 4.19562 4.10697 4.71599 4.75148 4.67955 4.68729 4.61889 4.64684 4.69033
4.6677 4.57078 4.62941 4.63117 4.64164 4.63955 4.65505 4.6734 4.65602 4.66044 4.6666 4.62532 4.68158 4.64963 4.75139 4.72982 4.94848 5.00663 4.78244 4.82027
4.5656 4.48689 4.53206 4.52027 4.51522 4.54587 4.59389 4.61335 4.61434 4.62783 4.64183 4.66093 4.56039 4.32083 4.76906 4.54418 4.62325 4.62712 4.57667 4.60185
4.4879 4.40039 4.53277 4.45565 4.52017 4.49571 4.42785 4.50751 4.57848 4.45755 4.46859 4.42545 4.56908 5.34838 4.81633 4.51721 4.93764 4.88765 4.84783 4.68518
4.38679 4.24175 4.26783 4.28959 4.26083 4.29463 4.29956 4.33365 4.32713 4.36724 4.34962 4.3864 4.34824 4.0495 4.40526 4.25807 4.52564 4.5217 4.43356 4.50602
7.85602 8.24585 8.41428 8.3905 8.3453 8.22602 8.22947 8.23062 8.17131 7.96259 8.09324 8.21713 8.10632 6.94591 8.35517 8.01109 8.04983 7.98831 7.97346 8.05342
92.4894 92.5638 92.1172 92.1365 92.2219 92.1545 92.2716 92.008 92.0263 92.3161 92.3142 89.7248 92.4314 92.7973 92.2188 92.5058 92.5571 92.9313 93.1644 93.0469
75.2153 75.3052 75.5423 75.4608 75.4278 75.3169 75.6158 75.5648 75.5784 75.7456 75.7676 74.6928 75.692 75.2529 75.7709 75.9565 75.3877 75.8776 76.0404 75.9539
71.7346 72.6351 73.6529 73.7084 73.9796 74.0453 73.311 74.9383 73.6826 73.854 74.1217 76.24 74.3318 71.8719 72.8297 72.5392 71.0543 72.8613 72.5865 72.7442
82.5041 83.0198 83.5223 83.6444 83.6858 83.8109 83.2626 83.8471 83.5184 83.4343 82.9487 83.802 83.1536 82.1037 82.2736 82.7216 80.3521 82.4347 82.4112 82.6803
103.789 105.14 103.983 104.054 103.889 103.719 103.688 103.498 103.591 102.919 102.671 102.843 103.288 102.793 102.289 103.996 103.411 103.774 103.225 103.432
67.1875 66.3985 66.2895 66.176 66.4674 66.4051 66.5279 66.0631 66.0719 66.9982 67.2143 67.6248 67.1299 65.6803 65.422 67.0638 64.6364 64.9265 65.3066 65.1168
143.159 142.104 143.363 143.048 143.215 143.314 142.979 144.487 143.687 144.25 144.028 145.019 143.796 145.237 145.005 143.714 141.603 141.676 141.073 141.116
5.40595 5.38186 5.46629 5.48776 5.48622 5.50765 5.49914 5.56598 5.53189 5.48668 5.55164 6.00917 5.54191 5.5387 5.58708 5.52439 5.46851 5.55018 5.56506 5.55509
4.48782 4.48612 4.36179 4.38362 4.41453 4.39175 4.39354 4.40888 4.26663 4.31995 4.32951 4.553 4.41055 4.22624 4.3166 4.32817 4.42033 4.26392 4.46159 4.48548
4.47475 4.44927 4.4601 4.44768 4.43369 4.45356 4.45585 4.45826 4.49889 4.50379 4.54444 4.55121 4.5296 4.15978 4.24712 4.4103 4.65261 4.54347 4.62539 4.59875
4.42274 4.40329 4.41188 4.42054 4.41981 4.44905 4.39321 4.54027 4.3936 4.45655 4.40363 4.39915 4.49628 4.41685 4.4487 4.53298 4.58047 4.47606 4.46412 4.4738
6.10109 5.66626 5.78696 5.72381 5.69759 5.70755 5.67644 5.66495 5.66498 5.61946 5.43617 5.41747 5.63477 6.49242 6.48057 6.05514 5.51615 5.6921 5.26088 4.9569
4.39808 4.38145 4.57748 4.56982 4.5585 4.596 4.58877 4.61414 4.53251 4.71608 4.867 4.67658 4.8269 4.24127 4.25843 4.30297 4.83282 4.39981 4.28045 4.59097
4.24177 4.24726 4.2252 4.22209 4.21996 4.24281 4.32653 4.27471 4.261 4.34186 4.35712 4.17687 4.32595 4.25441 4.25651 4.27632 4.54007 4.36747 4.35788 4.34594
7.47428 7.42075 7.56919 7.53006 7.57211 7.55152 7.58225 7.55381 7.61868 7.47316 7.44104 7.56514 7.47358 7.63026 7.60701 7.70953 7.55875 7.98412 7.58081 7.49005
92.2069 92.2683 92.3014 92.1683 92.1788 92.293 92.3522 92.0584 92.1274 92.2528 92.3884 92.502 92.3457 91.932 91.5274 91.806 92.1841 92.0351 92.9142 92.9377
75.1332 75.4948 75.5905 75.6139 75.7433 75.3993 75.352 75.5363 75.6089 74.793 75.0901 75.5183 75.1094 75.0907 75.6246 74.8783 75.3656 75.2584 75.369 75.1908
74.5533 73.9587 73.9708 74.1768 74.4174 74.7397 74.0176 74.5433 74.2468 74.9203 74.7017 75.8941 74.5598 74.9752 74.6138 75.2779 73.1472 74.2397 73.1848 73.515
83.4806 83.2602 83.3886 83.3694 83.4052 83.4687 83.4252 83.5899 83.2162 83.5939 83.4761 83.7299 83.6155 84.2559 84.2816 84.2353 81.4306 83.4708 82.6448 82.8578
66.611 66.4382 66.2642 66.4501 66.4755 66.4542 66.2616 66.4093 66.2121 66.2979 66.2374 66.6511 66.3628 65.9553 65.9907 66.2529 65.2157 65.7834 66.2892 66.2165
140.153 139.994 140.258 139.566 139.803 139.716 140.029 139.138 139.199 138.417 138.725 139.422 138.232 139.959 140.575 140.306 138.155 138.828 137.409 137.533
13.5066 13.793 13.8584 13.8151 13.9893 14.2242 13.6335 13.7206 13.9507 13.7559 13.7822 13.1827 14.584 13.0992 13.1823 13.4349 12.3275 12.6636 12.4387 12.4685
5.7272 5.66368 5.69662 5.6822 5.70136 5.68533 5.67014 5.66267 5.65095 5.64783 5.62505 5.66584 5.64862 5.76144 5.87049 5.70411 6.0115 5.942 5.91315 5.90896
4.71386 4.40623 4.36221 4.29679 4.29214 4.32884 4.32918 4.30951 4.25944 4.36515 4.33452 4.4049 4.33026 4.66045 4.71954 4.72318 4.58811 4.62653 4.56139 4.61176
4.62468 4.54227 4.5686 4.55157 4.54503 4.5607 4.55485 4.51289 4.50502 4.48232 4.5 4.52835 4.4812 4.56806 4.60324 4.58353 4.56289 4.51094 4.49612 4.51463
4.53231 4.49661 4.5305 4.50361 4.50475 4.54231 4.53789 4.50559 4.53085 4.46506 4.57536 4.44783 4.5098 4.5088 4.52918 4.50253 4.65717 4.53656 4.56399 4.55798
4.58868 4.49656 4.51269 4.51133 4.50618 4.50697 4.50233 4.47994 4.5076 4.45253 4.48309 4.40002 4.45964 4.34201 4.41526 4.5167 4.84195 4.70586 4.69365 4.66637
4.42955 4.34579 4.40403 4.38403 4.37971 4.38259 4.39004 4.33819 4.37588 4.26849 4.39284 4.25366 4.32451 4.37182 4.40231 4.3517 4.55871 4.38216 4.3927 4.40154
7.81784 7.81002 7.9671 7.97334 7.99373 7.98653 8.00119 7.97568 8.11284 7.88103 7.99554 7.89128 7.82138 7.82358 7.82327 7.90933 7.60277 7.75314 7.75351 7.78249
93.5702 93.7451 93.5498 93.5601 93.7253 93.8417 93.6805 93.5981 93.563 93.9375 93.6012 93.6096 93.996 93.6543 93.1624 93.636 93.5253 93.7343 93.5302 93.9015
74.546 74.3834 74.515 74.8217 74.7532 74.4556 75.2659 74.4827 74.6208 74.6168 74.8647 75.1946 74.4446 74.7948 75.1532 74.9483 75.7381 74.9752 75.7268 74.9698
72.4559 72.8813 72.6756 72.2091 72.9404 72.6972 70.736 72.4444 72.9169 73.3726 72.5677 71.5636 72.2096 72.625 72.4297 72.8524 72.9508 72.5973 71.5408 72.3749
82.6896 83.0588 83.1693 83.1052 83.3885 83.0816 82.6176 82.9391 83.1049 83.1975 83.3827 83.4431 83.1528 82.914 82.912 83.0248 83.0002 82.9095 82.9437 82.6278
102.962 103.045 102.407 102.924 103.19 103.148 102.972 103.374 103.569 103.205 103.351 102.289 103.442 103.11 102.343 103.411 103.067 103.057 103.271 103.097
65.2608 65.0791 65.1112 65.0531 65.1239 65.2775 65.291 65.0808 64.7786 65.3402 65.2314 65.3934 65.1165 65.2433 65.2435 65.3171 65.2205 65.0861 65.1055 65.0793
141.738 141.789 141.459 141.893 141.959 141.843 141.781 141.967 141.96 141.704 141.619 142.129 141.759 141.593 141.605 142.131 141.731 141.672 141.796 141.488
5.52609 5.52866 5.52972 5.5449 5.58579 5.57707 5.61396 5.54818 5.56471 5.51767 5.52714 5.56793 5.56387 5.58295 5.55655 5.54698 5.57627 5.56442 5.56457 5.57286
4.43122 4.38605 4.31012 4.31069 4.35223 4.40317 4.41376 4.22024 4.31462 4.40871 4.38662 4.26874 4.46125 4.4364 4.42294 4.46536 4.39082 4.41566 4.38886 4.44032
14.6601 14.4964 14.663 14.489 14.4817 14.5652 14.0944 13.7886 13.7547 13.576 13.1707 13.9698 13.7337 14.3454 14.0225 14.2586 13.9011 13.9491 13.8649 13.7237
4.52051 4.47518 4.50595 4.52171 4.48633 4.5256 4.50828 4.47901 4.46494 4.45308 4.47462 4.49512 4.51481 4.50325 4.47837 4.49359 4.54948 4.58885 4.59159 4.60512
4.47171 4.41971 4.43205 4.4294 4.42669 4.39345 4.44426 4.44737 4.42136 4.35494 4.45302 4.46785 4.43004 4.4331 4.43624 4.43299 4.44999 4.44813 4.45772 4.45003
5.04147 5.21007 5.11079 5.06274 5.23969 5.1916 5.06059 5.27937 5.25042 5.55193 5.41619 5.58957 5.28551 5.18677 4.99212 5.095 5.18181 5.11637 5.13098 5.11482
4.36523 4.32807 4.27427 4.2878 4.33597 4.33244 4.40761 4.3387 4.32116 4.31653 4.29902 4.33535 4.27764 4.31349 4.30285 4.32527 4.40852 4.40402 4.41273 4.42705
7.83916 7.66169 7.68486 7.59972 7.64857 7.62616 7.58755 7.60986 7.69037 7.6977 7.61843 7.69806 7.63469 7.83676 7.77755 7.85689 7.69443 7.73763 7.73359 7.69193
93.4242 93.541 93.681 93.5048 93.7263 93.6454 92.7113 93.4241 93.3753 93.3872 93.3606 92.8324 93.4524 93.4279 93.2789 93.4071 92.8452 93.2091 92.4555 93.2451
74.9883 74.8378 74.8834 74.8824 75.1882 74.9559 75.3458 75.1589 74.9654 74.9364 75.4001 75.7165 75.7716 75.0412 75.0739 75.3003 75.8197 75.0606 76.2759 75.0383
72.7779 73.1068 72.6451 72.7568 72.4422 72.4188 74.1229 73.3521 71.9933 72.6274 73.6519 73.085 72.7725 72.8475 72.2227 72.1592 72.1471 73.1222 73.977 72.8631
82.9768 83.062 82.7565 82.888 82.9593 83.1031 83.9081 83.2388 83.0579 83.5901 83.2285 83.6993 83.2497 83.0096 82.7783 83.0198 83.0696 83.2296 84.0161 82.9552
103.781 103.9 103.822 104.109 103.75 103.546 103.914 103.547 103.474 103.561 103.978 103.092 103.526 103.999 104.507 104.211 103.587 103.7 104.226 103.616
65.8725 65.5998 65.6693 65.4753 65.4705 65.5142 64.7593 65.4014 65.3977 65.2182 65.747 64.7946 65.7423 66.1299 65.7403 65.9186 65.1998 65.3685 64.5579 65.382
142.268 142.431 142.123 142.3 142.259 142.206 142.679 142.762 142.733 142.364 142.506 142.486 142.463 142.412 142.653 142.556 142.917 142.414 143.013 142.478
5.52099 5.56162 5.56584 5.55791 5.55423 5.53824 5.61812 5.52132 5.51736 5.545 5.53151 5.62928 5.55886 5.51666 5.49991 5.53609 5.60043 5.52959 5.61648 5.52048
4.43767 4.37874 4.31684 4.33738 4.25935 4.23837 4.23883 4.24503 4.41269 4.26094 4.24959 4.36883 4.33085 4.42363 4.46157 4.47288 4.36814 4.39536 4.43332 4.40335
13.8564 13.6456 13.6147 13.6542 13.641 13.0599 13.2096 13.1068 13.1979 12.8242 13.4382 13.2402 13.0297 13.9216 13.6806 13.807 13.2477 12.8724 13.2111 13.2006
4.4811 4.41825 4.45636 4.47241 4.47436 4.475 4.44937 4.46275 4.44967 4.45681 4.45939 4.46379 4.45585 4.48147 4.49321 4.50322 4.56041 4.56944 4.56191 4.57672
4.43194 4.4421 4.42867 4.41108 4.40089 4.41918 4.42286 4.4408 4.40952 4.42404 4.4227 4.49458 4.46084 4.43587 4.42426 4.44527 4.48783 4.45369 4.46403 4.46841
5.62438 5.62004 5.55056 5.55189 5.56785 5.60794 5.6059 5.6486 5.6671 5.5548 5.52431 5.6826 5.52018 5.64422 5.69419 5.67145 5.47445 5.47314 5.62789 5.56349
4.34706 4.29889 4.33595 4.33326 4.35371 4.30621 4.31709 4.3258 4.28408 4.33092 4.29998 4.21845 4.28275 4.32972 4.33065 4.33235 4.42772 4.41035 4.39726 4.4119
7.97053 7.94111 7.92657 7.94246 7.96445 7.94871 7.96768 7.96807 7.95619 7.95191 7.91645 8.01857 7.93673 7.98613 8.04166 8.01283 7.8438 7.90633 7.98914 7.95006
92.6992 92.7189 92.6566 92.5578 92.7414 92.6975 92.4299 92.679 92.85 92.6776 92.4692 92.3519 92.5799 92.7225 92.727 92.6865 91.6784 92.3111 91.9783 92.4329
75.4201 75.54 75.4192 75.4852 75.388 75.2242 74.987 75.1673 75.0499 75.1297 75.2836 75.2792 75.1055 75.4613 75.5259 75.5136 76.0611 75.5871 76.2484 75.6641
73.3363 73.1212 73.5336 73.3958 73.243 72.8562 73.0003 73.5544 73.4313 73.5899 73.6309 74.0719 75.0428 73.212 73.2168 73.5788 73.9926 73.0205 73.4363 72.0623
83.1909 82.9418 83.1452 83.1758 82.9991 82.4263 82.5235 83.1538 82.9907 82.7996 82.7125 83.8071 83.3776 83.2463 83.0899 83.2857 83.7308 83.1063 83.9112 82.8595
104.568 104.267 104.188 104.245 104.351 104.499 104.289 104.464 104.222 103.827 104.176 104.106 103.736 104.644 104.556 104.869 103.584 103.751 104.138 103.776
142.336 142.286 142.083 142.228 142.14 141.813 141.692 142.132 142.313 141.937 141.88 142.459 141.766 142.313 142.211 142.572 142.743 142.129 142.315 141.954
5.50151 5.50206 5.49537 5.50454 5.50201 5.47911 5.45117 5.491 5.46204 5.46841 5.48178 5.53446 5.48167 5.50076 5.49729 5.50262 5.57807 5.50028 5.54004 5.4754
4.43221 4.43687 4.47385 4.48329 4.48855 4.46623 4.46935 4.45207 4.47976 4.51332 4.46126 4.46228 4.4863 4.45297 4.48725 4.47335 4.42834 4.40365 4.38712 4.49276
13.0724 13.0844 12.9985 13.0597 13.2528 12.5413 13.0458 12.8776 12.6577 12.4195 12.9506 13.8811 13.3386 13.0645 13.2392 13.2819 12.931 12.9083 13.1104 12.6502
4.53105 4.5275 4.51472 4.5354 4.53156 4.51943 4.50296 4.50104 4.46555 4.49733 4.48851 4.44114 4.43988 4.52476 4.54356 4.52608 4.65443 4.63452 4.59707 4.66319
4.40453 4.40294 4.39971 4.41162 4.37494 4.36439 4.38118 4.40536 4.38553 4.37615 4.4138 4.39327 4.3818 4.40469 4.39948 4.40687 4.42429 4.41424 4.49965 4.4125
5.69887 5.64324 5.66611 5.68562 5.63707 5.67209 5.66323 5.65274 5.58744 5.67115 5.66768 5.67983 5.55717 5.70457 5.67867 5.68512 5.65025 5.569 5.57069 5.60185
4.5605 4.25702 4.30462 4.26757 4.31913 4.44491 4.48548 4.33606 4.36074 4.48502 4.37701 4.21947 4.31204 4.51846 4.81774 4.5925 4.28313 4.583 4.32814 4.5878
4.29779 4.25635 4.28379 4.27468 4.30144 4.35087 4.27552 4.32547 4.25617 4.28334 4.26748 4.28344 4.32054 4.29007 4.29037 4.28557 4.35121 4.37584 4.30246 4.39309
7.89984 7.90991 7.88449 7.89153 7.88673 7.87982 7.80824 7.87267 7.91492 7.88991 7.87045 7.87044 7.7969 7.89821 7.89223 7.89999 7.94369 7.86717 7.71818 7.88143
92.1065 92.2175 91.7441 91.7777 91.9927 91.6633 91.7905 91.8592 92.2521 92.01 91.8659 91.7746 91.8893 92.1599 92.1265 92.2512 91.1486 91.2991 90.9595 91.7731
154.061 153.336 153.715 153.778 153.757 153.287 153.527 153.396 153.107 153.5 153.755 153.479 153.445 154.03 153.909 153.625 154.274 154.55 153.781 153.011
76.1012 76.0431 75.8664 75.8411 75.8457 75.8292 75.7901 75.9776 75.648 75.9387 75.9076 75.95 75.9189 76.1752 76.1155 76.155 76.096 75.8793 76.1768 75.8752
73.5425 73.0932 74.2928 74.3813 74.2864 74.3681 74.038 73.8778 74.0274 73.5903 74.0237 74.0452 73.4531 73.6745 73.8054 73.6208 75.1868 75.1898 74.2429 73.2906
82.9027 82.777 83.2366 83.223 83.1699 83.1128 82.9641 83.0339 83.0438 82.9809 83.1987 82.9207 82.7585 82.977 82.9843 83.0044 84.2502 83.3352 83.3682 82.6697
141.378 140.473 140.976 140.891 140.703 140.755 140.689 140.517 140.258 140.575 140.758 140.613 140.788 141.474 141.399 141.387 141.249 141.243 141.104 140.492
5.95313 5.91762 5.91813 5.92795 5.92789 5.93293 5.89393 5.95297 5.85116 5.8413 5.95702 5.89734 5.89131 5.97206 5.95697 5.9811 6.58156 6.40184 6.47676 6.42157
7.52132 7.15305 7.17635 7.22608 7.32292 7.00744 7.23996 7.32026 7.25668 7.05059 7.42077 6.73555 7.21168 7.51962 7.3993 7.41325 6.95973 7.09998 7.03243 6.71488
4.64537 4.36162 4.49315 4.49584 4.49901 4.28219 4.42613 4.42318 4.33384 4.39787 4.4231 4.35414 4.36735 4.64505 4.65029 4.68956 4.57794 4.60237 4.71419 4.7232
4.67978 4.58537 4.65244 4.66873 4.66133 4.64472 4.63137 4.66792 4.60444 4.68154 4.66653 4.65441 4.65192 4.6934 4.68745 4.70786 4.8138 4.87827 4.88679 4.84402
4.5201 4.51496 4.50992 4.49015 4.48956 4.49608 4.51266 4.47725 4.50937 4.48002 4.4861 4.50674 4.44957 4.51722 4.51997 4.52496 4.77241 4.60657 4.62085 4.62657
4.48064 4.3092 4.27015 4.22398 4.33158 4.32475 4.36245 4.21905 4.33312 4.32146 4.27362 4.47006 4.38538 4.48497 4.4543 4.46943 4.47609 4.66512 4.40206 4.66606
4.35066 4.3341 4.32161 4.33082 4.32771 4.32978 4.32137 4.33822 4.32317 4.31747 4.31684 4.30406 4.3245 4.34933 4.34663 4.36504 4.52855 4.51709 4.52332 4.57278
8.27364 8.17076 8.1732 8.19959 8.18848 8.14315 8.09806 8.13141 8.02236 8.04781 8.11853 8.08065 8.00931 8.30937 8.30405 8.3077 8.07791 8.24922 7.93354 8.06674
91.9807 92.1271 92.3413 92.3402 92.2953 92.3399 92.5146 92.3253 92.6125 92.2507 92.8166 92.3262 92.9345 91.9436 92.0944 92.1649 92.8919 91.6747 91.7934 92.1913
74.9503 75.1175 74.8502 74.885 74.9537 74.9052 74.8923 75.1436 74.9921 74.9869 74.2884 74.7793 74.4537 75.0942 74.8305 74.8961 76.4064 75.7694 75.4143 75.2692
74.3349 73.9602 73.9429 73.606 73.7969 73.8491 73.9815 73.7585 73.8362 74.3519 73.1488 73.8096 73.051 74.556 74.2932 74.7038 73.5788 74.2215 73.7794 73.1029
66.998 66.2203 66.5972 66.5587 66.6121 66.9594 66.9222 66.6734 66.8044 66.6691 67.4911 66.9118 67.6757 67.1541 66.9507 67.3286 67.8019 66.0888 66.1054 66.1526
137.951 136.936 136.672 136.387 136.434 136.127 136.119 136.268 135.847 136.61 136.629 136.778 136.956 138.371 138.058 138.494 139.169 138.29 137.508 136.918
13.8894 13.9534 13.5563 13.4073 13.8381 13.9739 13.8976 13.2088 12.8381 13.3111 12.2279 11.6989 12.7436 13.8177 13.6967 14.0399 12.7064 12.3277 12.746 13.0713
5.56028 5.51271 5.50414 5.4857 5.49922 5.52641 5.47263 5.47382 5.47933 5.48906 5.41507 5.36985 5.37279 5.56273 5.55276 5.52936 5.78846 5.80827 5.81112 5.77255
4.6484 4.42848 4.34178 4.3474 4.33163 4.36707 4.35348 4.29991 4.28293 4.40764 4.43567 4.50115 4.38717 4.65506 4.64295 4.66908 4.67369 4.56128 4.62986 4.59517
4.55209 4.37185 4.31523 4.31343 4.32395 4.29439 4.28539 4.30704 4.26951 4.36369 4.35349 4.33426 4.39228 4.5547 4.55748 4.55168 4.4372 4.43812 4.47285 4.49917
4.53813 4.4662 4.45996 4.44885 4.45008 4.43697 4.42397 4.51069 4.45319 4.50813 4.48924 4.45024 4.42524 4.54256 4.53593 4.60209 4.52283 4.53731 4.53167 4.52054
4.58105 4.56626 4.46232 4.42083 4.40464 4.29203 4.31517 4.3588 4.20926 4.44974 4.37928 4.38174 4.40846 4.56117 4.59467 4.42983 4.68566 4.81003 4.84223 4.86574
4.55055 4.33844 4.32715 4.32161 4.30696 4.32583 4.33442 4.34838 4.30018 4.42716 4.20674 4.3743 4.12557 4.59958 4.55709 4.98153 4.41254 4.5353 4.46963 4.41358
7.88006 7.10048 7.29545 7.24379 7.2116 7.20012 7.23991 7.19159 7.14393 7.23092 7.5171 7.30994 7.55204 7.93825 7.82807 7.95281 7.72092 7.75787 7.48738 7.36994
92.5018 92.1994 92.316 92.349 92.236 92.1527 92.199 92.1163 92.1449 92.129 91.9569 92.1449 91.9358 92.5509 92.6019 92.4964 93.2506 92.3228 92.3028 92.6725
75.2949 75.5324 75.405 75.3565 75.5161 75.4701 75.5019 75.4355 75.7336 75.4906 76.0244 76.2069 75.8828 75.3834 75.3155 75.3564 75.5085 76.151 75.9426 75.7702
71.6105 72.1611 72.7851 72.8708 72.3675 73.1378 71.5389 73.2113 72.5008 72.7466 72.8617 73.8934 73.6596 71.1746 71.5319 71.4012 73.2595 72.2886 72.6339 72.8694
81.6402 82.1288 82.4299 82.4377 82.5852 82.9201 82.4126 82.9732 82.4585 82.4837 83.0924 83.5109 83.326 81.4936 81.1462 81.3633 82.5287 83.1727 83.0284 82.1821
105.793 105.724 105.721 105.747 105.849 105.822 105.618 105.724 105.863 105.888 106.665 106.266 107.116 105.834 105.804 105.825 105.396 104.39 104.246 104.687
65.5115 65.2137 65.4925 65.5438 65.761 65.8699 65.7752 65.0755 65.5798 65.3294 66.0776 65.2726 66.6016 65.4515 65.301 65.4858 65.469 65.4389 64.9654 65.2502
142.798 142.925 142.8 142.794 142.778 142.842 142.637 142.747 142.867 142.905 142.998 143.417 143.061 142.731 142.75 142.861 142.804 143.406 141.761 141.337
5.58787 5.59233 5.56471 5.54946 5.56685 5.56194 5.55364 5.60871 5.57671 5.61933 5.5293 5.64359 5.53765 5.59224 5.57408 5.59673 5.42154 5.6424 5.62407 5.58592
4.39763 4.44747 4.46696 4.46706 4.4555 4.45249 4.45166 4.51067 4.40162 4.45081 4.4452 4.43362 4.40259 4.402 4.39549 4.39238 4.66489 4.4212 4.43689 4.61493
4.51041 4.46733 4.47199 4.46145 4.46112 4.49287 4.43905 4.51315 4.47066 4.44048 4.47962 4.50382 4.45827 4.52142 4.50713 4.50669 4.61508 4.69342 4.66924 4.68883
4.49589 4.43402 4.39515 4.41278 4.31015 4.27374 4.42284 4.44653 4.41725 4.47103 4.41835 4.4586 4.40515 4.49857 4.60695 4.5406 4.66807 4.46221 4.45399 4.46086
5.69475 5.75051 5.79172 5.79101 5.7817 5.79237 5.80536 5.79692 5.80242 5.76712 6.20732 5.71044 6.15322 5.70566 5.68513 5.70991 5.70294 5.5413 5.61446 5.30904
4.30129 4.3156 3.85621 3.84486 3.73881 3.66604 3.80308 4.01555 3.8862 3.96772 4.19831 4.32422 4.09978 4.28383 4.36642 4.34354 4.50701 4.62204 4.62783 4.68804
4.36704 4.42241 4.62241 4.5542 4.45951 4.32481 4.53924 4.53056 4.47595 4.47742 4.62667 4.38937 4.34144 4.39518 4.49229 4.41918 4.33402 4.41578 4.38833 4.40112
7.68841 7.80089 7.79606 7.78303 7.8003 7.81809 7.77519 7.79731 7.79164 7.7965 7.42442 7.78786 7.42041 7.68334 7.68872 7.73059 7.71878 7.80065 7.7905 7.56237
88.7085 90.3152 90.0141 90.0697 90.1143 90.4363 91.2392 89.8618 90.0632 90.5384 91.5528 91.467 91.4544 88.246 89.4754 88.9164 90.967 91.7477 92.1027 90.4535
77.6766 76.6525 76.4746 76.5129 76.5104 76.6712 76.3173 76.4303 76.7705 76.6052 75.6308 75.6291 75.1991 77.6745 77.4762 77.6423 76.0823 75.3042 75.6634 75.7774
75.8695 75.258 75.4338 75.4038 75.4011 75.3311 74.5678 75.2215 75.8642 75.9946 75.2404 74.3408 74.8177 75.4235 75.0354 75.4096 75.3139 74.7582 73.9782 74.8597
83.3775 84.0174 83.968 83.8162 83.8052 83.4649 83.3779 83.8419 83.1572 83.8708 83.9642 83.4639 84.5808 83.2736 83.2089 83.3837 82.9516 82.2547 83.4626 83.3642
68.5709 67.3232 67.1386 67.6025 67.5144 67.1382 67.2682 67.2976 66.4876 67.3479 67.6003 66.9028 67.6525 68.2935 68.8996 68.6708 68.1281 66.5434 66.0588 67.1621
141.118 140.146 139.411 139.656 139.867 140.287 139.618 138.715 138.635 138.756 138.605 139.013 138.132 141.25 140.595 141.105 140.161 138.239 139.292 140.366
5.91287 5.80725 5.81969 5.81541 5.80677 5.79544 5.65558 5.71282 5.6426 5.65512 5.74778 5.72454 5.45784 5.92575 5.8991 5.91656 5.9648 5.98084 5.90073 5.95863
4.95148 3.96278 3.79893 4.01728 3.8954 3.95834 3.78571 3.89162 3.62881 3.5634 4.04054 4.27217 4.18957 4.99424 4.89062 4.89895 4.58382 4.71205 4.61458 4.57467
4.63177 4.54199 4.57201 4.5584 4.53822 4.55303 4.5127 4.5429 4.58789 4.55179 4.52349 4.55099 4.48119 4.634 4.64896 4.63937 4.62473 4.49901 4.52214 4.66136
4.62012 4.43911 4.49678 4.52974 4.51529 4.53257 4.49023 4.49987 4.51984 4.50029 4.50696 4.52479 4.40262 4.62405 4.607 4.61805 4.63443 4.65195 4.53187 4.59852
4.52704 4.43824 4.51261 4.59008 4.56945 4.65806 4.52137 4.56848 5.01409 4.64468 4.87181 4.36691 4.45243 4.49091 4.47088 4.49607 4.78956 4.71326 4.66233 4.85616
3.61967 4.1924 4.20997 3.98377 4.06766 4.1043 3.94649 4.27898 4.43081 4.28157 4.21616 4.12844 4.25749 3.84642 3.53175 3.53276 4.48402 4.51099 4.46361 4.47883
7.46643 7.11052 6.89221 6.9395 7.06676 7.43472 7.18803 6.80562 6.72465 6.88167 6.43448 7.2427 6.86809 7.37183 7.17248 7.26268 8.12772 8.06714 7.98301 8.10437
90.8206 91.0389 90.9824 91.048 91.1186 90.8516 91.6381 91.5003 92.0846 91.3501 91.5525 91.0774 91.4059 90.4886 90.8133 90.838 92.5666 90.9223 93.9197 92.8665
75.3775 75.6592 75.7258 75.6154 75.4812 75.6476 75.0435 75.4431 75.0306 75.0897 75.3134 75.0999 75.6955 75.4906 75.4791 75.4372 75.8077 75.1271 75.24 76.023
74.2097 75.0043 75.0583 74.9787 75.0319 74.7177 74.6023 74.3105 74.7434 75.0251 75.0598 74.1724 74.4729 74.4088 73.9908 74.0647 72.2353 74.8896 71.5938 72.1636
83.9812 83.5085 83.6464 83.4263 83.6168 83.2818 83.7271 83.5627 83.5231 83.7256 83.2068 83.332 83.1858 83.8398 83.4754 83.6214 81.2882 82.6844 82.7042 82.7306
107.3 106.298 106.53 107.297 107.182 107.372 107.241 107.218 106.793 107.425 108.133 107.52 106.56 106.681 107.463 107.409 104.935 106.58 103.746 105.626
68.3523 68.2392 68.0012 67.7893 68.1768 68.3379 67.0586 66.8699 66.775 66.8441 66.8834 67.2294 66.8302 68.551 68.4518 68.5231 65.2192 66.0554 64.8801 64.8723
144.678 144.512 144.382 144.451 144.443 144.539 144.079 144.249 144.152 144.12 144.233 144.046 144.268 144.647 144.754 144.855 143.599 144.457 142.45 143.058
5.91449 5.95884 5.94629 5.99839 6.01867 6.05156 5.91773 6.11036 5.92986 6.14975 6.10912 6.23215 6.08021 5.97264 5.9138 5.89511 5.61472 5.87379 5.18454 5.61126
4.55048 4.44583 4.46985 4.48388 4.46343 4.41029 4.53308 4.41592 4.40486 4.39163 4.92507 4.54818 4.51042 4.56892 4.56024 4.5395 4.43088 4.45098 4.56755 4.40989
4.52276 4.50125 4.48397 4.48898 4.50075 4.48717 4.52101 4.46181 4.47207 4.50322 4.5971 4.52252 4.5223 4.51276 4.50553 4.49141 4.63295 4.5426 4.55168 4.67442
4.29125 4.34523 4.36526 4.36454 4.41305 4.37865 4.32816 4.29321 4.33866 4.33608 4.37748 4.39041 4.39279 4.33092 4.34679 4.35496 4.56862 4.28222 4.36204 4.47332
5.16977 5.72999 5.79121 5.98553 5.90993 5.94607 5.9243 6.27508 6.06989 6.34238 6.42301 6.26152 6.06457 4.89608 5.01042 5.18377 5.57828 5.65752 5.56397 5.62225
5.0609 3.92335 3.9851 4.02593 3.99216 3.91748 4.60527 4.53053 4.55062 4.54201 4.43462 4.35145 4.50323 3.54833 3.90358 4.99652 4.64495 4.8742 4.34993 4.61728
4.53862 4.30729 4.34201 4.38938 4.37224 4.39889 4.26112 4.15801 4.16848 4.19989 4.32806 4.4253 4.4711 4.55125 4.60461 4.53036 4.42667 4.34445 4.32642 4.39223
7.44526 7.7913 7.73835 7.6884 7.68864 7.73752 7.69629 7.92416 7.97398 7.84858 7.6948 7.71111 7.8975 7.40713 7.35645 7.45309 7.81821 7.81474 7.86793 7.78264
93.9051 94.0782 94.0765 94.0397 94.0725 94.0592 94.4763 93.6703 93.8584 93.7499 93.536 93.7453 94.1983 93.9165 93.7308 93.7399 92.2068 93.0312 93.4437 93.6005
75.9754 75.5384 75.2814 75.3375 75.3118 75.2231 75.4762 75.5152 75.3595 75.7789 76.2169 76.2898 76.2848 75.6956 75.9678 75.8282 76.2402 76.2513 75.4629 75.1012
73.1917 73.5349 73.8007 73.8489 73.8396 73.6047 73.0929 73.051 72.0919 72.4185 72.1468 73.2917 72.5583 73.8416 73.6738 73.5896 75.0383 73.3332 73.2513 72.4505
83.6247 83.1103 83.2869 83.1649 83.0904 83.0565 82.6364 82.5612 82.5324 82.2819 82.4592 82.7947 83.2268 83.9076 84.1254 84.0538 85.144 83.027 83.493 82.4229
98.5531 100.131 100.136 100.133 100.2 100.221 100.045 97.7477 98.1952 97.8798 99.2132 98.5852 98.6546 99.8065 98.6885 98.4084 100.9 99.2022 97.9242 98.7854
65.9141 65.5771 65.6375 65.7527 65.6772 65.5107 66.2085 64.9719 65.2712 64.4592 65.4367 65.1413 65.3066 65.8936 66.0346 66.0613 65.848 64.5564 65.5595 65.8004
144.612 143.841 144.091 143.959 144.13 144.002 144.063 142.592 142.581 142.623 142.745 142.941 142.835 144.704 144.897 144.767 143.106 141.494 142.091 142.164
5.58702 5.58681 5.58415 5.60088 5.59278 5.57972 5.55517 5.55547 5.5405 5.60591 5.53173 5.59884 5.50111 5.55181 5.60762 5.60204 5.57172 5.6254 5.56562 5.70563
4.44264 4.30971 4.37908 4.36999 4.36474 4.43829 4.36882 4.22621 4.27611 4.25477 4.22786 4.25747 4.34125 4.4314 4.4423 4.45533 4.19536 4.26895 4.30152 4.37811
4.39955 4.38463 4.40934 4.40831 4.40743 4.40072 4.60983 4.59177 4.50846 4.55637 4.34417 4.34796 4.28181 4.38549 4.39744 4.38869 4.33967 4.37029 4.35792 4.40443
4.38542 4.47897 4.42961 4.45011 4.46623 4.41977 4.40992 4.43272 4.47822 4.52381 4.47042 4.34503 4.3872 4.39729 4.39146 4.37643 4.49307 4.42147 4.38671 4.4971
5.87538 5.81848 5.84465 5.83531 5.8375 5.8521 5.83791 5.80486 5.9229 5.88172 5.75314 5.77377 5.79568 5.87729 5.85332 5.86687 5.80858 5.65454 5.70127 5.70518
4.29771 4.21684 4.23498 4.24047 4.23706 4.22159 4.05543 4.13076 4.1202 4.11631 4.35297 4.23652 4.15896 4.30101 4.28831 4.30032 4.51081 4.55786 4.53119 4.59512
7.91062 7.78686 7.81129 7.81092 7.80224 7.80713 7.87168 7.98348 7.97525 7.95312 7.9021 7.97287 7.93523 7.86016 7.89436 7.91881 7.67498 7.64584 7.76686 7.7568
93.4595 93.227 93.5118 93.5087 93.3729 93.5322 93.7115 93.3927 93.5851 93.2351 92.5939 92.8881 92.84 93.5137 93.4425 93.5887 93.3136 92.5853 92.6539 93.015
76.3235 75.5139 75.629 75.5321 75.6464 75.8646 75.5258 75.3277 75.3333 75.5666 75.5686 75.5177 75.5328 76.2358 76.6696 76.3099 75.5164 75.5135 75.5558 75.7286
73.1412 73.1082 72.4623 73.0462 72.5224 71.46 70.9447 72.0174 71.5898 72.1185 73.0384 73.2741 74.2684 73.1046 72.6427 73.1095 73.2015 73.491 73.1681 72.2294
82.7796 82.7853 82.2697 82.4913 82.5709 81.9917 81.942 82.8993 82.6515 82.6377 83.7364 83.2923 83.6449 82.9513 82.6507 82.6912 84.0473 84.4547 82.9831 82.4323
104.675 105.14 104.84 104.603 105.056 104.414 103.984 103.821 103.696 104.254 104.292 103.191 104.124 104.805 104.73 104.586 104.82 103.707 103.739 104.426
64.9223 65.1836 65.0139 65.0272 64.9398 64.9812 65.4169 65.3303 65.4604 65.5069 64.8668 64.9135 65.1747 65.0423 64.9002 64.9444 65.249 65.0966 64.8887 64.8991
142.215 142.099 141.752 141.842 141.584 141.411 141.78 141.631 141.994 141.863 141.831 141.562 142.143 142.213 142.244 142.299 142.38 141.763 141.665 141.613
5.6068 5.50662 5.5395 5.53672 5.53588 5.58143 5.50773 5.49093 5.47306 5.4437 5.50137 5.47791 5.52034 5.58443 5.6176 5.59861 5.57548 5.64899 5.54528 5.52063
4.34367 4.51639 4.24784 4.37561 4.25232 4.22035 4.23446 4.24719 4.24642 4.26856 4.2698 4.2927 4.41691 4.36496 4.35574 4.39447 4.53068 4.44902 4.38355 4.49669
13.2197 12.893 12.7683 12.8765 12.7166 12.82 12.6418 12.0797 12.6603 12.1454 12.6151 12.3936 12.9168 13.1824 13.3126 13.1304 12.8774 12.626 12.9337 12.8356
4.53116 4.51699 4.53862 4.48506 4.49465 4.51726 4.47001 4.43089 4.39578 4.40843 4.42558 4.45219 4.45624 4.54295 4.54371 4.53169 4.61808 4.59188 4.61798 4.6325
4.45737 4.3192 4.42188 4.41819 4.40341 4.48705 4.42324 4.40099 4.30695 4.37359 4.35638 4.29569 4.34825 4.45697 4.59874 4.51331 4.4524 4.39548 4.39986 4.42592
5.62986 5.5918 5.56475 5.52672 5.52209 5.46498 5.39684 5.4029 5.35678 5.3458 5.3133 5.22436 5.65749 5.6204 5.62197 5.59844 5.63964 5.531 5.39373 5.50542
4.38571 4.30491 4.2981 4.28728 4.30047 4.27734 4.30205 4.2017 4.2134 4.19467 4.42703 4.49637 4.43023 4.39832 4.41472 4.37345 4.6469 4.648 4.53667 4.66283
4.24956 4.20092 4.25639 4.24771 4.26664 4.25131 4.25013 4.22013 4.16466 4.14108 4.15876 4.12584 4.11769 4.23913 4.24055 4.24659 4.26165 4.26492 4.35657 4.37969
7.7916 7.81338 7.82881 7.80866 7.80998 7.78534 7.85787 7.79808 7.81356 7.78501 7.76234 7.82311 7.78401 7.77365 7.78012 7.78403 7.78839 7.76009 7.696 7.71387
91.2153 91.7765 91.8823 91.8479 91.8291 91.5474 91.6688 91.7076 91.7761 92.1373 91.8527 91.7125 91.8312 91.2217 90.7964 91.2682 91.4605 91.6147 91.741 91.5845
153.665 152.834 152.811 152.941 153.019 152.407 152.01 152.341 152.231 152.586 153.187 153.001 152.289 153.85 153.517 153.64 153.7 152.789 153.196 152.506
76.4642 75.6767 75.626 75.6924 75.7408 75.608 75.4522 75.5311 75.4825 75.6297 75.9893 75.3567 75.659 76.5346 76.454 76.4504 76.0473 75.5594 75.7167 75.728
74.0337 74.6993 74.73 74.8547 74.7192 75.098 74.9952 74.9854 75.398 74.9663 74.6477 74.7486 76.5628 73.9791 74.0395 73.6392 73.7456 73.5713 76.1773 73.8411
83.6424 83.0395 82.9804 83.0699 82.9763 82.984 82.7074 83.0043 83.0622 83.0952 83.4699 83.0268 83.7341 83.5446 83.818 83.4857 83.1689 83.2249 84.7156 83.0425
65.3806 66.1614 66.1233 66.0797 66.2176 66.277 66.7676 66.6045 66.7261 66.3109 66.6914 66.1477 66.2895 65.5418 65.507 65.5687 66.5049 66.1519 67.5929 65.9924
141.036 140.321 139.524 139.702 139.755 139.886 139.684 139.571 139.51 139.232 139.597 138.347 139.981 141.366 141.214 141.247 140.141 140.556 141.502 140.319
6.0708 5.83414 5.84511 5.84575 5.8561 5.87102 5.82511 5.7971 5.77651 5.81141 5.8619 5.81098 5.82633 6.09831 6.13083 6.0857 6.45931 6.39151 6.118 6.36489
7.33341 6.76069 6.81489 6.9491 7.01607 6.81511 6.61314 6.7781 6.63391 6.90354 7.37031 7.30735 6.85016 7.37536 7.23627 7.28908 6.83242 6.58734 6.64393 6.36135
4.4234 4.4649 4.4114 4.32871 4.34395 4.35587 4.37939 4.45374 4.462 4.42725 4.3388 4.19888 4.35011 4.46685 4.45135 4.44015 4.69398 4.74297 4.62492 4.70223
4.61533 4.65776 4.68217 4.69825 4.68226 4.643 4.65354 4.70968 4.70467 4.68725 4.59572 4.86847 4.66755 4.63767 4.62673 4.61439 4.86252 4.83996 4.87269 4.83698
4.45609 4.44023 4.44778 4.43281 4.43276 4.43223 4.42316 4.46569 4.41172 4.41636 4.4229 4.4377 4.44029 4.46968 4.46429 4.45601 4.5944 4.55739 4.6108 4.5641
4.27189 4.27834 4.33091 4.31719 4.38856 4.4245 4.58182 4.49715 4.5827 4.50177 4.47225 4.60669 4.32678 4.38958 4.36786 4.4136 4.65475 4.58617 4.61597 4.6332
3.89921 4.12085 4.15682 4.12489 4.11455 4.13911 4.07929 4.00082 4.08362 4.08171 4.00665 4.11204 4.04197 4.29264 4.28794 4.2922 4.52422 4.49073 4.45634 4.49774
8.263 8.07049 8.04825 8.04832 8.09533 8.14843 8.0366 8.12012 8.0662 8.01082 8.05558 7.91067 8.07421 8.41389 8.27009 8.27925 8.01268 8.00431 8.24683 8.02019
91.1721 91.8373 92.062 91.8198 91.89 91.9532 91.9696 91.983 91.9643 91.9524 91.4242 91.5629 91.7095 91.1655 91.2061 91.0531 91.198 91.6841 92.1166 91.7807
153.544 153.429 153.038 152.977 152.959 153.307 153.304 153.051 153.304 153.604 153.936 153.655 153.554 153.371 153.643 153.66 152.764 153.031 153.451 152.529
75.8812 75.8331 75.4029 75.4227 75.3859 75.5681 75.6548 75.6466 75.4474 75.6435 75.7717 75.9607 75.379 75.8294 75.8476 75.917 75.6858 75.2921 75.3418 75.4129
73.2316 73.5446 73.8855 73.7163 73.5608 74.0464 73.7143 73.5461 73.6495 73.8629 73.4269 72.7864 73.7299 74.1561 73.8876 73.8336 74.2566 73.94 73.5865 73.3693
83.2557 82.8049 82.7171 82.7486 82.8049 82.9663 82.8198 82.8915 82.8614 82.8589 83.0252 82.7802 83.07 83.3471 83.2584 83.344 83.2082 82.8225 82.7572 82.7429
65.6237 66.3159 66.2066 66.068 66.2492 66.1993 65.8584 65.8738 65.8336 66.0497 65.4946 65.6892 65.9975 65.7841 65.9555 65.7399 66.0655 66.7152 69.2042 65.9369
140.331 139.731 139.096 139.241 139.38 138.873 138.572 138.249 138.754 138.541 139.567 138.897 138.585 140.902 140.489 140.657 139.499 139.56 139.84 139.245
5.79269 5.72731 5.73963 5.7294 5.7327 5.78489 5.74274 5.7216 5.73939 5.82718 5.82679 5.77137 5.75158 5.75055 5.85138 5.81232 6.2873 6.30133 6.25491 6.28796
7.5853 7.61469 7.33609 7.29955 7.29628 7.52323 7.45961 7.34322 7.41545 7.40924 7.71389 7.64255 7.47515 7.39558 7.47031 7.52698 6.59443 6.71385 6.99315 6.60045
4.45265 4.32123 4.43638 4.42123 4.38051 4.20755 4.23209 4.3459 4.25063 4.22039 4.31461 4.33657 4.30198 4.47974 4.43655 4.45037 4.68131 4.71677 4.76526 4.65433
4.5871 4.55883 4.57681 4.58777 4.57903 4.5727 4.57037 4.57933 4.55889 4.64468 4.59806 4.60071 4.65547 4.62176 4.58639 4.58319 4.79705 4.77356 4.84543 4.76132
4.44876 4.40219 4.41108 4.41713 4.41468 4.4217 4.43981 4.42487 4.4112 4.41568 4.44645 4.45958 4.39075 4.46013 4.45768 4.45679 4.56107 4.55401 4.54136 4.54007
4.25556 4.21732 4.24082 4.2446 4.23712 4.24521 4.24772 4.2678 4.24958 4.25927 4.26695 4.27742 4.25011 4.29189 4.29711 4.28842 4.49943 4.48732 4.47293 4.48636
7.94184 7.76247 7.80795 7.78014 7.87923 7.86304 7.72412 7.66633 7.79839 7.76826 7.74489 7.80468 7.69864 7.99413 7.77247 7.88856 7.593 7.69925 7.73294 7.58869
91.8766 91.89 92.7857 92.6312 92.975 92.5835 92.412 92.6751 92.7196 92.2493 92.0096 92.0943 92.4845 92.0361 92.129 91.9111 92.0965 91.8306 92.2529 92.2244
154.362 153.951 153.823 154.054 154.137 154.128 154.116 154.02 154.296 153.92 154.359 154.189 154.13 154.507 154.738 154.325 154.047 153.907 154.288 154.116
75.393 75.53 75.3818 75.5097 75.1726 75.2051 75.0898 75.2809 75.2418 75.1683 75.3484 75.3656 75.2261 75.259 75.4162 75.4592 75.364 75.3621 75.642 75.4334
73.7545 73.6575 73.272 73.2966 73.0191 73.245 73.2127 73.3426 72.9793 72.708 73.5008 73.5898 72.2438 73.9789 73.5032 73.8202 73.0997 72.9263 73.044 73.091
82.9407 82.8405 82.3607 82.4877 82.2156 82.1711 82.3151 82.2611 82.0424 82.063 82.5361 82.9486 82.2268 82.9482 82.8302 82.9226 82.5244 82.415 82.5165 82.6196
65.6891 65.5482 66.0754 66.2022 66.2649 66.1957 66.0254 65.9857 66.1196 66.1882 65.9861 65.8338 66.1452 65.8726 65.8897 65.8028 65.8544 66.5517 66.3085 65.9793
139.711 140.524 139.304 139.773 139.352 139.878 139.539 139.665 139.855 139.636 139.735 140.302 139.592 139.947 140.065 140.242 139.393 139.896 140.198 139.375
5.84789 5.83574 5.81327 5.82643 5.77201 5.75285 5.8149 5.75543 5.67274 5.71432 5.54597 5.76207 5.78699 5.86473 5.88119 5.85822 6.35493 6.25048 6.32209 6.35365
8.27687 8.00234 8.12064 8.02835 7.9893 7.87139 7.80539 7.79359 7.78623 7.72117 7.93467 7.98521 7.80071 8.13506 8.05958 8.14736 7.18666 7.13557 7.22261 7.23264
4.53115 4.32075 4.26794 4.21369 4.22806 4.22637 4.23607 4.23226 4.2572 4.23241 4.27783 4.23329 4.20542 4.53181 4.52314 4.56146 4.69422 4.63218 4.70694 4.54451
4.57774 4.601 4.56782 4.57093 4.5341 4.52969 4.54392 4.53957 4.59188 4.55698 4.5755 4.547 4.48915 4.59086 4.59752 4.58986 4.717 4.75053 4.78086 4.67859
4.49986 4.47549 4.47085 4.47564 4.47312 4.4698 4.41954 4.43377 4.42494 4.45124 4.43671 4.4966 4.45953 4.50241 4.50033 4.50142 4.57927 4.57852 4.57258 4.58821
4.7146 4.57767 4.48995 4.47766 4.40053 4.30575 4.40844 4.33318 4.27791 4.26799 4.47636 4.55954 4.32075 4.62142 4.72316 4.66076 4.48472 5.30947 4.50928 4.84697
4.2913 4.26402 4.26738 4.26525 4.28178 4.2766 4.28327 4.28229 4.27574 4.28939 4.28808 4.2703 4.29256 4.29837 4.32557 4.29208 4.48895 4.48573 4.47754 4.49343
7.75921 7.97176 7.97016 7.96337 7.75989 7.79247 7.77388 7.80793 7.90098 7.81656 7.95011 7.94131 7.88318 7.75729 7.99283 7.87839 7.57868 7.88127 7.78806 7.70158
92.7343 92.8781 93.0745 93.0561 93.2489 93.0473 92.9136 93.2066 93.3739 93.1481 92.9175 93.0022 93.2539 92.9697 92.6063 92.777 93.3963 93.1417 93.1894 93.1342
75.6614 75.4939 75.4511 75.4047 75.4607 75.3804 75.5385 75.4972 75.4704 75.5238 75.6947 75.5582 75.3643 75.568 75.8664 75.7507 75.7931 76.1161 75.8107 75.5807
73.4089 72.9816 72.7022 72.5381 72.6067 72.5677 72.2606 74.1636 73.7121 72.824 74.1242 73.3849 72.3835 73.0002 72.4348 73.5756 72.265 72.428 72.2943 72.2196
82.7203 82.7525 82.4614 82.3183 82.2495 82.3382 82.4237 82.8231 82.6602 82.5094 82.7665 82.4742 82.5459 82.7619 82.1251 82.7039 82.4341 82.236 82.3151 82.341
97.7448 98.8752 98.8353 99.261 98.7913 98.7994 97.6743 98.0841 98.5955 97.8681 97.7995 98.8927 97.7839 97.857 98.2741 98.2812 98.6993 97.1877 98.8076 97.3147
65.7963 66.0001 66.0706 65.9423 66.1059 65.7878 65.5974 65.8568 65.7625 65.7616 65.7951 65.9806 65.58 65.8373 65.2668 65.9453 65.2825 65.4859 65.3958 64.8597
141.384 141.301 141.149 141.128 140.621 140.91 140.415 141.191 141.388 141.269 141.286 141.388 140.843 140.98 141.458 141.624 141.008 140.89 141.412 140.566
5.48076 5.46594 5.46737 5.44675 5.50648 5.48818 5.49961 5.44597 5.50029 5.47397 5.44558 5.46574 5.50548 5.47718 5.4969 5.47869 5.52921 5.59253 5.50029 5.565
4.35154 4.39579 4.39751 4.37059 4.37745 4.37793 4.37957 4.27081 4.38555 4.42886 4.38765 4.45147 4.46802 4.36487 4.3217 4.34456 4.48934 4.43381 4.55133 4.54692
4.49064 4.46916 4.47035 4.45838 4.4649 4.46171 4.43401 4.44249 4.45146 4.44142 4.46544 4.43781 4.43296 4.47673 4.49392 4.49876 4.44212 4.43103 4.43674 4.44997
4.34238 4.34539 4.33647 4.34745 4.36133 4.35732 4.35067 4.27788 4.30562 4.37148 4.36915 4.34222 4.36855 4.35154 4.41166 4.35422 4.37415 4.40838 4.38906 4.42235
5.52226 5.74282 5.68424 5.63376 5.49217 5.54226 5.26569 5.52389 5.59027 5.35303 5.4476 5.58803 5.46997 5.43716 5.59112 5.59713 5.29335 5.18014 5.37452 5.14599
4.23524 4.36827 4.45146 4.4105 4.38011 4.44626 4.47982 4.39629 4.48403 4.44071 4.45403 4.28592 4.39672 4.3829 4.57319 4.30437 4.61124 4.40056 4.62123 4.79145
4.24549 4.23422 4.23685 4.23159 4.26886 4.25804 4.2861 4.23636 4.22198 4.19964 4.18335 4.24629 4.29484 4.24879 4.29141 4.23354 4.56595 4.57628 4.58587 4.58226
7.52807 7.4539 7.41855 7.41734 7.35532 7.42154 7.34414 7.48518 7.57576 7.52468 7.52342 7.4614 7.38379 7.46752 7.50017 7.5379 7.44458 7.3943 7.4291 7.38094
90.7489 91.3637 91.585 91.5732 91.535 91.7245 91.5618 91.9427 92.0397 91.8699 92.5092 92.1516 92.1996 90.5824 90.9179 90.6625 92.2599 93.1125 92.6626 92.8544
75.628 75.8904 75.8066 75.6421 75.6811 75.7174 75.5564 75.8266 75.9106 75.8737 75.9794 75.7023 76.0064 75.3768 76.1838 75.7143 75.9245 75.8536 75.657 75.573
72.801 73.1674 72.8148 72.547 72.2678 72.4153 72.8684 74.2742 74.429 73.9963 74.3651 73.5971 73.988 72.9279 74.2051 73.1381 73.8916 72.3455 72.9193 72.5923
82.4125 82.3738 82.1716 81.7252 81.5911 81.7357 81.9401 82.6331 82.8995 82.69 82.7035 82.0734 82.3238 82.7581 83.7208 82.7236 82.6355 81.2055 82.1208 81.9683
136.52 137.938 136.877 136.802 136.711 137.079 137.484 137.318 137.224 137.61 137.011 137.385 137.149 136.988 135.382 136.843 136.987 136.352 136.821 136.357
5.85984 6.10287 5.97465 6.03104 6.09443 6.03954 6.00486 5.86199 5.81243 5.82093 5.79477 5.84447 5.81916 5.80552 5.76465 5.80072 5.94195 5.93333 5.94657 5.93732
4.99478 4.35577 4.37552 4.33918 4.32133 4.36326 4.36733 4.45515 4.47521 4.474 4.46581 4.47545 4.47507 5.07988 4.57276 4.88525 4.79164 4.72917 4.76352 4.79594
4.62394 4.62278 4.59644 4.58865 4.58891 4.60732 4.64915 4.77421 4.78068 4.64633 4.66255 4.57292 4.58755 4.63898 4.68904 4.70093 4.68663 4.67945 4.62618 4.64051
4.54391 4.51358 4.51454 4.52339 4.53969 4.54328 4.55443 4.47982 4.47519 4.49452 4.44898 4.51144 4.47046 4.53845 4.7456 4.54467 4.53139 4.58338 4.54292 4.55874
4.77181 4.7901 4.66537 4.744 4.7749 4.74503 4.73385 4.49796 4.53283 4.53197 4.51085 4.53025 4.56873 4.75309 4.59694 4.75261 4.85936 5.67248 4.86275 4.82022
4.37642 4.35217 4.32164 4.35708 4.36652 4.35633 4.3859 4.27983 4.33579 4.30048 4.41937 4.35553 4.31707 4.41222 4.47141 4.49582 4.45931 4.85358 4.41979 4.47176
7.70514 7.59065 7.49483 7.46695 7.41195 7.43806 7.4954 7.89516 7.82984 7.67496 7.79069 7.55499 7.68689 7.4892 6.34516 7.5143 7.69296 7.36478 7.56654 7.57866
92.7014 91.0516 90.5788 90.7202 90.8125 90.4947 90.7878 90.9358 91.2339 91.6203 91.3042 91.862 92.1779 92.6994 92.7183 92.4478 90.9753 92.6866 92.9708 93.029
74.9555 75.4375 75.4392 75.4574 75.4746 75.4421 75.2152 75.6329 75.5919 75.4794 75.3794 75.4755 75.7258 75.1218 74.9986 74.7401 75.8333 75.7013 74.976 74.9595
73.0683 73.7358 73.3929 73.1795 72.9545 73.0816 73.366 73.7157 73.9089 73.76 74.272 73.9286 72.9248 72.1004 74.5238 74.0723 73.9848 73.3704 73.2241 72.7874
80.9417 80.3491 79.3693 78.2362 77.8503 77.9203 79.9258 81.0689 81.264 80.7202 81.2481 80.147 79.7797 82.1156 82.9698 82.3896 82.9261 82.6112 82.5623 82.2488
67.5719 67.2454 66.9853 65.9785 66.1376 65.8193 66.4026 68.2352 68.1163 67.7509 67.9441 67.6081 67.7168 66.905 67.7514 67.1913 66.7101 65.8049 66.1037 65.8526
139.477 140.012 139.477 139.6 139.73 139.576 139.771 139.125 139.222 139.182 139.04 139.552 138.722 138.782 139.704 139.517 138.24 136.675 136.644 136.208
5.65432 5.64729 5.61992 5.63425 5.59618 5.60322 5.67858 5.53061 5.62858 5.66163 5.41742 5.57152 5.35032 5.6736 5.72064 5.65166 6.14995 5.93236 5.9154 5.89637
4.69015 4.32542 4.28258 4.27956 4.29611 4.30797 4.28563 4.24356 4.27331 4.26281 4.27659 4.25898 4.13381 4.66764 4.6589 4.67888 4.58333 4.62387 4.5996 4.59402
4.56473 4.56111 4.62588 4.63037 4.6226 4.62799 4.58675 4.68477 4.69686 4.65948 4.61008 4.62308 4.61954 4.59296 4.53949 4.447 4.65294 4.56315 4.56263 4.57109
4.61164 4.66198 4.81532 4.74983 4.72848 4.7785 4.69279 4.36925 4.45385 4.59901 4.49975 4.49857 4.4827 4.51638 4.57653 4.54424 4.54398 4.52762 4.52768 4.53281
4.39148 3.84969 3.81634 3.64983 3.55179 3.57214 4.1706 4.12762 4.17766 4.25055 4.14172 4.2053 4.13251 4.68559 4.507 4.33073 4.77808 5.3981 4.86149 4.94577
4.91651 4.53432 4.65512 4.65709 4.64134 4.63819 4.61735 4.44662 4.39887 4.39685 4.43258 4.59864 4.47069 4.99579 4.99708 5.16884 4.49763 4.94198 4.49801 4.562
8.0994 7.90606 7.77828 7.80215 7.781 7.77787 7.59308 7.79014 7.79104 7.83133 7.84614 7.63784 7.77802 7.79765 8.18159 8.1927 7.59775 7.4152 7.44422 7.4233
93.6048 93.161 93.1977 93.1812 93.2058 93.2786 93.1578 92.7646 92.5788 92.5437 92.7221 92.8147 92.6013 93.5101 93.4773 93.5099 91.0153 93.0529 93.6257 93.6633
74.7681 75.1259 75.0527 75.1873 75.1023 75.1347 75.3095 75.3218 75.4098 75.0398 74.8902 75.3136 74.8593 75.1537 74.8668 75.1283 75.8542 74.9967 75.2298 75.1165
73.7898 72.1545 71.6201 71.8042 72.3042 72.0818 71.9595 73.8501 73.043 72.9154 74.2707 73.6061 73.3718 74.1888 74.825 74.1459 74.667 73.355 72.273 71.3238
82.8463 82.3931 82.3562 82.5277 82.5573 82.497 82.3104 82.6945 82.9052 83.1095 83.2201 82.9736 82.847 83.195 83.32 83.1431 83.0152 83.4465 82.6958 82.4723
103.937 104.112 104.356 104.51 104.471 104.396 104.616 104.377 104.437 104.013 104.79 104.653 104.021 104.442 103.077 103.891 104.382 104.475 103.516 103.508
66.1536 65.1637 64.9501 65.0578 64.9976 65.061 64.7743 65.9581 65.5915 65.812 66.4234 66.6369 66.4432 65.9636 65.9325 66.0009 66.5907 65.7333 65.2575 65.274
142.284 142.845 142.996 142.914 142.908 143.018 142.756 143.956 143.766 143.797 143.765 143.754 143.985 142.389 142.319 142.299 144.005 140.598 141.023 140.509
5.49749 5.57959 5.58214 5.58684 5.59129 5.59172 5.59807 5.61239 5.62702 5.6138 5.60481 5.61981 5.61412 5.49071 5.49891 5.52859 5.99244 5.12236 5.59735 5.53234
4.38112 4.45686 4.43892 4.44154 4.44038 4.44298 4.38648 4.38946 4.36558 4.36958 4.43249 4.23743 4.24935 4.47085 4.50545 4.42696 4.34374 4.40914 4.37046 4.35661
4.42617 4.57364 4.74362 4.67823 4.6949 4.72732 4.66856 4.52475 4.54277 4.56083 4.5948 4.53941 4.60356 4.36276 4.36021 4.37377 4.48445 4.53625 4.5949 4.58464
4.44347 4.41704 4.46151 4.42033 4.43151 4.43768 4.42894 4.44474 4.5311 4.4512 4.40225 4.52135 4.39903 4.39583 4.42793 4.39998 4.61428 4.36436 4.44607 4.42251
5.69037 5.82591 6.04893 6.07858 6.11272 6.09017 5.96427 6.27127 6.75466 6.1073 6.02597 6.08405 6.37248 5.50789 5.62354 5.60972 5.81198 5.67603 5.11897 4.974
4.13425 4.11031 4.04565 4.14563 4.12224 4.0284 4.15067 3.90086 4.06319 4.13429 4.15938 4.30421 4.32897 4.33443 4.11412 4.12568 4.77778 4.68604 4.66999 4.68546
4.56804 4.04972 4.36675 4.41937 4.30948 4.41734 4.21545 4.81723 4.62336 4.32649 4.19427 4.4885 4.29968 4.30054 4.54226 4.29907 4.35464 4.34411 4.42086 4.4184
7.70507 7.80761 7.90304 7.99853 7.91792 7.91869 7.8983 7.82446 7.82594 7.85091 7.86482 7.84828 7.87348 7.65461 7.5925 7.64557 7.71913 7.39301 7.68529 7.59458
92.0933 91.9954 92.583 92.6158 92.5764 92.6451 92.5356 93.1502 93.4554 93.0288 93.7456 93.1359 93.4653 92.1673 92.6218 91.9992 92.4825 92.1064 92.2342 92.3012
77.0743 76.8371 76.8084 76.7508 76.8441 76.8448 76.7576 76.6598 76.7155 76.56 76.5266 76.7087 76.918 77.0566 76.5176 76.9818 76.8757 76.6051 76.7314 76.6613
70.815 72.3975 71.1771 71.133 71.3605 71.2394 71.24 70.9879 71.3401 71.068 70.494 71.3971 71.2505 70.9224 71.7462 71.4771 70.8898 70.6197 70.1333 70.6222
82.6154 82.2195 81.8846 82.2217 82.2732 81.9536 82.0054 82.9631 82.8514 82.4842 83.1608 83.044 83.0966 83.2131 82.5705 82.3288 83.3161 82.2574 81.7885 82.5246
105.119 106.002 104.318 104.217 104.312 104.643 104.963 105.564 105.749 105.773 106.224 106.235 106.238 105.425 104.253 104.678 104.344 105.146 104.762 104.855
66.2013 64.7188 64.9177 64.8447 64.9124 64.9794 64.7269 66.2011 66.2629 66.6111 65.9587 66.3681 66.1775 66.1704 67.375 66.8997 65.5454 65.7327 65.4914 65.015
143.22 143.24 142.959 142.837 142.849 142.919 142.896 142.994 143.136 143.146 143.632 143.265 143.476 143.234 143.06 143.57 143.858 142.109 141.953 142.216
5.71596 5.79613 5.82728 5.86904 5.84797 5.92763 5.76656 5.75447 5.76128 5.74316 5.77213 5.78611 5.7809 5.71799 5.23575 5.75097 5.61028 5.7087 5.69322 5.69023
4.25646 4.14126 4.18625 4.17904 4.1962 4.18641 4.17172 4.16569 4.16744 4.19232 4.20678 4.19026 4.23492 4.26664 4.24642 4.26554 4.33876 4.2898 4.25647 4.26138
4.39461 4.34246 4.35603 4.35605 4.32774 4.3433 4.35179 4.43472 4.3932 4.43097 4.41897 4.37683 4.36126 4.41625 4.37863 4.40256 4.55687 4.49675 4.49466 4.4551
4.44092 4.53022 4.53043 4.49648 4.53066 4.53586 4.46412 4.41605 4.46521 4.44355 4.36674 4.42348 4.47767 4.51018 4.3598 4.43412 4.44768 4.45221 4.47601 4.43688
6.01552 5.96945 5.70932 5.67024 5.66349 5.68258 5.64075 5.82614 5.83611 5.97948 5.94763 5.79973 5.95476 5.93009 6.33194 5.85503 6.25458 5.71698 5.60831 5.57876
4.09669 3.95636 4.06808 4.09931 4.05127 4.00006 4.11695 4.28738 4.36534 4.44078 4.44256 4.21547 4.37842 4.02837 4.28391 4.14855 4.44216 4.75764 4.69148 4.42813
4.32205 4.83029 4.51918 4.50504 4.5168 4.60979 4.44941 4.2791 4.31153 4.39063 4.25528 4.30877 4.20807 4.26669 4.30685 4.21048 4.4289 4.35543 4.36512 4.33691
7.75422 8.03966 8.00798 8.09613 8.08295 8.01603 8.12466 7.96675 7.98936 8.04065 8.04494 7.95017 8.0036 7.80885 7.76692 7.77702 7.73124 7.82624 7.85921 7.87026
