92.3215 92.0869 92.294 91.9368 92.252 92.2903 92.2998 92.2119 92.2294 91.8721 91.807 91.9371 91.9637 91.8914 91.9103 91.8732 91.9058 91.8702 91.8398 91.9807 91.8594 91.8009 91.8238 91.8025 91.797 91.7782 91.788 92.0095 91.9215
75.4757 75.5363 75.5475 75.381 75.4866 75.5384 75.5485 75.58 75.44 75.5831 75.7687 75.5733 75.6458 75.5875 75.4692 75.5447 75.513 75.5779 75.6815 75.5744 75.7634 75.5125 75.4829 75.5893 75.4944 75.4339 75.3258 75.3151 75.4686
72.8618 73.0324 72.5991 73.5538 72.9691 72.9154 73.1334 73.4726 73.0696 74.2115 74.3474 74.2197 74.0754 74.0633 73.9709 74.1499 74.0498 73.9749 74.2355 73.5887 73.8792 74.2227 74.1162 74.0278 74.3447 74.5167 72.9941 73.8704 72.9078
82.8977 82.9785 82.7828 83.103 83.0101 82.8958 82.8637 82.9484 82.7687 83.3569 83.3714 83.3219 83.234 83.2303 83.2452 83.2474 83.2285 83.2251 83.2428 83.0698 83.2185 83.2593 83.2062 83.1901 83.3227 83.3614 81.875 82.9485 83.1068
66.5206 66.46 66.445 66.5393 66.5102 66.4885 66.5014 66.5094 66.466 66.0014 66.0922 65.9768 66.0103 65.9924 65.9753 66.0549 66.0006 66.0102 66.0984 66.0188 66.0806 66.1678 66.2411 66.1856 66.2288 67.0509 63.1128 65.6362 65.9377
138.222 138.366 137.95 139.037 138.868 138.648 138.595 138.861 138.433 139.233 139.275 139.208 139.159 139.037 138.987 138.974 138.926 138.946 139.008 138.452 138.844 138.869 138.818 138.726 139.16 138.844 138.845 137.789 137.764
5.74164 5.71964 5.72885 5.75238 5.72291 5.71826 5.7247 5.70468 5.70144 5.90537 5.89557 5.89811 5.89208 5.88914 5.89203 5.8922 5.88199 5.90327 5.88624 5.89139 5.88319 5.87963 5.87425 5.89372 5.90274 5.87738 5.89858 5.86612 5.87847
4.74753 4.69496 4.72159 4.79757 4.5371 4.50138 4.49837 4.51153 4.51316 4.68765 4.76307 4.70065 4.73673 4.70867 4.70694 4.73182 4.70618 4.68052 4.72929 4.68323 4.63464 4.69692 4.70829 4.70829 4.74188 4.72487 4.72131 4.70195 4.63875
4.52192 4.53456 4.53063 4.55101 4.45803 4.46589 4.48022 4.47656 4.49004 4.61575 4.66172 4.62731 4.64296 4.61042 4.60648 4.63971 4.63077 4.58761 4.63291 4.59505 4.58657 4.60657 4.60379 4.56956 4.61927 4.6231 4.70821 5.02556 4.59035
4.45893 4.45673 4.47043 4.4587 4.4522 4.44938 4.45054 4.46026 4.44774 4.5072 4.50251 4.51558 4.51587 4.5143 4.50086 4.51407 4.51431 4.51196 4.51637 4.52085 4.50391 4.50321 4.51833 4.5006 4.50373 4.51727 4.52521 4.49422 4.50789
4.26106 4.26753 4.26508 4.26092 4.22667 4.23858 4.23454 4.24109 4.23663 4.70378 4.71312 4.7098 4.71289 4.71186 4.7131 4.71457 4.7146 4.70618 4.72201 4.7158 4.71593 4.71406 4.71691 4.70633 4.69645 4.72407 5.453 4.78523 4.68877
4.2524 4.25479 4.25025 4.23078 4.17631 4.2387 4.21097 4.27452 4.23841 4.29146 4.28426 4.29077 4.2909 4.291 4.29079 4.29546 4.29379 4.29416 4.29179 4.30942 4.30539 4.29909 4.30408 4.29852 4.30305 4.33779 4.79801 4.36107 4.30551
7.96573 7.9487 8.01742 7.95567 7.78759 7.80199 7.83469 7.81607 7.85553 7.99191 8.11094 7.99733 8.06561 8.044 8.02445 8.10511 8.0919 7.97238 8.09954 8.05914 8.01715 8.05077 8.03861 8.05347 8.04279 8.04379 7.68217 8.85093 7.73549
92.3713 92.1167 92.2233 92.3693 92.3244 92.4167 92.3143 92.2238 92.1911 92.1507 91.9264 92.1939 92.0636 92.0999 92.0942 92.1967 92.1273 92.0619 92.1326 92.3172 91.9544 92.1849 92.0058 92.2638 92.279 92.2131 92.3146 92.4124 92.0795
75.5097 75.4206 75.4335 75.6093 75.6112 75.3908 75.5563 75.542 75.6186 75.6062 75.7425 75.4606 75.4079 75.5686 75.6061 75.5751 75.4549 75.7546 75.468 75.2364 75.6379 75.3976 75.5646 75.4212 75.5435 75.3936 75.427 75.38 75.2388
73.4031 73.2837 73.5109 73.2314 73.3927 73.2538 73.2018 73.2919 73.2267 73.7862 73.4338 73.487 73.2822 73.6962 73.6455 73.669 73.5288 73.3652 73.6941 73.8868 74.2359 73.6937 73.7665 73.6303 73.4317 73.7964 73.1783 73.889 72.7516
82.7149 82.8668 82.8309 82.556 82.7263 82.7203 82.7166 82.7731 82.8305 82.977 82.8505 82.8345 82.8105 82.9049 82.8421 82.8615 82.8349 82.7044 82.8741 82.8784 83.1317 82.8354 82.8694 82.7728 82.698 82.902 82.4706 83.0532 82.8235
65.984 66.0965 65.9081 66.211 66.0605 65.9352 65.9477 65.9987 65.8967 65.9553 65.7713 65.9311 65.737 65.993 65.8574 65.8533 65.9394 65.8902 65.9145 65.7851 65.8969 65.9403 65.8376 66.0411 66.1297 65.9134 65.8091 65.8196 65.7928
136.509 136.585 136.59 136.466 136.529 136.645 136.631 136.665 136.578 136.769 136.69 136.738 136.673 136.689 136.657 136.642 136.605 136.398 136.523 136.865 136.831 136.477 136.441 136.394 136.514 136.49 136.32 137.905 136.541
5.73796 5.67935 5.70284 5.70672 5.70539 5.68188 5.69568 5.68906 5.67314 5.88896 5.90292 5.8463 5.88768 5.85157 5.87528 5.89279 5.83943 5.88991 5.84327 5.85805 5.86662 5.83276 5.8682 5.84859 5.8734 5.85216 5.85834 5.87818 5.79269
4.64183 4.65653 4.66393 4.69502 4.28792 4.3023 4.28847 4.29387 4.29532 4.59592 4.54605 4.62075 4.58692 4.63551 4.56536 4.53481 4.63539 4.546 4.65721 4.59979 4.69639 4.64876 4.59266 4.63226 4.60412 4.61103 4.65231 4.70286 4.60393
4.57702 4.58213 4.58125 4.61788 4.51749 4.51469 4.51395 4.51419 4.52939 4.66664 4.61825 4.60557 4.60449 4.63045 4.64121 4.64929 4.59956 4.58035 4.61851 4.60104 4.6265 4.60795 4.62285 4.58492 4.61688 4.61865 4.64575 4.96325 4.58586
4.43921 4.43515 4.43298 4.44895 4.42911 4.40205 4.44473 4.45174 4.43701 4.46264 4.48995 4.47969 4.47706 4.475 4.4752 4.47963 4.48364 4.47279 4.47543 4.45908 4.47535 4.47728 4.47125 4.45904 4.47336 4.47245 4.48157 4.45541 4.49063
4.40412 4.3915 4.39887 4.40064 4.36048 4.39437 4.37051 4.36083 4.37895 4.65287 4.69881 4.66246 4.67172 4.65415 4.64569 4.64879 4.64831 4.65021 4.69348 4.65637 4.74035 4.67463 4.66538 4.66015 4.63373 4.67238 4.79722 4.62307 4.59682
4.28086 4.27291 4.26642 4.29699 4.23593 4.22305 4.21912 4.24272 4.2571 4.33755 4.31561 4.33053 4.32128 4.33038 4.33867 4.33277 4.32784 4.3344 4.31705 4.33044 4.31589 4.32759 4.32229 4.31944 4.34931 4.31675 4.41787 4.6285 4.35684
7.37647 7.37974 7.25385 7.41298 7.40458 7.41638 7.44656 7.47076 7.39776 7.43291 7.37234 7.39831 7.37528 7.42207 7.46332 7.42486 7.41389 7.45061 7.38696 7.44268 7.59279 7.40527 7.39074 7.46222 7.44539 7.37857 7.28551 7.78006 7.54687
92.2524 92.3231 92.2566 92.4446 92.31 92.3409 92.1648 92.2198 92.0586 91.896 91.6447 92.0803 91.952 92.1356 91.815 91.6401 92.1385 91.6355 92.0419 91.8283 92.2008 92.0517 91.6531 91.9666 92.0137 91.9678 92.5666 92.6755 91.7501
153.851 153.758 153.551 153.725 154.746 154.09 154.034 154.166 154.039 154.712 154.647 154.176 154.105 154.185 154.364 154.59 154.372 154.152 154.181 154.312 154.07 154.135 154.3 154.206 154.571 154.311 153.672 153.557 154.683
75.5502 75.5128 75.6707 75.6659 75.8038 75.5714 75.6438 75.5914 75.6145 75.8532 75.8855 75.7467 75.7573 75.6195 75.7998 75.8189 75.6923 75.8167 75.7696 75.7382 75.8371 75.738 75.7859 75.8062 75.7224 75.8892 75.4812 75.3711 75.9566
73.6176 73.5885 73.2671 73.5146 73.4553 73.4646 73.6509 73.7351 73.5809 73.8294 74.4294 73.6544 74.1076 73.5861 74.0204 74.0213 73.746 73.5274 73.4448 73.9106 72.8208 73.1491 73.2286 74.0511 73.9891 73.1943 73.6874 73.3387 74.3905
82.6534 82.7696 82.6228 82.6567 82.5865 82.4509 82.5357 82.5317 82.569 82.8917 83.2337 82.8637 83.1026 82.803 83.168 83.2542 82.8589 83.0513 82.8365 83.2623 82.8196 82.8189 83.269 82.9426 82.9535 83.0582 82.6592 82.8527 83.227
65.9569 65.8822 65.9071 65.9539 65.5066 65.5191 65.5136 65.5822 65.3665 65.9602 66.1653 65.7534 65.8244 65.6785 65.6856 65.6951 65.7157 65.7303 65.7112 65.5797 65.6556 65.5887 65.4545 65.6181 65.5898 65.3726 65.9936 65.8241 65.658
139.712 140.012 139.763 139.565 139.45 139.801 139.811 139.904 139.919 139.661 140.016 139.794 139.985 139.694 139.994 139.94 139.695 139.641 139.348 139.777 138.981 139.238 139.551 139.654 140.002 139.455 139.928 139.504 140.52
5.94091 5.95847 5.95937 6.006 5.97018 5.95077 5.94046 5.91959 5.95011 6.45809 6.45109 6.41472 6.45424 6.40671 6.46762 6.41228 6.41107 6.45743 6.39317 6.43098 6.41683 6.38079 6.45987 6.40857 6.48339 6.44025 6.3984 6.4524 6.43736
7.46126 7.50836 7.44513 7.56133 7.34251 7.16361 7.20505 7.22692 7.54285 7.31486 7.32683 7.27416 7.24505 7.25641 7.26985 7.21462 7.29891 7.18956 7.18066 7.20887 7.11753 7.17619 7.2466 7.2948 7.35068 7.25187 7.33042 6.74704 7.35255
4.61986 4.61384 4.59254 4.63955 4.2106 4.18865 4.18467 4.19282 4.19932 4.56705 4.57155 4.66715 4.57793 4.67042 4.54104 4.56983 4.61582 4.51516 4.69686 4.60341 4.62088 4.67053 4.5109 4.62443 4.50184 4.51123 4.58971 4.64938 4.56036
4.70541 4.67647 4.69646 4.6975 4.60476 4.68387 4.69353 4.71134 4.70277 4.79141 4.88045 4.88365 4.84046 4.87372 4.82882 4.84588 4.87125 4.72972 4.88934 4.8623 4.84714 4.87043 4.79482 4.89093 4.82035 4.82007 4.89669 4.76503 4.91701
4.44965 4.44208 4.44804 4.44522 4.44032 4.44108 4.44295 4.44364 4.44488 4.55044 4.5624 4.55423 4.55893 4.54854 4.55653 4.5362 4.55183 4.54431 4.54474 4.54167 4.54154 4.53994 4.53298 4.55222 4.56189 4.53196 4.53253 4.53351 4.56607
4.46132 4.44748 4.52437 4.46064 4.39767 4.44615 4.4165 4.45571 4.45193 4.73774 4.65126 4.60899 4.61619 4.59995 4.64787 4.64979 4.62345 4.68236 4.60435 4.60415 4.60697 4.58565 4.63849 4.61958 4.68847 4.59508 4.59388 4.61528 4.55068
4.29179 4.29255 4.28969 4.29659 4.25804 4.30682 4.29146 4.29763 4.2839 4.41582 4.40308 4.47103 4.42175 4.48126 4.41097 4.37996 4.46739 4.3599 4.47501 4.41955 4.45056 4.47064 4.36996 4.46536 4.48774 4.44734 4.48913 4.41764 4.47944
7.78074 7.79865 7.85515 7.81457 7.73272 7.8277 7.85298 7.85013 7.85612 7.81505 7.9349 7.77292 7.85797 7.72388 7.85644 7.8839 7.69777 7.77361 7.71143 7.78393 7.6508 7.65727 7.70158 7.71035 7.78486 7.67543 7.72551 7.80113 7.836
92.5612 92.6592 92.5523 92.7232 92.4036 92.2137 92.0873 92.0496 92.357 92.2033 92.02 92.4463 92.5736 92.4174 92.4845 92.0926 92.3191 92.4054 92.1932 92.1658 92.2663 92.3254 91.7117 91.8316 91.8091 91.7359 91.5407 92.5392 91.0473
153.792 154.255 154.035 154.437 153.74 154.332 154.156 154.142 154.469 154.711 154.555 154.385 154.125 154.308 153.983 154.49 154.403 153.996 154.72 155.016 154.119 154.042 154.81 154.463 155.339 154.499 155.038 153.62 155.875
74.8612 74.8911 74.8855 74.7618 74.9551 75.2013 75.2921 75.1799 75.3076 75.3303 75.1933 75.4117 75.3197 75.4222 75.1157 75.2365 75.6332 75.3933 75.0171 75.2277 74.9225 74.9937 75.4715 75.0437 75.8462 75.5668 75.5389 75.1276 75.8833
73.7438 73.8216 73.7176 73.8504 73.0851 72.8926 73.0698 72.9201 73.2176 73.4327 73.3846 73.5695 73.5298 73.4594 73.6021 73.4436 73.4641 73.5925 73.6325 73.7454 73.6546 73.7581 73.7983 73.2819 73.9224 73.2729 74.5014 73.0893 73.412
82.7998 82.8796 82.8693 82.7588 82.2316 81.4973 82.0282 81.8687 81.8093 82.8198 82.4983 82.8673 82.8158 82.9032 82.8941 83.2006 83.0067 83.0101 83.1395 83.1959 83.0617 83.1276 83.525 82.7616 83.3844 83.4472 83.7358 82.7658 83.5298
140.405 140.36 140.22 140.333 140.97 140.751 141.141 140.943 140.879 140.886 140.579 140.543 140.785 140.694 140.899 140.198 140.882 140.133 139.917 140.144 139.423 139.735 139.959 140.109 142.226 140.091 142.044 139.521 142.585
5.87323 5.85633 5.8788 5.81608 6.03733 6.05974 5.97407 6.00198 6.05081 6.33016 6.32728 6.34302 6.37297 6.3459 6.35535 6.31292 6.35996 6.37876 6.28427 6.32396 6.2355 6.25019 6.36355 6.27658 6.34527 6.33366 6.34497 6.34602 6.48383
7.63454 7.79186 7.66146 7.78317 7.83015 7.79199 7.74921 7.67867 7.86293 7.21923 7.07464 6.98488 6.97823 7.06323 6.96782 7.19988 7.13546 6.91238 7.28447 7.21812 7.22464 7.22337 7.30214 7.26281 7.28967 7.291 7.51895 6.76649 8.15385
4.50209 4.485 4.47548 4.49062 4.11755 4.18445 4.16874 4.16408 4.1708 4.57045 4.56201 4.59418 4.61764 4.61452 4.60804 4.61185 4.61821 4.58755 4.62167 4.58669 4.63535 4.64042 4.58997 4.64621 4.65533 4.58363 4.63862 4.74335 4.55105
4.52652 4.50859 4.49266 4.51917 4.48539 4.56995 4.51971 4.53541 4.52523 4.7348 4.69757 4.6688 4.69575 4.69892 4.69632 4.6349 4.76299 4.6821 4.67345 4.66768 4.68383 4.69413 4.65502 4.80515 4.8652 4.64867 4.7688 4.71759 3.49573
4.4743 4.46684 4.4805 4.47833 4.48229 4.519 4.50886 4.51203 4.48456 4.57584 4.58578 4.59851 4.59655 4.58586 4.60475 4.56738 4.59351 4.59693 4.57162 4.57696 4.5664 4.56861 4.58119 4.56538 4.59497 4.57769 4.59661 4.57189 4.58228
7.82712 7.79393 7.77895 7.77768 8.14274 8.0098 8.10572 8.05131 8.0317 7.96617 7.9668 7.77728 7.88897 7.85121 7.91401 7.66381 7.96652 7.69367 7.52637 7.58858 7.51249 7.63172 7.59914 8.01633 8.51907 7.84343 7.99249 7.679 8.20559
93.2978 93.3997 93.3908 93.5153 93.4813 93.3129 93.3029 93.2103 93.3478 93.319 93.3432 93.305 93.4711 93.2483 93.4339 93.3246 92.9668 93.3224 93.2784 93.305 93.1806 93.1932 92.9621 93.038 92.4762 92.8954 93.9167 92.4001 92.5663
75.0079 75.0218 75.0756 75.1292 74.8244 74.9662 74.9396 74.9241 74.8319 74.9908 75.2445 75.2822 74.9437 75.2773 75.2631 75.2181 75.2526 75.1926 75.2333 75.1612 75.0628 75.3301 75.2167 75.2855 75.48 75.1678 74.7798 75.4507 75.5007
72.4707 72.725 72.5585 72.4468 73.1541 73.7939 73.8098 73.5145 72.4469 72.998 72.5754 72.3326 72.0743 72.2629 72.2895 72.39 72.7234 72.8016 72.32 72.3736 72.1651 72.1696 72.6726 72.5826 72.6929 72.8371 70.3921 72.3883 73.067
82.4676 82.5899 82.3934 82.3765 82.4811 82.8345 82.9266 82.9306 82.6987 83.0615 82.7318 82.6467 82.6031 82.6165 82.68 82.6806 82.9862 82.8435 82.7036 82.697 82.9727 82.9231 83.0085 82.9352 82.8438 83.2299 82.4683 83.0522 83.4323
103.374 103.526 103.474 103.353 103.715 103.374 103.475 103.218 103.359 103.267 102.834 103.203 103.278 103.134 103.062 103.352 103.103 103.367 103.145 103.265 103.027 102.932 103.338 103.132 105.417 103.324 105.124 103.341 103.409
65.3044 65.397 65.3754 65.5401 64.8727 65.0689 64.8205 65.1724 64.7878 64.9352 65.2663 65.0107 65.0509 65.0115 65.2914 65.0256 64.8239 65.036 65.0961 64.9484 65.0183 65.1123 64.5883 65.1414 65.2368 64.4955 65.7092 64.7712 65.0226
141.308 141.517 141.387 141.17 141.593 141.924 141.807 141.807 141.783 141.652 141.107 140.727 140.762 140.96 140.912 140.975 141.235 140.87 140.73 140.761 140.866 140.882 141.339 141.061 143.015 141.58 141.919 141.301 142.662
5.48308 5.47738 5.50397 5.50651 5.44181 5.32327 5.36885 5.39794 5.39626 5.38594 5.43627 5.46629 5.44349 5.4609 5.45334 5.41927 5.4543 5.45958 5.42713 5.44125 5.40892 5.3763 5.45264 5.41988 5.32719 5.42451 5.24221 5.23406 5.48627
4.33812 4.35234 4.35169 4.34551 4.26314 4.26135 4.24167 4.21633 4.21855 4.37764 4.42083 4.40336 4.45636 4.41513 4.41777 4.40266 4.40166 4.38434 4.39844 4.38499 4.43635 4.41126 4.40077 4.44065 4.39943 4.39117 4.26543 4.48609 4.44443
4.43695 4.41915 4.4587 4.45902 4.38819 4.37487 4.40267 4.4367 4.44428 4.55984 4.52462 4.55092 4.53935 4.54115 4.5431 4.5347 4.56081 4.55385 4.5394 4.54526 4.53077 4.53819 4.55486 4.54917 4.5909 4.55352 4.57022 4.4793 4.52974
4.37724 4.37392 4.38625 4.3893 4.38521 4.38959 4.36196 4.41495 4.3537 4.4191 4.41511 4.42201 4.42031 4.43021 4.4028 4.39834 4.4307 4.42259 4.40451 4.41533 4.36067 4.33979 4.41418 4.40956 4.40267 4.40614 4.34105 4.35806 4.4621
5.26316 5.33593 5.1797 5.19849 5.49553 5.50258 5.4695 5.44953 5.52178 5.25274 5.10206 5.09501 5.13768 5.18322 5.1633 5.24249 5.15418 5.09285 5.15582 5.17908 5.17198 5.23072 5.11593 5.19383 6.12107 5.19135 5.70738 4.9169 5.58844
4.14295 4.08858 4.09529 4.03986 4.26578 4.27313 4.21876 4.2391 4.19723 4.62239 4.416 4.48431 4.43853 4.46962 4.37673 4.4133 4.67908 4.60697 4.37133 4.46214 4.47025 4.4042 4.75632 4.46778 4.68227 4.8398 4.37929 4.73677 4.60099
4.23351 4.22381 4.2602 4.25809 4.24536 4.18971 4.22161 4.2355 4.23565 4.25967 4.30577 4.31447 4.3195 4.30457 4.31331 4.29464 4.28373 4.30052 4.30181 4.30228 4.29154 4.29224 4.28778 4.28474 4.28319 4.27514 4.31497 4.24298 4.178
7.56624 7.57911 7.51796 7.56872 7.70448 7.6811 7.68831 7.68552 7.71898 7.62871 7.5038 7.51222 7.50703 7.54857 7.5354 7.52709 7.60703 7.52799 7.48076 7.52859 7.52711 7.48999 7.4934 7.55504 7.74091 7.49776 7.80099 7.53313 7.83068
92.9189 93.4881 93.4215 93.2062 92.8422 92.8641 92.8263 92.8052 92.8197 93.0281 93.0495 93.0946 93.0406 93.0032 92.9784 92.9783 92.8741 93.0494 93.0023 93.0226 92.9826 93.2207 92.9659 92.8688 92.1031 92.972 93.8669 92.0611 92.7013
76.1117 76.1493 76.2209 76.0033 76.126 76.3021 76.2328 76.0259 76.1148 76.0467 75.7768 75.8462 75.7854 75.9434 76.0397 76.0475 75.9356 75.798 75.972 75.8429 76.04 75.9166 75.8502 75.9724 76.5412 75.7556 76.331 76.0772 76.5099
73.0056 72.6915 73.1277 73.453 73.7021 73.4923 73.5135 73.3894 73.8248 73.109 73.0041 72.9763 73.243 72.958 73.0619 73.1848 73.1639 73.1862 73.1697 73.0677 73.12 72.6794 73.0146 73.2336 74.148 72.8565 71.3113 73.9834 73.5058
96.5711 96.9702 97.6338 97.9168 97.931 97.8178 97.7494 97.7091 97.7809 97.5321 97.5841 97.7792 98.6666 97.6868 97.6583 97.7219 97.5489 97.86 97.7661 97.5163 97.5519 97.8245 97.6151 97.7871 98.1993 97.3438 98.7015 101.636 97.3849
65.5149 65.6906 65.6334 65.4385 65.3913 65.1844 65.2196 65.4066 65.2347 66.1187 65.6685 65.5736 65.3791 65.6114 65.7992 65.6942 65.4754 65.4948 65.7089 65.5415 65.9081 65.663 65.5375 65.65 65.0312 65.3322 66.5795 65.1544 65.5073
141.504 141.647 141.933 141.51 141.048 140.956 141.05 141.224 141.132 141.542 141.494 141.479 141.69 141.382 141.429 141.449 141.387 141.484 141.541 141.497 141.361 141.259 141.479 141.299 142.101 141.415 143.746 141.828 141.277
5.55246 5.55667 5.56102 5.5789 5.57806 5.57055 5.57955 5.57782 5.56867 5.62186 5.61145 5.61449 5.60536 5.60848 5.61999 5.61653 5.61433 5.61596 5.61276 5.61149 5.60708 5.59458 5.60292 5.6188 5.59121 5.61416 5.71892 5.48386 5.6314
4.36655 4.38525 4.41458 4.45346 4.18529 4.15211 4.17839 4.17008 4.19435 4.51547 4.49732 4.50012 4.48929 4.44577 4.45818 4.48021 4.48643 4.4824 4.49059 4.49974 4.47741 4.45848 4.46383 4.50144 4.22501 4.54354 4.57709 4.22673 4.27543
4.49056 4.478 4.46887 4.46657 4.46657 4.45751 4.47978 4.47875 4.49732 4.50173 4.47902 4.48641 4.48832 4.47403 4.48993 4.49373 4.48618 4.49695 4.49079 4.483 4.49236 4.48253 4.48467 4.48995 4.4908 4.49129 4.49951 4.32346 4.47986
5.54296 5.47871 5.6258 5.68395 5.49861 5.42235 5.47925 5.59457 5.55928 5.55465 5.61749 5.61711 5.62666 5.58941 5.56827 5.57242 5.6103 5.62366 5.61351 5.63341 5.52453 5.59931 5.60814 5.58335 5.80551 5.60318 5.66494 5.85071 5.42288
4.32486 4.37942 4.36302 4.31698 4.29359 4.24089 4.25812 4.30053 4.1534 4.5991 4.47695 4.46108 4.49232 4.4887 4.49667 4.49195 4.4251 4.41658 4.50305 4.43015 4.58111 4.52196 4.45995 4.49319 4.36246 4.41463 4.53744 4.2075 4.4414
4.20223 4.20936 4.19789 4.19106 4.18099 4.17093 4.15836 4.1824 4.15668 4.52527 4.516 4.52454 4.51014 4.52065 4.52958 4.51965 4.50752 4.52338 4.5212 4.52076 4.51747 4.53112 4.52144 4.50517 4.50047 4.52276 5.14914 4.4896 4.48574
7.79992 7.79087 7.85181 7.81639 7.65805 7.63061 7.6637 7.74173 7.73677 7.77934 7.79449 7.80559 7.81386 7.78373 7.77694 7.7755 7.77405 7.79305 7.80003 7.80567 7.76304 7.78486 7.78899 7.74148 7.82494 7.78578 8.08592 7.50417 7.73112
91.2875 91.6103 91.3989 91.7304 91.406 91.349 91.3958 91.6792 91.5301 92.1049 92.0907 91.9237 91.893 91.6272 91.8701 91.9472 91.748 91.9294 91.9119 91.9803 91.9565 92.0305 91.6434 91.7845 91.416 91.9182 92.1343 91.2729 91.5575
75.5305 75.7653 76.1845 76.0936 75.209 75.3321 75.2489 75.2 75.247 75.56 75.8846 75.7879 75.6465 75.7637 75.4948 75.485 75.7201 75.6471 75.6993 75.7246 75.3987 76.0009 75.7603 75.6226 75.6264 75.8952 75.688 75.7752 75.6928
74.9871 75.5487 75.6949 75.1935 74.1956 74.0871 74.1937 74.0259 74.4098 74.2572 73.9533 74.421 74.465 74.7534 74.6372 74.4659 74.5256 74.2674 74.4363 74.4155 74.4986 74.3993 74.6995 74.7154 73.9807 74.1564 74.6288 75.3827 74.9353
83.6944 84.0867 84.0776 83.6366 83.5257 83.6097 83.6693 83.3118 83.4668 83.2451 83.1187 83.4596 83.4786 83.4732 83.5588 83.5079 83.6132 83.4886 83.4562 83.3703 83.4272 83.364 83.4432 83.5997 83.6614 82.7951 82.8146 84.1401 84.0634
65.8415 65.9302 65.9117 66.0681 65.9251 65.8034 65.8273 65.8833 65.9628 66.0926 66.1082 66.0475 66.0371 66.0868 66.1244 66.0789 66.0025 66.1137 66.0158 66.1584 66.154 66.1019 66.1378 66.048 66.0692 66.1744 66.8208 68.4437 65.9484
137.632 137.982 138.064 137.569 137.038 137.014 137.029 136.986 137.057 136.409 136.306 136.535 136.841 136.575 136.597 136.516 136.511 136.615 136.576 136.674 136.467 136.211 136.532 136.581 137.972 136.121 136.136 138.921 137.942
5.37398 5.56695 5.79691 5.78347 5.34614 5.36652 5.36681 5.42225 5.43811 5.57731 5.61473 5.62263 5.61594 5.74111 5.56771 5.55129 5.81053 5.59515 5.57961 5.64189 5.51991 5.62375 5.74303 5.77329 5.84179 5.88175 5.729 5.89092 5.66019
4.53925 4.50477 4.46747 4.47523 4.44716 4.41492 4.42478 4.44291 4.39626 4.52416 4.47139 4.50118 4.51586 4.47288 4.5203 4.52486 4.48433 4.51518 4.49724 4.52955 4.55524 4.47447 4.4756 4.49586 4.6709 4.54054 4.61955 4.54143 4.48564
4.55734 4.56915 4.57842 4.56301 4.50093 4.48416 4.50819 4.50149 4.52557 4.57376 4.52301 4.57389 4.58483 4.58502 4.57364 4.57067 4.57648 4.56386 4.56893 4.60036 4.57484 4.53474 4.58252 4.5796 4.5979 4.60656 4.66334 4.64292 4.56763
4.36559 4.37251 4.39304 4.39641 4.32694 4.34331 4.33789 4.29364 4.31708 4.39761 4.41996 4.4073 4.4046 4.43094 4.38298 4.39499 4.39993 4.40509 4.40211 4.42689 4.3999 4.41649 4.43462 4.39369 4.45144 4.45773 4.4544 4.4707 4.40557
4.26635 4.19979 4.22478 4.25784 4.2014 4.28521 4.25608 4.19648 4.22159 4.4057 4.47953 4.47664 4.50246 4.50837 4.41822 4.41361 4.42655 4.45598 4.43649 4.49475 4.41096 4.59129 4.5079 4.38141 4.66293 4.55172 4.65816 4.61189 4.50502
4.43749 4.32797 4.32335 4.36322 4.21097 4.15802 4.19121 4.19266 4.20048 4.25667 4.26924 4.26157 4.25523 4.30079 4.24571 4.23658 4.23774 4.25505 4.24297 4.28167 4.24015 4.28529 4.29852 4.23202 4.27861 4.30466 4.3198 4.47413 4.35386
7.94842 7.93017 7.86121 7.72337 7.66518 7.67749 7.71458 7.65913 7.6937 7.66516 7.61424 7.63087 7.65667 7.6693 7.63674 7.6175 7.66679 7.64923 7.57215 7.65119 7.64112 7.67658 7.6721 7.62694 7.83312 7.66017 7.85626 7.815 7.93847
91.494 91.4421 91.4917 91.5551 91.5335 91.4024 91.6161 91.5412 91.397 91.2822 91.1262 91.0939 91.1468 91.2149 91.222 91.3295 91.1627 91.1429 91.2995 91.2594 91.4199 91.2392 91.2784 91.2447 91.5043 91.2094 90.932 90.0234 91.2014
154.831 154.697 154.731 154.626 154.264 154.472 154.37 154.35 154.529 154.446 154.404 154.264 154.451 152.117 154.45 154.438 154.379 154.419 154.178 154.316 154.643 154.476 151.804 154.4 155.031 154.889 154.498 155.04 154.422
75.5729 75.5847 75.5136 75.5418 75.4659 75.5023 75.4022 75.4208 75.405 75.8882 75.7767 75.7591 75.9102 76.1464 75.8891 75.8231 75.8303 75.8383 75.7066 75.7692 75.7333 75.8609 76.1037 75.8503 75.7419 75.8846 76.0223 75.8939 75.6979
73.907 73.7925 73.879 74.0884 74.3063 74.3283 74.4992 74.3917 74.6359 73.9238 73.8707 73.8036 73.404 73.5772 73.3267 73.5013 73.6752 73.6791 73.7048 73.865 73.7839 73.5118 73.6357 73.4411 74.275 75.4893 74.9697 74.5887 73.8817
83.4922 83.6401 83.6333 83.6672 83.6835 83.7631 83.7529 83.6966 83.7972 83.8512 83.9771 83.803 83.7922 83.4605 83.8168 83.832 83.8814 83.8652 83.7431 83.7213 83.8244 83.8198 83.4553 83.8123 83.3796 83.9423 84.2667 83.8985 83.8095
141.496 141.089 141.35 141.212 141.95 142.125 142.039 141.962 142.311 141.682 142.012 141.935 141.736 142.073 141.914 141.876 141.934 141.907 141.881 141.763 141.676 141.772 142.237 141.848 140.122 141.914 142.122 142.438 142.004
5.90547 5.8913 5.8733 5.88106 5.83043 5.87226 5.86455 5.87923 5.8726 6.38122 6.3783 6.37589 6.37936 6.46433 6.38018 6.38 6.3754 6.38253 6.37351 6.37617 6.39759 6.37577 6.47354 6.37766 6.39522 6.36366 6.41984 6.50403 6.38267
7.84737 7.88459 7.84592 7.84278 7.50476 7.51879 7.5207 7.49145 7.62289 7.3027 7.28755 7.17767 7.26748 8.63847 7.25753 7.22446 7.25151 7.26145 7.11177 7.24687 7.26086 7.31063 8.5381 7.2437 7.54883 7.31783 7.49815 7.56001 7.13727
4.61407 4.65184 4.6907 4.67232 4.40636 4.39044 4.36907 4.41282 4.42561 4.57144 4.61743 4.67608 4.60625 4.68034 4.58008 4.58117 4.60876 4.60406 4.6564 4.62281 4.57962 4.58071 4.67641 4.59225 4.55459 4.57923 4.52692 4.614 4.68649
4.74345 4.72551 4.67865 4.68844 4.63185 4.62576 4.65414 4.62777 4.61672 4.80161 4.8031 4.82945 4.8156 4.65685 4.781 4.7874 4.80834 4.80999 4.80064 4.8215 4.7672 4.78132 4.6322 4.79551 4.85865 4.87045 4.9088 4.86967 4.83309
4.40988 4.40085 4.40116 4.39789 4.41093 4.40053 4.403 4.41938 4.41089 4.50487 4.49616 4.50739 4.49821 4.47043 4.49202 4.49321 4.49967 4.50388 4.50089 4.51656 4.49331 4.49796 4.47128 4.49575 4.49199 4.50253 4.36539 4.44037 4.50657
8.24715 8.3394 8.24988 8.15796 8.20222 8.25307 8.24911 8.23228 8.25919 8.39726 8.37045 8.41141 8.36178 8.05702 8.3967 8.34469 8.41016 8.36013 8.3456 8.41227 8.28981 8.44239 8.08505 8.41073 7.81535 8.05781 8.44677 7.55706 8.43295
91.4633 91.305 91.3998 91.4361 91.5839 91.6636 91.6399 91.6735 91.7864 91.5503 91.6974 91.6922 91.5693 91.3603 91.5546 91.6684 91.5594 91.6486 91.8668 91.7775 91.7273 91.6748 91.3081 91.5813 90.8546 90.3802 91.1193 91.5102 91.693
155.419 154.912 155.133 154.954 155.702 155.489 155.557 155.443 155.445 154.532 153.906 154.225 154.281 154.324 154.098 153.965 154.416 154.178 153.959 154.33 154.13 154.026 154.437 154.321 155.029 154.953 155.248 154.672 154.619
75.8897 75.8628 76.0002 75.8722 76.1766 76.1058 76.1129 76.1247 76.0871 75.9255 75.8328 75.8555 75.9206 75.9297 75.8821 75.7645 75.7649 75.8665 75.7664 75.8175 75.7482 75.8836 75.9837 75.7912 76.1997 76.2357 75.7237 76.2772 75.8587
74.1593 73.9845 74.0168 73.4228 73.5117 73.5786 73.6306 73.9422 74.1698 73.369 73.4946 73.4145 73.2768 73.45 73.3776 73.5117 73.4863 73.4835 73.5211 73.5765 73.4944 73.4027 73.3361 73.4181 74.9193 75.0426 74.073 75.6066 73.5455
83.401 83.2682 83.2421 83.0998 83.1947 83.3125 83.3682 83.3957 83.4616 83.2597 83.2064 83.1743 83.233 83.2381 83.2167 83.2194 83.2643 83.2146 83.153 83.1982 83.1176 83.1893 83.2248 83.2209 84.1159 83.8938 83.6358 84.8972 83.0945
139.935 139.47 139.888 139.876 139.839 139.854 139.77 139.777 139.854 140 139.92 139.835 139.834 139.789 139.833 139.722 139.778 139.895 139.794 140.189 139.89 139.801 139.723 139.747 142.474 142.24 141.438 142.06 139.828
5.57145 5.39599 5.53384 5.54114 5.78933 5.76887 5.78243 5.76781 5.76578 6.19997 6.22686 6.22501 6.20306 6.07833 6.22263 6.20016 6.21036 6.22459 6.22545 6.1907 6.11331 6.17181 5.98804 6.20326 6.36987 6.34694 6.39739 6.40949 6.18598
8.1391 8.07695 8.11309 8.01305 8.13137 8.0693 8.06473 8.08683 8.02828 7.27792 7.08187 7.24108 7.27572 7.14345 7.16071 7.02361 7.2078 7.20078 7.08991 7.22552 7.17873 7.16915 7.1835 7.16527 7.5424 7.52119 7.43969 7.20192 7.36404
4.54349 4.55298 4.53026 4.6057 4.24625 4.23373 4.22914 4.2434 4.24245 4.6528 4.68678 4.67231 4.65165 4.73088 4.65458 4.69306 4.74353 4.66826 4.69463 4.70424 4.66422 4.6361 4.69186 4.71078 4.49668 4.68931 4.66497 4.73531 4.68593
4.62194 4.59694 4.6516 4.67067 4.56333 4.58467 4.58718 4.58733 4.59255 4.88944 4.75292 4.80049 4.81807 4.85623 4.81522 4.79953 4.83834 4.82592 4.7947 4.83544 4.82587 4.75037 4.858 4.84107 4.79951 4.85057 4.86386 4.91035 4.80446
4.39531 4.39078 4.39151 4.3907 4.37083 4.37746 4.38884 4.37889 4.37704 4.49628 4.5037 4.50704 4.50681 4.50069 4.50996 4.50793 4.51378 4.50803 4.50395 4.49759 4.50668 4.49414 4.4972 4.5155 4.28991 4.53849 4.58625 4.45069 4.50806
7.84506 7.83334 7.85318 7.85132 7.81372 7.85342 7.81676 7.81965 7.85109 7.62766 7.53596 7.49892 7.51751 7.60227 7.5025 7.45165 7.5218 7.50736 7.49662 7.66073 7.56761 7.60059 7.57017 7.50156 7.98848 7.77915 8.47617 7.98131 7.54139
92.0361 92.0594 91.9772 92.0023 91.8127 91.9437 91.7579 91.8199 91.9262 92.0466 92.1527 92.1569 91.8826 92.148 91.9687 92.1687 92.0981 92.1815 92.2274 92.0867 92.0237 92.1035 91.9426 92.0594 90.6964 91.1273 91.0412 90.6663 91.9569
154.633 155.217 155.268 155.143 154.839 154.791 154.836 154.289 154.418 155.232 155.364 155.494 155.477 155.203 155.236 155.14 155.134 155.426 155.441 155.396 155.024 155.357 155.316 155.07 155.093 154.993 155.101 154.989 154.656
76.0847 76.028 76.153 76.078 75.8843 75.8822 75.9031 75.6877 75.6821 76.0837 76.0713 76.2438 76.2402 76.0991 76.1599 76.0586 76.0261 76.1808 76.2003 76.0962 76.0556 76.1416 76.1313 76.0246 76.1921 76.1404 76.5143 76.5831 75.7827
83.1614 83.1474 83.2464 82.9395 83.1418 83.1763 83.0826 83.2243 83.2139 82.8826 82.9619 83.017 83.0466 82.9019 82.9736 82.8739 82.8314 82.9633 83.0416 82.939 82.8813 83.0443 83.0189 82.8228 83.5142 83.4402 83.3345 82.6721 82.911
140.042 139.941 140.473 140.291 140.262 140.129 140.296 140.341 140.593 140.697 140.894 141.053 140.902 140.459 140.658 140.327 140.335 140.815 140.905 141.049 140.63 140.845 140.42 140.276 142.134 141.255 140.875 142.199 140.031
5.59021 5.63706 5.73117 5.75831 4.26555 5.07433 4.94955 5.04671 5.16974 6.29125 6.35268 6.3597 6.33846 6.31291 6.34803 6.34625 6.30248 6.35432 6.37144 6.33283 6.33933 6.35619 6.31148 6.31773 6.35198 6.21568 5.93756 6.27647 6.3183
8.14033 8.24862 8.21639 8.11342 7.85682 7.85726 7.85027 7.83573 7.87077 7.7095 7.73567 7.76994 7.81398 7.69414 7.69133 7.66263 7.67508 7.75545 7.75401 7.77405 7.67051 7.75923 7.73915 7.65217 7.65873 7.63673 7.64983 7.08104 7.52202
4.6728 4.67633 4.66597 4.6831 4.34283 4.36826 4.36801 4.43454 4.40879 4.66541 4.64602 4.64482 4.55742 4.6807 4.63558 4.69762 4.68862 4.63803 4.66411 4.64957 4.61629 4.62505 4.62464 4.69076 4.59603 4.56812 4.48445 4.86546 4.78177
4.6443 4.63919 4.64302 4.64739 4.54917 4.55265 4.52356 4.57837 4.57861 4.77098 4.78682 4.77105 4.71894 4.76095 4.74833 4.78935 4.77533 4.75295 4.79792 4.7939 4.72797 4.77531 4.75128 4.77317 4.83523 4.77589 4.82089 5.26862 4.78601
4.42166 4.41357 4.43388 4.43811 4.40252 4.42483 4.41962 4.41265 4.4131 4.58028 4.57011 4.57999 4.58409 4.56445 4.58264 4.57284 4.56136 4.58248 4.5779 4.56788 4.58633 4.58746 4.56754 4.56889 4.81223 4.5859 4.55352 4.59987 4.57725
7.70202 7.73666 7.75835 7.75032 7.99151 7.9617 7.90177 7.97054 8.01517 7.90734 7.85852 7.90419 7.85971 7.68031 7.8708 7.8066 7.67862 7.868 7.85644 7.82743 7.96763 7.89206 7.61489 7.65698 7.88791 7.94849 7.8264 8.27784 7.71155
91.5029 91.4198 91.5934 91.686 91.4867 91.715 91.5099 92.0397 92.1325 91.5651 91.5053 91.4054 91.358 91.7186 91.5169 91.6146 91.6959 91.3601 91.4978 91.4945 91.4458 91.4412 91.5818 91.6952 91.0865 91.5099 92.0108 91.4743 91.8933
75.4218 75.4734 75.5334 75.4801 75.4795 75.4258 75.4492 75.3626 75.3533 75.4276 75.6795 75.574 75.4944 75.3187 75.3768 75.3432 75.3926 75.6271 75.4924 75.6466 75.4146 75.4141 75.2693 75.3608 75.3266 75.3395 75.3941 75.7606 75.7292
73.7464 73.7041 73.5351 73.782 74.0804 73.6035 73.7542 73.4555 73.6442 73.7045 74.0911 73.693 74.1054 73.6172 73.7844 73.7278 73.6341 73.9729 74.0018 74.1525 73.8645 74.3242 73.7846 73.7229 73.4209 74.9284 74.2043 74.6888 72.0745
83.4069 83.4245 83.2658 83.2374 83.2691 83.0683 83.2227 82.9603 82.9475 82.9486 83.1224 82.8912 83.1542 82.9164 82.9815 82.954 82.9441 83.0117 82.9925 83.1494 82.9398 83.1619 82.9597 82.9718 83.4194 83.2678 83.4568 84.189 82.4082
66.2134 66.1772 66.2081 66.3106 66.0103 66.1318 65.9346 66.4322 66.4997 66.3152 66.4267 66.276 66.4697 66.2762 66.3241 66.3957 66.3806 66.2759 66.4386 66.4669 66.3813 66.607 66.5425 66.3586 65.9248 67.1669 67.4005 70.8308 66.2493
137.356 137.264 137.198 137.663 137.482 137.218 137.195 136.694 136.982 136.936 138.374 137.321 137.831 137.204 137.257 137.187 137.254 137.295 137.683 138.431 136.814 137.531 137.284 137.267 137.6 137.677 138.329 140.032 136.388
5.46479 5.48921 5.43588 5.21359 5.394 5.4055 5.38405 5.37906 5.36039 5.00747 3.88827 4.15129 4.32482 4.96984 4.87749 4.723 5.09617 4.29847 4.1809 4.03107 5.13337 4.18236 4.98348 5.21343 5.68104 5.01869 5.74532 6.34091 5.48555
4.66291 4.6737 4.67601 4.65493 4.32153 4.43228 4.44171 4.51472 4.39629 4.61321 4.60722 4.60583 4.61811 4.61627 4.62672 4.62386 4.59221 4.58879 4.62118 4.5946 4.61362 4.628 4.63672 4.58855 4.58613 4.66994 4.64173 4.38868 4.53644
4.51279 4.51676 4.5082 4.50316 4.46287 4.42497 4.44364 4.41283 4.43289 4.498 4.56152 4.49207 4.54252 4.49237 4.49823 4.50424 4.50962 4.51076 4.502 4.56308 4.53878 4.55496 4.52535 4.51443 4.5665 4.64577 4.57893 4.60581 4.52612
4.41873 4.42253 4.42062 4.38997 4.42464 4.40757 4.38472 4.38116 4.40545 4.43532 4.42036 4.43598 4.42524 4.43287 4.42777 4.42896 4.43207 4.43237 4.44184 4.42548 4.44584 4.4324 4.45134 4.44046 4.48806 4.48524 4.51952 4.24452 4.44381
4.51064 4.52767 4.49858 4.26467 4.41952 4.42094 4.46413 4.28028 4.24846 4.53869 4.52582 4.6807 4.66922 4.61169 4.5829 4.56889 4.59157 4.66382 4.67771 4.52101 4.60772 4.64703 4.67044 4.58136 4.9435 4.76551 4.72323 4.77015 4.49083
4.2652 4.26192 4.26349 4.23202 4.21725 4.20507 4.19729 4.20221 4.20404 4.32162 4.46024 4.36396 4.3823 4.34459 4.33382 4.3471 4.36753 4.33991 4.37153 4.45612 4.3495 4.37533 4.40258 4.35241 4.29863 4.45191 4.51967 4.12774 4.44218
7.45341 7.43896 7.47669 7.54886 7.41148 7.39848 7.40974 7.38973 7.42835 7.53692 7.8263 7.81102 7.8276 7.71392 7.64506 7.70684 7.74165 7.70447 7.8227 7.85533 7.51613 7.74067 7.82806 7.70665 7.60185 7.88126 8.00679 7.63233 7.46105
92.7289 92.8009 92.9421 92.7097 92.6048 92.6953 92.768 92.857 92.7551 92.3811 92.2987 92.5377 92.4799 92.6138 92.588 92.5907 92.3198 92.4372 92.4681 92.3564 92.5796 92.5879 92.6263 92.2895 92.058 92.4074 92.0836 91.9254 92.2899
154.055 154.539 154.571 154.589 154.667 154.384 154.206 154.475 154.239 154.224 154.211 154.201 154.23 154.26 154.186 154.193 154.238 154.229 154.214 154.171 154.186 154.11 154.234 154.179 154.146 154.241 154.265 156.149 155.124
74.7195 74.6714 74.6762 74.752 75.5149 75.4598 75.3547 75.3255 75.2722 75.5823 75.2905 75.1949 75.2059 75.2113 75.1519 75.1286 75.471 75.1141 75.1656 75.154 75.419 74.9961 74.9353 75.5909 75.5877 75.1431 76.1297 75.6116 75.7265
74.1753 74.163 74.0533 74.1644 73.72 73.4892 73.7813 73.5962 74.0521 73.4737 73.7569 73.6425 73.8334 73.8382 73.3667 73.7528 73.6318 73.6852 73.838 73.7906 73.5128 73.7172 73.7037 73.4514 73.7351 73.9901 75.0931 74.0838 73.4681
83.2473 83.2569 83.1801 83.2786 83.0657 83.123 83.1683 83.2379 83.2059 83.1157 83.2586 83.1666 83.2625 83.1542 83.1228 83.131 83.1983 83.1792 83.1334 83.2645 83.1337 83.2026 83.0491 83.2193 83.3162 83.1379 83.4317 83.3194 83.2065
66.0076 65.973 65.9387 65.9901 66.1216 66.0571 66.0429 66.0354 65.9973 65.7295 65.7718 65.7678 65.8733 65.8735 65.8812 65.8501 65.7615 65.7683 65.7808 65.7667 65.8257 65.907 65.8502 65.726 65.8769 65.9554 66.1116 66.6706 66.4174
140.506 140.444 140.19 140.241 140.461 140.167 140.138 140.152 140.159 140.192 139.895 139.728 139.923 139.881 139.823 139.925 140.213 139.777 139.769 139.888 139.819 139.842 139.738 140.224 140.404 139.75 140.696 141.985 140.824
5.88271 5.8741 5.8679 5.874 5.87433 5.89715 5.88707 5.89865 5.89251 6.38759 6.37396 6.36188 6.37864 6.377 6.37113 6.36791 6.37534 6.36256 6.35265 6.36298 6.4019 6.36658 6.35483 6.3926 6.37963 6.37762 6.507 6.44027 6.39052
7.62965 7.81279 7.80881 7.78107 7.79951 7.81559 7.78332 7.75236 7.69891 7.33306 7.25743 7.28355 7.23312 7.26667 7.29776 7.26407 7.32461 7.30243 7.3026 7.28589 7.30641 7.22007 7.33233 7.33541 7.2336 7.30463 6.94196 7.68995 7.56985
4.60624 4.56734 4.56099 4.57206 4.3875 4.35296 4.36213 4.34833 4.31475 4.64282 4.63346 4.63016 4.64374 4.6402 4.64419 4.6252 4.65113 4.63218 4.61768 4.63292 4.61987 4.6263 4.61457 4.63247 4.63882 4.64141 4.72907 4.73584 4.53404
4.59956 4.58883 4.56876 4.58386 4.59548 4.57434 4.56434 4.58952 4.57384 4.80555 4.74998 4.74175 4.75934 4.7541 4.74943 4.7647 4.79618 4.74676 4.76283 4.74431 4.74477 4.76422 4.77038 4.79518 4.80252 4.80226 4.84304 4.86525 4.66431
4.46708 4.46883 4.4633 4.46255 4.44151 4.44224 4.4476 4.45665 4.46242 4.59046 4.59173 4.57902 4.57927 4.57587 4.572 4.58028 4.58144 4.58234 4.58501 4.58097 4.59343 4.57747 4.58482 4.59126 4.58661 4.59618 4.61953 4.61481 4.58069
4.43887 4.44211 4.45405 4.43897 4.41822 4.42187 4.4425 4.43362 4.40608 4.65392 4.68655 4.67223 4.68476 4.63629 4.65386 4.64084 4.66666 4.6631 4.65918 4.6588 4.65492 4.62339 4.66948 4.64017 4.624 4.7291 4.60087 4.77569 4.70353
4.31598 4.31783 4.31038 4.30966 4.27667 4.27996 4.28341 4.2888 4.29448 4.51985 4.49583 4.50338 4.49367 4.50691 4.49832 4.50081 4.51539 4.49491 4.5063 4.49095 4.51171 4.4917 4.50852 4.52528 4.51559 4.50103 4.53728 4.58686 4.43386
7.85176 7.86136 7.84816 7.81857 7.91004 7.85182 7.83471 7.87642 7.89314 7.81567 7.65657 7.67987 7.70454 7.72375 7.73406 7.73163 7.8129 7.71444 7.68806 7.69142 7.71555 7.70327 7.73885 7.7857 7.90355 7.68813 7.8952 8.62716 7.89937
93.1383 93.2689 93.4027 93.3918 92.8999 92.8711 92.9413 92.9595 92.9742 92.5955 92.8526 92.9983 93.0007 92.9039 93.1583 92.8668 92.6356 93.0534 92.802 92.8841 92.6507 92.8565 92.9428 92.3735 92.0438 92.5901 91.9198 92.0426 92.6462
75.454 75.4946 75.6196 75.4643 75.4904 75.74 75.5887 75.496 75.6842 75.8776 75.6786 75.5069 75.422 75.7209 75.3971 75.5602 75.5842 75.5016 75.306 75.4148 75.5815 75.664 75.2331 75.5409 76.1115 75.6387 75.8708 75.7863 75.9905
73.2898 73.0493 72.6341 72.7695 74.6813 72.6614 73.1546 72.4781 72.5537 72.7724 72.8424 72.585 72.2677 72.0507 72.3085 73.0286 72.4041 71.9345 73.1118 72.7459 73.6939 72.763 73.2164 73.2822 73.6833 72.9987 74.0283 73.8569 72.1836
83.1035 82.962 82.7017 82.8272 83.5392 83.1088 83.272 83.1035 83.0569 83.0355 82.8486 82.6771 82.6271 82.5729 82.6134 82.7048 82.8409 82.5013 82.7596 82.6459 82.8017 82.5469 82.7284 83.0924 83.3299 82.7993 82.8853 83.0605 82.8836
103.629 103.869 103.889 103.911 103.397 103.524 103.768 103.586 103.628 103.8 103.901 103.793 103.711 103.718 103.645 103.805 103.692 103.589 103.676 103.689 103.734 103.667 103.512 103.697 104.27 103.696 105.347 104.307 106.651
65.6079 65.7894 65.8054 65.7486 65.3755 65.2161 65.0999 65.2699 65.4907 64.9255 65.1569 65.2479 65.2592 65.292 65.294 65.2931 64.9741 65.3476 65.2596 65.2217 64.967 65.1999 65.2382 64.7843 64.8961 65.1902 65.1595 65.7028 66.1865
141.093 141.483 141.335 141.425 141.969 140.828 140.631 140.696 140.763 141.386 141.143 140.915 140.846 140.869 140.801 141.13 141.184 140.733 141.304 141.084 141.19 140.878 141.137 141.555 141.866 141.097 142.304 142.736 142.629
5.57695 5.57366 5.5323 5.56811 5.56609 5.53952 5.54016 5.53678 5.56356 5.50243 5.50824 5.48934 5.51822 5.51195 5.49098 5.48347 5.51994 5.49664 5.44976 5.46245 5.44488 5.4728 5.43346 5.48908 5.5349 5.47543 5.47388 4.55679 4.69371
4.56797 4.60254 4.5588 4.65109 4.56942 4.25075 4.26801 4.25682 4.26494 4.43104 4.44211 4.49947 4.53526 4.53563 4.53317 4.46231 4.54043 4.51815 4.45324 4.49187 4.35616 4.3833 4.41845 4.45425 4.35157 4.42414 4.42497 4.37715 4.40816
4.4634 4.47485 4.47758 4.48126 4.43995 4.51246 4.50392 4.51841 4.49311 4.61346 4.60339 4.60968 4.60416 4.6088 4.61065 4.60824 4.61862 4.58849 4.61356 4.61504 4.60792 4.61472 4.64202 4.61314 4.58859 4.61658 4.57588 4.56414 4.56618
4.38631 4.3834 4.37947 4.38345 4.384 4.40301 4.40013 4.38751 4.35891 4.43198 4.42883 4.43929 4.45357 4.43926 4.43415 4.44744 4.4552 4.44656 4.42436 4.43887 4.45789 4.4462 4.42063 4.45149 4.44088 4.44373 4.51244 4.43721 4.38755
5.06326 5.17732 5.20306 5.15348 5.33807 5.12644 5.16165 5.10226 5.07159 5.1665 5.15502 5.18956 5.12263 5.15439 5.15981 5.16939 5.17074 5.15415 5.26409 5.18854 5.20658 5.10149 5.21452 5.16192 5.22732 5.20802 6.08567 5.61196 6.00795
4.21717 4.08473 4.04826 4.09204 4.39996 4.40613 4.39956 4.36836 4.25869 4.64888 4.39828 4.39298 4.35637 4.36297 4.35392 4.4119 4.6194 4.33923 4.30628 4.3738 4.61806 4.42175 4.40724 4.73159 4.68191 4.48394 4.39191 4.4975 4.38411
4.23344 4.24081 4.24043 4.24157 4.20623 4.1868 4.21861 4.17908 4.18141 4.31708 4.33433 4.33589 4.34082 4.34069 4.33885 4.34087 4.32098 4.3409 4.34179 4.33872 4.32618 4.34503 4.34775 4.31265 4.28679 4.3378 4.34051 4.26176 4.63633
7.46817 7.49866 7.49116 7.46125 7.71227 7.59567 7.57351 7.56357 7.49984 7.60464 7.53982 7.52114 7.50611 7.52174 7.46655 7.52512 7.61529 7.50397 7.59005 7.53184 7.46134 7.45826 7.52367 7.61707 7.63542 7.56392 7.83734 7.56581 7.80574
92.2734 92.3856 92.3102 92.5341 92.1582 92.1782 92.4074 92.3463 92.2246 91.9707 92.2662 92.4777 92.6955 92.451 92.438 92.2548 92.6387 92.364 92.1419 92.2467 92.1719 91.9247 91.8257 92.0539 91.8998 91.9602 90.7091 92.3691 91.9382
75.034 75.0022 74.9493 75.011 75.0918 75.0115 75.0311 75.0361 74.7937 75.2918 75.2679 75.289 75.313 75.4149 75.4573 75.2024 75.3225 75.5979 75.2443 75.3165 75.0179 75.575 75.4685 75.1705 75.5117 75.4898 76.1432 75.1676 75.361
73.4734 73.2877 73.4535 73.3161 73.807 73.8947 74.0145 73.8485 73.7849 73.7689 73.8026 73.0354 72.9904 72.7689 73.2882 73.8304 72.7769 73.1171 73.6376 73.2428 74.0707 74.5604 74.092 74.5537 73.9 74.3615 75.9338 73.9213 75.1909
82.7249 82.5634 82.4416 82.2942 83.1724 82.8347 83.0054 82.6059 82.5944 83.4384 83.2965 83.1059 82.8967 83.0228 82.9131 83.5781 83.038 83.0298 83.546 83.27 83.6584 83.8911 83.7342 83.7413 83.5588 83.81 83.8258 83.3322 83.0614
66.9497 67.0811 66.9124 67.4252 66.6639 66.5829 66.5378 66.6703 66.7181 66.1718 66.2009 66.1725 66.6574 66.0222 66.3942 65.8187 66.5032 66.3706 65.8945 65.8003 66.0056 66.025 65.7972 66.1993 66.2272 65.9704 65.9701 66.7635 67.5066
137.79 137.798 137.726 137.751 138.09 137.782 137.987 137.689 137.882 138.332 138.052 137.587 137.246 137.659 137.305 138.829 137.505 137.119 138.687 138.312 139.174 139.273 138.986 138.973 138.866 139.206 138.859 138.565 137.903
5.73549 5.75031 5.77764 5.77614 5.6947 5.6481 5.62187 5.64004 5.65924 5.88611 5.84851 5.84758 5.82459 5.8439 5.82568 5.86162 5.84519 5.83265 5.87261 5.86774 5.86239 5.89876 5.88701 5.8698 5.85989 5.8955 6.02795 5.82127 6.02858
4.54623 4.59315 4.56338 4.55854 4.30778 4.30398 4.28008 4.31043 4.28085 4.61243 4.58616 4.55549 4.52762 4.52917 4.5551 4.59147 4.54345 4.48825 4.59781 4.57194 4.5819 4.62855 4.58018 4.62337 4.57213 4.62312 4.46455 4.60978 4.65038
4.48453 4.493 4.4854 4.49684 4.47114 4.42672 4.44596 4.4492 4.43755 4.51516 4.49031 4.51313 4.51733 4.52837 4.52197 4.55029 4.53123 4.5085 4.5344 4.53407 4.58113 4.56857 4.52611 4.56874 4.55724 4.55618 4.6441 4.58185 4.4411
4.53533 4.54243 4.54629 4.54862 4.50271 4.52471 4.51632 4.50834 4.51901 4.56304 4.55013 4.5479 4.55503 4.57088 4.55079 4.54192 4.55116 4.5381 4.53083 4.561 4.53951 4.53222 4.52763 4.52378 4.54681 4.52923 4.80009 4.56033 4.57937
4.54502 4.55032 4.50794 4.66934 4.32986 4.41475 4.40275 4.47031 4.5131 4.75329 4.70955 4.60677 4.76561 4.60189 4.71572 4.47429 4.73351 4.71437 4.56791 4.50344 4.57805 4.62906 4.55368 4.65144 4.69859 4.59169 4.64894 4.81118 4.63134
4.33936 4.36035 4.35741 4.35073 4.297 4.31515 4.27787 4.32179 4.28522 4.50382 4.46002 4.38709 4.40168 4.3837 4.39119 4.35862 4.38535 4.41798 4.37156 4.36752 4.35624 4.38952 4.36396 4.40138 4.4054 4.36744 4.3703 4.5838 4.45385
7.91969 7.91245 7.84969 7.84312 7.69192 7.95159 7.93181 7.97792 7.92327 8.08248 7.92778 7.84502 7.86355 7.92029 7.83554 7.82829 7.86387 7.85816 7.89257 7.86556 8.02358 7.9121 7.82842 7.86868 8.20564 7.8592 8.05799 7.97883 7.79487
93.38 93.3678 93.3627 93.7023 93.391 93.3976 93.3879 93.2365 93.1615 93.4339 93.394 93.6877 93.639 93.4417 93.2521 93.3482 93.5396 93.3585 93.3992 93.3148 93.2 92.9709 93.002 93.3146 92.9971 93.0437 94.2008 93.2478 92.37
74.9853 75.1202 74.7406 74.9964 75.1101 75.1965 75.2311 75.3529 75.4339 75.4143 75.3658 75.3924 75.6649 75.3725 75.4013 75.4168 75.2516 75.4637 75.3377 75.2985 75.4163 75.3496 75.2707 75.6112 75.2864 75.1832 75.45 75.3128 75.0764
73.1691 72.6608 73.0697 72.2804 73.0818 73.4689 73.4518 73.2269 73.3993 72.3979 72.2076 72.1933 70.329 72.1 72.2653 72.086 72.4172 71.594 72.2071 72.4246 72.3607 72.5433 72.7645 72.2451 72.5658 72.7436 73.0301 72.0232 73.108
82.9776 82.7074 82.9218 82.6189 83.0493 83.0785 83.2654 83.2676 83.1113 82.723 82.7569 82.8663 82.523 82.9141 82.9284 82.8071 82.837 82.9091 82.8085 82.8529 82.889 82.9841 83.0177 82.7112 83.0533 82.8539 82.6173 82.6989 83.3151
102.864 102.671 102.972 102.966 102.289 103.032 103.204 103.083 102.824 102.922 102.562 102.66 102.557 102.707 102.881 102.719 102.822 102.368 102.669 102.645 102.718 102.884 103.013 102.929 103.97 102.681 104.801 103.433 103.916
64.7306 64.8451 64.8163 64.8384 64.7211 64.7351 64.7922 64.7073 64.7899 64.9743 64.8565 64.7033 64.7874 64.7563 64.8593 64.8929 64.7956 64.9599 64.8946 64.8724 65.0446 65.077 64.9539 64.9164 64.9782 64.9309 65.9091 65.1767 65.6294
141.961 141.789 141.915 141.841 142.18 141.992 142.133 141.993 142.141 141.555 141.829 141.562 141.649 141.656 142.375 141.232 141.563 141.834 141.157 141.265 141.148 141.281 141.266 141.522 141.556 141.416 142.46 141.369 142.654
5.57016 5.53737 5.54534 5.54114 5.58046 5.55463 5.56826 5.59154 5.56547 5.61751 5.5677 5.57145 5.54707 5.55168 5.54064 5.59682 5.56489 5.51879 5.58037 5.54859 5.49345 5.48591 5.5037 5.58821 5.30392 5.5471 5.68416 5.3596 5.57449
4.3411 4.3844 4.34518 4.42167 4.23536 4.20515 4.21884 4.22519 4.27284 4.37648 4.43555 4.44988 4.38153 4.4331 4.44737 4.41214 4.38631 4.44133 4.38259 4.41216 4.35404 4.39824 4.37639 4.44324 4.42773 4.39646 4.36867 4.36188 4.46976
4.51934 4.51132 4.50531 4.52561 4.53143 4.52859 4.54418 4.52934 4.53501 4.63194 4.62532 4.61438 4.63421 4.60442 4.58341 4.61443 4.60783 4.56984 4.62064 4.60791 4.62632 4.61655 4.59644 4.63043 4.57624 4.62277 4.6619 4.61419 4.58063
4.41838 4.42433 4.42172 4.42806 4.42872 4.40314 4.41688 4.40966 4.37656 4.44852 4.44766 4.46093 4.47513 4.45866 4.45163 4.42333 4.48257 4.4274 4.43428 4.43937 4.43343 4.41794 4.40844 4.41719 4.37683 4.43455 4.49019 4.40981 4.38636
5.48427 5.33024 5.46627 5.33622 5.37181 5.47799 5.45536 5.46448 5.42378 4.9571 5.13068 5.21818 5.28789 5.2795 5.29341 5.1478 5.23966 5.37319 5.09033 5.12054 5.22501 5.32362 5.29638 5.12299 5.67332 5.1219 5.79664 5.31461 5.57481
4.42033 4.4327 4.43208 4.4192 4.34836 4.36995 4.34358 4.35864 4.36779 4.63391 4.62321 4.65401 4.6643 4.66746 4.4332 4.61595 4.67996 4.62841 4.60631 4.61677 4.61724 4.61604 4.61766 4.60419 4.62107 4.61805 4.51449 4.65458 4.47114
4.25696 4.25182 4.26792 4.27212 4.2722 4.24355 4.25739 4.25683 4.26385 4.3285 4.33307 4.31201 4.26705 4.27293 4.30143 4.32537 4.26773 4.24532 4.33522 4.32188 4.33636 4.33117 4.31902 4.34792 4.29431 4.34131 4.38052 4.34447 4.21291
7.8582 7.83044 7.84036 7.8043 8.04921 7.86913 7.88231 7.83627 7.87692 7.69125 7.78162 7.77157 7.78985 7.76039 7.77884 7.70011 7.73954 7.84662 7.68499 7.6927 7.62632 7.65418 7.68837 7.75304 7.69005 7.67098 7.67541 7.62058 7.84115
93.627 93.7396 93.4954 93.8077 93.3644 93.4212 93.34 93.3425 93.3206 93.2979 93.4116 93.5962 93.387 93.4159 93.3411 93.3371 93.3485 93.4392 93.3585 93.3448 93.3212 93.3344 93.235 93.4464 93.2736 93.2828 93.349 93.3824 93.2309
75.6568 75.5299 75.5506 75.5546 75.8734 75.9672 75.9831 75.9069 75.8321 75.8218 75.7823 75.8674 75.7465 75.8715 75.78 75.7333 75.7841 75.8851 75.7854 75.7824 75.7152 75.8281 75.7601 75.869 75.7155 75.7855 75.8787 75.7915 75.8542
72.4165 72.486 72.4184 72.5993 72.4256 72.4011 72.6464 72.2826 72.7579 72.4101 72.2309 72.3719 72.2746 72.1946 72.2893 72.4486 72.4223 72.4678 72.3306 72.3886 72.3346 72.2456 72.3058 72.1322 72.3507 72.3945 72.6086 72.2999 72.6262
83.042 82.7459 83.0752 82.7042 83.0396 82.7592 82.8166 82.7482 82.8449 82.8575 82.7319 82.6209 82.7562 82.7015 82.7807 82.8126 82.8111 82.7457 82.7783 82.7535 82.7206 82.8182 82.8259 82.5359 82.7236 82.7577 82.8733 82.7277 83.0988
95.8268 97.2232 95.5606 97.3972 96.156 96.4655 96.3606 96.3563 97.1152 96.5497 96.8708 97.1787 96.7714 96.8098 97.1668 96.8813 96.6359 96.9508 96.6057 96.7096 96.8075 96.8527 96.644 99.1275 98.6835 97.2615 96.448 96.9237 97.8271
65.2223 65.3834 65.1734 65.489 64.8004 64.8989 64.9027 64.9608 64.7155 65.0685 65.2165 65.4234 65.0235 65.3218 65.0455 65.1444 65.0438 65.3464 65.1766 65.1703 65.1571 65.1177 65.0531 65.1393 64.8932 64.898 65.134 64.989 64.8986
142.233 142.232 142.509 142.084 141.946 142.023 142.159 142.177 142.173 142.334 142.213 141.983 142.143 142.081 142.355 142.197 142.183 141.914 142.157 142.083 142.276 142.113 142.127 142.455 142.514 142.11 142.476 142.236 141.838
5.54761 5.53259 5.52484 5.56139 5.49267 5.53564 5.54376 5.54243 5.54617 5.59393 5.59355 5.62446 5.60675 5.59492 5.6037 5.60129 5.59915 5.60397 5.58309 5.58193 5.55588 5.577 5.58339 5.61843 5.60736 5.58839 5.62053 5.57664 5.63584
4.34734 4.37386 4.33413 4.28115 4.13978 4.13139 4.13033 4.13604 4.14871 4.38528 4.39717 4.35163 4.37624 4.3686 4.39156 4.3834 4.37094 4.37322 4.38533 4.37647 4.39952 4.37974 4.40434 4.36586 4.43704 4.39276 4.42482 4.35964 4.25258
4.43716 4.43549 4.42527 4.42922 4.42293 4.43707 4.44925 4.44251 4.4292 4.44279 4.45011 4.45373 4.45526 4.45066 4.43077 4.44609 4.45559 4.44384 4.44179 4.44536 4.44424 4.44227 4.44474 4.42784 4.42499 4.43281 4.4768 4.43725 4.432
4.35713 4.36162 4.35162 4.36558 4.35954 4.36555 4.34852 4.34668 4.36643 4.4034 4.4191 4.42746 4.41541 4.41945 4.40161 4.40357 4.40759 4.41602 4.40469 4.4065 4.39135 4.41086 4.40226 4.37647 4.37504 4.40784 4.41093 4.40238 4.41595
5.61642 5.65074 5.65138 5.6502 5.5323 5.55354 5.54269 5.55971 5.60818 5.56187 5.53549 5.55984 5.50849 5.5478 5.58833 5.52936 5.57437 5.54517 5.54386 5.55481 5.56243 5.57067 5.56308 5.62323 5.64354 5.57931 5.90092 5.54537 5.60493
4.30561 4.41465 4.28699 4.40433 4.14635 4.22195 4.25085 4.24769 4.17025 4.46159 4.52421 4.5797 4.41511 4.55897 4.57281 4.51113 4.46504 4.56719 4.50393 4.52299 4.47675 4.50907 4.47933 4.68384 4.58622 4.54926 4.47005 4.45844 4.64679
4.16984 4.1686 4.16934 4.16792 4.13988 4.146 4.1207 4.12329 4.1274 4.4954 4.49532 4.48955 4.52116 4.50334 4.47669 4.48886 4.50096 4.47678 4.49134 4.48616 4.50681 4.49402 4.49304 4.58851 4.5155 4.47131 4.50054 4.49824 4.43861
7.94469 7.89429 7.95849 7.86619 8.02436 8.05106 8.05326 8.04279 8.02401 7.91339 7.8876 7.87608 7.92663 7.8901 7.88618 7.89069 7.90749 7.84657 7.90204 7.88035 7.91384 7.88125 7.88718 7.84515 7.89723 7.8652 7.92007 7.90465 7.84791
93.1908 93.2513 93.0279 93.0947 93.3211 93.4243 93.0685 93.4097 93.2844 93.1744 93.2432 93.099 93.1204 93.1075 93.1604 93.0957 93.1134 93.0279 93.143 93.0009 93.0827 93.128 93.2104 93.2116 93.2549 93.2107 93.3281 92.9637 92.3799
77.0917 77.0866 77.0581 77.0121 76.9904 76.9529 76.9543 76.8913 76.8615 76.9822 77.0525 77.0497 77.0718 77.0979 77.0839 77.034 76.99 77.1793 77.0836 77.01 77.0955 77.0196 76.9733 77.0182 77.0109 77.0362 77.1767 77.0777 77.0718
69.9342 69.8546 69.8573 70.0672 69.7101 69.8376 69.705 69.8377 69.7951 69.691 69.6932 69.5642 69.6434 69.492 69.6004 69.4189 69.8135 69.695 69.6231 69.5618 69.813 69.6702 69.6316 69.2933 69.5979 69.4718 69.497 69.4277 70.1577
82.4754 82.4039 82.5758 82.4798 81.9981 81.9122 82.1048 81.8566 82.1565 82.1304 81.969 82.2176 82.1733 82.1294 82.1105 82.2015 82.2214 82.1852 82.0287 82.2546 82.0708 82.1139 82.0953 82.054 81.9691 82.0718 81.9346 82.3311 82.8418
98.371 99.0507 98.1201 99.4133 97.5744 98.1951 98.0142 98.084 99.0579 98.088 97.875 98.1813 97.8073 97.869 98.1273 97.9391 98.1868 98.2441 97.8822 98.0964 98.1414 97.8541 97.8599 98.2109 98.1205 97.9821 97.8773 98.3366 98.9876
141.654 141.687 141.707 141.697 141.845 141.755 141.686 141.846 141.669 141.741 141.82 141.811 141.79 141.742 141.842 141.668 141.818 141.76 141.758 141.689 141.779 141.831 141.72 141.712 141.831 141.736 141.807 141.768 141.453
5.60354 5.60774 5.6044 5.59173 5.60959 5.59581 5.61064 5.58604 5.59803 5.6502 5.65733 5.64054 5.64041 5.64285 5.6556 5.65753 5.64199 5.65855 5.64159 5.64624 5.63468 5.63571 5.63707 5.63678 5.65389 5.63921 5.65285 5.64649 5.68807
4.11373 4.11002 4.12663 4.08351 4.11486 4.1062 4.09412 4.111 4.09662 4.1906 4.18543 4.18348 4.18972 4.17307 4.19441 4.19633 4.17087 4.18736 4.19329 4.17995 4.18912 4.18093 4.18086 4.21073 4.20391 4.18837 4.18049 4.17313 4.16496
4.3084 4.30781 4.30552 4.28836 4.30227 4.31659 4.31165 4.31151 4.30102 4.31906 4.32254 4.32551 4.32068 4.31988 4.31971 4.32122 4.32247 4.31907 4.3209 4.32125 4.31109 4.31931 4.31479 4.31383 4.32092 4.31736 4.35149 4.32751 4.33681
4.31362 4.31738 4.31488 4.30982 4.31823 4.31756 4.31607 4.31571 4.31827 4.3746 4.37713 4.3714 4.37226 4.3764 4.3731 4.38149 4.3712 4.37799 4.37499 4.38015 4.37679 4.36824 4.37588 4.38529 4.37656 4.37829 4.38565 4.36964 4.37098
5.58309 5.61277 5.57363 5.60565 5.50301 5.55002 5.55621 5.55467 5.59577 5.47284 5.47008 5.47923 5.46922 5.49181 5.50904 5.47648 5.49811 5.4819 5.46788 5.49543 5.48522 5.49662 5.48953 5.52281 5.5355 5.51284 5.71035 5.5245 5.53941
7.73572 7.72395 7.74359 7.71455 7.74466 7.76065 7.74786 7.76029 7.7316 7.73251 7.74781 7.74381 7.74131 7.75214 7.75003 7.73759 7.74405 7.72891 7.73862 7.74144 7.72506 7.7479 7.74104 7.7565 7.7769 7.74828 7.8144 7.75854 7.79663
