5.8237 5.75323 5.94295 5.88939 5.94857 5.91158 5.90802 5.91324 5.86713 5.90242 5.95891 5.8812 5.87572 5.87738 5.90346 5.90945 5.90493 5.88528 5.89818 5.90253 5.9181 5.90514 5.90591 5.89127 5.90372 5.91971 5.90762 5.90767 5.90197 5.89736
4.55046 4.66246 4.35403 4.34232 4.34286 4.38178 4.34822 4.35081 4.37702 4.32267 4.33484 4.3588 4.3419 4.63248 4.70598 4.72765 4.70983 4.67847 4.77153 4.71184 4.7146 4.7698 4.70106 4.66608 4.67866 4.70729 4.72656 4.71066 4.71709 4.70698
4.605 4.5661 4.59769 4.60556 4.60956 4.61911 4.60292 4.62421 4.6134 4.60148 4.6032 4.62921 4.60821 4.63271 4.66278 4.64817 4.62623 4.58542 4.65977 4.63015 4.62835 4.66708 4.63886 4.64492 4.60902 4.6266 4.64592 4.61099 4.62427 4.59433
4.22662 4.27051 4.21733 4.21779 4.22297 4.21935 4.21547 4.21596 4.22281 4.18707 4.19367 4.22103 4.23954 4.63157 4.7219 4.72197 4.72544 4.68308 4.74674 4.72593 4.71116 4.72476 4.71671 4.72289 4.71506 4.71292 4.71484 4.71736 4.72545 4.72166
4.22812 4.34671 4.19998 4.16569 4.18027 4.1928 4.19119 4.19848 4.21206 4.17248 4.16708 4.21494 4.23058 4.22627 4.29921 4.29763 4.30424 4.27576 4.32086 4.30468 4.29576 4.29541 4.29676 4.29738 4.2915 4.29787 4.29633 4.3005 4.30789 4.30395
7.80479 7.89764 7.61085 7.60087 7.62405 7.59739 7.61252 7.61957 7.59469 7.64261 7.58286 7.676 7.71036 8.14329 8.05867 8.03226 8.03215 7.94196 8.44812 7.98755 7.99131 8.0618 8.02487 8.03363 8.00832 8.00363 8.02977 8.02509 8.08767 8.02987
92.7833 92.483 92.7778 92.7356 92.7296 92.5843 92.6747 92.6112 92.6374 92.924 92.6657 92.6486 92.3958 92.3179 92.2154 92.4732 92.4189 92.1067 92.5586 92.4021 92.4525 92.2866 92.2719 92.2554 92.4096 92.487 92.4568 92.4277 92.3977 92.4752
75.5411 75.5661 75.4479 75.5963 75.4952 75.416 75.423 75.4286 75.4206 75.4665 75.3826 75.565 75.4405 75.8871 75.8533 75.6014 75.4953 75.8795 75.6007 75.4634 75.5419 75.5302 75.6293 75.6495 75.6002 75.6052 75.5445 75.5081 75.5121 75.4338
73.7081 73.6793 73.7788 73.2069 73.2994 73.325 73.2347 73.4041 73.3871 72.5176 73.5242 73.4474 74.3953 74.2954 73.9712 73.4706 73.3168 74.3564 73.1193 73.5237 73.1494 73.3115 73.8333 73.7598 73.6433 73.4791 73.4095 73.1371 73.5001 73.4404
82.8695 82.7023 82.8649 82.6683 82.7213 82.8313 82.7007 82.6669 82.7515 82.5191 82.6527 83.021 82.9423 82.7947 82.8033 82.5313 82.5072 83.1 82.2548 82.5737 82.4229 82.5703 82.7067 82.6199 82.5657 82.5204 82.5444 82.4881 82.5244 82.5126
66.2101 66.0298 66.1721 66.1622 66.264 66.1204 66.1742 66.1581 66.1277 66.2124 66.1951 66.1407 66.0467 66.3035 66.1657 66.0386 65.9573 66.0322 65.9929 66.0333 66.0207 65.8999 66.0646 66.1832 66.125 65.976 66.0343 65.9915 66.0474 66.0566
138.029 137.428 137.945 137.993 137.728 137.844 137.703 137.682 137.903 137.818 137.858 137.998 138.494 136.941 136.941 136.748 136.67 137.098 136.174 136.755 136.669 136.796 136.937 137.066 136.988 136.78 136.675 136.601 136.637 136.563
12.7872 12.8514 13.0601 12.8066 12.8174 12.714 12.8031 12.7948 12.6746 12.7261 12.7297 12.1433 12.3661 12.6134 12.6335 12.6323 12.6113 12.5798 12.5155 12.6234 12.6098 12.6012 12.5959 12.5774 12.606 12.5724 12.5759 12.5885 12.5763 12.599
4.68365 4.66436 4.60475 4.51172 4.53848 4.54047 4.52487 4.57359 4.61995 4.64099 4.5385 4.57929 4.61497 4.74458 4.76195 4.73929 4.70653 4.65728 4.75856 4.71171 4.6959 4.73929 4.75028 4.69529 4.72151 4.70577 4.73284 4.72891 4.71082 4.7353
4.62258 4.60552 4.61232 4.55308 4.56624 4.55643 4.53978 4.56713 4.55882 4.54452 4.57664 4.55475 4.59658 4.70968 4.67509 4.65914 4.63425 4.61971 4.63923 4.65966 4.60956 4.64556 4.66406 4.62638 4.64978 4.62434 4.63746 4.61597 4.63489 4.64761
4.26499 4.2683 4.2553 4.2578 4.24645 4.25158 4.2515 4.25927 4.21816 4.24937 4.27507 4.28983 4.25446 4.40696 4.39427 4.36591 4.36601 4.25958 4.37489 4.37072 4.3637 4.34881 4.37499 4.4083 4.40682 4.36565 4.36706 4.3622 4.3683 4.37813
7.33779 7.40962 7.51591 7.52103 7.58098 7.50669 7.5684 7.53068 7.51339 7.44593 7.51806 7.45719 7.61664 7.51973 7.42941 7.40501 7.42553 7.45241 7.43919 7.39616 7.42796 7.33424 7.43611 7.5664 7.56943 7.41288 7.40365 7.43784 7.42024 7.41329
92.9738 92.9363 93.0768 92.8605 92.9749 92.9832 93.115 93.0654 93.107 93.0102 93.1707 93.2445 93.0845 93.3351 92.8128 93.135 92.997 92.5057 93.0284 92.9614 92.9927 93.1417 93.1254 93.0604 93.139 93.2071 93.1673 93.1805 92.972 93.06
74.9773 74.9906 74.6263 75.3642 74.9176 75.309 75.3504 75.2407 75.0999 75.0317 75.3149 75.4862 74.9676 74.8838 75.278 74.8751 74.8916 75.5737 75.3908 74.8276 75.1331 75.2136 75.1069 75.3061 74.9532 75.041 74.9975 75.0021 74.9534 74.9381
73.7433 73.7261 72.9846 73.0739 73.555 73.3555 73.1826 73.324 73.3023 72.8686 73.5854 73.4578 73.4607 73.0923 73.7489 72.8651 73.2582 73.5309 73.1186 73.2982 73.4877 73.1796 73.496 72.9513 73.1533 73.2545 73.4821 72.9764 73.4791 73.2139
82.8795 82.8773 82.7189 82.6756 82.7111 82.591 82.5896 82.6086 82.4954 82.6985 82.5893 82.5457 82.8243 82.3123 82.8485 82.5402 82.6067 83.0986 82.4967 82.6954 82.7252 82.518 82.6896 82.6139 82.5038 82.6046 82.6206 82.5578 82.6718 82.6362
66.0453 66.0019 65.9478 65.8987 65.9626 65.9349 65.8908 66.0065 65.9551 65.92 65.9674 65.9108 65.9594 66.2825 66.0479 65.879 65.9707 65.9637 65.8964 66.0298 66.0225 66.0818 66.0231 65.9723 66.017 66.0427 66.0651 66.0228 66.0566 66.075
137.407 137.406 136.844 136.745 136.922 136.627 136.479 136.437 136.869 136.643 137.235 137.029 136.733 136.514 136.709 136.596 136.413 136.774 136.32 136.467 136.455 136.382 136.576 136.648 136.392 136.515 136.422 136.224 136.479 136.282
13.1265 13.1934 12.9012 12.841 12.9239 12.8468 13.0675 13.0308 12.982 13.2514 12.9825 13.0715 13.1406 12.959 13.0501 13.0604 13.0604 12.9296 12.8748 13.0499 13.048 13.0273 13.0003 12.9284 13.1427 13.042 13.0269 13.1299 12.9831 13.0395
5.70262 5.70202 5.65725 5.69019 5.68247 5.68549 5.69643 5.68471 5.68294 5.69061 5.70375 5.69894 5.6588 5.85152 5.92046 5.87091 5.86226 5.89342 5.91284 5.86179 5.88698 5.90408 5.89218 5.88851 5.87127 5.88428 5.8967 5.87068 5.86868 5.87359
4.55796 4.55406 4.38292 4.27331 4.38537 4.27069 4.26847 4.27869 4.29165 4.28574 4.26104 4.27912 4.26409 4.56592 4.67105 4.60127 4.59211 4.62124 4.6163 4.59601 4.62336 4.60758 4.62911 4.6092 4.60087 4.62177 4.61438 4.59661 4.60856 4.61617
4.51704 4.51455 4.52657 4.476 4.53439 4.47105 4.47537 4.47408 4.50169 4.48277 4.47697 4.46189 4.50532 4.53237 4.58925 4.56538 4.54814 4.54302 4.58252 4.55786 4.55366 4.55851 4.58602 4.55851 4.55412 4.55953 4.56815 4.51345 4.55801 4.56224
4.42642 4.42401 4.41818 4.45268 4.43458 4.44543 4.43518 4.42459 4.43139 4.41069 4.37261 4.44135 4.44599 4.60042 4.77071 4.68786 4.70194 4.74711 4.72517 4.69608 4.70775 4.67714 4.71736 4.70494 4.70183 4.69171 4.69567 4.66651 4.70021 4.69882
4.29069 4.28936 4.29193 4.34742 4.34374 4.30836 4.33439 4.29434 4.30403 4.35723 4.35663 4.2809 4.36995 4.59741 4.3924 4.38831 4.39839 4.36053 4.41508 4.39689 4.40147 4.40643 4.39493 4.39297 4.39976 4.40007 4.40142 4.3914 4.40154 4.40148
7.42336 7.4339 7.34477 7.49647 7.36822 7.48121 7.42568 7.38236 7.41372 7.5203 7.54078 7.5193 7.50869 7.68505 7.36189 7.4913 7.45217 7.44845 7.42526 7.44681 7.4542 7.45365 7.39169 7.46369 7.45973 7.46163 7.42044 7.47633 7.44673 7.41545
93.292 93.2692 93.4664 93.484 93.4585 93.5883 93.5611 93.5283 93.4969 93.5393 93.8446 93.7904 93.8409 93.4776 93.3897 93.4915 93.4513 93.0223 93.1219 93.4715 93.6195 93.3444 93.492 93.2773 93.629 93.9013 93.5059 93.7333 93.5003 93.3192
75.6062 75.6128 75.4036 75.434 75.2973 75.202 75.2921 75.4324 75.3873 75.451 75.0511 75.2029 75.2147 75.8355 75.4886 75.619 75.5132 75.7996 75.4157 75.9836 75.5087 75.8345 75.5835 76.1883 75.7088 75.7189 75.5336 75.5896 75.5042 75.7469
73.3022 73.302 72.4818 71.5743 72.7044 71.6987 71.9332 71.9073 72.4048 72.319 72.0482 72.3119 73.2998 72.1088 71.7642 72.1973 72.2501 71.5293 72.1295 72.191 71.5269 72.3115 72.7791 71.9588 72.2582 71.6896 72.2867 72.0181 71.9081 72.9428
82.6873 82.6522 82.7126 82.5273 82.8899 82.3798 82.4869 82.5121 82.7284 82.3612 82.7423 82.3567 82.3052 82.375 82.1831 82.4414 82.3922 82.3863 82.4608 82.2648 82.2746 82.2996 82.4859 82.4734 82.2944 82.2568 82.3719 82.2909 82.3298 82.4573
103.196 103.285 103.008 103.406 103.338 103.291 103.224 103.291 103.082 103.148 103.562 103.497 103.797 103.282 103.099 103.426 103.266 102.987 102.945 103.155 103.216 103.453 103.25 103.468 103.374 103.251 103.219 103.359 103.219 103.279
65.0199 65.0037 64.9651 64.9567 64.8869 64.9762 64.9545 64.9151 64.993 64.9266 65.0229 65.0777 65.0541 64.9621 64.916 64.8751 65.0007 64.997 64.8018 64.9175 65.0032 64.8892 64.9368 65.1479 65.0146 64.9543 64.9948 65.0291 64.9746 65.1351
141.33 141.42 140.653 141.313 140.96 141.235 141.337 141.226 141.077 141.222 141.213 141.039 141.365 141.236 141.315 141.121 141.275 141.732 141.274 141.199 141.229 141.777 141.339 141.962 141.177 141.22 141.293 141.282 141.231 141.275
5.65065 5.65085 5.60753 5.62939 5.62226 5.61352 5.61545 5.61772 5.61448 5.61379 5.53147 5.57762 5.56034 5.59272 5.63216 5.64455 5.61008 5.58971 5.61229 5.61595 5.62472 5.64905 5.64012 5.59759 5.6255 5.64879 5.6263 5.66199 5.60572 5.62328
4.52308 4.51544 4.47747 4.29073 4.46897 4.33573 4.30058 4.30169 4.3027 4.56494 4.60054 4.49626 4.52521 4.46792 4.56048 4.51377 4.5368 4.46516 4.54607 4.47263 4.5709 4.50608 4.51847 4.38748 4.4987 4.55067 4.53091 4.54527 4.5604 4.48824
14.0254 14.0071 14.2672 14.244 14.2169 14.3372 13.9481 13.93 14.0975 14.0885 13.4841 13.963 13.7579 13.9588 13.921 13.7876 13.8484 13.8226 14.0021 13.8361 13.8082 13.9016 13.8667 13.8202 13.8542 13.7881 13.8328 13.6344 13.8806 13.8109
4.57106 4.57272 4.53083 4.59649 4.52243 4.56101 4.56455 4.58747 4.58972 4.54873 4.47649 4.55775 4.52969 4.66968 4.70355 4.68122 4.68113 4.69135 4.69583 4.668 4.684 4.70804 4.68766 4.64348 4.68965 4.70245 4.6828 4.68431 4.70181 4.65141
4.39392 4.39637 4.39774 4.42537 4.41421 4.39126 4.43459 4.41313 4.40189 4.50469 4.43742 4.39809 4.39418 4.45377 4.48443 4.42127 4.45987 4.47264 4.47394 4.47866 4.44208 4.46536 4.47649 4.46746 4.46256 4.46087 4.46649 4.45815 4.46115 4.45854
5.14194 5.17688 5.13908 5.04425 5.1823 5.07494 5.13898 5.1255 5.08858 5.16733 5.26459 5.03433 5.13679 5.08379 4.99522 5.13465 5.08473 4.90804 4.90342 5.07128 5.11635 5.1495 5.12427 5.09775 5.13558 5.132 5.10678 5.15454 5.0973 5.10472
7.67745 7.68664 7.7078 7.68883 7.69047 7.69388 7.68496 7.69412 7.66622 7.73123 7.65678 7.68942 7.75326 7.69936 7.67085 7.66712 7.71168 7.73667 7.62737 7.7073 7.70402 7.73683 7.67168 7.64028 7.69436 7.67832 7.70593 7.70719 7.70489 7.67886
92.4493 92.4318 92.6414 92.7634 92.7974 92.871 92.7452 92.7295 92.7351 93.0003 92.4961 92.3979 92.5811 92.1539 92.6405 92.8094 92.6187 92.3909 92.7892 92.332 92.7523 92.8814 92.7821 91.9883 92.5386 92.554 92.8045 92.9403 92.5787 92.607
75.315 75.3263 75.0586 74.7905 74.8086 74.8209 74.8372 74.9054 74.8113 74.8319 75.6408 75.4386 75.4167 75.9003 74.9833 75.3266 74.9574 75.3563 75.3562 75.6089 75.4627 75.5807 75.0548 75.5655 75.2974 75.747 75.2331 75.0574 75.213 75.1269
83.1911 83.2062 83.021 82.5564 82.9141 82.686 82.9279 82.7741 82.7889 82.6337 83.2472 83.7088 83.2857 83.1403 82.884 82.8069 82.9706 82.9832 82.7409 83.3168 82.9301 82.6884 82.6947 83.478 83.1189 83.2918 82.805 82.6869 83.012 82.983
66.6498 66.6171 66.3465 66.3169 66.4964 66.4761 66.3484 66.3741 66.3552 66.3439 66.206 65.7672 66.2192 65.8719 66.5344 66.4014 66.51 65.9673 66.3288 66.2484 66.4429 66.5959 66.4007 66.1659 66.1475 66.0438 66.5012 66.7219 66.1465 66.3492
137.983 138.036 137.886 136.541 137.495 136.968 137.217 136.909 137.107 137.284 137.136 137.638 137.479 137.662 137.051 137.071 137.165 136.749 137.102 138.042 137.088 137.5 136.862 137.862 137.292 137.356 136.917 136.648 137.233 137.241
12.5303 12.5571 12.1848 12.2373 12.1186 12.2791 12.1681 12.2841 12.1841 12.3812 12.6527 12.0929 11.7395 12.24 12.5066 12.1296 12.3069 12.6152 12.1007 12.1568 12.1671 12.3596 12.2587 12.3492 12.3152 12.2339 12.102 12.3698 12.153 12.1936
5.68583 5.68658 5.6721 5.63162 5.64583 5.62854 5.6392 5.64437 5.64109 5.63341 5.69289 5.65741 5.6683 5.90798 5.82904 5.85825 5.8409 5.83268 5.85067 5.88533 5.87098 5.90662 5.8324 5.93174 5.86246 5.90838 5.84814 5.8283 5.8482 5.83741
4.48992 4.48506 4.19359 4.21767 4.15091 4.19904 4.18006 4.18039 4.16308 4.33745 4.2413 4.29147 4.28684 4.57053 4.57581 4.61225 4.57419 4.51705 4.57951 4.65104 4.62082 4.6195 4.57707 4.68626 4.60195 4.6588 4.61122 4.59827 4.58661 4.60523
4.49937 4.50028 4.51065 4.47272 4.49831 4.47979 4.48686 4.4608 4.47535 4.45643 4.49846 4.51752 4.45217 4.50908 4.52272 4.53625 4.54123 4.49988 4.52934 4.5789 4.54097 4.55955 4.47966 4.55853 4.5383 4.52967 4.52835 4.5034 4.5474 4.51108
4.47036 4.46307 4.39919 4.36649 4.43891 4.41153 4.38075 4.40473 4.39838 4.37701 4.22719 4.1853 4.24491 4.66057 4.70646 4.6746 4.68128 4.55925 4.6967 4.70579 4.67356 4.77416 4.66936 4.71246 4.57012 4.44208 4.71301 4.74555 4.62298 4.69562
4.27309 4.27236 4.30193 4.24297 4.31157 4.26733 4.26373 4.28433 4.30898 4.3733 4.33335 4.35614 4.2585 4.43203 4.39029 4.40015 4.38991 4.39599 4.3833 4.44441 4.40585 4.47267 4.38282 4.49742 4.39739 4.38329 4.40643 4.39946 4.38122 4.43156
7.71542 7.71875 7.76461 7.78933 7.77083 7.75907 7.75903 7.76497 7.78767 7.85208 7.78425 7.73509 7.72034 7.81639 7.85249 7.792 7.82442 7.84997 7.85678 7.80495 7.85047 7.61835 7.74269 7.71781 7.79232 7.74157 7.79953 7.74494 7.85021 7.76531
92.6599 92.8534 93.2098 93.001 93.1816 93.1312 93.2481 93.2931 93.2958 92.6892 92.9651 92.9777 92.9213 92.8268 92.9878 93.0897 93.0461 92.7277 93.1358 92.5709 93.0822 92.7881 93.1322 93.3157 93.1217 92.9209 93.0716 93.302 93.1182 93.0675
76.0489 75.9748 75.3635 75.678 75.1936 75.4047 75.3384 75.3641 75.3508 75.8929 75.685 75.5858 75.6074 75.9933 75.4982 75.4598 75.8246 75.8723 76.059 75.5995 75.5365 75.9752 75.4669 75.623 75.6078 75.5258 75.4772 75.4796 75.5538 75.4296
74.1582 73.9158 73.3321 72.9659 73.4975 73.9213 73.324 73.2556 73.7168 72.4704 71.8 73.0567 72.4372 72.5387 73.976 73.2137 73.4847 73.5441 72.1242 73.9391 73.2988 72.707 72.6341 72.3341 72.4288 73.4319 72.3455 72.4726 72.3044 72.5943
83.0808 83.0505 83.5276 82.5507 83.4328 83.1848 83.1742 83.067 83.1633 82.9176 82.4354 83.0452 82.7299 82.964 82.9868 82.8001 82.9121 82.936 82.7953 82.8376 82.7136 82.8613 82.6045 82.5808 82.7365 83.0322 82.5498 82.5118 82.658 82.5431
104.295 104.329 103.428 104.236 103.938 104.08 104.12 104.05 104.077 104.052 104.377 104.392 104.237 103.995 104.222 103.864 104.208 104.22 104.062 103.754 104.037 103.849 103.968 104.197 104.201 103.999 103.803 103.885 103.816 103.733
65.4444 65.3642 64.7632 65.3721 64.7781 65.1549 64.9112 64.9843 65.0571 65.5387 65.2927 65.2202 65.3689 65.1815 65.2496 64.9701 65.3472 65.8172 65.0868 65.6165 65.1316 65.1627 65.0446 65.0178 65.1204 64.8719 64.8332 65.0946 64.9742 64.978
142.551 142.294 141.149 140.896 141.19 141.261 141.46 141.527 141.509 140.241 140.776 140.85 140.808 141.013 141.534 140.998 141.614 142.243 141.287 142.002 140.946 141.316 140.995 141.732 141.121 141.016 140.835 141.055 140.756 140.908
5.55052 5.54801 5.56895 5.33298 5.52513 5.52729 5.56115 5.55368 5.55565 5.13509 5.37332 5.5044 5.45598 5.51621 5.50792 5.54875 5.55966 5.46673 5.54122 5.2272 5.56725 5.58524 5.50792 5.57929 5.54037 5.57339 5.51915 5.54075 5.51151 5.51927
4.49814 4.37906 4.49567 4.50076 4.4873 4.5152 4.45861 4.45903 4.46566 4.50301 4.57327 4.50147 4.43178 4.26764 4.42462 4.30455 4.34269 4.37049 4.19724 4.23736 4.26829 4.28427 4.38673 4.38033 4.48852 4.31904 4.38767 4.3511 4.40842 4.374
11.4119 11.5615 11.5926 11.9455 11.2365 11.5086 11.5479 11.435 11.5757 11.9181 11.9942 11.8961 11.8697 11.5742 11.6349 11.7272 11.6451 11.6977 11.499 11.8859 11.6465 11.8306 11.6365 11.4798 11.4101 11.6512 11.7404 11.5247 11.6182 11.6807
4.50721 4.47858 4.44523 4.47236 4.46149 4.45423 4.44212 4.45902 4.45139 4.45626 4.4728 4.48962 4.50661 4.6207 4.63748 4.63436 4.70043 4.62805 4.6321 4.53727 4.61351 4.65212 4.61626 4.62673 4.62316 4.64161 4.63331 4.62823 4.62931 4.6351
4.36495 4.35849 4.34832 4.34819 4.36283 4.35337 4.36336 4.34601 4.34689 4.30796 4.3706 4.36793 4.33641 4.40264 4.41071 4.40614 4.40544 4.39641 4.39637 4.3788 4.40096 4.43521 4.37793 4.42601 4.40734 4.37977 4.39412 4.40021 4.39706 4.37893
5.49988 5.49991 5.26962 5.41135 5.41199 5.37484 5.3244 5.29362 5.33006 5.47411 5.594 5.57954 5.51106 5.2846 5.28619 5.18912 5.32159 5.48241 5.22981 5.12687 5.27847 5.12105 5.26097 5.23148 5.37858 5.246 5.25282 5.26067 5.25668 5.24709
7.67154 7.69925 7.61919 7.52444 7.61583 7.58802 7.62644 7.62129 7.64455 7.51855 7.57138 7.63958 7.62904 7.55649 7.65983 7.53667 7.6488 7.63377 7.51676 7.54174 7.52138 7.58164 7.64518 7.70966 7.65737 7.51657 7.55627 7.64196 7.58119 7.62414
92.3375 92.5463 92.1476 92.6551 92.2417 92.3732 92.2682 92.2073 92.2419 92.4952 92.3001 92.3398 92.2524 92.404 91.6856 92.411 91.2016 91.694 91.7529 90.6057 92.3466 92.2967 92.3181 92.3241 91.796 92.2453 92.1207 92.3022 92.2856 92.1116
154.783 155.115 154.683 154.23 154.489 154.446 154.316 154.433 154.388 154.179 154.158 154.196 154.381 154.586 154.348 154.222 155.12 153.76 155.83 154.534 154.504 154.085 154.502 154.725 153.83 154.616 154.62 154.639 154.166 154.737
76.0526 75.7157 75.9542 75.3011 75.9598 75.6812 75.5046 75.5506 75.4647 75.3484 75.3796 75.6428 75.8115 76.4194 75.3584 75.4865 75.6786 74.6439 75.7016 76.0134 75.3332 75.7903 75.4304 75.8466 76.1657 75.3624 75.5745 75.3075 75.7435 75.5473
73.6348 74.3397 74.3188 74.4732 73.9764 74.0748 74.3382 74.4601 74.5347 74.0417 73.1998 74.522 74.5659 73.3327 73.6591 73.6132 75.4002 73.742 75.0176 75.7656 73.8962 73.8341 73.9431 73.4908 74.8987 74.2351 73.6857 74.1032 74.0096 73.8655
83.0232 83.7525 83.5107 83.3047 83.2846 83.3111 83.3097 83.2605 83.3229 83.2525 83.1263 83.3246 83.367 82.3917 82.6906 83.5172 83.9255 81.8561 84.0021 84.3593 83.5587 83.441 83.5274 83.2615 82.608 83.6161 83.6056 83.4609 83.3772 83.6296
67.1108 66.5402 66.5391 65.9088 66.4164 66.1314 66.0809 66.2707 66.1817 65.995 65.9726 65.314 66.2782 65.7341 66.2174 65.6802 66.6004 66.4376 65.5124 66.1311 65.7664 65.3738 65.8159 66.2261 66.7572 65.7866 65.8216 65.8784 65.8816 65.8603
140.812 141.612 141.644 141.463 141.177 140.809 141.116 141.035 141.057 141.653 141.949 141.581 141.944 141.888 142.078 142.019 142.173 141.529 141.816 143.105 142.172 142.047 142.013 140.361 141.679 141.998 142.227 141.916 141.14 141.995
6.11043 6.08786 6.00049 5.90806 6.01756 5.93492 5.98753 5.99318 5.96248 5.91242 5.9478 5.96106 5.99416 6.61224 6.36765 6.44093 6.40868 6.2117 6.50883 6.39542 6.42554 6.46546 6.44303 6.50575 6.16697 6.4259 6.48115 6.41848 6.46841 6.44061
7.92685 8.17915 7.96584 7.816 7.8045 7.73195 7.7949 7.83303 7.81656 7.85761 7.80629 7.83992 7.86886 7.32621 7.46004 7.48881 7.59787 7.16787 7.80248 7.40262 7.8112 7.27983 7.55674 7.6193 7.04164 7.57867 7.53512 7.52738 7.21683 7.63125
4.49929 4.55082 4.31774 4.39788 4.23549 4.39596 4.39443 4.36806 4.4044 4.37733 4.42925 4.40402 4.42353 4.63993 4.5609 4.72329 4.61689 4.53912 4.58514 4.68243 4.6861 4.66631 4.66863 4.60351 4.42709 4.65956 4.6842 4.66793 4.65671 4.66934
4.60387 4.57852 4.56987 4.54744 4.54107 4.51768 4.57536 4.5767 4.56633 4.58011 4.5398 4.55373 4.59599 4.82193 4.73249 4.79606 4.78677 4.72807 4.68952 4.83834 4.79142 4.80439 4.73427 4.75628 4.7599 4.71942 4.75093 4.77847 4.71688 4.74956
4.60267 4.56192 4.50505 4.47667 4.50992 4.50609 4.50283 4.51462 4.49569 4.53854 4.4905 4.49785 4.51545 4.90912 4.62752 4.60328 4.6078 4.63127 4.629 4.61676 4.60738 4.66396 4.59815 4.64109 4.69667 4.59116 4.60066 4.60455 4.61677 4.59077
4.64366 4.4787 4.67395 4.11236 4.71281 4.27412 4.57946 4.55565 4.59555 4.16989 4.21957 4.02961 4.28659 4.38416 4.9644 4.50387 4.54713 4.93919 4.27821 4.26399 4.48599 4.19127 4.56018 4.87764 4.79576 4.52308 4.64752 4.58725 4.52909 4.58176
4.21721 4.25877 4.22742 4.28116 4.21803 4.27743 4.22301 4.21707 4.22265 4.3002 4.30355 4.3252 4.30869 4.57788 4.45598 4.50673 4.51119 4.50765 4.51839 4.44198 4.51572 4.54874 4.51172 4.48625 4.48967 4.50837 4.53491 4.51923 4.51078 4.50731
7.95407 8.11673 8.13639 8.1056 8.1207 7.92428 7.99789 7.97645 7.98949 8.04057 8.06294 8.05702 8.11111 8.13636 8.18785 8.23404 8.51255 8.03332 8.1296 8.35965 8.27783 8.24294 8.11746 7.83098 8.28323 8.18033 8.09399 8.1823 7.9709 8.13886
91.6834 92.1864 91.0759 91.0005 91.4882 90.9605 91.5551 91.6165 91.4377 90.9625 91.6761 90.8996 90.9105 90.6212 93.1415 93.5771 92.5208 93.1833 91.7526 93.1996 93.3457 93.2512 93.4757 93.1126 92.0398 93.3339 93.1266 93.3213 93.1981 93.3519
75.4078 75.0621 74.957 75.1719 75.1125 74.9751 74.765 74.8653 74.7748 74.8804 74.7784 75.0002 74.9974 75.1164 75.9034 75.01 75.0587 75.4112 75.2652 75.7496 74.8985 75.6764 74.9299 74.9962 75.5616 74.9121 75.0986 74.9456 74.9525 74.801
75.6943 75.4847 75.8464 76.0056 75.6237 75.9513 75.7773 75.6093 75.7592 76.3039 76.0296 76.0568 75.603 75.8242 72.5293 72.6824 74.3013 75.4408 76.0733 72.3382 72.5178 71.1525 72.711 73.0676 74.0006 73.3343 72.7038 72.6341 72.679 72.3029
83.7094 82.9734 83.7854 83.905 83.7294 83.8212 83.7849 83.6442 83.7364 84.0816 83.9429 84.1752 84.2263 84.0229 82.2538 83.2514 84.4257 84.0505 84.3368 83.576 82.973 83.132 83.0547 83.1755 84.3343 83.2179 82.8825 83.0651 83.1896 82.9049
103.924 103.877 104.332 103.989 104.481 104.097 104.313 104.155 104.284 103.729 104.081 104.01 103.758 104.001 103.238 104.1 104.63 104.038 104.182 104.344 104.105 103.607 103.795 103.515 103.664 103.785 104.053 103.625 103.887 103.688
66.6874 66.702 66.6151 67.2352 66.9222 67.2 67.1133 66.8274 67.0645 67.4028 67.5598 66.9635 66.5764 66.3399 65.6764 65.3331 64.9217 66.4554 66.7504 65.0949 65.6715 65.1225 65.3647 65.3367 64.9569 65.4495 65.1065 65.4603 65.0069 65.4686
5.73235 5.78867 6.08987 6.16062 6.05571 6.25681 6.08168 6.02864 6.12291 6.16635 6.01404 6.27681 6.13056 5.88395 5.37457 5.43016 5.51549 5.34262 5.67923 5.52376 5.14577 5.41483 5.43166 5.28233 5.54248 5.44814 5.46677 5.41296 5.47778 5.35729
4.4198 4.38379 4.28992 4.2763 4.32758 4.25987 4.32148 4.30901 4.31193 4.49387 4.28005 4.67086 4.61745 4.36647 4.28428 4.46732 4.4337 4.27439 4.3485 4.42578 4.41268 4.34332 4.43381 4.39577 4.52229 4.42646 4.44245 4.42466 4.43337 4.43156
4.31982 4.33793 4.36597 4.33335 4.37604 4.35672 4.34318 4.33317 4.34016 4.41073 4.30864 4.40805 4.37818 4.48322 4.53941 4.49705 4.47907 4.47625 4.43555 4.54921 4.49652 4.53464 4.49197 4.48953 4.54812 4.47327 4.52227 4.4895 4.51335 4.50138
4.41311 4.41063 4.41618 4.38159 4.42963 4.39117 4.4226 4.39987 4.39588 4.39452 4.41929 4.38712 4.40605 4.47686 4.33808 4.42665 4.57107 3.88901 4.42051 4.45017 4.40301 4.44818 4.41301 4.4382 4.42601 4.41399 4.44352 4.41651 4.42796 4.41307
5.4581 5.4143 5.48059 5.43522 5.5644 5.45974 5.44261 5.38305 5.35034 5.27323 5.42507 5.41839 5.27591 5.20755 5.30688 5.31303 5.6636 5.56237 5.59532 5.70865 5.64096 5.18859 5.33638 5.31292 5.446 5.43995 5.34718 5.29473 5.24723 5.47543
4.48873 3.95197 4.34788 4.36455 4.33517 4.44365 4.38593 4.34772 4.37175 4.36755 4.34417 4.3506 4.53087 4.81759 4.32961 4.56451 4.418 4.67246 4.15365 4.76842 4.34556 4.68527 4.46868 4.72325 4.3459 4.3188 4.59429 4.43936 4.66062 4.27711
7.61457 7.54932 7.66005 7.67407 7.72137 7.7176 7.66515 7.66326 7.66751 7.61828 7.66527 7.6664 7.66612 7.70369 7.47777 7.47717 7.77576 7.8102 7.78553 7.55911 7.52945 7.44098 7.50542 7.511 7.79498 7.65272 7.46509 7.51334 7.605 7.56489
90.4993 90.5954 89.4754 90.2369 89.4657 90.2093 89.1801 89.2494 89.3507 90.2011 89.3655 90.2269 88.7455 91.272 91.8197 92.7697 92.2865 91.7567 92.3298 92.274 92.6883 91.7988 92.7725 92.6265 91.6842 92.5962 92.6093 92.6844 92.7697 92.7764
75.5358 75.4673 75.6819 75.9704 75.4667 75.9954 75.557 75.5229 75.5963 76.4013 76.2935 75.8686 75.9506 75.9924 75.9232 75.8721 75.8023 76.7092 75.7449 75.6782 75.8138 76.0198 75.6567 75.6868 76.0361 75.76 75.6559 75.6574 75.8578 75.8299
75.1446 75.5132 76.138 76.4344 76.2346 76.3204 76.598 76.2356 76.2669 76.6704 76.8782 76.7345 76.933 74.9406 74.1006 73.6782 73.3235 75.8057 73.2015 73.531 73.495 72.5824 72.6032 73.3373 75.3304 74.1048 73.3606 73.1704 73.0795 73.0258
84.0341 84.4404 84.7458 84.3793 84.549 84.2982 84.7902 84.8531 84.6419 84.2419 84.5915 84.4009 84.7027 84.0264 84.5192 83.187 83.2132 84.2746 83.6938 83.5442 82.8881 83.1069 82.8027 82.9456 84.0553 83.3988 82.9444 82.9824 82.8709 82.8087
103.237 103.441 103.306 102.638 102.742 102.449 102.487 102.409 102.459 102.939 102.601 102.358 102.612 105.167 103.469 104.385 103.763 106.895 105.159 103.971 104.187 104.354 104.232 104.103 103.11 103.584 104.345 104.289 104.306 104.211
67.038 66.5758 66.8875 67.9558 67.5889 67.9171 67.9134 67.5651 67.4621 69.498 68.7918 69.3863 69.2198 64.6883 65.347 65.885 65.8919 65.9456 65.9668 64.7403 65.8231 64.9693 65.6845 65.6667 65.0938 65.7577 65.4262 65.7264 65.8453 65.8924
143.179 142.752 143.002 142.716 142.501 142.919 142.565 142.513 142.305 142.632 142.958 142.267 142.82 143.363 142.436 142.448 141.515 143.589 142.416 142.018 142.281 142.573 142.066 142.173 142.997 141.854 142.341 141.941 142.103 142.118
5.9989 5.99506 6.18059 6.05823 6.34029 6.04027 6.30626 6.28699 6.28283 5.98846 6.09689 5.92028 6.17116 5.63533 5.52866 5.60248 5.59605 5.60464 5.6238 5.69605 5.56182 5.52332 5.58655 5.54543 5.53106 5.55113 5.55813 5.55202 5.61449 5.58333
4.49093 4.51787 4.49382 4.46796 4.4496 4.50628 4.42592 4.39687 4.43864 4.2463 4.2908 4.23482 4.16409 4.42866 4.33929 4.48719 4.49775 4.33926 4.59382 4.58024 4.40692 4.31515 4.53997 4.48391 4.39051 4.44391 4.48288 4.50887 4.52444 4.454
4.424 4.4586 4.53872 4.56725 4.55777 4.56587 4.57781 4.55318 4.53929 4.76775 4.70482 4.70655 4.7666 4.67066 4.6711 4.63875 4.59806 4.56165 4.63622 4.66014 4.6173 4.65374 4.63958 4.62621 4.6455 4.58463 4.60944 4.61942 4.64592 4.63093
5.74559 5.7043 5.7589 5.71493 5.65815 5.68731 5.65442 5.65787 5.68076 5.64331 5.58148 5.54181 5.7438 5.9029 5.61995 5.68219 5.83272 5.9528 5.71778 5.75999 5.71686 5.58978 5.72195 5.69579 5.88244 5.8701 5.80625 5.72971 5.71265 5.71792
4.21437 4.21822 4.1507 4.18773 4.18516 4.20396 4.18809 4.15851 4.16634 4.29289 4.26727 4.23292 4.25643 4.33757 4.21691 4.33125 4.34226 4.20834 4.36462 4.33791 4.3559 4.34931 4.36574 4.36165 4.32244 4.324 4.35029 4.35461 4.34981 4.35467
7.76821 7.73123 7.75095 7.76253 7.65277 7.80373 7.69928 7.70452 7.681 7.71936 7.7819 7.67414 7.69771 7.91623 7.92674 7.8948 7.86393 7.9008 7.87807 7.91504 7.92537 7.92364 7.92527 7.8933 7.85221 7.86902 7.94927 7.89415 7.97198 7.91522
89.2288 89.4908 88.7416 89.6633 88.7616 89.5536 89.3562 89.102 89.1036 91.2196 91.2157 91.2537 91.3251 91.434 89.923 91.606 91.6732 91.3362 90.9175 91.8185 91.9136 90.8599 91.7176 91.4674 91.6356 91.4346 91.6269 91.5226 91.8087 91.9116
76.069 75.9726 76.2837 76.2388 76.3018 76.2527 76.2052 76.2575 76.3195 76.3177 76.1168 76.2382 76.1299 75.8008 75.8779 75.9071 76.241 75.8129 75.9432 75.5613 75.777 76.2775 76.0575 75.9024 75.7187 76.2804 75.9789 75.9782 76.2783 75.9188
78.0339 77.2769 78.0531 77.797 77.8424 77.7569 77.9229 78.0433 77.8258 78.8098 79.1167 78.5414 78.9288 74.4726 75.8955 73.8751 73.4881 74.67 75.1614 74.0745 74.0704 76.488 74.541 73.4926 74.3721 74.5374 74.591 74.3116 74.0968 74.2235
68.0257 68.1905 67.9125 68.1978 68.6079 68.0452 68.8697 68.6662 68.1724 68.4365 68.3614 68.8005 67.8229 66.2679 68.7168 66.0533 66.4217 66.0737 67.022 66.8322 66.4044 66.6342 66.6742 65.8524 66.2552 66.2661 66.5087 66.2276 67.1838 66.5318
139.327 139.731 140.922 140.773 140.968 140.782 140.858 140.842 140.842 140.873 140.949 140.754 140.984 139.703 139.683 138.236 137.66 139.046 138.093 137.422 137.711 140.5 138.085 138.063 139.453 138.428 138.957 138.302 138.327 137.446
6.08298 5.97931 6.19575 6.16549 6.15497 6.11154 6.1362 6.15244 6.18852 5.75308 5.7389 5.76853 5.71757 5.87795 6.04069 5.93521 5.92531 5.94287 5.82464 5.92529 5.92042 5.94348 5.94196 5.93971 5.94142 5.94474 5.92723 5.92654 5.94226 5.94009
5.05731 4.92035 4.25178 4.29557 4.24867 4.27193 4.25246 4.26512 4.25156 4.36293 4.47971 4.38506 4.48658 4.60332 4.53809 4.61674 4.50465 4.67938 4.5964 4.70617 4.70862 4.98456 4.70457 4.56452 4.78173 4.50472 4.72277 4.66413 4.55996 4.72781
4.4693 4.22512 4.60448 4.6097 4.57036 4.63933 4.5936 4.58485 4.55776 4.49369 4.52408 4.44135 4.58522 4.51631 4.42056 4.51372 4.52472 4.51112 4.51127 4.54227 4.51298 4.46569 4.53677 4.52992 4.54063 4.50776 4.54184 4.51713 4.56895 4.53165
7.46193 7.76091 8.00653 7.99319 8.0053 8.01661 7.99956 7.98867 7.98487 7.92195 7.93873 7.83773 7.94575 7.80509 7.64183 7.78246 7.60668 8.06783 7.92664 7.80549 7.6432 7.95206 7.81058 7.7314 7.86037 7.76296 7.77255 7.76231 7.94598 7.61727
90.3497 90.0183 90.5013 90.519 90.1026 90.6942 90.3676 90.3831 90.6839 89.6944 89.6895 89.9768 89.5229 91.6066 92.0153 91.9273 91.5024 91.3714 91.6144 91.5494 91.4869 91.2811 91.6848 91.63 91.7578 91.4524 91.8041 91.3504 91.5481 91.6081
76.7615 76.244 76.7957 76.1627 76.6567 76.0962 76.6367 76.6582 76.46 76.0792 76.1668 75.9824 76.2405 75.3614 75.9007 75.8731 75.5039 75.6744 75.7971 75.6112 75.4355 75.8212 75.4657 75.6807 75.6501 75.3002 75.6106 75.684 74.9219 75.3323
76.4445 75.7178 76.0132 76.5936 76.4485 76.5284 76.8441 76.5324 76.362 78.0785 77.7621 78.1071 78.6327 73.8585 73.7016 74.2389 74.6637 74.9686 73.9051 74.7769 74.7961 74.0751 74.9626 75.3133 73.6914 75.1279 75.1738 74.6881 76.1552 75.0701
85.1785 84.5374 84.0435 84.0209 83.8831 83.8402 84.0372 84.001 84.002 84.7127 84.7372 84.6608 84.3602 83.3129 83.4617 83.3651 83.7979 83.8043 83.8521 83.2572 83.8807 83.6481 83.9542 84.0405 83.1603 84.0681 83.5712 83.7814 83.9283 83.9944
70.1233 70.0342 67.6035 69.9965 68.7048 69.6756 69.4103 69.4614 70.0961 70.9505 70.8042 70.9653 70.3581 66.0775 66.3055 66.3439 66.0646 66.6349 66.1417 66.2326 66.3026 66.4407 66.7847 66.731 66.25 66.327 67.5835 66.239 67.011 66.411
140.832 140.45 138.857 139.017 140.161 139.005 140.111 140.117 139.801 138.542 138.456 138.492 139.104 138.124 139.339 137.983 138.335 137.687 139.196 136.906 136.984 139.47 138.12 138.102 136.866 138.335 137.605 137.151 139.621 137.586
5.14136 5.74875 5.67427 5.56967 5.75383 5.51615 5.6708 5.67117 5.70217 5.81888 5.71862 5.75126 5.8502 5.847 5.89391 5.87201 5.5639 5.7221 5.83981 5.76175 5.63899 5.85822 5.61994 5.62901 5.87091 5.60515 5.89054 5.74392 5.39121 5.66109
4.58989 4.61602 4.26096 4.21176 4.32528 4.23354 4.32774 4.30195 4.32307 4.2262 4.27882 4.26185 4.3234 4.68523 4.58502 4.61748 4.52723 4.48031 4.6633 4.49447 4.5276 4.6376 4.53851 4.51037 4.63065 4.5554 4.42491 4.50051 4.88037 4.54549
4.28923 4.33294 4.16654 4.27444 4.2476 4.20463 4.2563 4.23078 4.25372 4.26898 4.33545 4.3818 4.3454 4.46587 4.48803 4.44103 4.42916 4.42159 4.44671 4.44381 4.40129 4.44401 4.37858 4.37225 4.45301 4.3782 4.47314 4.41484 4.27444 4.34481
3.85555 4.28771 4.29451 4.48047 4.13615 4.57302 4.09747 4.02296 4.04496 4.48031 4.32042 4.33561 4.41042 4.45249 4.56451 4.38718 4.87037 4.3253 4.25424 4.35532 4.28534 4.419 4.49551 4.36374 4.34673 4.40174 4.32221 4.30309 4.30896 4.26941
7.62251 7.57734 7.00699 7.54407 7.5865 7.58454 7.50568 7.51618 7.42864 7.74437 7.49797 7.73954 7.72284 7.5376 7.74874 7.7032 8.17104 7.67054 7.88705 7.46699 7.50571 8.04447 7.7553 7.77886 7.51014 7.86404 7.6269 7.5904 8.04022 7.57923
90.6451 90.9329 89.9614 90.6364 90.3025 90.5353 90.2327 90.2182 90.0738 90.4981 90.0802 90.2108 90.4505 91.893 92.2413 91.1758 91.0793 91.3059 91.8757 91.1284 91.1747 91.5676 91.2622 91.2378 91.5257 91.2322 91.0011 91.2288 90.917 91.1445
154.999 152.931 154.796 154.972 154.86 154.985 154.927 154.892 154.872 155.024 155.115 155.108 154.891 156.016 153.551 154.636 154.543 154.942 154.352 153.542 154.559 155.882 154.396 154.828 154.646 154.089 154.259 154.367 154.769 154.429
84.1484 83.7461 84.1935 83.9573 84.0642 83.9471 84.1225 84.1085 84.1157 84.2286 84.2296 84.3114 84.1495 83.1858 83.6657 83.3362 83.7621 83.9728 83.1708 83.8454 83.7538 83.3756 83.7679 83.928 83.3559 83.7379 84.1116 83.6917 82.3857 83.6857
67.0526 66.7147 66.9112 67.1403 67.1163 67.0945 66.9848 66.9962 66.8423 67.0285 66.8128 66.8916 67.125 66.0617 66.356 65.5513 66.1214 66.4378 65.8645 66.2717 66.1212 66.1611 66.2029 66.2838 65.7346 66.101 66.5462 66.1352 66.6018 66.1695
142.776 142.737 142.343 141.276 142.398 141.163 142.205 142.035 142.223 142.794 143.067 143.135 142.693 139.868 141.161 140.146 141.86 141.139 139.147 141.826 141.652 140.572 141.751 141.663 139.848 141.963 141.926 141.809 142.201 141.749
5.83694 5.96182 5.74564 5.79715 5.78902 5.78372 5.77265 5.75486 5.80035 5.88337 5.92223 5.87157 5.92978 6.49898 5.75061 6.18408 6.39138 6.42913 6.06401 6.43177 6.37042 6.43309 6.37223 6.40552 6.38937 6.40857 6.34643 6.36202 6.42793 6.37637
8.16048 6.70461 7.95759 7.99557 7.9046 8.00644 7.99967 7.96307 7.98558 8.10013 8.0811 8.03834 8.04812 7.58598 6.70792 7.56511 7.23266 7.84488 7.12654 7.7183 7.2376 7.65427 7.21134 7.3995 7.14996 7.08061 7.26173 7.27948 7.50426 7.29037
4.55646 4.51147 4.36284 4.34805 4.41826 4.32228 4.41254 4.42314 4.4315 4.45755 4.42495 4.39297 4.43955 4.56095 4.65838 4.63825 4.71832 4.85413 4.75572 4.71647 4.68091 4.51683 4.7065 4.58606 4.66067 4.64512 4.67443 4.64765 4.54347 4.61113
4.43159 4.45178 4.4051 4.41593 4.40538 4.41619 4.41014 4.41534 4.42544 4.41028 4.45833 4.42472 4.42824 4.52477 4.35386 4.49069 4.51201 4.51329 4.47957 4.46388 4.50202 4.49637 4.5116 4.49522 4.51265 4.51703 4.51879 4.50486 5.06221 4.49879
4.8393 4.60022 4.33115 4.29766 4.3019 4.31828 4.31562 4.29079 4.30987 4.33654 4.33875 4.32962 4.22718 4.58798 4.51656 4.71082 4.60087 4.21109 4.6278 4.28856 4.56275 4.49455 4.61674 4.53166 4.59761 4.6323 4.49517 4.6179 5.03518 4.62942
4.22719 4.26622 4.2143 4.23276 4.21426 4.23199 4.22972 4.22703 4.22672 4.18401 4.2286 4.2092 4.23949 4.43375 4.42479 4.43414 4.37508 4.43957 4.33658 4.31302 4.38048 4.46619 4.39682 4.35962 4.44295 4.3781 4.46808 4.40458 4.28158 4.3942
8.41509 8.39056 8.12235 8.11743 8.16898 8.09639 8.15099 8.13562 8.15932 8.33563 8.33684 8.2673 8.14474 7.67918 8.15172 7.78437 8.43023 7.89703 7.69664 7.9758 8.33345 7.82267 8.4113 8.36541 7.69475 8.43932 8.58276 8.28399 8.1577 8.43539
90.6723 90.7261 90.5565 90.942 90.5934 91.0151 90.647 90.6441 90.6589 91.2248 91.5051 91.2719 90.9214 91.0951 89.6175 91.2607 91.7548 89.8464 91.7095 91.3084 91.7094 91.5377 91.7864 91.6734 91.4632 91.4223 91.3411 91.5185 90.1916 91.614
155.003 154.846 154.328 153.297 154.611 152.942 154.33 154.212 154.328 155.33 155.416 155.025 155.216 153.746 155.257 154.78 154.306 154.311 155.712 154.638 154.579 153.188 154.535 154.304 154.19 155.313 155.054 154.542 154.024 154.242
83.8137 83.6679 83.7546 83.3547 83.7531 83.7914 83.7251 83.6269 83.5639 83.2382 83.5045 83.3471 83.475 83.0257 84.1783 83.6165 83.1362 83.6795 83.0366 83.2435 82.8932 83.4997 83.0585 82.9686 83.3134 83.1534 83.8303 82.9103 82.6389 83.0495
66.1278 67.0333 65.753 65.9371 65.6938 65.9041 65.9205 65.9155 65.8082 68.285 68.8093 68.7862 68.6206 65.8597 66.8089 66.0989 66.0997 67.3969 66.148 65.6654 65.8009 66.6281 66.1234 65.3124 65.733 65.7923 65.8017 64.9579 66.6193 65.5382
140.504 141.3 140.602 140.305 140.911 140.502 140.654 140.581 140.545 139.736 139.442 140.053 139.959 140.584 142.787 141.604 140.071 140.561 140.498 139.756 139.782 140.792 140.261 139.891 139.828 140.396 139.777 140.025 142.408 139.976
5.87588 5.16128 5.75263 5.67395 5.68073 5.71531 5.7243 5.70196 5.72159 5.82477 5.76669 5.95024 5.79499 5.45551 6.33732 6.35919 6.1478 6.03189 6.17748 6.12019 6.15551 5.89369 6.17257 6.04173 6.2751 6.22427 6.26637 6.25698 6.25015 6.22274
7.90889 7.83541 8.30841 7.65891 8.33328 7.07509 8.1628 8.09354 8.06405 8.01653 8.00585 8.02032 7.89409 7.39112 7.60379 7.23507 7.06043 7.50898 7.63839 7.21346 7.28277 6.79225 7.35479 7.17099 7.10262 7.40367 7.50551 7.27895 6.91698 7.16726
4.58643 4.5149 4.24802 4.30996 4.23261 4.25454 4.24225 4.24515 4.23972 4.25811 4.23712 4.20097 4.21445 4.61069 4.73228 4.66331 4.69164 4.70204 4.62588 4.7729 4.75463 4.64329 4.74083 4.66404 4.64685 4.59384 4.56084 4.64156 4.77532 4.73388
4.4203 4.09763 4.39656 4.41168 4.38938 4.39555 4.40207 4.39056 4.38414 4.43599 4.41096 4.44268 4.41653 4.50134 4.53239 4.50435 4.50524 4.52266 4.49535 4.49649 4.50844 4.46487 4.51241 4.50086 4.51716 4.49864 4.47685 4.48759 4.26969 4.50808
7.74632 8.23816 7.5723 7.54463 7.69303 7.67987 7.74047 7.64262 7.65875 7.60322 7.54822 7.87118 7.62767 8.32411 8.01027 8.16814 7.52581 7.82302 7.84533 7.56405 7.55906 8.08281 7.63586 7.66094 7.51565 7.79904 7.36994 7.79747 7.99049 7.63295
91.0066 92.3689 91.4348 90.241 91.5517 91.3042 91.4112 91.433 91.4021 90.0256 89.937 89.9369 90.1203 91.9228 92.1038 92.2462 92.5284 91.3868 91.8145 92.3986 92.4949 91.7653 92.1517 92.3031 92.245 92.0849 91.6811 92.0836 91.8453 92.342
153.866 153.37 154.418 152.608 154.076 152.222 154.029 153.931 154.088 152.14 152.55 152.69 152.99 154.335 154.115 155.117 155.036 154.117 154.12 154.982 155.259 154.01 155.536 155.388 154.346 155.301 155.376 155.54 155.149 155.357
75.0249 74.8877 75.438 75.8395 75.2479 75.4398 75.1925 75.2573 75.2587 75.8809 76.2097 76.2486 76.0718 75.2433 74.9789 75.5479 75.3124 75.259 75.1759 75.2684 75.7361 74.7361 75.8264 76.0972 75.7628 75.5069 75.8342 75.7412 75.4053 75.665
76.5713 78.0222 75.8365 77.0331 75.9071 76.1188 75.7319 75.6292 75.6869 77.1948 77.1017 77.3282 77.5724 74.3442 74.4845 73.4644 73.7402 73.7724 73.202 73.5274 72.9621 74.199 74.6223 74.7157 71.5396 74.1621 74.6419 74.3167 74.3591 73.5765
84.5816 85.2727 83.0987 84.0914 83.0312 83.5697 82.9947 83.0348 82.9728 84.0551 84.4464 84.0184 84.0644 83.531 83.509 83.3377 83.2264 83.6094 82.9441 83.0412 83.1121 83.1116 83.4712 83.4125 83.3146 83.3605 83.8039 83.2228 83.79 82.9949
66.5947 67.812 66.6213 67.2724 67.0478 67.5949 67.2756 67.1781 67.2922 69.0921 68.218 67.8303 68.2748 65.9443 66.3893 65.8773 66.0969 66.1361 65.8895 66.1702 66.1928 65.6795 66.2177 66.3969 66.148 66.3286 66.053 66.2772 67.028 66.2762
140.664 141.007 140.302 140.815 140.261 140.304 140.135 140.072 140.152 141.143 141.689 142.31 141.421 141.62 141.161 140.141 140.065 141.606 140.572 140.944 140.787 139.827 141.859 142.295 140.294 140.015 140.12 141.805 141.095 141.256
5.73586 4.80981 5.82119 5.7213 5.77434 5.70651 5.73437 5.74533 5.74491 5.96456 5.85967 5.95053 5.97677 6.23138 6.28352 6.23375 6.27177 6.24862 5.9429 6.19338 6.2708 6.51689 6.29323 6.26837 6.28693 6.0535 6.11307 6.24944 6.35056 6.2609
7.57659 7.41863 7.51955 7.35761 7.67708 7.37879 7.52152 7.50518 7.5851 6.99368 7.52776 7.17474 7.06602 7.4024 6.97328 7.68712 7.71913 7.38447 7.43793 7.73586 7.80311 7.2364 7.65322 7.68118 7.42667 7.79176 7.78481 7.71671 7.75967 7.7465
4.72906 4.76781 4.49991 4.45109 4.55435 4.50122 4.53244 4.53291 4.53634 4.45332 4.47444 4.47059 4.46035 4.65191 4.59418 4.6205 4.6284 4.66281 4.60516 4.62233 4.59536 4.61884 4.6801 4.56872 4.56161 4.60254 4.52801 4.58891 4.65513 4.5819
4.44864 4.50829 4.48454 4.42839 4.44168 4.35753 4.46994 4.47337 4.46372 4.48509 4.43426 4.51242 4.51065 4.56325 4.55925 4.54998 4.55465 4.58471 4.57334 4.56799 4.58072 4.48565 4.5799 4.5737 4.58469 4.55952 4.5523 4.57018 4.58563 4.56831
4.64581 4.69743 4.68287 4.53911 4.76917 4.52681 4.71995 4.71438 4.73899 4.42647 4.54576 4.56625 4.50132 4.59711 4.65686 4.60561 4.56486 4.76141 4.42547 4.33096 4.72135 4.17052 4.51552 4.44721 4.65581 4.73872 4.72414 4.44575 4.78315 4.33743
4.15528 4.24543 4.15018 4.17218 4.12546 4.13494 4.1263 4.13273 4.13542 4.13549 4.18288 4.22372 4.17722 4.49653 4.49308 4.53182 4.49602 4.47913 4.48624 4.46133 4.48329 4.4041 4.49479 4.52007 4.57535 4.46101 4.46843 4.52438 4.48191 4.48918
7.92825 8.2054 8.04856 8.07092 8.11365 8.13455 8.10001 8.06084 8.15467 8.15755 8.2047 8.19541 8.13353 8.02185 8.05204 7.53087 7.74347 8.10549 7.90022 7.97607 7.83518 7.69322 8.0143 8.1079 7.68649 7.70555 7.65268 8.03738 8.08574 7.88336
90.4122 90.3516 91.1899 91.704 91.2796 91.5353 91.3424 91.2956 91.2518 92.133 91.8224 91.8262 91.8628 92.6552 92.4531 92.6806 92.6468 93.1784 92.6702 93.1215 92.4095 92.8014 92.3003 92.3515 91.3849 92.6225 93.1493 92.4768 92.4534 92.2878
75.634 75.2472 75.8922 75.7905 75.8026 76.0211 75.5586 75.5332 75.5731 75.2913 75.4237 75.699 75.7881 75.5666 75.9087 75.865 75.788 76.0007 75.6571 75.8435 76.0007 75.8121 75.7851 75.9068 76.116 75.9152 76.1163 75.5263 75.8145 76.0203
76.1506 75.356 76.2046 75.2856 76.1582 75.4172 75.6867 75.9407 75.9051 75.2945 74.766 74.823 75.1677 73.0413 73.5653 73.5017 72.8129 73.7508 74.078 72.3198 72.8809 72.793 74.0778 73.2379 74.2352 73.5511 73.4413 73.327 73.4468 73.1182
83.9237 83.8152 84.1084 83.9012 84.1703 84.1797 83.922 84.0157 84.0054 83.7608 83.8217 83.9341 84.1518 83.1434 82.9227 83.1116 82.897 82.9215 83.0441 82.7614 82.604 83.5371 83.0896 83.1863 83.711 83.195 82.7095 83.0554 82.9794 82.9266
104.903 103.927 103.223 104.656 103.447 104.066 103.474 103.365 103.579 106.409 105.765 105.931 106.099 103.74 104.314 104.246 104.659 104.259 105.143 103.307 106.26 103.46 104.37 104.608 104.577 104.161 105.074 105.335 105.507 104.994
67.2844 70.0911 65.7355 65.2588 65.7948 65.19 66.0204 65.9925 65.9139 65.6548 65.7731 65.4343 65.4937 65.4652 65.4493 64.9533 65.4259 65.707 65.6401 65.6175 65.384 65.3379 65.7008 65.6001 65.0057 64.825 65.2134 65.5597 65.8375 65.6156
141.488 143.595 142.295 144.135 142.849 144.572 142.469 142.644 142.544 144.518 144.287 143.486 144.313 141.57 141.148 141.523 141.418 141.97 141.806 141.223 142.07 140.814 141.728 141.766 142.029 141.776 141.867 141.266 142.368 142.042
5.93226 5.95274 5.71614 5.54039 5.65094 5.58265 5.6607 5.65772 5.65431 5.58341 5.56278 5.56237 5.5734 5.50197 5.38484 5.45592 5.14114 5.43677 5.25568 5.33032 4.22914 5.46952 4.30855 4.05814 5.42859 5.33503 5.54434 4.63295 4.97345 3.94758
4.43225 4.3908 4.4423 4.42111 4.34342 4.41675 4.39957 4.40567 4.37967 4.27676 4.35676 4.33707 4.432 4.49091 4.3339 4.41355 4.40914 4.50351 4.31641 4.46468 4.35045 4.46838 4.38184 4.33336 4.47505 4.40883 4.48163 4.45128 4.48992 4.36818
4.36154 4.36814 4.39145 4.36882 4.36487 4.36355 4.35742 4.36365 4.37506 4.3611 4.41379 4.35254 4.39642 4.41911 4.44187 4.41438 4.39317 4.43861 4.39859 4.39749 4.38117 4.38334 4.30269 4.40213 4.45896 4.40849 4.4803 4.34686 4.39991 4.3858
3.91613 4.17938 4.14449 4.27744 4.06741 4.2226 4.14224 4.14728 4.12519 4.19043 4.25883 4.24501 4.17943 4.32636 4.36418 4.32235 4.31389 4.28627 4.32593 4.3224 4.31026 4.27779 4.2603 4.2987 4.32445 4.29897 4.2951 4.29705 4.32064 4.28902
7.04338 7.35401 7.30919 7.63469 7.34463 7.39259 7.3023 7.31781 7.32067 7.56349 7.32144 7.16979 7.47184 7.60946 7.46128 7.54326 7.64712 7.56831 7.54602 7.55207 7.7874 7.50064 7.76486 7.7755 7.55848 7.45412 7.8509 7.78098 7.71579 7.80042
90.6249 91.237 90.9465 91.0623 91.3821 91.2493 91.0052 91.0791 91.1052 89.7346 90.1054 89.9959 89.8861 92.0905 91.1757 91.7448 90.8905 91.7847 91.3053 91.819 91.6691 91.0769 91.6268 90.6616 89.7545 91.1764 92.0654 91.3793 91.7572 91.7595
76.3759 75.9219 76.7512 75.6092 76.7888 76.3952 76.6507 76.707 76.8598 75.564 75.6578 74.9629 75.0282 75.7147 74.5453 74.6877 73.8537 75.1713 74.9189 74.2626 74.8355 74.9289 74.1428 74.674 75.6695 75.1219 74.3454 73.774 74.2174 74.5562
84.1913 83.6883 84.1187 82.8333 83.4862 83.0774 83.4514 83.4756 83.5886 82.5357 83.0563 83.1216 83.0208 83.6173 83.919 82.9858 83.7115 84.4648 84.181 83.003 83.5046 83.7631 83.4087 83.7107 83.4832 83.9497 83.1695 83.4407 83.3921 83.4083
5.39717 5.13553 5.5277 5.38375 5.30635 5.47475 5.34627 5.35002 5.38417 5.14276 5.0804 4.99384 5.2385 5.93605 5.94182 5.87158 5.89107 5.92697 5.92298 5.88858 5.84047 5.86848 5.84301 5.87714 6.00093 5.90729 5.85456 5.83585 5.86447 5.87146
4.75148 4.74458 4.43692 4.46076 4.48194 4.4445 4.47043 4.44815 4.45848 4.29334 4.33144 4.2215 4.35472 4.89449 4.59469 4.6865 4.61947 4.76734 4.64961 4.61364 4.72741 4.45057 4.64072 4.6825 4.57262 4.60399 4.61044 4.64388 4.61474 4.67267
4.42742 4.4331 4.39374 4.3579 4.39887 4.37345 4.41496 4.4097 4.40839 4.34806 4.35602 4.23421 4.3587 4.52575 4.48452 4.52043 4.4658 4.59282 4.49714 4.50238 4.47287 4.49959 4.48802 4.47263 4.48085 4.46855 4.50091 4.48162 4.49883 4.47284
3.95725 3.83397 4.00492 4.09772 3.8547 4.00112 3.93507 3.98226 3.92378 3.63265 3.6202 4.10833 3.38728 4.67988 4.61965 4.63738 4.60587 4.51177 4.34202 4.7339 4.65427 4.40345 4.54995 4.61721 4.55554 4.62627 4.71365 4.47108 4.63967 4.5836
4.12704 4.2888 4.25264 4.40738 4.55693 4.56063 4.74049 4.6976 4.67058 4.43189 4.22499 4.1505 4.35384 4.37917 4.32262 4.47043 4.35756 4.27079 4.37845 4.55178 4.4211 4.4576 4.33378 4.46278 4.40094 4.36722 4.4452 4.31502 4.46932 4.31666
7.74639 7.4558 7.63025 6.99317 7.2734 6.98419 7.23157 7.30692 7.24018 7.79527 7.96528 7.9993 7.76467 7.84939 7.73739 8.07669 7.73211 7.35735 7.84913 7.96344 7.74573 7.94395 7.71974 7.73743 7.9792 7.74055 7.70867 7.70797 7.72823 7.55286
154.52 154.79 154.421 153.49 153.359 153.735 153.409 153.563 153.374 153.75 153.539 153.271 153.774 154.44 155.956 155.201 155.083 154.263 154.836 154.377 154.143 155.663 154.541 154.893 155.139 154.524 154.521 154.532 154.768 154.06
75.4515 75.2996 76.3303 75.6382 75.9808 75.6384 75.8427 75.9108 76.1029 75.8827 75.7946 76.1314 76.2248 74.4618 74.5527 74.2619 74.135 75.7511 75.5621 72.9179 73.7032 74.7088 73.7984 74.2256 73.5259 74.051 73.5881 73.7859 73.9014 73.5912
83.9555 83.7725 84.1016 83.7001 83.8633 83.7045 83.8582 83.8424 83.8773 83.4296 83.3724 83.3478 83.6197 82.4836 83.2664 82.7022 82.9852 82.9532 84.1082 82.6183 82.6343 83.3773 82.8859 82.984 82.9679 83.1125 82.7892 82.8762 83.0087 82.7636
66.6472 66.4766 66.7258 66.6284 66.3735 66.2583 66.5601 66.5732 66.6964 66.7555 66.1757 66.4619 66.5863 66.6071 66.5165 66.0604 66.0741 65.7151 67.8174 65.7232 66.0349 67.3145 66.0383 65.7034 66.0836 65.9278 65.8639 65.9499 65.8873 66.0449
142.324 142.415 142.995 142.625 142.654 142.458 142.605 142.687 142.626 142.74 142.515 142.774 143.085 141.656 141.773 140.565 140.188 141.163 141.56 139.538 139.854 143.349 140.223 139.831 140.231 140.81 139.844 140.203 140.057 139.786
6.04754 6.05549 5.89874 5.87186 5.91197 5.89063 5.88956 5.88486 5.90401 5.93002 6.00596 5.98699 5.89306 6.32406 6.10827 6.52852 6.52766 6.2346 6.36094 6.52428 6.51562 6.53451 6.51622 6.51155 6.48519 6.49225 6.46811 6.47888 6.49504 6.48517
7.95617 8.00365 7.67925 8.09668 7.66936 8.17589 7.74123 7.71313 7.67146 8.05887 8.32709 8.4633 8.2392 7.25662 7.63846 7.21698 7.41427 7.60006 7.37273 7.32009 7.38911 7.68443 7.35591 7.46217 7.61417 7.50083 7.34171 7.36362 7.42703 7.32273
4.57348 4.58637 4.33041 4.30388 4.30099 4.32219 4.36745 4.36092 4.35068 4.2474 4.29229 4.31409 4.177 4.62598 4.5798 4.66143 4.58384 4.68631 4.74702 4.85808 4.62832 4.68507 4.71051 4.54964 4.61502 4.69812 4.69206 4.77959 4.54217 4.68754
4.49621 4.49317 4.40577 4.38547 4.495 4.45921 4.43078 4.43535 4.42289 4.42442 4.52146 4.46368 4.57836 4.79001 4.8392 4.73703 4.70001 4.81778 4.58187 4.76989 4.84507 4.66723 4.64091 4.79487 4.89371 4.72087 4.71644 4.70071 4.74113 4.70108
4.18954 4.24217 4.15564 4.18295 4.20383 4.20609 4.18277 4.17491 4.16118 4.35483 4.38964 4.30894 4.26841 4.71962 4.50152 4.51251 4.49467 4.91985 4.5284 4.53021 4.50588 4.68604 4.49763 4.48443 4.6603 4.48457 4.49865 4.50654 4.49542 4.50303
8.05096 8.12823 8.07362 8.02374 8.06541 8.04176 8.06056 8.05652 8.0553 8.00429 8.01038 8.00836 8.02156 7.81836 8.03931 7.8085 7.65106 7.93323 7.95314 7.82047 7.6661 8.69651 7.72636 7.66953 7.83982 7.84025 7.76522 7.83291 7.80602 7.71687
92.0737 92.1067 91.8332 92.0729 91.8514 91.9081 91.969 92.0175 91.9031 91.6423 91.7782 91.8401 91.6052 93.0936 91.806 92.0351 92.0875 91.8964 92.7555 92.307 92.159 92.2256 91.9861 91.8141 91.8841 92.0774 92.0494 91.9304 92.2644 92.1792
73.6989 73.6309 73.5828 72.5862 73.3162 73.2349 73.2755 73.261 73.0887 72.6228 72.9879 72.5076 72.4781 74.2239 74.5749 73.1793 73.3416 74.9967 73.5252 73.3092 74.6035 73.6246 73.1941 74.3309 73.6278 73.2938 73.5772 73.6565 73.6065 73.808
82.8467 82.7416 82.9422 82.3068 82.4711 82.5918 82.4778 82.5204 82.6193 82.3303 82.6376 82.3321 82.6503 82.5959 83.4089 82.6161 82.8937 84.817 82.6984 82.1286 83.1786 82.9789 82.7487 83.2498 82.9009 82.6341 82.8893 82.7282 82.8187 82.9662
10.7734 10.9176 10.9195 10.7509 10.8703 10.9378 10.949 11.0203 10.9934 10.5836 11.0141 10.7385 10.9424 10.8967 12.3228 10.9986 11.2879 12.3225 10.7066 10.9451 11.0145 10.9854 10.9678 11.1033 11.2934 10.9064 10.9783 10.8186 10.875 11.092
5.59457 5.59821 5.52251 5.42688 5.60132 5.56717 5.54312 5.50127 5.54119 5.51312 5.46342 5.51533 5.55037 5.73529 5.63944 5.75646 5.81971 5.83572 5.6306 5.4878 5.69551 5.80306 5.71813 5.73256 5.57392 5.71525 5.70772 5.68232 5.71339 5.72645
4.51895 4.52501 4.27123 4.26155 4.26584 4.27381 4.24176 4.24557 4.23758 4.24941 4.21609 4.22966 4.21969 4.87718 4.69725 4.54007 4.61269 4.70028 4.54979 4.56695 4.60274 4.60605 4.57619 4.58584 4.60275 4.5457 4.55361 4.60418 4.56029 4.57333
4.50817 4.50108 4.47175 4.42591 4.48534 4.51371 4.45664 4.45585 4.46526 4.48286 4.47555 4.46292 4.47978 4.66151 4.54875 4.51765 4.49263 4.55367 4.50741 4.56983 4.56093 4.55742 4.45786 4.56708 4.53925 4.45226 4.53239 4.53899 4.54152 4.54678
7.46128 7.48721 7.46129 7.56995 7.37161 7.42246 7.43475 7.42313 7.46539 7.48874 7.47295 7.62001 7.5758 7.53671 8.00956 7.85759 7.87202 7.75306 7.88563 7.03466 7.67672 8.01043 7.62029 7.79733 7.56181 7.72228 7.4548 7.66332 7.91318 7.48111
93.2392 93.2041 93.3019 93.3549 93.4502 93.3118 93.5029 93.4803 93.4527 93.3988 93.4745 93.4505 93.4127 92.9267 92.8813 93.6819 93.2053 93.1871 93.1775 93.3834 93.1908 93.3966 93.3023 93.3855 93.1639 93.2471 93.2578 93.0998 93.1252 93.2344
75.6682 75.656 75.6886 75.7089 75.5969 75.7751 75.7345 75.6711 75.6883 75.5135 75.7699 75.61 75.4762 75.8165 75.9438 74.9772 75.79 75.8726 75.727 75.5432 75.8029 75.7109 75.7272 75.6974 75.6249 75.7598 75.5481 76.0507 75.7376 75.7646
73.0249 73.119 72.8328 72.5964 72.6187 72.4394 72.4083 72.5075 72.5445 72.7815 72.5583 72.9659 73.1863 72.8511 72.2264 71.9044 72.4095 72.8015 72.0333 71.6428 72.1225 72.6034 72.3278 72.2731 72.3069 72.2315 72.2777 72.7336 72.1761 72.1862
82.7884 82.8652 82.7079 82.7998 82.5545 82.7611 82.6389 82.6628 82.6426 82.7759 82.674 82.7581 82.8136 82.9447 83.0744 82.7602 82.8024 83.0539 82.8517 81.9482 82.8407 82.9137 82.6541 82.7035 82.8569 82.668 82.7141 82.7646 82.7913 82.7194
97.8857 97.9964 97.0834 96.2544 96.7382 96.5581 96.4538 96.293 96.1545 96.7551 97.0948 97.5665 96.9736 96.664 96.6786 96.7334 96.4191 96.0844 95.2308 96.0781 95.8854 97.3986 96.419 96.3038 97.0213 96.6993 97.094 99.4783 96.5556 96.3085
65.1919 65.2233 65.1565 65.3743 65.3187 65.286 65.3542 65.1727 65.2106 64.9679 65.0291 65.1427 64.8671 65.5311 65.1405 65.1604 65.1613 65.2877 65.5182 65.2326 65.0329 65.4929 65.1113 65.1521 65.1461 65.0642 64.9449 65.4041 65.025 65.0633
141.107 141.137 140.537 140.64 140.605 140.502 140.364 140.351 140.248 140.498 140.794 141.102 140.65 141.312 141.363 140.903 140.856 141.079 141.339 140.316 140.974 141.34 140.805 141.001 140.818 140.955 140.581 141.507 140.986 140.673
5.51344 5.51411 5.50944 5.48177 5.52125 5.50856 5.4805 5.47007 5.46911 5.48075 5.49259 5.50279 5.49223 5.56446 5.5762 5.55303 5.59962 5.57033 5.52264 5.58875 5.3226 5.63383 5.52849 5.55853 5.57488 5.53562 5.5347 5.55933 5.53695 5.52827
4.42779 4.42474 4.30659 4.18958 4.21413 4.19973 4.19437 4.19684 4.20353 4.20512 4.20887 4.2329 4.18447 4.34115 4.43669 4.46527 4.43959 4.45996 4.44077 4.39647 4.441 4.41917 4.44249 4.43492 4.40324 4.4602 4.44954 4.45206 4.44543 4.46656
5.29437 5.29574 5.27557 5.20799 5.25213 5.28005 5.26002 5.22017 5.16799 5.35768 5.25942 5.26561 5.26788 5.24165 5.10969 5.21214 5.07559 5.32483 4.67491 4.98822 5.02664 5.32262 5.16323 5.07385 5.25527 5.14819 5.26884 5.55794 5.09599 5.14294
7.53738 7.55433 7.53477 7.53013 7.52238 7.56479 7.51423 7.5029 7.48412 7.56524 7.47137 7.56725 7.5567 7.56244 7.5425 7.65414 7.55498 7.52019 7.56127 7.4678 7.5602 7.66372 7.57238 7.57959 7.53242 7.56679 7.53012 7.58155 7.55908 7.52899
92.7076 92.6583 92.9072 93.017 93.1467 93.1122 92.8515 92.9373 92.8614 92.8716 93.2449 93.1444 93.1508 92.3888 92.4219 93.0923 92.7259 92.4245 92.7336 92.4225 92.8428 92.8821 92.9042 92.8184 92.6299 92.8488 92.8701 92.684 92.7187 92.8965
154.026 153.99 154.261 153.948 154.311 153.935 154.077 154.125 154.077 153.947 154.48 153.755 153.816 154.391 153.989 153.704 153.869 153.871 153.955 153.875 153.774 153.654 153.796 153.866 154.09 153.889 153.817 153.472 153.813 153.737
75.7658 75.7478 75.6403 75.8605 75.7133 75.6783 75.8001 75.8121 75.8144 75.7244 75.3415 75.684 75.4888 75.6952 75.6127 75.5925 75.5861 75.5573 75.5492 75.5114 75.648 75.4479 75.7097 75.5722 75.619 75.7038 75.7771 75.7827 75.5897 75.5343
73.5187 73.5522 73.4085 72.8343 72.6604 73.0292 73.0212 72.8073 72.8517 73.3094 73.2254 72.684 73.0108 73.177 73.5004 72.7709 72.8756 73.3578 72.972 73.1245 72.8547 73.5186 72.7729 72.7978 73.0646 72.6515 72.7197 72.1659 72.7274 72.716
82.582 82.6142 82.6285 82.4835 82.259 82.4326 82.55 82.5171 82.5154 82.4698 82.6206 82.4659 82.4517 82.7235 82.7802 82.011 82.4984 82.6806 82.6375 82.8279 82.4186 82.4975 82.4033 82.5011 82.6776 82.2795 82.2283 81.5097 82.3866 82.2673
65.6936 65.6996 65.508 65.5294 65.6365 65.6854 65.6104 65.6656 65.6834 65.5414 65.7063 65.5713 65.5999 65.6672 65.8275 65.5661 65.4577 65.5285 65.6743 65.3347 65.5493 65.952 65.4682 65.5277 65.6159 65.5028 65.6215 65.2727 65.4886 65.5003
140.046 140.094 139.406 139.262 139.108 139.05 139.239 139.291 139.188 140.114 139.423 139.434 139.833 139.612 139.11 138.699 139.468 139.305 139 139.376 139.331 138.003 139.554 139.326 139.44 139.417 139.389 138.871 139.272 139.14
5.97546 5.97569 5.92609 5.93966 5.90922 5.89854 5.92697 5.90952 5.92735 5.8836 5.89685 5.9553 5.89374 6.4453 6.46486 6.42323 6.43487 6.40857 6.44409 6.50798 6.42873 6.43702 6.42112 6.4401 6.46953 6.42998 6.42881 6.43096 6.40847 6.41782
7.61837 7.63805 7.62992 7.39311 7.45022 7.49821 7.5155 7.48194 7.55608 7.54032 7.47025 7.57756 7.30608 7.19999 7.08781 6.94458 7.04561 7.15417 7.05382 7.04217 7.01081 7.09713 7.04414 7.01954 7.07059 7.00291 6.94301 6.975 7.056 6.94849
4.52529 4.52366 4.1753 4.18488 4.18339 4.17505 4.17641 4.1751 4.17285 4.20209 4.24888 4.23579 4.21266 4.56273 4.5546 4.55222 4.63308 4.62267 4.57694 4.60586 4.61621 4.48531 4.63494 4.58619 4.55468 4.66715 4.64837 4.62897 4.64556 4.65202
4.48944 4.48768 4.48037 4.48007 4.46411 4.48544 4.4706 4.47603 4.47434 4.47582 4.48299 4.45479 4.47885 4.59411 4.60748 4.58646 4.60299 4.60896 4.59791 4.5994 4.60226 4.61987 4.59885 4.60594 4.60052 4.59758 4.60122 4.5976 4.6097 4.60628
4.44772 4.45373 4.52209 4.5629 4.4914 4.51282 4.53795 4.53959 4.56406 4.4799 4.5889 4.47481 4.46747 4.81783 4.75374 4.92627 4.73271 4.96572 4.74535 4.83163 4.70693 4.79584 4.72857 4.69911 4.73634 4.68663 4.66463 5.70836 4.76169 4.74797
4.24777 4.24798 4.22516 4.22656 4.23376 4.21051 4.21798 4.21965 4.21233 4.23344 4.21484 4.24234 4.20927 4.43854 4.42945 4.5624 4.44818 4.45616 4.44476 4.45757 4.4525 4.39947 4.45842 4.45094 4.43052 4.45654 4.44752 4.53561 4.45012 4.45285
8.03111 8.03401 8.02881 8.14 8.06867 8.0895 8.07834 8.08543 8.08947 8.11973 8.12025 8.0965 8.12983 8.07594 7.99061 8.04257 7.99079 7.97938 7.99379 7.98806 7.96837 7.68671 7.99194 7.9705 8.08232 7.92922 7.97629 8.04186 7.97423 7.96324
93.8094 93.7994 93.9676 93.9827 94.1238 94.022 93.9172 94.0491 93.902 93.7434 93.8385 93.7562 94.001 93.5821 93.7181 93.9186 93.8718 93.7359 93.4981 93.8547 93.9621 93.6171 94.071 93.7887 93.7321 93.9391 93.9322 94.111 93.8899 94.0263
75.7344 75.7096 75.3169 75.4998 75.3053 75.6058 75.5099 75.5699 75.5142 75.3762 75.7427 75.7406 75.4224 75.5806 75.5919 75.5022 75.4359 75.5901 75.481 75.441 75.5764 75.4493 75.5602 75.5281 75.3893 75.4356 75.4017 75.4425 75.5248 75.5034
72.5311 72.4928 72.4983 72.0899 72.1132 72.4194 72.4214 72.1782 72.2976 72.4077 72.3541 72.0603 71.8817 72.0136 71.705 72.081 71.9539 72.1942 71.9254 71.9862 71.8076 72.2292 71.7592 71.765 71.7775 71.8077 71.7914 71.5475 71.8664 71.8017
82.3116 82.3583 82.2432 82.3299 82.2357 82.5098 82.4925 82.4087 82.4776 82.3161 82.6495 82.5053 82.4714 82.4638 82.5251 82.437 82.4731 82.526 82.5736 82.5723 82.4475 82.5149 82.3163 82.7185 82.4916 82.3287 82.3654 82.2884 82.4008 82.436
97.9362 97.884 97.2777 96.9532 96.938 96.7241 96.8445 96.6913 96.9244 97.5164 96.5297 96.9537 96.6586 96.3905 97.006 96.5715 96.3641 96.9651 96.3858 95.8474 96.2321 97.0027 96.6519 95.6581 96.1968 96.8268 97.3827 96.1663 96.3454 96.2878
64.9689 64.9616 64.7952 64.7606 65.0753 65.1002 64.8526 64.8849 64.9164 64.8749 64.944 64.8336 65.132 64.7567 65.076 64.9509 65.0644 64.8984 64.855 65.18 65.123 64.9746 65.0539 65.1217 64.9151 65.0621 65.0511 65.3134 65.1707 65.1673
141.017 141.026 140.709 140.59 140.625 140.593 140.766 140.601 140.693 140.497 140.451 140.513 140.597 140.981 141.129 140.555 140.639 140.484 140.709 140.489 140.541 140.9 140.49 140.915 140.724 140.761 141.13 140.534 140.635 140.359
5.49977 5.50385 5.4401 5.44383 5.42072 5.48139 5.46168 5.4497 5.43902 5.51583 5.49424 5.5006 5.52197 5.51016 5.53007 5.54846 5.52019 5.51665 5.51228 5.51965 5.53167 5.53198 5.50334 5.52972 5.54086 5.51639 5.48802 5.54078 5.51416 5.52625
4.32548 4.33247 4.20422 4.1458 4.1785 4.138 4.13926 4.14451 4.13961 4.16185 4.13904 4.13869 4.17074 4.41283 4.42027 4.38416 4.39451 4.35725 4.4411 4.38851 4.38304 4.408 4.38849 4.39928 4.44839 4.42166 4.40485 4.41123 4.40019 4.38393
4.38005 4.38031 4.40087 4.40469 4.38968 4.41218 4.40598 4.3991 4.41069 4.41212 4.40896 4.4019 4.38641 4.40067 4.40428 4.4176 4.4017 4.40231 4.40617 4.41451 4.40531 4.4141 4.39372 4.42221 4.40515 4.39131 4.4014 4.40856 4.39614 4.39611
4.35714 4.35771 4.331 4.33966 4.32614 4.33907 4.33492 4.34618 4.34907 4.34921 4.32378 4.34297 4.32336 4.39159 4.40656 4.38451 4.38742 4.40452 4.39084 4.37921 4.38867 4.39191 4.39689 4.38035 4.37626 4.38819 4.37501 4.3882 4.3906 4.39226
5.25855 5.26123 5.30817 5.3418 5.25213 5.26927 5.23545 5.27825 5.32271 5.29746 5.0936 5.22462 5.08627 5.0293 5.15886 4.93416 5.09189 5.15012 5.07635 4.93839 5.07037 4.98928 5.18428 4.96601 4.95005 5.25608 5.28546 5.11608 5.14033 5.08562
4.20209 4.21379 4.30973 4.31388 4.1575 4.29983 4.28512 4.27223 4.326 4.28174 4.45341 4.39495 4.25122 4.63375 4.65216 4.51423 4.42855 4.47215 4.68844 4.32614 4.33873 4.711 4.38901 4.35597 4.54704 4.5256 4.70782 4.29763 4.33859 4.39372
4.15611 4.15653 4.10963 4.13205 4.14954 4.12749 4.11695 4.14365 4.13153 4.10481 4.10408 4.11582 4.09781 4.47211 4.47015 4.47588 4.4731 4.47235 4.45728 4.46497 4.48826 4.45605 4.479 4.50088 4.50226 4.46207 4.4678 4.49029 4.47158 4.47841
7.47624 7.48505 7.51058 7.57784 7.45281 7.54615 7.56265 7.56028 7.60838 7.50015 7.5517 7.52203 7.40671 7.44239 7.56093 7.39578 7.46365 7.47563 7.46515 7.41288 7.46126 7.47579 7.40848 7.50483 7.4461 7.50065 7.50141 7.43606 7.46677 7.43271
93.9441 94.0233 94.3761 94.2617 94.3648 94.3745 94.3634 94.4271 94.2483 94.254 94.4169 94.1095 94.5079 94.1573 94.3122 94.1032 94.1007 93.9605 93.9651 94.1164 94.2248 94.1014 94.3823 94.2809 94.1384 94.2116 94.1626 94.2299 94.1894 94.2073
75.9425 76.0113 75.5822 75.4446 75.4308 75.4935 75.3835 75.5111 75.4426 75.8722 75.8757 75.8892 75.8736 75.8082 75.7715 75.9542 75.7822 75.9415 75.7601 75.7456 75.9309 75.8079 75.8817 75.7256 75.8582 75.8841 75.8051 75.8548 75.8575 75.8296
72.283 72.2959 71.4578 71.8482 71.381 71.8531 71.9768 71.6786 72.1323 71.6912 71.767 71.9062 71.997 71.8627 71.3036 71.6954 71.765 71.8185 71.7219 71.7272 71.6477 71.6665 71.5501 71.7035 71.8855 71.5433 71.5845 71.39 71.5571 71.6147
82.0529 82.1809 82.1997 81.8986 81.9746 82.1622 82.0653 82.0079 82.1403 82.3439 82.2015 81.9455 81.7398 81.9727 81.9825 82.1747 82.1827 82.2819 82.1151 82.1843 82.0473 82.1099 81.9092 82.0404 82.15 82.0835 82.1184 82.074 82.01 82.0661
98.9227 98.7853 98.1918 97.3187 97.6104 97.0457 97.3266 96.8123 97.0562 97.5152 96.7133 97.2044 96.9472 97.2572 96.324 97.3362 96.9735 97.1225 96.8874 96.7425 96.9286 97.2486 96.7914 96.7516 98.0024 96.7914 96.9956 96.3741 96.9225 96.7932
64.648 64.6799 64.6357 64.7286 64.7171 64.847 64.7826 64.8219 64.8354 64.9289 64.7671 64.808 64.7346 64.5988 64.8789 64.6602 64.7557 64.7399 64.6641 64.7404 64.7441 64.7075 64.7775 64.7593 64.6594 64.8012 64.7184 64.9147 64.7167 64.8032
141.663 141.635 141.203 141.403 141.247 141.275 141.35 141.262 141.292 141.469 141.35 141.468 141.483 141.603 141.656 141.567 141.604 141.532 141.687 141.549 141.499 141.666 141.558 141.431 141.817 141.664 141.659 141.571 141.49 141.519
5.59764 5.60207 5.55635 5.56957 5.53727 5.55909 5.55516 5.5502 5.5529 5.58122 5.57243 5.59818 5.60051 5.64753 5.63381 5.6351 5.6164 5.60817 5.62363 5.61179 5.62767 5.64141 5.64039 5.61821 5.63273 5.62964 5.64161 5.63993 5.62004 5.6269
4.33764 4.31969 4.3805 4.37626 4.37875 4.42705 4.43105 4.41753 4.42381 4.14135 4.14151 4.15862 4.15722 4.39763 4.42391 4.38328 4.39678 4.36565 4.45906 4.3965 4.38158 4.42582 4.38902 4.39704 4.42818 4.40931 4.41721 4.39216 4.40254 4.4041
4.42428 4.41929 4.39342 4.41388 4.39155 4.40232 4.41714 4.40915 4.41438 4.41618 4.41931 4.42965 4.44823 4.4434 4.44647 4.45353 4.45237 4.45378 4.44269 4.45455 4.44727 4.45762 4.45148 4.4467 4.44152 4.45062 4.4588 4.45967 4.44103 4.45387
4.3721 4.37791 4.35085 4.34432 4.37514 4.35769 4.36012 4.35383 4.33541 4.37612 4.36685 4.34012 4.34995 4.40729 4.41987 4.41544 4.40424 4.40396 4.40169 4.40363 4.41513 4.4126 4.41287 4.41629 4.39277 4.4067 4.40511 4.41115 4.41742 4.40623
5.5592 5.5468 5.50204 5.45806 5.51225 5.43931 5.45648 5.47219 5.45671 5.46912 5.45968 5.45906 5.47395 5.41654 5.42625 5.40116 5.39263 5.38811 5.43264 5.38232 5.39088 5.41989 5.4069 5.39932 5.41164 5.40334 5.44533 5.38069 5.41383 5.39552
4.33947 4.35642 4.4436 4.329 4.40388 4.37449 4.35873 4.38013 4.37579 4.39152 4.37628 4.3576 4.39208 4.50704 4.4501 4.54492 4.49045 4.44396 4.56968 4.47973 4.46035 4.50179 4.47107 4.44066 4.59054 4.50309 4.5693 4.44942 4.47298 4.4685
4.17207 4.17308 4.12388 4.1617 4.13357 4.15415 4.12005 4.16952 4.13682 4.13488 4.16712 4.12852 4.16512 4.48689 4.51272 4.49299 4.49103 4.50254 4.4739 4.49359 4.49642 4.49636 4.50664 4.48534 4.47537 4.49946 4.50079 4.50885 4.49285 4.50002
7.73158 7.73123 7.72806 7.7586 7.73893 7.74591 7.74215 7.75493 7.75672 7.76028 7.77948 7.78507 7.73761 7.781 7.79854 7.73564 7.75697 7.76065 7.76207 7.75468 7.75448 7.76815 7.76456 7.75223 7.77439 7.76703 7.77958 7.77867 7.75831 7.75525
93.2181 93.2179 93.8136 93.4045 93.3984 93.4232 93.2188 93.5203 93.5137 93.5365 93.5944 93.4277 93.2951 93.375 93.5124 93.5112 93.3927 93.3372 93.6451 93.3917 93.4712 93.4461 93.4692 93.3623 93.5644 93.5256 93.504 93.4418 93.4518 93.4611
77.0222 77.0257 76.9657 76.7754 76.91 76.9406 76.8735 76.8523 76.8048 76.8874 77.0861 77.0303 76.9954 76.9369 76.9758 77.0378 76.9935 77.0002 77.0234 76.9909 77.0132 77.1909 77.0097 77.1068 77.0085 77.0642 76.9716 77.0207 77.0386 77.049
70.1112 70.2434 69.7608 70.2246 70.1898 70.2891 70.3432 70.4474 70.3271 69.4085 69.6185 69.7787 69.3798 69.458 69.3964 69.4645 69.741 69.8221 69.5886 69.629 69.572 69.5495 69.4009 69.5185 69.4511 69.2965 69.7374 69.1909 69.3826 69.4802
82.2799 82.1126 81.8147 82.2454 82.1069 81.9421 82.2772 81.8916 81.9297 82.0387 81.9903 81.7653 81.7807 82.1037 81.9898 81.8992 82.077 82.0562 81.8003 82.0521 81.9694 81.9385 81.9902 82.0442 81.9575 81.8654 81.9985 82.0392 81.9765 81.9518
100.431 99.8045 99.6847 99.216 98.4595 98.7521 99.0931 98.9624 99.0967 97.9696 98.0834 98.8356 98.1787 99.543 97.3917 98.0662 98.1977 98.3431 97.9913 97.999 98.0983 98.0147 97.9053 97.7884 98.2194 97.8129 97.9593 97.4957 97.8869 98.0647
64.758 64.619 64.6668 64.5876 64.6287 64.5439 64.6166 64.6284 64.4796 64.7571 64.6499 64.8224 64.6975 64.6342 64.782 64.6565 64.6484 64.5825 64.7296 64.6674 64.6436 64.7072 64.6925 64.7633 64.6542 64.7064 64.7399 64.7758 64.6754 64.6469
142.255 141.848 141.744 141.513 141.625 141.42 141.531 141.441 141.359 141.564 141.535 141.685 141.523 142.06 141.697 141.672 141.73 141.619 141.768 141.65 141.654 141.687 141.576 141.667 141.793 141.608 141.811 141.628 141.578 141.583
5.63223 5.66108 5.62801 5.62633 5.60915 5.63681 5.61795 5.64386 5.61656 5.63798 5.62888 5.65807 5.62685 5.68297 5.67966 5.68262 5.67134 5.66336 5.70144 5.66559 5.6751 5.69147 5.67592 5.67396 5.69675 5.68761 5.68482 5.67634 5.67052 5.67363
4.16775 4.15755 4.14972 4.07689 4.11165 4.12028 4.09612 4.12369 4.1207 4.11674 4.11548 4.11645 4.08805 4.31214 4.19615 4.186 4.18212 4.16775 4.2045 4.18007 4.184 4.18604 4.18023 4.19306 4.20892 4.19798 4.19984 4.19497 4.18252 4.19002
4.28825 4.31034 4.29611 4.31614 4.32672 4.33128 4.32418 4.34657 4.3261 4.31567 4.33234 4.30173 4.33617 4.30244 4.33296 4.3287 4.32573 4.32249 4.33299 4.32628 4.32803 4.3298 4.32993 4.33236 4.33567 4.32972 4.33217 4.33167 4.32519 4.32309
4.29375 4.34148 4.30017 4.30723 4.328 4.34819 4.31591 4.33994 4.33492 4.31211 4.31044 4.33968 4.33449 4.33986 4.38218 4.38178 4.3764 4.38074 4.38148 4.37949 4.37711 4.38562 4.38508 4.37464 4.37625 4.38904 4.37089 4.38185 4.38634 4.38944
5.6338 5.59621 5.6131 5.58688 5.50125 5.53759 5.51958 5.50483 5.53104 5.55417 5.56137 5.56861 5.57831 5.51782 5.46822 5.49017 5.49387 5.50317 5.51647 5.48562 5.48838 5.48777 5.48685 5.46479 5.52094 5.49131 5.48603 5.45722 5.4958 5.49345
7.77093 7.72533 7.76396 7.75523 7.79675 7.75565 7.76642 7.75349 7.745 7.73835 7.75248 7.77079 7.77389 7.76641 7.77717 7.76459 7.7587 7.75347 7.77691 7.75734 7.75974 7.76948 7.76435 7.75972 7.7858 7.77188 7.76727 7.76543 7.76635 7.75454
