92.3175 92.3175 92.3157 92.3157 92.2797 92.2797 92.3289 92.3289 92.3157 92.3157 92.3283 92.3283 91.9488 91.9488 92.2275 92.2275 92.32 92.32 91.9554 91.9554 91.9499 91.9499 91.8569 91.8569 91.9446 91.9446 91.7887 91.7887 91.8439 91.8439
91.9228 91.9228 91.9238 91.9238 91.7478 91.7478 91.8951 91.8951 91.9544 91.9544 91.7964 91.7964 91.9517 91.9517 91.8711 91.8711 91.9094 91.9094 91.9215 91.9215 91.9129 91.9129 91.9769 91.9769 91.9881 91.9881 91.9496 91.9496 91.931 91.931
75.557 75.5657 75.5917 75.5553 75.5652 75.5515 75.6152 75.4904 75.4228 75.5281 75.6473 75.8439 75.4803 75.6754 75.6994 75.5198 75.5535 75.6122 75.5306 75.7109 75.5424 75.6192 75.6605 75.7337 75.4717 75.5256 75.6142 75.534 75.6499 75.5144
72.7038 72.6515 72.6933 72.6241 72.6999 72.6874 73.7507 73.8178 73.6637 73.8782 73.9606 74.1289 73.8716 74.6681 74.4324 73.9748 74.0508 74.4405 73.5097 74.1736 73.817 74.119 74.5742 73.9933 74.1747 73.996 73.821 74.0069 74.0653 74.005
82.6871 82.6806 82.6905 82.6755 82.6939 82.6838 83.0485 83.0275 83.1211 83.0704 83.107 83.3081 83.1345 83.3363 83.3131 83.1233 83.1522 83.2486 82.9516 83.16 83.3094 83.2201 83.3032 83.1232 83.1733 83.1057 83.1233 83.1003 83.1253 83.1288
66.508 66.5075 66.5086 66.5048 66.5112 66.5051 66.04 66.6255 66.0643 66.0148 66.0555 66.0321 66.0068 66.1323 66.0774 66.0556 66.0396 66.0443 66.0678 65.9672 66.0003 65.98 66.128 66.0799 66.0865 66.0872 66.0077 66.0358 66.091 66.018
138.357 138.31 138.339 138.313 138.395 138.354 138.68 139.132 138.666 138.831 138.904 139.076 138.871 139.374 139.392 138.798 138.921 139.185 138.532 139.061 138.907 139.107 139.322 139.001 138.994 138.803 138.797 138.957 138.946 138.963
5.73146 5.7299 5.73712 5.7306 5.72983 5.72986 5.89396 5.72506 5.91841 5.89005 5.90003 5.90743 5.89955 5.88259 5.88153 5.8939 5.89606 5.88629 5.91238 5.88343 5.91572 5.89376 5.89626 5.90017 5.89465 5.89774 5.92057 5.893 5.89406 5.897
4.69363 4.69484 4.68164 4.69699 4.69489 4.69529 4.72541 4.63254 4.73944 4.71072 4.69764 4.6202 4.70983 4.77248 4.76811 4.70469 4.69647 4.6937 4.72707 4.67394 4.67136 4.68396 4.75551 4.73642 4.72152 4.70623 4.72797 4.72241 4.72259 4.72399
4.51364 4.51094 4.50839 4.50975 4.51051 4.51224 4.6099 4.51069 4.62497 4.62308 4.62309 4.6603 4.63129 4.68695 4.67848 4.609 4.62843 4.64154 4.55744 4.63626 4.60345 4.64371 4.65979 4.6175 4.63059 4.61125 4.61471 4.62982 4.62586 4.63791
4.50681 4.50681 4.5063 4.5063 4.50616 4.50616 4.50745 4.50745 4.50785 4.50785 4.50761 4.50761 4.51061 4.51061 4.45271 4.45271 4.53195 4.53195 4.54049 4.54049 4.54366 4.54366 4.52092 4.52092 4.52033 4.52033 4.53521 4.53521 4.52835 4.52835
4.53607 4.53607 4.5298 4.5298 4.52494 4.52494 4.54692 4.54692 4.53088 4.53088 4.48813 4.48813 4.52822 4.52822 4.52684 4.52684 4.52977 4.52977 4.54166 4.54166 4.53829 4.53829 4.51369 4.51369 4.52776 4.52776 4.53193 4.53193 4.53329 4.53329
4.30477 4.30477 4.30486 4.30486 4.30589 4.30589 4.30535 4.30535 4.30685 4.30685 4.30593 4.30593 4.75967 4.75967 4.2571 4.2571 4.73171 4.73171 4.75542 4.75542 4.74418 4.74418 4.73584 4.73584 4.74848 4.74848 4.77937 4.77937 4.78217 4.78217
4.75209 4.75209 4.74814 4.74814 4.75307 4.75307 4.73739 4.73739 4.74656 4.74656 4.73699 4.73699 4.7476 4.7476 4.76225 4.76225 4.75077 4.75077 4.75463 4.75463 4.7534 4.7534 4.72702 4.72702 4.75629 4.75629 4.75647 4.75647 4.75047 4.75047
4.26028 4.26028 4.26197 4.26197 4.26102 4.26102 4.26277 4.26277 4.26078 4.26078 4.26389 4.26389 4.34007 4.34007 4.19936 4.19936 4.33491 4.33491 4.3373 4.3373 4.33437 4.33437 4.33126 4.33126 4.33289 4.33289 4.33728 4.33728 4.33503 4.33503
4.34078 4.34078 4.3346 4.3346 4.32822 4.32822 4.33733 4.33733 4.32878 4.32878 4.32638 4.32638 4.32859 4.32859 4.33379 4.33379 4.33119 4.33119 4.33693 4.33693 4.34662 4.34662 4.32899 4.32899 4.3356 4.3356 4.33703 4.33703 4.33191 4.33191
7.88803 7.88565 7.88267 7.88765 7.89319 7.8916 8.09489 7.84079 7.96601 8.04626 8.06077 8.09659 8.06037 8.07043 8.04898 8.01734 8.03181 8.07976 7.95195 8.07966 7.95106 8.04668 8.0241 8.05323 8.01582 8.01498 8.01218 8.02378 8.03934 8.08073
92.7385 92.7462 92.7121 92.7557 92.7354 92.7485 92.5367 92.7925 92.8491 92.5594 92.6056 92.5121 92.7255 92.2774 92.0721 92.624 92.6384 92.5875 92.7125 92.557 92.6663 92.5421 92.5455 92.5159 92.6277 92.6777 93.09 92.6874 92.5743 92.7399
75.0863 75.1101 75.0835 75.1137 75.0777 75.0816 75.2079 75.1527 75.0044 75.1885 75.2089 75.1716 75.4275 75.013 75.4601 75.1311 74.9576 74.941 75.162 75.311 75.0239 75.5277 74.9815 75.1414 75.0447 74.9464 75.2672 74.978 75.0002 75.4384
73.1333 73.1949 73.1541 73.2166 73.1496 73.2042 73.5575 73.582 73.8991 73.5778 74.0429 74.0644 73.2009 73.7351 73.8321 73.6637 73.5949 73.8817 72.7398 74.49 73.7021 73.6642 73.7262 73.5736 73.5017 73.6064 73.0697 73.3992 73.5012 73.0337
82.6467 82.6699 82.6236 82.6705 82.6453 82.667 82.8728 82.8681 82.9332 82.9095 83.0837 83.1231 82.827 83.0767 83.1626 82.8859 82.861 82.9454 82.5496 83.2377 82.923 83.0752 82.9384 82.9149 82.8158 82.8296 82.4395 82.7538 82.8633 82.7854
66.0601 66.0641 66.0401 66.059 66.0611 66.0689 65.9716 65.9956 66.0279 66.045 66.1288 66.1146 65.9596 66.0756 66.0872 66.0785 66.0303 66.1312 66.0131 66.2906 66.1415 66.1047 66.0947 65.97 66.1973 66.0915 66.1953 66.0197 66.0004 65.9842
136.984 137.038 136.963 137.034 137.002 137.029 136.879 136.983 137.131 136.91 137.067 137.531 136.984 137.203 137.196 136.881 136.981 137.246 136.566 137.785 137.015 137.178 136.988 136.993 136.903 136.883 137.607 136.753 136.872 136.964
13.046 13.0198 13.1222 13.0344 13.0032 12.985 12.7798 12.9951 12.8568 12.7584 12.8893 12.8249 12.746 12.7892 12.7707 12.7721 12.8284 12.8401 12.7681 12.9288 12.8665 12.7574 12.8223 12.855 12.6917 12.797 12.7183 12.7946 12.8325 12.6813
5.72115 5.71876 5.71638 5.71769 5.71927 5.71861 5.87162 5.67926 5.87929 5.86955 5.8764 5.86231 5.87903 5.85973 5.88846 5.8599 5.84862 5.84547 5.85829 5.8904 5.86053 5.9013 5.85937 5.86927 5.86153 5.84822 5.87881 5.85609 5.85385 5.89064
4.59943 4.59933 4.60004 4.60045 4.59963 4.59759 4.59163 4.28488 4.6005 4.60685 4.6013 4.60429 4.58905 4.62169 4.65206 4.59852 4.57107 4.5925 4.58881 4.68675 4.60053 4.61575 4.60164 4.60056 4.62976 4.58055 4.60325 4.60518 4.59035 4.60355
4.46849 4.46931 4.46456 4.47037 4.46845 4.4692 4.55851 4.48423 4.52843 4.55022 4.54516 4.53927 4.56282 4.58139 4.56291 4.5458 4.54196 4.54451 4.49967 4.58283 4.54552 4.58405 4.55445 4.54144 4.58918 4.54628 4.54291 4.5422 4.53441 4.58018
4.52653 4.52661 4.52347 4.52601 4.52552 4.52363 4.5349 4.47497 4.51016 4.5327 4.51233 4.52841 4.52385 4.54191 4.54413 4.53518 4.53709 4.5268 4.55164 4.53066 4.52112 4.53456 4.53467 4.54083 4.55396 4.53662 4.5501 4.53927 4.5357 4.5352
4.46618 4.4661 4.46118 4.46591 4.46436 4.46323 4.73357 4.42807 4.71537 4.72517 4.72277 4.77967 4.71122 4.78458 4.80844 4.7329 4.71847 4.71765 4.70219 4.72233 4.71762 4.77054 4.74579 4.75707 4.73617 4.72565 4.67371 4.75015 4.75356 4.7295
4.31587 4.31613 4.3137 4.31602 4.31734 4.31653 4.40197 4.32093 4.41216 4.40893 4.40677 4.431 4.40811 4.40233 4.40774 4.41764 4.40939 4.44295 4.416 4.45682 4.43002 4.448 4.39621 4.38487 4.43645 4.4216 4.72698 4.40765 4.39893 4.41257
7.55304 7.56184 7.56175 7.56205 7.54972 7.55798 7.53016 7.39131 7.46366 7.47735 7.48943 7.63349 7.50559 7.54559 7.45834 7.49131 7.5026 7.6227 7.53544 7.52795 7.57018 7.5214 7.48692 7.43765 7.50089 7.50293 7.9774 7.4696 7.47444 7.47938
93.15 93.1384 93.2048 93.1539 93.1443 93.15 92.8799 93.1597 93.0413 92.8181 93.0449 92.998 92.7526 92.8962 92.6785 92.8792 92.9595 93.024 92.7626 93.1553 93.3634 92.6707 93.002 92.9872 92.639 92.9788 92.8411 92.9415 92.9819 92.6573
75.7075 75.6977 75.7395 75.6786 75.7122 75.6886 75.4946 75.0823 75.5421 75.5057 75.4046 75.5178 75.8965 75.4727 75.4751 75.4052 75.415 75.8717 76.0147 75.4175 75.1643 75.6061 75.4283 75.4491 75.5389 75.3873 75.9539 75.7961 75.4413 75.9321
72.6572 72.5218 72.6139 72.5215 72.7271 72.5514 72.134 72.7272 72.4815 72.1486 72.7861 72.9255 71.8867 72.6246 72.3226 72.2031 72.4731 72.1895 71.7378 72.4263 73.2245 72.5559 72.628 72.3608 72.8981 72.4659 71.7244 72.0666 72.3284 71.7721
82.5772 82.5584 82.5188 82.5538 82.601 82.563 82.7754 82.9916 82.679 82.6898 82.8437 82.8824 82.958 82.7748 82.7319 82.6916 82.7732 82.7076 82.7089 82.548 82.8379 82.9051 82.7481 82.6818 83.0312 82.704 82.9121 82.597 82.6081 82.8095
102.769 102.794 102.763 102.76 102.83 102.825 103.11 103.289 103.021 103.016 103.141 103.176 103.321 103.031 102.903 103.077 103.175 102.517 103.254 103.056 103.166 103.222 103.044 103.142 103.307 103.138 103.37 102.728 103.057 103.173
65.0146 65.0068 65.0574 64.9934 65.0449 65.0066 64.9134 64.9155 65.0254 64.8836 64.764 64.9541 64.8606 64.9709 64.8338 64.959 64.9429 64.8058 65.048 65.0008 64.739 64.9324 65.0023 64.8588 66.3884 65.0393 64.7847 64.9271 64.9195 64.9349
141.151 141.124 141.209 141.122 141.198 141.12 141.126 141.171 141.238 141.204 141.199 141.537 141.726 141.202 141.424 141.169 141.152 141.331 141.965 141.528 141.382 141.404 141.194 141.3 141.923 141.161 141.535 141.101 141.204 141.923
5.55682 5.55661 5.56046 5.55655 5.55511 5.55618 5.50996 5.50743 5.52518 5.51279 5.55279 5.53273 5.526 5.51556 5.53253 5.50393 5.50931 5.53485 5.52048 5.55354 5.53489 5.51673 5.51797 5.53871 5.47235 5.50209 5.53402 5.51383 5.50815 5.52782
4.46224 4.46461 4.46819 4.4686 4.46926 4.46876 4.47261 4.47401 4.47672 4.48184 4.43855 4.41136 4.36893 4.46816 4.49215 4.49713 4.49291 4.40036 4.40307 4.45736 4.41599 4.45596 4.48795 4.44584 4.48546 4.48594 4.3837 4.43312 4.47972 4.38588
13.2268 13.247 13.1316 13.2312 13.2608 13.2645 13.2517 13.4037 13.2101 13.3321 13.1585 13.2766 13.2517 13.3735 13.414 13.2293 13.1851 13.339 13.2669 13.2693 13.2137 13.3701 13.1884 13.2725 13.2538 13.1555 13.3545 13.3454 13.2425 13.5757
4.56106 4.56366 4.56025 4.56252 4.55935 4.56203 4.66603 4.51375 4.66488 4.66925 4.66095 4.63728 4.67788 4.67751 4.67614 4.67027 4.6582 4.66345 4.65211 4.66761 4.67992 4.65118 4.67142 4.6629 4.69052 4.66089 4.67923 4.67748 4.65894 4.64008
4.3812 4.38189 4.38281 4.38084 4.37959 4.38071 4.39692 4.35882 4.40877 4.41163 4.38416 4.40878 4.39898 4.41706 4.42453 4.40884 4.39808 4.40268 4.41177 4.42662 4.3929 4.42645 4.39925 4.40754 4.46675 4.40832 4.40068 4.40346 4.41517 4.4085
4.88451 4.90138 4.87796 4.89813 4.88805 4.90861 5.05191 5.12499 5.05085 5.00383 5.14384 5.07988 5.10059 5.01713 4.9008 5.03592 5.09682 5.06398 5.06117 5.08653 5.07731 5.04885 5.07507 5.0819 5.04172 5.05925 4.99039 4.90256 5.06817 5.05204
4.35291 4.35928 4.35417 4.35311 4.35414 4.35671 4.5452 4.30464 4.55179 4.55735 4.56177 4.53749 4.33265 4.55123 4.58524 4.54496 4.54278 4.53395 4.41865 4.54916 4.53316 4.60703 4.53211 4.53365 4.58564 4.53939 4.4012 4.55191 4.54652 4.34228
4.26607 4.2681 4.26867 4.26975 4.26574 4.26885 4.35816 4.27801 4.36643 4.36445 4.37645 4.33409 4.30856 4.37338 4.365 4.37697 4.37029 4.3636 4.31242 4.38587 4.37351 4.32547 4.39043 4.37692 4.41859 4.384 4.33225 4.36376 4.38056 4.30486
7.62942 7.62952 7.63636 7.63154 7.6272 7.62928 7.64568 7.65827 7.67523 7.63392 7.66468 7.69691 7.56672 7.62943 7.59025 7.64391 7.66874 7.6607 7.60674 7.67934 7.6766 7.62665 7.66713 7.66821 7.58139 7.66401 7.55487 7.5898 7.66653 7.53485
91.964 91.9906 92.0148 92.007 91.964 92.0039 91.6655 91.9669 91.7632 91.7051 91.7862 91.729 90.9751 91.6278 91.7062 91.7242 91.7926 91.3562 91.1792 91.8751 91.7017 91.6826 91.7525 91.627 91.3969 91.7596 91.0647 91.3872 91.7602 90.9107
152.751 152.751 152.73 152.743 152.732 152.76 152.503 153.258 152.556 152.528 152.485 152.393 152.513 152.663 152.67 152.653 152.538 152.441 152.605 152.668 152.607 152.37 152.534 152.712 152.853 152.645 152.686 152.69 152.562 152.816
75.7029 75.7157 75.7071 75.727 75.7369 75.7222 75.7507 75.7256 75.7507 75.6388 75.5929 75.6434 75.7614 75.655 75.6353 75.6837 75.6153 75.7504 75.7906 75.6213 75.7633 75.6242 75.6438 75.9011 75.5869 75.6581 75.6365 75.6707 75.6212 75.9047
73.8668 73.8488 73.7706 73.8095 73.8319 73.8943 73.9374 74.1946 73.9857 73.974 74.0515 74.0256 74.3976 74.1008 73.801 73.9803 73.6505 74.1485 74.1041 74.3419 73.808 73.7413 73.9356 73.6185 73.9544 73.799 74.0406 73.7915 73.5983 74.0906
82.811 82.842 82.7428 82.8201 82.8197 82.849 83.0914 83.0216 83.0321 83.0998 83.0595 83.0862 83.5667 83.1517 82.9904 83.0513 82.9025 83.3228 83.3473 83.1393 82.9886 83.0616 82.9997 83.0139 83.0803 82.9479 83.3993 83.1303 82.9079 83.4897
66.4379 66.4223 66.4568 66.4343 66.4296 66.4509 65.9681 66.4265 66.1733 66.0131 66.0644 66.011 65.2563 66.0223 66.0473 66.2224 66.2239 65.7257 65.3351 66.4799 66.0891 65.86 66.2314 66.0158 66.1379 66.3604 65.0421 65.3895 66.0829 65.2823
139.535 139.569 139.436 139.566 139.542 139.547 140.218 140.352 140.033 140.214 140.194 140.201 139.977 140.18 140.093 140.069 139.978 140.2 139.896 140.149 140.036 140.148 139.967 140.123 139.691 139.889 139.884 139.941 139.926 140.18
5.89337 5.89288 5.88662 5.89965 5.90121 5.89653 6.37 5.81974 6.36391 6.36383 6.37095 6.37683 6.42244 6.35881 6.3822 6.34685 6.3488 6.42575 6.41288 6.36866 6.3791 6.3707 6.35067 6.38651 6.33779 6.34992 6.43796 6.37702 6.34949 6.42097
6.69736 6.67652 6.71049 6.68129 6.66312 6.65817 6.45675 7.157 6.37124 6.42956 6.32359 6.30602 6.31576 6.49523 6.4598 6.48857 6.39574 6.46184 6.34386 6.39842 6.33319 6.17806 6.41016 6.45806 6.38942 6.46901 6.31867 6.53239 6.42239 6.43654
4.55672 4.56299 4.54968 4.55472 4.56286 4.56348 4.67406 4.43282 4.68937 4.68953 4.66603 4.66654 4.67084 4.68793 4.6341 4.69588 4.70425 4.66748 4.64998 4.69718 4.63518 4.69369 4.7052 4.62807 4.71882 4.7014 4.62662 4.69875 4.69771 4.66915
4.64542 4.64699 4.64537 4.64224 4.64797 4.64538 4.84512 4.67 4.8564 4.84186 4.84237 4.8439 4.83986 4.84477 4.84145 4.84912 4.84293 4.83238 4.83037 4.83661 4.81559 4.81942 4.85532 4.81745 4.82678 4.85593 4.81625 4.83802 4.83425 4.83315
4.4743 4.47411 4.4783 4.47439 4.4762 4.4723 4.57596 4.44345 4.57529 4.57382 4.57393 4.56977 4.57495 4.57525 4.57337 4.57662 4.57708 4.57726 4.57452 4.58031 4.57461 4.56851 4.57725 4.57097 4.58121 4.57475 4.57246 4.57993 4.56907 4.56543
4.42845 4.41744 4.44209 4.41778 4.42782 4.42477 4.58782 4.41139 4.59488 4.5967 4.58574 4.5764 4.16619 4.57641 4.63456 4.64965 4.65324 4.4983 4.34615 4.56134 4.61986 4.57418 4.63871 4.60304 4.67188 4.68004 4.20343 4.41852 4.6324 4.34225
4.29551 4.29603 4.30069 4.29844 4.29735 4.29551 4.49244 4.2623 4.49805 4.50039 4.5138 4.50852 4.49143 4.50254 4.49526 4.49989 4.50306 4.50422 4.49531 4.524 4.51771 4.49669 4.50256 4.50963 4.55632 4.50021 4.49497 4.50411 4.51305 4.4814
8.06953 8.08425 8.06273 8.08118 8.06699 8.07913 8.07469 8.08031 8.02034 8.06282 8.06575 8.03741 7.95338 8.02737 8.02671 8.04948 7.99835 8.07396 7.91399 8.05585 8.05362 8.00773 7.99819 8.07732 7.98851 7.99496 7.97698 7.99307 7.99752 7.95147
92.417 92.4164 92.4593 92.4093 92.3781 92.3936 92.2023 92.3859 92.2059 92.3005 92.2978 92.242 92.2146 92.182 92.0224 92.206 92.3327 92.2893 92.1827 92.1831 92.2921 92.3468 92.2334 92.0928 92.234 92.2006 92.0157 92.2936 92.329 92.1453
153.497 153.42 153.484 153.393 153.469 153.415 153.52 153.389 153.54 153.507 153.564 153.485 153.682 153.529 153.573 153.465 153.378 153.52 153.476 153.689 153.567 153.486 153.32 153.511 153.63 153.449 153.713 153.519 153.47 153.412
75.4206 75.4051 75.3939 75.4019 75.4307 75.408 75.5158 75.7289 75.4077 75.3838 75.1401 75.4557 75.6767 75.3187 75.4692 75.3385 75.3216 75.2553 75.4287 75.8919 75.4592 75.5285 75.2988 75.3482 75.4758 75.4444 75.5211 75.3338 75.4054 75.3493
72.8745 72.8414 72.8514 72.783 72.7614 72.7766 73 72.9557 73.3208 73.1282 73.2423 73.0948 73.4202 73.2721 73.6381 73.2029 73.3199 73.1033 73.2577 73.4431 73.0613 73.0601 73.4859 72.9924 73.163 73.0738 73.4726 73.0342 73.2566 73.2466
82.5117 82.48 82.5106 82.4667 82.4826 82.4774 82.5599 82.6349 82.5053 82.5877 82.5487 82.5116 82.5248 82.6115 82.7562 82.584 82.5233 82.4341 82.6609 82.4862 82.5561 82.4999 82.5752 82.5812 82.5462 82.4607 82.7566 82.5135 82.5292 82.6921
66.1196 66.114 66.1294 66.0904 66.1214 66.1269 65.8213 65.8558 66.0548 66.0105 66.1 65.9939 65.9321 66.0658 66.058 66.1132 66.1418 65.9372 65.8463 66.4371 65.8666 65.9571 66.2213 65.6533 66.09 66.0453 65.9212 66.0287 65.9966 65.7527
139.151 139.156 139.086 139.132 139.113 139.151 139.413 139.666 139.576 139.379 139.069 139.197 140.012 139.33 139.706 139.325 139.336 139.046 139.305 139.57 138.944 139.247 139.323 139.23 139.313 139.367 139.649 139.343 139.213 139.452
5.85161 5.84983 5.84917 5.84906 5.85985 5.85841 6.30205 5.76151 6.28393 6.29349 6.28596 6.29119 6.29904 6.28686 6.29896 6.27316 6.27615 6.29585 6.30882 6.2708 6.29709 6.30062 6.26376 6.28958 6.29253 6.26803 6.32939 6.2832 6.29089 6.31092
7.60029 7.54906 7.58926 7.54003 7.60278 7.54404 7.11333 7.57787 7.05682 7.0878 7.04527 7.09104 7.11921 7.11941 7.1434 7.09864 7.07807 7.07794 7.09869 7.09586 7.05323 7.07735 7.05212 7.11939 7.09098 7.10353 7.05071 7.11717 7.08875 7.08964
4.49123 4.50233 4.4984 4.49776 4.49187 4.49127 4.6193 4.16656 4.65091 4.64216 4.66597 4.61225 4.63313 4.64112 4.55363 4.64481 4.62991 4.651 4.58798 4.65522 4.57235 4.60915 4.61992 4.63377 4.64535 4.63262 4.55496 4.66397 4.5853 4.61988
4.52127 4.51743 4.52116 4.51292 4.5126 4.515 4.73241 4.56796 4.73949 4.73441 4.73282 4.73089 4.75375 4.74181 4.72041 4.73893 4.74397 4.72301 4.73248 4.78896 4.70924 4.73252 4.74085 4.7119 4.74522 4.74761 4.71893 4.74003 4.74303 4.73592
4.47791 4.47552 4.47716 4.4749 4.47477 4.47468 4.57984 4.46025 4.56955 4.57682 4.56409 4.57951 4.57675 4.5774 4.58659 4.57624 4.57582 4.57181 4.57949 4.58515 4.57823 4.57273 4.57491 4.58243 4.57077 4.57986 4.57784 4.57664 4.57402 4.58016
4.44667 4.45197 4.45293 4.45973 4.46093 4.4524 4.58065 4.44141 4.37934 4.58548 4.56283 4.57884 4.49762 4.5651 4.75243 4.53662 4.55537 4.54392 4.62102 4.44613 4.72681 4.55782 4.51483 4.79706 4.66072 4.4721 4.73468 4.53545 4.56793 4.66356
4.28406 4.28556 4.28501 4.28576 4.28272 4.28225 4.47994 4.2449 4.48051 4.48421 4.49316 4.48662 4.47773 4.48495 4.48808 4.48302 4.49208 4.49223 4.47754 4.4861 4.50028 4.48139 4.49201 4.49223 4.49731 4.48724 4.48356 4.48878 4.49156 4.47091
7.76842 7.76035 7.77541 7.75752 7.75824 7.76488 7.6454 7.85268 7.6972 7.6583 7.65569 7.66049 7.69961 7.69157 7.79614 7.68236 7.69817 7.60406 7.63535 7.65891 7.58903 7.64924 7.68427 7.60662 7.63904 7.69616 7.75751 7.68406 7.6974 7.5987
93.163 93.1848 93.1732 93.1889 93.1603 93.151 93.0039 93.1676 92.9019 93.0107 92.7689 92.9767 93.1216 92.8973 93.0092 92.9587 93.0206 92.887 93.0008 92.6212 92.7586 92.9578 92.8952 93.024 92.7947 92.9737 92.6392 93.0905 92.8993 93.0446
75.8449 75.846 75.8489 75.851 75.8652 75.8322 75.6066 75.5387 75.7245 75.713 75.9274 75.6623 75.7786 75.8064 75.6095 75.6169 75.5126 75.8822 75.5511 75.1184 75.8806 75.8844 75.6116 75.7554 75.8714 75.5761 75.8201 75.79 75.5767 75.6793
72.238 72.2535 72.2188 72.2854 72.1959 72.228 72.2377 72.9924 72.3243 72.0755 72.0137 72.12 71.5918 71.9747 72.3079 72.4372 72.2693 71.7746 72.3297 73.3958 72.0184 71.9973 72.5617 72.3506 72.1536 72.3413 71.7248 71.8043 72.2861 72.3868
82.5698 82.5641 82.5539 82.5785 82.5849 82.5809 82.5758 82.5156 82.7226 82.5507 82.6975 82.6243 82.3902 82.7591 82.5451 82.7284 82.5429 82.6437 82.7731 82.5386 82.7054 82.5643 82.671 82.5464 82.7311 82.6816 82.5745 82.4048 82.7682 82.7071
96.9606 97.0134 96.9563 96.9554 96.889 96.965 97.2427 97.9574 98.7693 97.0146 97.83 97.0184 98.9775 96.6862 97.3666 97.0787 97.2476 98.4149 96.7402 99.7429 96.8473 97.0965 97.3184 97.0125 96.9459 97.0805 98.6138 96.867 97.1065 97.0443
65.4707 65.4361 65.4663 65.4444 65.5103 65.4567 65.4378 65.5802 65.3348 65.3686 65.2514 65.2726 65.7751 65.4755 65.305 65.5937 65.475 65.4244 65.339 66.8147 65.0213 65.1138 65.6687 65.4122 64.9677 65.4392 65.1197 65.3727 65.2189 65.3969
140.268 140.185 140.231 140.197 140.296 140.151 140.217 140.812 140.972 140.105 140.666 140.313 141.331 140.061 140.308 140.246 140.22 140.944 140.459 142.269 140.301 140.35 140.111 140.273 140.316 140.4 140.855 140.181 140.3 140.3
5.39186 5.40048 5.38724 5.39819 5.40954 5.40466 5.43348 5.30763 5.42823 5.4328 5.42305 5.4433 5.39617 5.43587 5.44815 5.43106 5.43557 5.42176 5.44383 4.80293 5.43744 5.43822 5.44319 5.44025 5.42366 5.43312 5.44868 5.43589 5.43873 5.45321
4.42925 4.41604 4.42552 4.41232 4.41899 4.42387 4.45416 4.35458 4.45377 4.43545 4.47082 4.41362 4.4163 4.4051 4.44443 4.44464 4.45091 4.45516 4.45639 4.40991 4.43085 4.39278 4.45571 4.43383 4.3857 4.43431 4.52727 4.38548 4.45233 4.43672
4.36613 4.36866 4.36583 4.37116 4.36518 4.36875 4.41066 4.40125 4.43128 4.41264 4.42937 4.41161 4.41543 4.42109 4.41928 4.41314 4.4069 4.41689 4.42485 4.39841 4.43129 4.42419 4.41922 4.42927 4.37703 4.40638 4.44002 4.41473 4.40966 4.4167
4.31351 4.31198 4.31243 4.31135 4.31522 4.31237 4.34169 4.2797 4.31328 4.34629 4.31999 4.34618 4.2748 4.35399 4.34436 4.34703 4.35339 4.30935 4.33633 4.33696 4.349 4.34407 4.34991 4.3442 4.3362 4.34933 4.31267 4.34367 4.35093 4.34341
4.97309 4.96564 4.97665 4.95523 4.9414 4.94957 5.1405 5.43851 5.21286 5.15297 5.05781 5.13467 5.43671 5.11698 5.13924 5.13193 5.14939 5.24469 5.04286 6.1878 5.13748 5.1885 5.07789 5.15491 5.18971 5.14005 5.12623 5.13645 5.09382 5.08137
4.31325 4.32224 4.31464 4.32624 4.32357 4.32897 4.24274 4.17663 4.59164 4.39504 4.55906 4.4305 4.57454 4.40542 4.37145 4.34948 4.37829 4.58636 4.32295 4.8868 4.62183 4.43258 4.36971 4.39864 4.59917 4.2957 4.57242 4.30275 4.48566 4.37045
4.19236 4.19089 4.19568 4.19257 4.20293 4.19878 4.53341 4.16668 4.57075 4.53214 4.53608 4.52699 4.67026 4.53542 4.5506 4.52494 4.54073 4.59962 4.52584 4.67195 4.53621 4.52055 4.53635 4.53283 4.5088 4.53614 4.5935 4.52896 4.53066 4.51814
7.3003 7.29543 7.29816 7.29183 7.29959 7.29276 7.28991 7.44502 7.37469 7.27118 7.30253 7.32432 7.3556 7.29612 7.29933 7.32302 7.32304 7.37182 7.34661 7.44638 7.32361 7.30682 7.28849 7.30168 7.25644 7.36136 7.29051 7.27463 7.34875 7.33255
92.5625 92.6266 92.5943 92.6242 92.6512 92.6296 92.0589 92.1753 91.8529 91.9661 91.6209 92.1324 91.8136 91.7833 91.9537 92.0668 92.0852 91.87 92.1968 91.6497 91.8387 91.5977 92.0102 92.0154 91.1835 92.0859 91.4638 91.8916 92.1594 92.1467
153.264 153.316 153.441 153.27 153.096 153.291 152.883 153.285 152.854 153.256 152.939 152.763 152.84 153.146 153.043 152.982 153.009 152.888 153.332 153.654 152.937 153.266 153.337 153.011 152.817 153.02 152.824 153.169 152.922 153.075
75.7294 75.7166 75.6977 75.7055 75.7301 75.7089 75.6947 75.6914 75.835 75.8443 75.6723 75.6791 75.6944 75.8419 75.7217 75.7142 75.5957 75.6086 75.63 75.6921 75.7958 75.9127 75.758 75.5729 75.6755 75.7303 75.7069 75.9708 75.6384 75.7167
72.935 72.8462 72.9468 72.8969 72.754 72.8426 73.1762 73.4773 73.1463 73.2542 73.4111 73.4297 73.2304 73.3064 73.194 72.9802 72.7056 73.1845 73.4132 73.5079 73.0601 73.6357 73.6004 73.1849 74.0022 72.6632 73.8471 72.8023 73.1846 73.4565
82.3022 82.2557 82.3179 82.2859 82.0934 82.2189 82.6136 82.6881 82.6572 82.6684 82.7768 82.6934 82.6851 82.7756 82.6767 82.5059 82.332 82.7213 82.6491 82.8708 82.7314 82.9972 82.6839 82.6955 83.341 82.4002 82.9472 82.7528 82.5894 82.72
66.0534 66.0555 66.0996 66.0453 66.0232 66.0508 65.7539 65.798 65.6463 65.6447 65.4996 65.7063 65.6829 65.6531 65.891 65.8419 65.7247 65.5355 65.7465 65.652 65.4983 65.681 65.9701 65.7768 65.9866 65.6916 65.6413 65.5077 65.7773 65.8078
139.195 139.112 139.143 139.126 139.126 139.051 139.515 140.185 139.323 139.281 138.715 139.338 138.919 138.92 139.415 139.088 139.26 139.005 139.604 140.062 138.935 139.35 139.251 139.421 139.893 139.263 138.58 139.292 139.437 139.765
5.75078 5.76153 5.76549 5.75819 5.79101 5.7669 6.35572 5.83352 6.38126 6.36453 6.38642 6.37815 6.3831 6.35914 6.35882 6.34505 6.35279 6.4097 6.36754 6.37227 6.39917 6.39623 6.38254 6.37058 6.42749 6.34496 6.4021 6.41199 6.35518 6.36702
6.81045 6.84201 6.85184 6.81894 6.75742 6.8199 6.52443 7.08388 6.56232 6.65052 6.48661 6.3667 6.46988 6.68235 6.57716 6.5083 6.52946 6.50468 6.75202 6.97656 6.4717 6.69272 6.70106 6.59222 6.07262 6.54508 6.53789 6.56817 6.55592 6.5755
4.62764 4.60765 4.6062 4.61338 4.59601 4.61005 4.72716 4.44401 4.69981 4.68785 4.70711 4.67307 4.7048 4.68807 4.71873 4.73453 4.72678 4.67036 4.65787 4.65899 4.65184 4.65952 4.63466 4.72231 4.61087 4.74456 4.70131 4.5948 4.71065 4.70806
4.60516 4.59414 4.59989 4.59432 4.58997 4.5942 4.82178 4.62901 4.81244 4.822 4.82686 4.80279 4.8086 4.81878 4.8312 4.82131 4.8416 4.80789 4.83836 4.84035 4.79789 4.82436 4.84379 4.82253 4.71311 4.82002 4.84569 4.7595 4.82745 4.83847
4.46046 4.46362 4.46056 4.46438 4.47343 4.4652 4.55886 4.44565 4.54812 4.54927 4.55737 4.55465 4.55952 4.54854 4.54675 4.55309 4.55229 4.55846 4.56308 4.54389 4.55234 4.55363 4.55801 4.55092 4.53882 4.56589 4.56498 4.54764 4.55475 4.56294
4.50278 4.49627 4.50805 4.49392 4.49268 4.49739 4.71705 4.45205 4.76432 4.75812 4.8985 4.70945 4.86657 4.80109 4.71528 4.67472 4.72967 4.87345 4.63744 4.73613 4.79896 4.7368 4.68767 4.75277 4.65609 4.66762 4.89598 4.73229 4.67623 4.64985
4.31327 4.31377 4.31192 4.31379 4.32094 4.31872 4.50292 4.27607 4.50329 4.50938 4.50461 4.50724 4.50292 4.50386 4.50537 4.50038 4.55524 4.50625 4.49263 4.54722 4.50692 4.49875 4.50804 4.51219 4.47847 4.51516 4.50264 4.5188 4.50537 4.49407
7.9643 7.96395 7.96974 7.96189 7.92462 7.95026 7.89888 7.96165 7.87786 7.8972 7.76713 7.93955 7.8678 7.9055 7.86995 7.83083 7.85064 7.85671 7.91042 8.08431 7.83178 7.88759 7.87445 7.83804 7.9325 7.82017 7.80568 7.90992 7.90473 7.90751
92.8092 92.9378 92.8851 92.9475 92.986 92.9609 92.6252 92.7164 92.3757 92.3612 92.3763 92.4168 92.6296 92.2469 92.4172 92.5544 92.6289 92.6556 92.1886 91.8834 92.5483 92.0841 91.925 92.4877 92.2776 92.6134 92.2844 92.2647 92.6177 92.4893
153.476 153.407 153.365 153.403 153.401 153.372 153.463 153.574 153.584 153.564 153.579 153.563 153.335 153.678 153.601 153.499 153.232 153.222 154.111 154.154 153.6 153.95 153.726 153.683 153.476 153.498 153.568 153.539 153.494 153.414
75.0099 74.9579 74.9708 74.9466 74.9791 74.9761 75.0608 74.9432 75.212 75.1242 75.2202 75.3936 75.1683 75.0369 75.1812 75.0779 74.6107 75.8024 76.2976 75.4993 75.5523 75.2989 75.6044 75.1388 74.6801 75.1924 75.5529 75.3896 75.1729 75.908
73.6701 73.6469 73.7311 73.6787 73.4452 73.6954 73.3666 73.5314 73.4188 73.133 73.0779 73.5742 73.1824 73.6221 73.5733 73.6044 72.9127 73.059 75.0166 73.3048 72.5213 73.7451 73.436 73.4498 73.2862 73.0755 73.2055 73.1472 73.2813 74.1896
82.9495 82.9264 82.9131 82.9311 82.8115 82.906 82.7974 82.9218 82.9191 82.7783 82.7303 82.8716 82.7647 82.9588 82.8706 82.7992 82.3133 82.8775 83.5519 83.2372 82.925 82.9829 83.1836 82.832 82.7924 82.68 82.7894 82.9778 82.8382 83.1475
66.4525 66.5064 66.5286 66.5341 66.4692 66.5332 66.2818 66.1257 65.9759 65.866 66.1696 66.1254 66.1878 65.9694 66.1844 66.2462 65.6405 66.1106 66.2719 66.2203 66.0785 65.9767 66.2948 66.3685 65.6623 66.2428 66.153 65.8798 66.2186 66.2214
139.746 139.714 139.853 139.694 139.655 139.693 139.465 139.863 139.596 139.545 139.658 139.216 139.47 139.516 139.571 139.422 139.274 139.623 140.533 140.081 139.492 139.77 139.868 139.666 138.959 139.466 139.551 139.484 139.609 140.038
5.83579 5.83339 5.83297 5.83572 5.8429 5.82786 6.30532 5.76472 6.32409 6.30152 6.31299 6.32682 6.29589 6.2941 6.30956 6.28187 6.2788 6.33499 6.36977 6.37658 6.3421 6.33331 6.28909 6.31425 6.31769 6.29124 6.32019 6.34769 6.31912 6.33639
7.55828 7.43319 7.38404 7.41333 7.51301 7.4032 7.14907 7.75031 7.18351 7.17521 7.14738 7.10796 7.16615 7.17423 7.14597 7.10225 7.15604 7.17559 7.31606 7.27873 7.11103 7.15315 7.1086 7.16317 7.13047 7.15646 7.20443 7.14334 7.17963 7.13192
4.54954 4.55354 4.56266 4.55865 4.5534 4.55961 4.65399 4.21449 4.64347 4.63923 4.64756 4.62333 4.58757 4.6314 4.63886 4.63103 4.61925 4.58315 4.66771 4.59734 4.5832 4.63018 4.56438 4.62395 4.6252 4.61704 4.59656 4.63608 4.65007 4.68432
4.49592 4.50053 4.51334 4.50325 4.49118 4.50711 4.69067 4.50003 4.68057 4.6907 4.71901 4.68838 4.67952 4.68898 4.6951 4.68037 4.73664 4.66827 4.70012 4.64074 4.65003 4.69744 4.66244 4.7096 4.69919 4.6954 4.69978 4.64816 4.70586 4.68184
4.4692 4.46675 4.47139 4.46878 4.46661 4.46944 4.58465 4.44725 4.57901 4.58063 4.57395 4.57287 4.57589 4.57859 4.57699 4.56936 4.58759 4.58623 4.58391 4.58351 4.57789 4.58521 4.58503 4.57329 4.58531 4.57623 4.58883 4.58344 4.58238 4.58403
4.44084 4.43752 4.42969 4.42921 4.41234 4.43428 4.49499 4.51344 4.71708 4.74623 4.5078 4.61568 4.51583 4.69179 4.57902 4.48904 4.75897 4.65094 4.58479 4.82307 4.72443 4.60307 4.84394 4.47027 4.7696 4.49648 4.52992 4.82374 4.57517 4.49997
4.3169 4.31943 4.32301 4.31955 4.32332 4.32051 4.51322 4.29654 4.51465 4.50804 4.51421 4.52424 4.51765 4.50995 4.52217 4.51148 4.66797 4.56108 4.54332 4.52927 4.55138 4.51372 4.49362 4.52511 4.51749 4.5221 4.52298 4.53536 4.52043 4.52787
7.83149 7.85521 7.86323 7.85001 7.72066 7.85908 7.65021 7.85885 7.64486 7.68353 7.6667 7.56522 7.67571 7.58472 7.65441 7.63779 7.60135 7.73376 7.79504 7.80265 7.64403 7.63417 7.80384 7.70596 7.76785 7.68602 7.66434 7.54511 7.68254 7.69519
92.9785 92.9469 92.9264 92.9426 93.054 92.9283 92.9752 93.0627 92.7683 92.8047 92.2408 92.5743 93.0089 92.7411 92.6476 92.8052 93.0164 92.5841 92.2502 92.6545 92.4817 92.6418 92.243 92.6475 92.8143 92.8583 92.1786 92.9854 92.9236 92.6103
75.6869 75.6662 75.6934 75.6704 75.6779 75.724 75.603 75.4047 75.6131 75.5933 76.2048 75.6109 75.4564 75.5049 75.6123 75.4901 75.3858 75.7605 75.9228 75.4466 75.8806 75.8674 75.6126 75.7487 75.6888 75.5335 75.8771 75.447 75.5948 76.1116
72.7486 72.7633 72.8247 72.7386 72.8039 72.745 72.424 72.7031 72.6242 72.3671 72.6879 72.1483 72.3549 72.5296 72.2623 72.6413 71.9554 71.614 73.3605 71.704 72.3235 72.9764 73.1165 72.5778 73.3013 72.3881 74.2264 71.6256 72.1274 72.1079
82.4926 82.5874 82.5665 82.5792 82.6409 82.5606 82.5343 82.7245 82.7374 82.6266 83.0387 82.6242 82.7363 82.6955 82.6134 82.6058 82.031 82.7529 83.2079 82.4247 82.8095 82.9222 83.0184 82.7846 82.6749 82.654 83.656 82.4493 82.6076 82.7778
103.485 103.347 103.325 103.307 103.31 103.333 104.061 103.559 103.98 104.138 103.921 103.775 103.413 103.944 103.781 103.686 104.185 104.102 105.07 104.478 103.871 104.591 103.616 103.694 104.4 104.162 104.792 104.358 104.3 104.725
65.6432 65.5138 65.5363 65.4979 65.6077 65.5256 65.3176 65.7276 65.3159 65.421 65.12 64.9302 64.9685 65.3986 65.259 65.3224 65.3043 64.7875 64.7435 64.9457 64.781 65.2636 64.6228 65.1571 65.6189 65.3088 65.2628 64.8439 65.2844 65.065
140.917 140.815 140.828 140.801 140.735 140.813 140.597 141.075 140.674 140.733 141.494 140.714 140.991 140.654 140.68 140.769 140.63 141.475 142.194 140.835 141.149 141.186 141.576 140.708 140.902 140.81 141.199 141.027 140.647 142.119
5.47229 5.46743 5.47271 5.46767 5.44821 5.47466 5.38858 5.35525 5.40752 5.37183 5.37716 5.41125 5.29927 5.38999 5.40127 5.40296 5.38558 5.11751 5.16722 5.43364 5.41957 5.51385 5.44372 5.43562 5.41451 5.36146 5.23071 5.45603 5.38599 5.14856
4.47367 4.47374 4.46062 4.4775 4.44734 4.45387 4.39277 4.30413 4.40434 4.41018 4.33791 4.45847 4.31226 4.43331 4.46994 4.43431 4.40413 4.27057 4.36622 4.43469 4.3541 4.40678 4.4082 4.23727 4.34622 4.40946 4.26043 4.42905 4.42433 4.33295
11.1779 11.2719 11.3026 11.3291 11.2159 11.2095 11.0112 10.7979 10.9915 10.8958 11.3769 11.0613 11.2614 10.8982 11.1035 10.8768 10.9675 11.2724 11.0492 10.1332 10.713 11.1742 11.1308 11.1723 10.6818 10.9924 10.8096 10.6698 11.0151 11.3812
4.44959 4.44651 4.45484 4.44989 4.44231 4.45176 4.55365 4.40165 4.56167 4.55023 4.52103 4.56456 4.62286 4.5739 4.56729 4.55618 4.56097 4.55259 4.54892 4.57842 4.59133 4.57951 4.59599 4.57171 4.58597 4.56243 4.52422 4.56575 4.55273 4.51975
4.37297 4.37172 4.37387 4.37328 4.36743 4.37826 4.39194 4.34409 4.38881 4.38521 4.39584 4.40671 4.37059 4.37573 4.39385 4.39405 4.40847 4.38912 4.43584 4.40167 4.40232 4.41024 4.40451 4.40153 4.39676 4.37986 4.37596 4.39511 4.39041 4.39092
5.10951 5.10656 5.0851 5.09345 5.0469 5.09663 5.282 5.40164 5.25865 5.38376 5.20041 5.27115 5.2739 5.32288 5.2586 5.22773 5.21345 5.50911 5.65769 5.25948 5.2534 5.38074 5.1976 5.22554 5.40227 5.32648 5.62088 5.35646 5.34538 5.60027
4.20574 4.24656 4.27213 4.26749 4.22816 4.27399 4.41561 4.13904 4.406 4.39898 4.45563 4.55195 4.57694 4.35542 4.42686 4.36665 4.47513 4.69566 4.68386 4.67327 4.75457 4.40984 4.79617 4.43049 4.33693 4.51454 4.37336 4.52321 4.49473 4.57649
4.25197 4.25011 4.2517 4.25159 4.2482 4.25071 4.33953 4.21841 4.34259 4.33261 4.31574 4.33465 4.28814 4.3517 4.34434 4.34578 4.42732 4.32379 4.2651 4.35915 4.32393 4.34673 4.33557 4.35561 4.35088 4.34625 4.34527 4.34359 4.33836 4.28789
7.43915 7.43652 7.42632 7.43683 7.38349 7.43463 7.31939 7.54467 7.37925 7.45783 7.36945 7.46303 7.3552 7.44009 7.42969 7.43802 7.33981 7.47521 7.65254 7.40165 7.37708 7.58472 7.42701 7.41675 7.38228 7.39657 7.52639 7.45013 7.40241 7.62663
92.6986 92.7399 92.6546 92.7189 92.6003 92.7006 92.3765 92.603 92.2669 92.3487 91.3724 92.1885 91.7325 92.0729 92.1975 92.162 92.3094 91.8459 91.7833 92.3727 91.951 91.846 91.5757 91.6866 91.7952 92.2524 91.2145 92.6497 92.465 91.2781
153.854 153.88 153.766 153.811 153.771 153.776 153.6 152.585 153.518 153.371 154.281 153.838 154.13 154.13 153.897 153.991 152.784 154.068 153.764 153.911 154.131 154.188 154.347 153.698 153.484 153.339 153.932 153.264 153.191 155.018
75.6796 75.5962 75.658 75.7482 75.7252 75.6616 75.5296 75.9169 75.3642 75.3543 75.5904 75.2834 75.322 75.3433 75.3187 75.4716 75.6928 76.0786 75.4448 75.3895 76.0403 75.6563 75.8246 75.3704 75.8558 75.9749 75.6837 75.3057 75.7094 75.9823
73.9267 74.2244 73.986 74.166 73.9456 73.9177 74.2737 73.4494 74.2974 74.2099 74.0332 74.1008 74.7869 74.0545 73.8781 74.0133 72.3644 73.7253 74.7147 73.6367 73.8024 74.8794 74.431 75.1305 74.2758 73.1707 71.8927 73.3984 74.2 75.2378
82.7059 82.7419 82.7481 82.7626 82.6485 82.5898 83.0687 82.6908 83.2407 83.099 83.5571 83.1608 83.7501 83.1677 83.1992 83.0406 82.3131 83.3857 83.4264 82.5045 83.1511 83.6932 83.6539 83.8512 83.1643 82.7101 82.7808 82.6589 83.0002 83.6364
66.6259 66.5951 66.6086 66.5937 66.4729 66.5985 66.0298 66.1459 66.0296 66.1566 65.3419 66.1419 65.0942 66.2046 66.0407 66.3548 66.1409 65.7481 66.1899 66.3381 66.0909 66.0654 66.112 65.7815 66.4465 65.9302 65.1297 66.1852 66.1021 65.9218
140.502 140.469 140.624 140.456 140.323 140.314 140.701 140.498 140.62 140.528 141.179 140.568 140.617 140.78 140.951 140.409 139.921 141.322 141.02 139.878 140.129 141.737 141.326 140.713 140.225 140.61 139.73 140.218 140.93 141.391
6.07031 6.04211 6.0479 6.05977 6.06592 6.08817 6.45865 6.00133 6.43254 6.42746 6.4602 6.39572 6.46416 6.39336 6.41552 6.40036 6.5021 6.52549 6.46946 6.45449 6.59498 6.41699 6.48509 6.47598 6.48975 6.49728 6.28188 6.49966 6.47618 6.56496
7.16565 7.16144 7.15621 7.13963 7.16643 7.22511 6.98523 6.90368 6.97994 6.88783 6.96959 6.97185 6.97162 7.1346 7.08211 7.0963 6.98508 7.08612 6.9623 7.25539 6.79734 7.232 7.21765 7.27701 7.06948 6.68732 7.14564 6.46639 7.05413 7.18301
4.54384 4.5495 4.55393 4.54588 4.539 4.54972 4.63021 4.31172 4.64201 4.61572 4.6494 4.64486 4.62502 4.63372 4.63777 4.62069 4.45602 4.60166 4.61673 4.57764 4.53527 4.59045 4.57175 4.62063 4.61883 4.57264 4.34288 4.59943 4.70422 4.65192
4.56242 4.56769 4.56333 4.56999 4.55939 4.56809 4.74097 4.58727 4.71847 4.73789 4.77369 4.75001 4.70448 4.79169 4.75408 4.78157 4.82345 4.64931 4.71629 4.7416 4.65747 4.7481 4.79193 4.92792 4.70443 4.71629 4.88434 4.63949 4.71187 4.65265
4.56605 4.56605 4.5608 4.56817 4.57397 4.57681 4.64042 4.54231 4.6172 4.6282 4.61133 4.61206 4.61663 4.62315 4.61468 4.62761 4.68216 4.62895 4.61797 4.65789 4.6541 4.66115 4.62278 4.62446 4.6333 4.65029 4.6471 4.63704 4.64954 4.62903
4.53474 4.54126 4.52507 4.53764 4.51558 4.55077 4.6327 4.43141 4.61298 4.65931 4.46436 4.7725 4.27001 4.69177 4.66411 4.73844 4.78877 4.62891 4.75764 4.72873 4.70873 4.66307 4.73509 4.61176 4.88324 4.64625 4.59918 4.66961 4.70187 4.5411
4.3381 4.33219 4.32962 4.33726 4.32899 4.33329 4.52835 4.29612 4.52162 4.5142 4.51116 4.50054 4.49074 4.51683 4.51625 4.51118 4.61165 4.57474 4.48226 4.5647 4.50142 4.48622 4.48769 4.56501 4.51314 4.55763 4.79763 4.53494 4.53618 4.55719
8.08276 8.07839 8.09258 8.08632 8.05876 8.06782 7.98932 8.07231 7.97594 7.99125 7.90854 8.00654 8.03551 8.05796 8.05195 7.99845 7.84484 8.08974 8.03751 8.00003 8.04913 8.11407 8.17444 7.97229 7.86221 7.96323 7.75202 8.07391 8.02549 7.93231
93.2552 93.3927 93.2117 93.1367 93.146 93.0998 93.0355 93.1748 92.6941 92.8044 92.512 92.7686 93.0048 92.2548 92.5889 92.5717 92.1221 92.559 93.0008 92.3672 93.1554 92.5502 91.7566 91.9296 92.6074 92.203 90.2013 93.5005 92.9142 92.6389
75.5119 75.4695 75.4669 75.589 75.6317 75.6247 75.5831 75.8007 75.8683 75.9076 75.7179 75.6988 75.536 75.7265 75.7516 75.7199 75.808 76.1413 75.4599 75.9935 76.211 75.9354 76.0751 76.313 75.5986 76.0755 77.3582 76.2105 76.2443 76.4278
73.4079 73.0283 73.4448 72.5962 72.5386 73.6086 72.0157 72.4577 73.0904 73.2824 72.281 72.6155 72.4549 73.5681 73.1395 72.5774 74.1469 73.6416 72.9423 73.3801 72.5598 73.8823 73.0758 74.9264 73.4786 74.0797 74.3109 72.5811 73.4872 73.3751
82.7995 82.5387 82.8103 82.4422 82.4394 82.8341 82.7135 82.6194 82.9218 83.0461 82.6506 82.8877 82.8311 83.0057 82.8716 82.9222 82.9513 82.5767 82.8508 82.5451 82.2743 83.2712 82.8865 83.4579 82.9651 83.2301 81.9632 82.4409 82.5281 81.1082
103.374 103.078 103.312 103.096 103.091 102.974 103.535 103.22 103.366 103.187 103.759 103.168 102.895 103.62 103.956 103.338 104.06 104.03 103.351 105.201 104.578 102.988 103.033 106.043 103.927 104.325 104.425 104.839 105.327 105.241
65.449 65.3252 65.4632 65.2888 65.209 65.4491 65.4293 64.9777 65.7515 65.5163 65.2922 65.523 65.4685 65.5418 65.6309 65.481 65.2806 64.7897 65.5774 65.7094 65.1362 65.5006 65.4413 65.3537 65.2156 65.2502 65.0398 65.5763 65.7368 66.1743
140.847 140.19 140.927 140.181 140.095 140.399 140.694 140.506 140.824 140.755 141.412 140.734 140.313 141.629 141.407 141.264 142.509 141.888 140.498 141.673 141.251 141.237 142.538 143.286 141.49 141.975 143.02 141.778 143.119 143.032
5.55379 5.53433 5.56605 5.54079 5.53154 5.54557 5.52068 5.5352 5.49934 5.49373 5.48332 5.49979 5.48167 5.41249 5.51808 5.39779 5.55791 5.44135 5.52201 5.38978 5.41233 5.50824 5.43436 5.61701 5.52698 5.58707 5.8176 5.48939 5.46013 5.62848
4.48161 4.51433 4.48137 4.48242 4.46444 4.45555 4.58801 4.22654 4.60311 4.42529 4.45438 4.49488 4.52657 4.37882 4.5901 4.45416 4.63322 4.20545 4.57675 4.35582 4.11238 4.43215 4.38927 4.36798 4.49795 4.45791 3.60499 4.39451 4.19686 3.96675
4.50137 4.54398 4.48824 4.53571 4.55701 4.50475 4.6039 4.58344 4.58571 4.57562 4.60944 4.6135 4.62016 4.62595 4.60984 4.60813 4.7071 4.5932 4.60741 4.60586 4.67904 4.59469 4.6825 4.60558 4.62545 4.65349 4.90425 4.60724 4.6229 4.59572
4.42982 4.43796 4.42967 4.44393 4.44455 4.41739 4.433 4.42511 4.41985 4.42305 4.44568 4.43691 4.44309 4.4281 4.43954 4.41952 4.47803 4.49403 4.43865 4.41281 4.49489 4.43579 4.44842 4.45445 4.44273 4.47528 4.60431 4.41949 4.49284 4.29106
4.94103 4.86634 4.96541 4.87801 4.8597 4.81037 5.20062 5.12828 5.16215 5.06833 5.21249 5.00274 4.91272 5.16617 5.33571 5.20338 5.59886 5.48597 4.96996 5.70209 5.41171 5.07547 4.9912 5.75005 5.20309 5.46496 5.44706 5.41875 5.66519 5.66191
4.30716 4.28645 4.2992 4.35279 4.33103 4.3387 4.42289 4.41675 4.32574 4.45011 4.49699 4.38913 4.46434 4.35527 4.4577 4.4049 4.83768 4.73628 4.49413 4.25109 4.72468 4.48905 4.53043 4.54044 4.59748 4.73277 4.953 4.42311 4.32158 4.43093
4.24477 4.24702 4.24185 4.25666 4.24432 4.25602 4.3607 4.21451 4.34218 4.341 4.36463 4.34433 4.3543 4.35804 4.36393 4.34324 4.32949 4.37519 4.37983 4.39292 4.34346 4.35065 4.34718 4.3474 4.3593 4.31463 4.50907 4.38921 4.36067 4.41783
7.43634 7.39445 7.43947 7.40071 7.3862 7.39786 7.55572 7.60652 7.48229 7.47983 7.60189 7.5083 7.36681 7.44934 7.5203 7.5247 7.80206 7.56086 7.35695 7.71117 7.50989 7.5513 7.46596 7.75765 7.48894 7.69125 7.70809 7.52361 7.7624 7.81155
92.0636 92.2469 91.8942 91.9966 91.8678 92.1302 92.2223 92.339 91.2135 91.5317 91.509 91.8189 91.8242 89.9682 91.255 91.7213 92.0255 91.976 91.6229 91.3611 91.6825 91.2216 92.0366 91.3153 91.7247 91.4826 91.9181 91.5543 92.1326 92.27
75.512 75.4413 75.6824 75.4034 75.519 75.4029 75.7494 75.3289 76.1084 76.4788 75.4104 75.8277 75.579 75.9212 74.9766 76.3606 75.8449 75.7398 75.9635 75.98 75.4089 75.8955 75.0648 75.5826 75.1609 76.1198 75.3341 76.0772 76.1021 75.2603
74.2583 73.7539 74.5159 74.6507 74.4001 74.7039 73.6572 74.0005 74.3892 75.3209 72.8706 73.9963 73.7128 75.1441 74.2533 74.0503 74.5484 74.3618 73.9509 74.9085 74.2726 74.2546 73.8356 75.8803 75.3157 78.5771 74.0298 74.3193 74.4198 74.585
83.5729 83.2388 83.5412 83.1319 83.391 83.108 82.7976 82.9895 83.0377 83.4281 82.7291 83.0649 82.4885 83.8739 81.629 83.029 84.3969 83.6624 82.2875 83.5389 83.9271 83.4234 82.9701 83.7674 83.6489 84.4505 83.73 82.9236 83.5904 83.7715
67.1414 66.929 66.8971 66.5904 66.8247 67 66.7074 67.0539 66.351 66.0238 65.4557 66.3097 66.6661 66.2214 66.9545 66.0546 68.6666 66.2588 66.4303 66.4743 66.2194 65.6682 66.2123 65.7297 66.3942 68.7758 66.784 66.0458 66.0927 67.0129
138.226 136.169 137.916 136.005 136.807 137.87 137.189 137.871 137.124 138.368 137.366 137.053 136.937 139.42 139.17 137.48 140.02 139.087 136.501 139.129 139.036 137.559 138.421 140.658 137.887 140.574 138.702 139.5 139.602 138.46
5.77867 5.81794 5.76826 5.75419 5.83392 5.7319 5.78215 5.54678 5.88579 5.95792 5.82255 6.06005 6.12539 5.90108 5.91896 6.02779 5.8885 5.93059 5.91617 5.88894 5.92086 5.99317 5.86203 5.68101 5.87055 6.14417 5.90313 5.90739 5.93815 5.91469
4.57426 4.48025 4.546 4.48121 4.52451 4.57438 4.49723 4.4831 4.53193 4.37255 4.55477 4.46138 4.52707 4.57543 4.78165 4.42106 4.58683 4.63568 4.62925 4.73593 4.65463 4.60142 4.56809 4.6228 4.57563 4.57803 4.6575 4.68738 4.62801 4.85765
4.44438 4.45977 4.45774 4.54817 4.45926 4.4861 4.55027 4.48682 4.52371 4.57204 4.56702 4.56766 4.5667 4.74079 4.81071 4.55062 4.63947 4.63244 4.59977 4.68929 4.61994 4.54781 4.56096 4.62974 4.6807 6.03893 4.68663 4.55158 4.63345 4.6632
4.46287 4.47066 4.47686 4.52086 4.47097 4.50074 4.54478 4.49528 4.52117 4.5168 4.53811 4.51547 4.54392 4.4887 4.66963 4.52328 4.46454 4.52433 4.5532 4.5213 4.51151 4.53247 4.5497 4.61092 4.5299 4.53557 4.55818 4.52942 4.5492 4.52549
4.47023 4.4923 4.4572 4.54176 4.48555 4.48537 4.82445 4.33349 4.8421 4.68713 4.57828 4.7391 4.84351 4.59026 4.89198 4.67786 4.794 4.77461 4.87149 4.66148 4.55789 4.54876 4.82282 4.6949 4.70674 4.96522 5.07223 4.73659 4.7385 4.5833
4.26656 4.28572 4.24318 4.28753 4.27492 4.49587 4.34622 4.2672 4.27701 4.31765 4.36751 4.32496 4.3691 4.28401 4.5334 4.32608 4.12599 4.45161 4.36997 4.48346 4.33884 4.29043 4.53566 4.48623 4.31024 4.32974 4.7632 4.47796 4.57566 4.35723
7.85 7.66121 7.80638 7.73874 7.77168 8.0129 7.96833 7.95351 7.90454 8.04688 7.83887 8.00476 8.05199 7.66245 7.97227 7.97971 7.91549 7.92451 7.93009 7.87414 7.78325 7.93731 7.77023 8.15714 7.81931 7.98101 7.8635 7.94571 7.85122 7.92746
92.354 92.9402 92.5318 92.9711 92.8828 92.6471 92.7533 92.6432 93.2853 92.5125 93.0881 92.4934 92.7604 91.0368 93.2107 92.8528 93.0927 93.3213 93.3582 92.7928 93.0551 93.3867 93.2794 93.023 92.8811 93.0559 93.7484 92.6626 93.2082 93.1684
75.9835 75.3986 74.7105 75.4858 75.1912 74.9803 75.5303 75.6623 75.076 75.1092 75.7518 76.185 75.4729 75.9406 75.6131 75.3894 76.0039 75.0712 75.3838 75.1527 75.0819 75.52 74.879 75.4681 75.575 75.4906 75.6778 76.4724 75.6453 75.7691
73.5419 73.4839 73.0899 73.3402 73.7694 73.635 75.3196 74.3968 72.8967 74.2771 72.115 75.2459 73.9756 73.3132 71.7821 74.097 73.8345 72.4252 71.6337 73.1768 73.0001 72.9774 73.3286 72.0398 73.2465 73.3853 72.512 73.9684 73.5504 74.9495
83.94 84.0945 84.1012 84.3629 84.0499 83.9567 84.8972 83.7026 83.2113 84.5994 83.4343 84.0846 83.6535 83.3632 82.9952 83.4876 83.3183 83.044 82.8503 82.9825 82.8874 83.2012 83.1448 83.1164 83.5115 83.427 83.0951 83.2499 83.0677 82.8943
99.612 98.4163 96.1981 96.2687 98.6823 99.0977 98.0999 101.351 101.556 100.304 98.2939 97.6921 98.3168 101.821 99.2527 100.198 98.3622 98.0837 101.559 102.052 96.9347 101.703 97.7482 99.7065 96.5091 97.9303 97.477 101.009 99.2548 97.3921
67.3449 66.5872 66.3188 66.6735 66.8058 66.7221 65.1524 65.7961 65.2712 65.3386 65.2787 65.3047 65.1995 65.9326 65.8544 65.1438 64.58 65.3688 65.7116 66.3483 65.5083 65.0397 65.1024 65.2507 65.5515 65.5555 65.6855 65.4805 65.4741 65.8852
141.993 142.066 141.529 141.67 141.959 141.958 141.208 141.178 142.16 141.825 141.92 141.423 141.443 143.42 142.657 142.329 141.787 141.313 142.455 143.344 141.172 142.371 141.266 142.751 142.101 142.737 140.176 141.803 141.751 141.611
5.22111 5.28591 5.1002 5.31244 5.27318 5.25278 5.28529 4.7068 5.60616 4.88886 5.59147 5.13396 5.40444 5.75532 5.59522 5.1404 5.44568 5.55817 5.6161 5.67554 5.54241 5.61764 5.53589 5.62529 5.60575 5.60236 5.46365 5.63668 5.37375 5.693
4.42883 4.3116 4.39388 4.30482 4.33551 4.37219 4.44266 4.32081 4.43859 4.53406 4.39307 4.48719 4.44886 4.20193 4.35946 4.39887 4.13938 4.34067 4.49646 4.60791 4.42746 4.39799 4.36893 4.59997 4.40712 4.41387 4.36332 4.38208 4.53546 4.42241
4.31866 4.32756 4.29362 4.31867 4.31259 4.30451 4.34196 4.33121 4.37188 4.31541 4.38697 4.34394 4.36281 4.3517 4.45024 4.34944 4.37512 4.43821 4.38635 4.39518 4.37726 4.37568 4.37647 4.45376 4.40897 4.45061 4.42124 4.40559 4.39411 4.4253
4.13371 4.01274 3.94688 3.9726 4.12914 4.10515 4.20947 3.96278 4.37783 4.24141 4.40962 4.36223 4.3063 4.47533 4.41893 4.28089 4.41397 4.39369 4.36428 4.3867 4.39433 4.36628 4.40129 4.43242 4.38549 4.41374 4.37512 4.37142 4.34908 4.39701
5.19875 5.43483 4.92558 5.04265 5.24506 5.19044 5.2468 6.51484 5.64149 5.4198 5.36064 5.23232 5.3707 5.75429 5.54619 5.70085 5.35505 5.31634 5.71214 5.80407 5.30596 5.70543 4.99062 5.87982 4.95544 5.70962 5.35627 5.88943 5.74246 5.35874
4.43575 4.31171 1.65641 2.53516 4.3636 4.33118 4.2696 4.33757 4.19811 4.45191 4.50313 4.53701 4.45727 4.66711 4.59502 4.52354 4.56525 4.59274 4.37132 4.62902 4.56144 4.41538 4.58184 4.59025 4.59091 4.51023 4.56053 4.73376 4.59554 4.4415
4.40494 4.33103 3.95075 3.91332 4.27763 4.28038 4.35135 4.33357 4.5123 4.45133 4.37991 4.50246 4.49851 4.57964 4.74302 4.51045 4.61292 4.60376 4.5826 4.63148 4.57112 4.59455 4.6004 4.61568 4.55335 4.58324 4.58342 4.54536 4.57602 4.52554
7.3647 7.51394 7.42457 7.52322 7.49641 7.52374 7.5211 7.4044 7.58365 7.53456 7.63941 7.53026 7.55383 7.7057 7.68094 7.6575 7.56287 7.50511 7.67287 7.70825 7.45967 7.66893 7.5464 7.55772 7.65491 7.71968 7.43017 7.52555 7.56714 7.4894
91.476 91.2097 91.3781 91.2412 91.7225 91.5024 89.9742 92.2375 93.001 90.1285 93.1005 89.2348 92.2409 92.0904 92.1828 89.5051 91.373 92.404 93.0249 91.7137 92.1737 93.3739 92.5335 92.2189 92.2828 92.8012 93.2938 89.3774 92.4466 93.2311
76.1042 76.0054 76.0695 75.9845 75.6038 76.0356 75.4384 75.6136 75.9797 75.6258 76.1829 76.033 75.3728 75.7322 76.3057 75.6933 76.038 75.7777 76.4853 75.5388 75.9311 76.2351 76.2713 75.974 75.5565 75.8644 75.3117 75.0949 75.0675 75.4799
74.6698 74.6246 75.344 74.7884 74.5331 75.0767 75.1353 74.1779 73.2061 74.6038 71.4553 75.3773 74.0151 73.1441 74.8128 75.5797 76.4318 72.4561 72.7716 75.4148 73.125 72.0969 74.3551 73.9013 74.2174 73.0286 73.4701 78.1387 74.6309 73.0603
83.8961 83.7848 83.8598 83.7891 83.831 83.7712 83.3318 83.9086 82.6403 83.1256 82.7453 83.5489 83.5559 83.4489 84.1201 83.718 85.5214 83.3721 82.4195 85.164 83.1064 82.6164 83.1782 83.2371 84.4559 82.9154 83.0607 85.0315 83.9294 83.9983
103.108 102.674 104.679 105.57 102.614 103.305 106.367 104.681 104.32 106.606 101.691 106.693 106.492 104.797 103.251 106.508 105.75 106.122 103.604 103.192 104.481 104.629 105.014 105.299 104.92 103.682 104.266 107.993 107.75 105.861
66.2422 66.7195 66.7276 66.7252 66.0567 66.252 66.2149 65.1684 65.5574 66.0976 64.8743 66.0836 64.9528 64.9206 65.2716 66.1455 64.3705 65.2669 63.6042 64.2108 66.1006 65.0274 65.4302 64.9976 64.8148 65.0359 65.7387 66.3114 65.3023 65.1825
144.625 144.517 144.547 144.621 144.02 144.155 143.454 143.296 142.76 143.517 142.064 143.393 142.78 142.444 141.72 143.436 141.743 141.211 142.393 143.041 144.057 142.631 141.313 141.844 142.082 142.054 141.982 142.607 142.488 141.963
5.69609 5.76201 5.75006 5.76005 5.69854 5.73456 6.01873 5.57244 5.55565 5.98615 5.42982 6.1349 5.62915 5.53468 5.47901 6.11668 5.70196 5.30021 5.2419 5.52123 5.6011 5.36145 5.51947 5.52784 5.51789 5.58512 5.39202 5.7351 5.60501 5.54847
4.40276 4.419 4.38896 4.40645 4.4441 4.48165 4.35671 4.21345 4.37912 4.3576 4.34257 4.40478 4.29886 4.47674 4.28159 4.34231 4.31915 4.38116 4.23755 3.93429 4.49204 4.39161 4.54708 4.34735 4.43783 4.54456 4.36305 4.53551 4.65111 4.38811
4.46528 4.42115 4.47402 4.41873 4.41723 4.54025 4.58696 4.50078 4.66077 4.58998 4.64406 4.58029 4.56687 4.55815 4.50629 4.57539 4.59181 4.58931 4.62968 3.42885 4.6267 4.66981 4.62674 4.71433 4.49117 4.65844 4.59914 4.6266 4.63339 4.60185
4.34419 4.35344 4.35342 4.35209 4.33238 4.33364 4.387 4.36351 4.41083 4.37919 4.38787 4.39745 4.40149 4.38943 4.34867 4.41379 4.21862 4.35786 4.35641 4.27434 4.41314 4.38362 4.40199 4.40419 4.322 4.44542 4.41562 4.37199 4.41052 4.44016
5.54012 5.79184 5.39278 6.18608 5.24384 5.26308 5.70899 5.4407 5.4086 5.71406 4.87152 5.72881 5.72606 5.64506 5.37843 5.72063 5.83345 5.76521 5.44217 5.94209 5.67085 5.30965 5.24601 5.59838 5.38803 5.28731 5.61257 5.72016 5.73138 5.92753
4.33562 4.36942 4.26212 4.391 4.20867 4.32734 4.46901 4.2803 4.35216 4.53356 4.47401 4.41694 4.47689 4.59088 4.27856 4.52564 4.16149 4.44449 4.44864 4.75296 4.31753 4.11869 4.43098 4.68701 4.64019 4.44795 4.31109 4.4646 4.48697 4.13152
4.09163 4.1029 4.07822 4.10554 4.18903 4.19882 4.30357 4.23107 4.29788 4.35703 4.24809 4.3118 4.35279 4.24656 4.0893 4.30247 4.20713 4.29159 3.36852 4.00949 4.35298 4.22968 4.3406 4.31281 3.99721 4.35964 4.35863 4.26222 4.34872 4.32828
7.64611 7.78364 7.73117 7.78368 7.64431 7.63554 7.80109 7.81671 7.66261 7.80072 7.67946 7.83041 7.81658 7.6705 7.62593 7.79741 7.61967 7.8199 7.7078 7.76326 7.48421 7.63599 7.69828 7.70022 7.64664 7.65394 7.6997 7.73262 7.69421 7.84867
90.5235 90.5986 91.1569 90.5136 91.7295 91.6265 91.2122 91.4015 91.1446 91.3198 91.3551 91.4895 90.6147 91.6014 90.884 91.4293 90.8693 91.1219 91.0762 90.3648 91.9545 91.5109 89.3545 90.7493 91.4721 92.2823 90.6794 91.1571 91.2368 91.064
154.865 154.643 154.223 154.501 154.439 154.408 153.945 153.591 153.774 153.797 153.533 154.722 154.339 154.024 154.52 154.893 153.814 155.514 155.122 154.512 154.1 153.837 154.761 154.201 154.925 154.046 153.997 155.091 153.451 154.83
76.636 76.4284 76.52 76.3631 75.8844 75.9613 75.9794 75.9571 75.814 76.0233 75.4365 75.9188 75.6866 76.0168 76.2572 76.1054 75.662 76.0026 75.8341 75.9207 76.3084 75.8076 77.1752 76.1752 75.976 75.8332 74.39 75.8875 75.8758 75.8513
75.2929 75.436 74.9748 75.7608 73.2046 72.5374 74.2993 73.6951 73.8628 74.5168 74.6797 73.9391 75.6986 73.8304 74.104 74.3257 75.3763 74.3439 74.8753 75.2897 74.5361 73.9219 75.695 75.2265 74.0435 75.0944 76.0873 73.9197 74.3212 74.0153
84.5903 84.7038 83.9623 84.8783 84.0818 83.8385 83.6351 82.7147 82.756 83.6157 82.3933 83.4475 84.4256 83.1369 83.8265 83.6533 84.3366 83.7818 83.7296 84.635 83.0579 82.3687 83.8047 83.8889 83.5577 82.9467 84.5422 83.8738 82.5913 83.9182
66.1752 66.7901 66.4395 66.5858 66.5655 66.7955 65.8256 66.4743 65.9569 65.6539 66.1516 65.7034 66.1648 66.1803 65.3485 65.7551 66.0124 66.4968 65.3876 65.7115 67.0296 66.1207 67.4005 66.1836 65.7214 67.1408 68.2542 65.8821 67.1848 66.5438
141.414 141.634 143.248 142.664 140.983 141.24 141.097 140.863 140.873 141.656 140.212 141.452 142.756 139.298 142.182 141.626 141.045 142.412 142.491 141.683 140.716 140.69 142.807 142.097 138.865 140.684 139.736 142.054 141.456 141.908
6.0841 6.11425 6.05863 6.15278 5.9883 6.02954 6.37974 5.91859 6.5825 6.44176 6.49139 6.43459 5.67154 6.47148 6.39294 6.4263 6.37919 6.47798 6.44455 6.43718 6.33408 6.47716 6.31227 6.39673 6.48547 6.45449 6.16207 6.43138 6.51275 6.45362
7.56504 7.56567 7.50062 7.66117 7.30882 7.40454 7.11884 7.46493 6.91537 6.85689 6.74928 7.18102 7.08682 7.29046 7.29596 7.37049 7.02212 7.47442 7.50144 7.28788 7.26641 7.05214 7.50402 7.08559 7.27563 7.13739 7.05926 7.31593 7.28438 7.21764
4.63313 4.61655 4.71048 4.62621 4.63177 4.62189 4.75166 4.40335 4.71107 4.62008 4.51368 4.70639 4.65376 4.67244 4.60652 4.69657 4.73734 4.64044 4.69397 4.66243 4.67115 4.70975 4.7606 4.62481 4.54052 4.62757 4.87882 4.65567 4.66804 4.61491
4.69877 4.67615 4.70376 4.69095 4.5672 4.54672 4.84624 4.62637 4.88768 4.82944 4.80814 4.8414 4.90059 4.85489 4.83236 4.86941 4.81383 4.79597 4.82969 4.55514 4.79228 4.87086 4.99796 4.86804 4.69909 4.90541 4.76508 4.79816 5.04644 4.77884
4.49733 4.48702 4.57292 4.50616 4.45987 4.45162 4.55217 4.45842 4.65019 4.55696 4.61221 4.55236 4.42264 4.56094 4.50592 4.56651 4.53045 4.5603 4.54779 4.50928 4.62584 4.62748 4.57611 4.56523 4.52988 4.6249 4.52704 4.5419 4.68201 4.54384
4.38694 4.3819 4.40318 4.39146 4.37148 4.35357 4.43146 4.53801 4.58531 4.42412 4.51442 4.43818 4.27462 4.57682 4.64731 4.42723 4.48595 4.56495 4.63129 4.62088 4.2299 4.51967 4.74497 4.51832 4.73173 4.73751 4.4666 4.52978 4.80505 4.40612
4.18665 4.24333 4.20742 4.25801 4.26748 4.23191 4.44413 4.15367 4.37406 4.45636 4.48902 4.46173 4.41201 4.46835 4.22949 4.48517 4.41244 4.47191 4.42112 4.40731 4.50046 4.49066 4.40564 4.35834 4.43378 4.50452 4.59416 4.42447 4.43912 4.38818
8.13511 8.00714 8.10737 8.06047 8.04114 8.04044 8.12215 8.22892 8.46806 8.23467 8.21142 8.14873 8.3141 8.12148 8.09505 8.34058 8.27099 8.37212 8.18225 7.85992 8.17642 8.16551 8.17482 8.16849 7.76253 8.16223 7.71031 8.33797 7.74713 8.36693
92.0549 91.9954 92.0247 91.7996 91.8822 91.5769 91.7331 91.8099 91.7131 91.4618 90.908 91.893 90.4493 91.2662 91.1706 91.4366 91.6291 91.2911 91.3471 90.7923 90.9034 91.5893 90.7402 91.0757 91.212 91.0517 91.1944 91.2284 90.7945 91.5684
155.53 155.369 155.258 155.187 155.226 155.294 155.182 155.407 155.553 155.415 156.423 155.013 154.881 153.033 154.822 154.026 154.611 155.802 154.621 152.953 154.268 154.563 153.007 155.488 155.148 154.803 153.31 156.447 154.649 155.911
75.736 75.6961 75.6469 75.7316 75.7279 75.8135 75.9356 75.8654 75.7454 75.9823 76.2537 75.7192 75.665 75.4578 75.92 75.4998 75.8267 75.9884 75.7257 75.0703 75.625 75.6254 75.2274 75.78 75.4545 75.9626 76.1335 75.9131 75.8309 75.8486
73.7799 73.8613 74.0459 73.7854 73.7474 73.289 73.6759 73.2032 73.631 73.2389 74.8569 73.541 75.1105 74.0442 74.6768 74.3176 73.6515 73.9621 73.5629 73.3634 75.1518 73.7171 74.0687 73.6432 73.4619 74.5694 74.168 74.8873 74.4275 73.6947
83.1031 83.0895 83.0189 82.9641 82.9236 82.9084 83.1279 82.7934 82.8007 83.1864 83.5961 82.9968 83.621 83.12 83.1644 83.1308 83.2448 83.0087 82.9118 83.3145 83.3312 83.0331 81.3313 83.2034 83.2376 83.378 83.3255 83.4579 83.5393 83.175
66.3249 66.2694 66.242 66.8274 66.6997 66.3789 66.1606 65.8188 65.8631 66.0154 66.2699 66.236 67.0016 66.139 65.8536 66.291 66.3116 67.6533 66.4276 66.5249 67.3208 65.9774 65.0385 66.4938 65.9891 66.7615 68.1312 67.2807 66.2156 66.1458
140.686 140.642 140.41 140.666 140.553 140.445 140.241 140.473 139.551 140.511 141.908 140.984 142.454 139.866 140.363 141.128 139.446 141.062 141.158 140.412 141.984 140.397 140.801 140.056 139.568 142.319 140.308 140.901 142.16 140.263
5.78486 5.79799 5.76365 5.82242 5.78981 5.90563 6.27008 5.7999 6.28661 6.30189 6.41256 6.08484 6.29909 5.54478 6.26343 5.6304 6.26285 5.42334 6.19748 6.33305 4.79229 6.2692 6.13977 6.23761 5.83785 6.37829 6.31187 5.98751 6.3438 6.17054
7.77402 7.68579 7.73811 7.55482 7.58181 7.58265 7.58051 8.05759 7.5211 7.39205 7.79718 7.29413 7.51611 7.19837 7.56549 7.32967 7.40202 7.75942 7.26568 7.26138 6.99713 7.37456 7.11369 7.56233 7.30251 7.47794 7.16557 8.09769 7.16301 7.7196
4.63317 4.64162 4.65659 4.60967 4.68385 4.57599 4.72956 4.16938 4.63105 4.60287 4.69855 4.66102 4.60199 4.62055 4.64041 4.58165 4.6566 4.54607 4.62265 4.60094 4.52364 4.61928 4.70305 4.63258 4.54591 4.53341 4.6402 4.60292 4.71729 4.58782
4.55571 4.56098 4.57667 4.5546 4.60048 4.5993 4.8071 4.5794 4.80203 4.79559 4.80113 4.79278 4.82849 4.76746 4.95679 4.78602 4.78832 4.83752 4.79121 3.91481 4.83465 4.80063 4.87905 4.7703 4.73168 4.86568 4.98213 4.82881 4.81797 4.76235
4.41659 4.42244 4.4201 4.41945 4.41344 4.42121 4.5344 4.43542 4.54565 4.53232 4.54631 4.51687 4.53382 4.49077 4.56366 4.50018 4.52661 4.51199 4.49868 4.51082 4.60435 4.53933 4.64987 4.51727 4.50522 4.51231 4.57693 4.53243 4.55478 4.52248
4.47266 4.49956 4.52507 4.5882 4.33226 4.62812 4.46637 4.42652 4.60349 4.66445 4.80664 4.52934 4.52476 4.52752 4.70297 4.50495 4.41907 4.64701 3.97284 4.33658 4.67173 4.462 5.23084 3.7326 4.63388 4.67066 5.55013 4.53367 4.66818 4.5894
4.2512 4.26422 4.27444 4.27991 4.26745 4.31673 4.46209 4.25915 4.49501 4.45038 4.36987 4.47555 4.38834 4.46956 4.59916 4.47721 4.44039 4.52027 4.48232 4.48398 4.40478 4.46756 4.62733 4.23452 4.44017 4.51856 5.10866 4.42752 4.38433 4.49097
7.79589 7.73156 7.83067 7.79382 7.81423 7.77692 7.74362 8.05267 7.47938 8.02386 7.90039 8.0764 7.97241 7.83895 7.74272 8.01742 7.66078 7.92385 8.14577 7.46254 8.12826 7.76343 8.17407 7.79225 7.72098 8.24576 7.34031 7.83937 8.18998 7.63418
92.8351 92.9235 92.7859 92.7759 92.6105 92.443 92.2744 92.0427 91.894 92.2888 91.5633 92.3208 91.4848 91.8743 91.4415 91.9981 92.2459 91.9639 92.1451 91.832 90.7777 91.8318 92.0168 91.5468 91.87 91.6938 91.4658 91.5783 91.4811 91.7767
154.178 154.183 154.149 154.095 154.149 154.425 153.931 153.916 154.233 154.483 154.656 154.395 154.453 154.81 153.428 154.949 153.904 153.605 154.236 154.863 155.804 154.438 154.605 154.379 153.953 155.061 155.485 154.333 155.398 154.268
75.1078 75.0994 75.1416 75.1194 75.1599 75.1522 75.2681 75.1792 75.3588 75.4465 75.451 75.4114 75.2504 75.0807 74.7861 75.3484 74.8971 74.3669 74.9551 75.2743 76.0056 75.6286 75.0301 76.057 75.4577 75.4067 75.0342 75.7554 75.8431 75.4644
73.3985 73.3715 73.3979 73.4299 73.3986 73.3969 73.7332 74.0712 73.7162 73.3134 74.2257 73.4232 74.4775 74.0144 73.3301 74.156 73.7684 73.2236 73.9201 74.0444 75.1542 73.7422 73.9155 74.8901 74.6775 74.563 74.3187 74.9714 74.2231 74.0235
82.8423 82.8171 82.8517 82.8221 82.8448 82.9133 83.0463 83.1453 83.2362 83.165 83.2213 83.0253 83.4222 83.6783 81.9063 83.543 83.1616 82.3356 82.9982 83.6859 83.85 83.3868 83.2043 83.4773 83.362 83.4867 83.4264 83.9754 82.9893 83.3533
66.6178 66.533 66.463 66.4294 66.5375 66.3289 66.3228 66.6671 66.4384 66.1726 66.2474 66.1451 66.1518 66.0245 66.15 66.2002 66.3911 67.6411 66.121 66.4638 66.5638 66.119 65.9303 66.6874 66.7146 68.1252 67.4053 67.5111 66.9436 66.6147
140.448 140.336 140.24 140.293 140.15 140.095 140.977 140.885 140.483 140.291 141 140.084 141.149 140.401 140.205 141.186 140.295 141.404 139.954 141.041 141.875 140.899 140.342 140.382 139.62 142.269 140.49 141.998 140.03 140.874
5.67682 5.72086 5.73943 5.80134 5.72502 5.79551 6.06151 4.84187 5.84669 6.08331 5.73235 6.17007 6.32023 6.31694 6.16778 6.35057 5.95472 6.22375 6.11623 6.33884 6.35327 6.28621 6.33014 5.92511 6.08236 6.35853 6.34383 6.30751 6.25328 5.39797
7.81525 7.80176 7.80926 7.79446 7.78569 7.851 7.16844 7.66794 7.2173 7.32775 7.19743 7.33591 7.33965 7.53548 8.0751 7.64461 7.35102 6.95521 7.25629 7.71321 7.57211 7.4637 7.54137 7.48213 7.23754 7.53928 7.72049 7.54388 7.71469 7.67172
4.52713 4.53117 4.52918 4.529 4.54395 4.53107 4.68823 4.16178 4.55359 4.54926 4.61319 4.58155 4.68496 4.64969 4.67414 4.61306 4.58482 4.51929 4.60454 4.61597 4.6168 4.61439 4.66414 4.73033 4.60924 4.5793 4.59825 4.54916 4.57975 4.54658
4.4756 4.47792 4.49009 4.4792 4.49347 4.49562 4.67688 4.52164 4.62022 4.62004 4.64385 4.68528 4.80406 4.71429 4.7951 4.71687 4.63788 4.63786 4.67686 4.68445 4.68124 4.78299 4.72931 4.76318 4.70838 4.6506 4.80539 4.63434 4.66771 4.50564
4.44347 4.44907 4.45316 4.45189 4.44959 4.45532 4.56082 4.40398 4.57054 4.57246 4.47793 4.56918 4.59495 4.56561 4.63566 4.58849 4.56922 4.15746 4.56668 4.60305 4.60832 4.58386 4.59629 4.57245 4.5825 4.67738 4.59029 4.41501 4.57995 4.51011
4.26469 4.29232 4.33241 4.29202 4.28149 4.38934 4.43105 4.10389 4.79111 4.71816 4.51958 4.6025 4.80368 4.76813 6.31267 4.74477 4.64296 4.29289 4.61385 4.89599 4.90103 4.71679 4.91578 4.36242 4.7082 4.80931 5.16772 4.02294 4.56456 4.46096
4.30443 4.31167 4.32592 4.32545 4.32031 4.32081 4.52294 4.28895 4.48161 4.54394 4.53173 4.53248 4.50208 4.51389 4.58248 4.51747 4.49752 4.51353 4.52942 4.54339 4.55914 4.5067 4.52654 4.51519 4.52178 4.59914 4.70055 4.5631 4.55597 4.52335
7.93254 7.91945 7.8836 7.86921 7.80127 7.69496 7.94401 8.06758 7.84787 7.69598 8.17754 7.62048 8.07158 7.86355 8.20561 7.97146 7.8567 8.18392 7.52537 7.89294 8.39011 8.02131 7.80428 7.72856 7.53013 7.99257 7.85072 8.59223 7.42692 7.96038
93.1865 93.1735 93.0786 93.1617 93.1787 93.0588 92.7149 93.0517 92.5929 92.5361 92.5816 92.5131 92.6019 92.6294 92.6554 92.5035 92.8798 93.5342 92.6761 92.349 92.277 92.203 92.6543 92.2491 92.4418 92.9095 92.1941 92.3213 92.8984 93.3192
75.4801 75.4725 75.5214 75.4882 75.4922 75.4627 75.3458 75.2055 75.4674 75.5877 75.6559 75.6609 75.7963 75.4326 75.4722 75.4948 76.1244 75.1714 75.8721 75.2453 75.5069 75.4241 75.5037 75.7826 75.5971 75.1116 75.7683 75.7072 75.0723 75.2982
72.3262 72.3009 72.2524 72.1136 72.2024 72.4117 72.3378 72.7397 72.69 72.9697 72.9534 72.8895 72.7419 72.648 72.6802 73.4088 72.6882 72.1337 72.6204 72.9038 72.2042 75.7607 72.7163 72.9052 74.4231 72.1103 72.9246 73.2374 70.8914 72.8534
82.6364 82.6181 82.6133 82.5681 82.5006 82.6184 82.6227 82.6777 82.7924 82.9353 82.9245 82.8802 82.9399 82.8054 82.5395 82.8965 82.5202 80.4803 82.6311 82.8562 82.0205 83.9311 82.6651 82.8177 83.3334 81.7785 82.7165 81.0925 79.8217 82.4632
103.628 103.434 103.504 103.487 103.778 103.634 104.031 103.854 104.009 104.024 103.624 103.85 103.504 103.421 103.912 103.96 104.167 104.452 103.831 105.57 105.158 104.087 103.645 104.741 104.185 104.8 104.519 103.875 105.519 105.023
65.4925 65.4711 65.4689 65.462 65.5468 65.4079 65.1433 65.5368 64.9698 65.134 64.8597 65.1792 65.3291 65.5953 65.3837 65.5123 65.1939 64.6243 65.5705 66.2763 66.3609 66.5686 65.6344 65.3026 65.253 67.7045 65.8958 63.6531 65.5047 64.9099
140.847 140.835 140.915 140.843 140.863 140.865 140.572 141.118 140.974 141.132 141.197 141.14 140.989 141.187 140.877 141.502 141.134 140.937 140.952 141.301 141.581 142.652 140.884 142.357 141.308 143.783 142.407 142.306 142.13 142.586
5.44837 5.44557 5.46119 5.45807 5.46674 5.46867 5.51592 5.43951 5.49367 5.47053 5.43779 5.45077 5.49049 5.36443 5.4849 5.3193 5.41255 5.32058 5.51318 5.0654 5.23917 5.76734 5.42979 5.20497 5.5208 5.33873 5.2139 4.91184 5.45252 5.43313
4.53053 4.5331 4.52834 4.5256 4.53995 4.53888 4.52571 4.56153 4.49982 4.46764 4.47479 4.47799 4.48759 4.50677 4.52807 4.45308 4.31507 4.46748 4.44036 4.46012 4.29441 4.36141 4.50588 4.41789 4.50741 4.42991 4.41608 4.25726 4.42354 4.47729
13.3066 13.3895 13.3608 13.4124 13.3732 13.4488 13.1835 13.4237 13.3354 13.1662 13.2499 13.1748 13.3277 13.1702 13.1605 13.2005 12.9388 13.1181 12.9418 12.5474 13.1136 13.7843 13.4147 12.8903 12.7117 12.906 12.1724 13.2359 12.7198 13.2407
4.49842 4.49349 4.50051 4.49513 4.49677 4.5107 4.61069 4.45099 4.6127 4.60834 4.57575 4.61443 4.61238 4.58175 4.61953 4.5993 4.59764 4.58849 4.58768 4.61429 4.58462 4.50994 4.59576 4.58123 4.64389 4.63261 4.58549 4.6642 4.66363 4.6216
4.41159 4.4129 4.41424 4.41305 4.41317 4.41041 4.44885 4.39211 4.44906 4.43141 4.42911 4.4481 4.44894 4.41856 4.4704 4.43557 4.46852 4.39841 4.44324 4.44517 4.07065 4.70275 4.45213 4.45357 4.45939 4.50481 4.4134 4.8935 4.61294 4.38324
5.15628 5.14625 5.18428 5.1471 5.20831 5.15569 4.98286 5.39775 5.15627 5.24821 5.28185 5.20418 4.78833 5.24507 5.29389 5.38699 5.18384 5.1288 5.24907 6.29266 5.58658 5.31638 5.32346 5.66718 5.27976 5.66844 5.88801 5.51728 5.84677 5.63981
4.262 4.2575 4.28449 4.26743 4.24917 4.31919 4.59075 4.20663 4.70662 4.72469 4.44058 4.70958 4.63706 4.45074 4.54297 4.46959 4.50792 4.33472 4.29468 4.64964 4.79404 4.74009 4.3078 4.61089 4.59545 4.74597 4.16026 3.91729 4.98375 4.68835
4.29991 4.30442 4.30355 4.30445 4.30248 4.28562 4.37587 4.24259 4.37576 4.36811 4.36494 4.36649 4.37004 4.36623 4.41265 4.37805 4.40247 4.34722 4.38812 4.42133 4.42209 4.31535 4.38096 4.32752 4.35956 4.47962 4.37136 4.22354 4.64192 4.35136
7.40715 7.40444 7.4301 7.41816 7.43012 7.43878 7.39766 7.43463 7.48975 7.51931 7.47749 7.51505 7.38132 7.4847 7.46454 7.45163 7.50236 7.52099 7.45028 7.49966 7.56082 7.61054 7.49637 7.75082 7.40645 7.44307 7.67556 7.42265 7.77389 7.78127
92.3115 92.3288 92.2741 92.2888 92.3733 92.3601 92.4886 92.5043 92.3476 92.2175 91.9362 92.0148 92.0899 92.0926 92.2752 92.014 91.7283 92.183 91.2393 91.8573 91.9457 92.7046 92.2669 91.2385 92.4305 92.2198 92.1838 92.664 93.1544 92.6448
75.2507 75.2075 75.2018 75.2119 75.254 75.1989 74.9391 75.2299 75.0737 74.9909 75.7276 75.3048 75.0835 75.028 74.9692 75.461 75.6824 75.2398 75.4549 75.1465 75.7222 74.542 74.9903 75.6306 74.9212 74.9514 75.0682 75.1497 74.4052 75.8604
74.0151 73.9791 73.9539 73.9986 73.8569 73.8959 74.399 73.806 74.351 74.2771 73.223 74.0097 74.0179 74.3625 73.9444 74.1188 74.9254 74.4665 75.1762 74.14 73.8911 73.3931 74.142 74.3873 74.6743 73.8042 74.1743 74.9547 74.2215 74.5867
83.2007 83.2027 83.1897 83.2095 83.1046 83.1596 83.166 83.0721 83.2191 83.234 83.2092 83.3366 83.3213 83.4108 83.1724 83.4245 83.5978 83.2893 83.4845 83.1672 83.4747 83.3295 83.2557 83.7233 83.0209 81.8994 83.354 84.3208 81.7967 83.2659
66.5985 66.6003 66.5524 66.5509 66.6 66.6291 66.9708 66.4983 66.6934 66.5323 66.3683 66.1549 65.9866 66.4834 66.4878 66.1837 66.2169 66.1601 66.631 65.5746 66.1561 67.6423 66.6421 66.0564 67.9914 66.0363 66.5886 65.5252 64.8641 66.1171
137.523 137.499 137.521 137.483 137.484 137.384 137.503 137.555 137.479 137.532 137.651 137.996 137.861 137.927 137.796 138.023 137.989 137.962 138.48 137.962 137.603 138.966 137.761 138.916 137.503 137.199 138.232 138.22 136.028 137.66
10.8637 10.8791 10.9177 10.9163 10.8036 10.8621 10.7226 10.8556 10.8222 10.6999 10.4211 10.7699 10.5147 10.742 10.8076 10.7503 10.815 10.3888 10.5372 10.4267 10.3263 11.065 10.8122 10.9725 10.8067 10.5931 10.2757 10.8252 10.7599 10.3175
5.70302 5.69716 5.70425 5.70519 5.69202 5.69015 5.81211 5.63587 5.8276 5.82414 5.88483 5.85311 5.84491 5.82529 5.8347 5.84592 5.91482 5.8423 5.90485 5.82581 5.86149 5.7995 5.82723 5.91111 5.82137 5.83816 5.76077 5.79642 5.69485 5.86838
4.62115 4.60295 4.60798 4.60138 4.60396 4.60233 4.6167 4.2912 4.63293 4.60992 4.62908 4.61714 4.59263 4.61325 4.60409 4.62499 4.75781 4.65481 4.56556 4.70169 4.65463 4.54837 4.61299 4.66006 4.6668 4.62143 4.59155 4.73418 4.62925 4.65134
4.50523 4.5019 4.50087 4.50316 4.4953 4.49664 4.5643 4.46489 4.52967 4.54445 4.51686 4.54919 4.51035 4.56259 4.55832 4.53297 4.58119 4.55308 4.64398 4.60255 4.51799 4.48961 4.53751 4.53816 4.53939 4.57833 4.49363 4.54039 4.49011 4.49703
4.50063 4.50233 4.50457 4.5056 4.50145 4.50118 4.53729 4.50829 4.53588 4.53685 4.5462 4.54856 4.53924 4.54622 4.54458 4.545 4.56464 4.52646 4.55917 4.55952 4.51555 4.55501 4.54957 4.53866 4.58573 4.63454 4.56496 4.26759 4.12778 4.57059
4.42504 4.43319 4.4269 4.42196 4.43847 4.44485 4.82388 4.37543 4.76991 4.73216 4.84094 4.64293 4.55854 4.73045 4.75243 4.63936 4.77685 4.77357 4.7338 4.71184 4.66672 4.13654 4.75854 4.63692 4.81088 4.86325 4.76577 5.37009 5.68847 4.67058
4.35155 4.35203 4.35298 4.35434 4.35038 4.34852 4.43935 4.36499 4.43433 4.43578 4.52172 4.42002 4.41118 4.42621 4.43681 4.42602 4.50902 4.49755 4.49722 4.40777 4.42752 4.44946 4.42873 4.41788 4.55516 4.54649 4.51774 4.52055 4.69223 4.30357
7.69075 7.69437 7.69611 7.70287 7.67937 7.69391 7.792 7.7781 7.76348 7.75516 7.8138 7.75818 7.73027 7.83602 7.81896 7.76438 7.68157 7.76507 7.78096 7.82306 7.74999 7.71742 7.79561 7.66636 7.5229 7.6399 7.89656 7.80348 7.64289 7.73811
93.6182 93.6316 93.6048 93.6174 93.5533 93.6549 93.3953 93.5957 93.3415 93.2934 92.9158 93.1828 93.3665 93.1041 93.3544 93.1055 93.2253 93.2422 93.1963 93.0793 93.0875 93.4681 93.2266 93.053 93.2089 93.3284 93.2352 93.4231 93.3826 93.1731
75.2074 75.1935 75.1953 75.1795 75.21 75.1322 75.0375 74.7412 74.9318 75.1362 75.0765 75.0086 74.9924 75.3269 74.8687 75.1242 75.162 75.254 75.1154 75.7559 75.4353 75.0769 74.9938 75.1272 75.6579 75.0176 74.9517 75.0846 74.9983 75.5452
72.1192 72.264 72.2104 72.1808 71.8725 72.1212 72.786 73.2876 72.3318 72.5612 72.371 72.6114 72.5275 73.2493 72.5541 72.7039 72.3277 72.4438 72.6301 72.2136 72.3196 72.74 72.7107 72.8533 72.915 72.4612 72.9089 72.7365 72.2266 73.37
82.5349 82.5574 82.5791 82.5718 82.5451 82.5901 82.9306 83.1678 82.7554 82.9346 82.9737 82.9624 82.8796 83.0676 82.8678 83.0003 82.784 82.8904 83.1557 83.4045 83.0963 83.0908 82.8801 83.0543 83.034 82.6028 83.0854 83.0184 82.6979 83.0262
102.719 102.714 102.712 102.692 102.694 102.793 103.274 103.383 103.152 103.136 103.107 103.027 103.252 103.091 103.186 103.208 103.184 103.088 103.611 103.129 103.144 103.463 103.101 103.14 103.384 103.167 103.224 103.443 103.284 104.243
65.4058 65.3608 65.3797 65.3099 65.3358 65.3539 65.3589 65.4273 65.2081 65.2572 65.0281 65.2217 65.2856 65.2152 65.2366 65.268 65.0782 65.2273 65.358 65.2086 65.2373 65.3327 65.1968 65.0232 65.3928 65.2327 65.1772 65.3556 65.2775 65.4912
141.331 141.298 141.315 141.261 141.282 141.281 141.506 141.291 141.543 141.541 142.297 141.412 141.518 141.445 141.403 141.65 141.989 141.972 142.294 142.088 141.502 141.406 141.369 141.72 142.102 141.535 141.529 142.185 141.48 142.677
5.57079 5.56426 5.56352 5.56236 5.56032 5.55871 5.55771 5.55845 5.54891 5.54912 5.55213 5.5387 5.54836 5.57078 5.53254 5.55088 5.58157 5.51895 5.52837 5.56479 5.56464 5.51613 5.54671 5.59577 5.5634 5.5526 5.51729 5.54051 5.53772 5.54199
4.39211 4.39679 4.39341 4.39626 4.37825 4.40144 4.43038 4.33724 4.39311 4.45272 4.40482 4.42138 4.40119 4.4476 4.41432 4.43367 4.43777 4.39366 4.43181 4.39686 4.3918 4.44002 4.42962 4.4304 4.39785 4.43329 4.41592 4.41387 4.42348 4.41958
13.6037 13.6781 13.7081 13.7372 13.7663 13.6949 13.4232 13.5508 13.4421 13.4518 13.6457 13.4854 13.4677 13.3727 13.4108 13.4076 13.5161 13.5412 13.6808 13.3368 13.431 13.3439 13.3588 13.5387 13.2916 13.4308 13.5088 13.5073 13.4135 13.3945
4.47972 4.479 4.48033 4.47859 4.48472 4.48423 4.58746 4.3963 4.59898 4.58855 4.6145 4.5861 4.57917 4.58552 4.5897 4.59744 4.60701 4.56826 4.59361 4.6359 4.58738 4.56686 4.59591 4.61176 4.5577 4.60277 4.58737 4.5585 4.57862 4.5436
4.437 4.43741 4.43339 4.43616 4.43143 4.43388 4.44601 4.40985 4.45921 4.43592 4.48076 4.45658 4.44454 4.45932 4.45714 4.46127 4.4834 4.46436 4.47002 4.47168 4.4668 4.41929 4.45889 4.47595 4.47844 4.47955 4.45424 4.46251 4.45263 4.51409
4.969 4.95211 4.95979 4.94193 4.93746 4.94603 5.18286 5.35129 5.09367 5.0965 4.74085 4.9874 5.17084 5.0743 5.07872 5.03772 5.08481 5.1445 5.39729 4.33692 5.01151 5.21693 5.01599 5.00061 5.14612 5.08355 5.06437 5.20105 5.19201 5.57603
4.46975 4.46475 4.46087 4.46237 4.4533 4.45734 4.65814 4.41485 4.66656 4.66359 4.7731 4.68453 4.652 4.6852 4.65885 4.6917 4.74712 4.65195 4.70572 4.61922 4.72023 4.61024 4.6661 4.7061 4.5924 4.69582 4.64333 4.58069 4.72442 4.37535
4.34637 4.35696 4.34833 4.35177 4.34366 4.35743 4.44251 4.30796 4.45499 4.42905 4.40002 4.41329 4.43068 4.43193 4.4341 4.42024 4.41919 4.39399 4.40867 4.44988 4.40383 4.43865 4.44056 4.40911 4.41022 4.46822 4.41421 4.38952 4.40175 4.40373
7.66815 7.67076 7.66634 7.66545 7.67577 7.67108 7.67575 7.65041 7.68118 7.68058 7.5812 7.62796 7.70272 7.63415 7.6622 7.62637 7.65471 7.72383 7.80127 7.56601 7.56515 7.66811 7.6454 7.59171 7.65647 7.64823 7.6854 7.73083 7.71093 7.71711
93.1398 93.1306 93.1405 93.1384 93.1097 93.1365 93.0359 93.1667 92.8052 92.6835 92.6777 92.7931 92.8566 92.5268 92.8432 92.749 92.8439 92.727 92.5992 91.9825 92.6697 92.6832 92.6951 92.6976 92.3219 92.7244 92.7605 92.8461 92.7519 92.6738
75.6673 75.7147 75.7124 75.7223 75.6784 75.7284 75.613 75.5391 75.6119 75.9657 75.8647 75.617 75.8788 75.782 75.899 75.5171 75.8578 75.9282 75.8305 75.8481 75.7359 75.8756 75.6984 75.7131 76.2622 75.7716 75.5138 75.8288 75.7421 75.9482
72.69 72.6095 72.6377 72.6011 72.5658 72.6068 72.671 72.6432 72.8556 72.2086 72.0417 72.8792 72.8952 72.7568 73.0705 72.7351 72.0975 73.2102 72.1971 73.2336 72.3957 72.4321 73.0224 73.1399 72.4686 72.6951 72.7367 72.8975 72.7986 73.5269
82.6039 82.6439 82.6056 82.622 82.6378 82.6954 82.6869 82.8051 82.8217 82.7113 82.7341 82.7297 82.6584 82.8077 82.7169 82.7798 82.6149 82.8433 82.6828 83.3588 82.8185 82.7185 82.8733 82.8414 82.8224 82.6578 82.8074 82.6401 82.6668 82.8383
103.726 103.77 103.801 103.773 103.824 103.793 103.752 103.646 103.875 103.952 103.755 103.749 103.869 103.525 103.804 103.783 103.972 104.028 103.711 104.037 103.8 103.782 103.759 103.724 103.726 103.759 103.766 103.88 103.807 103.684
65.7616 65.7418 65.7165 65.7337 65.6655 65.6946 65.7204 65.7155 65.4402 65.2983 65.1685 65.4838 65.6332 65.2997 65.5713 65.4131 65.2979 65.2869 65.3773 64.3781 64.935 65.2548 65.4338 65.2726 65.3878 65.5602 65.4665 65.5676 65.6614 65.3624
142.117 142.084 142.078 142.085 142.083 142.103 142.21 141.933 142.241 142.913 142.371 142.225 142.267 142.294 142.316 142.286 142.945 142.539 142.655 142.918 142.282 142.34 142.254 142.32 142.658 142.275 142.12 142.322 142.139 142.503
5.58385 5.58971 5.58872 5.59068 5.58576 5.58372 5.58402 5.60386 5.56946 5.56527 5.53557 5.54931 5.55616 5.58297 5.55998 5.57234 5.55087 5.55357 5.53456 5.63537 5.56584 5.55924 5.57023 5.57647 5.5651 5.57072 5.56191 5.56163 5.569 5.6019
4.50422 4.51046 4.51359 4.50464 4.50172 4.50793 4.58484 4.28476 4.5414 4.4772 4.44957 4.52487 4.4806 4.5482 4.46455 4.54579 4.46334 4.46874 4.45605 4.45027 4.47561 4.48039 4.5145 4.45916 4.31731 4.5204 4.53073 4.49446 4.50428 4.4967
13.459 13.4023 13.3666 13.3707 13.3828 13.3853 12.9992 13.2234 13.005 13.0564 12.9857 12.928 12.9614 13.0126 13.0241 12.9428 13.0045 12.9859 13.0349 12.8651 12.9766 13.0653 13.027 12.9675 12.9284 13.0418 12.9142 13.1112 13.0296 13.0836
4.56539 4.56505 4.56269 4.5646 4.56455 4.56553 4.68056 4.50084 4.66559 4.6664 4.67189 4.66595 4.6426 4.67628 4.65575 4.68523 4.67631 4.57772 4.69463 4.67861 4.68087 4.66793 4.67692 4.66833 4.6315 4.67369 4.66832 4.64872 4.65829 4.67032
4.45277 4.4563 4.45512 4.45338 4.45001 4.45083 4.48161 4.44674 4.46812 4.47642 4.47258 4.47529 4.47544 4.49091 4.47652 4.47905 4.48885 4.48536 4.49441 4.47789 4.48141 4.5009 4.4786 4.49283 4.4821 4.4832 4.47642 4.4784 4.47538 4.48992
5.56653 5.57467 5.57188 5.57164 5.56919 5.58052 5.57769 5.60577 5.58524 5.63403 5.5657 5.5797 5.56528 5.64675 5.58078 5.60935 5.61804 5.57846 5.63723 5.69391 5.58947 5.59477 5.57834 5.57392 5.5335 5.60703 5.57452 5.60525 5.58796 5.62855
4.43563 4.42256 4.42368 4.42244 4.42435 4.41228 4.675 4.35312 4.59136 4.50445 4.62964 4.61952 4.65016 4.5506 4.6366 4.59411 4.52783 4.51796 4.64622 4.16483 4.49074 4.56665 4.60438 4.58272 4.43676 4.63131 4.60494 4.62461 4.66232 4.50759
4.31202 4.31249 4.31377 4.31435 4.32099 4.31355 4.40826 4.27818 4.3931 4.40548 4.40414 4.4 4.39952 4.39038 4.39981 4.40058 4.42791 4.40697 4.39098 4.3642 4.3965 4.39976 4.3984 4.39493 4.49104 4.4101 4.39276 4.39841 4.39776 4.40787
7.8972 7.89047 7.88864 7.89128 7.89263 7.90145 7.90922 7.8783 7.90382 7.90382 7.91446 7.91746 7.92137 7.92209 7.92168 7.92201 7.90912 7.90045 7.90781 8.03223 7.92976 7.92222 7.90932 7.91247 7.84575 7.9235 7.9105 7.93113 7.90128 7.92165
92.3736 92.3769 92.3952 92.3836 92.3472 92.3893 92.3882 92.6327 92.363 92.0454 91.6478 92.1662 92.2194 92.217 92.1173 92.3624 91.8996 92.0418 91.6804 92.1542 91.9908 91.7343 92.2595 92.2128 91.2922 92.2099 92.4039 92.1007 92.249 92.3521
75.3293 75.3347 75.3253 75.3225 75.3869 75.3548 75.2164 75.2461 75.0994 75.1517 75.4089 75.1309 75.2993 75.0434 75.3379 75.024 75.0833 75.5607 75.3051 75.2355 75.3341 75.2719 75.0033 75.2429 75.0017 75.2008 74.8918 75.2786 75.3802 75.4154
73.6434 73.758 73.6874 73.7313 73.7408 73.7093 73.8489 73.331 73.5876 74.0606 74.2888 73.7509 74.6142 73.7412 74.6864 73.5699 74.0332 74.1104 73.9645 74.0457 73.8256 74.397 73.8283 74.3112 74.5222 73.8206 73.7038 74.2754 73.4242 73.8726
82.8776 82.9084 82.8507 82.8831 82.968 82.9137 82.9921 82.5498 82.8506 83.2407 83.4956 83.0656 83.2477 83.0421 83.307 82.8771 83.3076 83.2632 83.367 82.8292 83.2724 83.4689 83.0896 83.1276 83.6438 83.0288 82.8867 83.1291 82.8821 82.8632
66.5073 66.5168 66.5472 66.5342 66.4943 66.5222 66.507 66.7252 66.6033 65.7884 65.6544 66.2517 66.3914 66.4113 66.3578 66.5445 65.5917 66.3636 65.5574 66.3682 65.9368 65.8809 66.2215 66.3467 66.2567 66.2921 66.5952 66.3293 66.3703 66.4757
137.452 137.505 137.486 137.408 137.516 137.498 137.296 136.689 137.024 137.561 137.907 137.455 138.234 137.407 138.187 137.063 137.644 137.605 138.159 137.358 137.617 137.959 137.426 137.646 137.87 137.44 137.076 138.366 137.226 138.166
12.1676 12.2156 12.1691 12.2303 12.2176 12.1829 12.0678 12.1637 11.9666 12.0302 11.8411 11.9751 12.0554 12.0315 12.1634 11.9911 11.9791 12.0193 11.9268 12.2521 11.9646 12.0601 12.021 12.1789 12.528 12.0001 11.9886 12.0564 11.9561 12.1062
5.62648 5.63694 5.63791 5.63807 5.64973 5.63643 5.81018 5.58918 5.79032 5.81319 5.85767 5.80795 5.82424 5.80586 5.83578 5.78634 5.83243 5.85356 5.86079 5.80828 5.83594 5.86309 5.80703 5.8183 5.834 5.81446 5.77753 5.82556 5.81272 5.8251
4.63923 4.63578 4.63491 4.63812 4.63434 4.63575 4.58847 4.28507 4.56972 4.58119 4.63525 4.59456 4.64763 4.57309 4.653 4.56895 4.59097 4.67926 4.62162 4.59191 4.58341 4.62037 4.57434 4.62954 4.59451 4.59255 4.55662 4.66155 4.58184 4.62695
4.47907 4.48154 4.48254 4.48088 4.47642 4.47856 4.52195 4.45093 4.52495 4.53419 4.584 4.53447 4.55839 4.52917 4.55209 4.519 4.53965 4.56877 4.56779 4.50013 4.57727 4.54719 4.52969 4.54236 4.5197 4.54197 4.53641 4.5723 4.51908 4.55453
4.53247 4.53683 4.53573 4.535 4.53559 4.53624 4.55606 4.48738 4.54649 4.5464 4.55193 4.54811 4.54136 4.549 4.55178 4.557 4.54944 4.57759 4.55896 4.57005 4.54415 4.55059 4.54949 4.55686 4.5645 4.55551 4.54973 4.54984 4.55471 4.58223
4.39442 4.39625 4.4092 4.40749 4.38659 4.39639 4.70258 4.50175 4.80689 4.49473 4.5174 4.67706 4.72457 4.71999 4.72524 4.77108 4.37455 4.8265 4.45022 4.76398 4.57914 4.61381 4.66311 4.75647 4.70508 4.69855 4.76009 4.74996 4.74144 4.78733
4.34395 4.34351 4.34175 4.34529 4.34265 4.3426 4.41569 4.35252 4.41593 4.40223 4.41556 4.41823 4.52722 4.41401 4.50177 4.41616 4.39704 4.53703 4.39828 4.51026 4.42888 4.42204 4.41323 4.49216 4.51442 4.42823 4.42853 4.57757 4.44583 4.84374
7.74772 7.72928 7.74837 7.72338 7.72557 7.73755 7.78022 7.67627 7.75888 7.70462 7.67739 7.79814 7.87105 7.83212 7.84822 7.8211 7.67222 7.85668 7.74048 7.91337 7.8327 7.76813 7.81232 7.88271 7.86555 7.81271 7.83797 7.91077 7.7989 8.04859
93.8446 93.8558 93.8603 93.8747 93.7791 93.8306 93.4045 93.5873 93.3203 93.5261 93.1933 93.3956 93.5101 93.3609 93.527 93.4033 93.4069 93.2394 93.2805 93.2501 93.2223 93.3805 93.4141 93.5073 93.402 93.3344 93.3885 93.3648 93.2698 93.4512
75.3357 75.3119 75.2959 75.2993 75.3201 75.32 75.0879 75.2389 75.051 74.9025 74.9844 74.9349 74.9174 75.0267 75.009 75.0548 74.9711 75.0094 74.9614 75.1343 75.5318 74.9831 75.1368 74.9505 75.163 74.9897 75.0815 75.1709 75.0599 74.9491
72.447 72.6277 72.491 72.5512 72.6761 72.6271 72.4201 71.7533 72.1705 72.7516 72.4313 72.5904 72.6474 72.4956 72.4359 72.513 72.5303 72.0985 72.8152 72.9824 72.306 72.2869 72.3427 72.2698 72.2324 72.4893 72.5822 71.9732 72.5931 72.5108
82.3623 82.3945 82.3992 82.3758 82.4414 82.4299 82.7895 82.7967 82.8653 82.9039 82.8856 82.8416 82.7802 82.8641 82.68 82.8255 82.8069 82.7196 82.9502 83.0454 82.9538 82.8234 82.8131 82.6586 82.781 82.8445 82.8185 82.9256 82.8631 82.7334
102.649 102.698 102.662 102.696 102.641 102.712 103.087 102.86 103.083 103.115 102.923 103.111 102.756 103.182 103.032 103.153 103.146 102.974 102.975 102.831 103.222 103.045 103.187 102.998 102.978 103.062 103.216 103.311 103.101 103.094
65.3801 65.389 65.3666 65.3878 65.3841 65.3736 65.0567 65.0733 65.0288 65.0891 65.011 65.0226 65.0179 65.0422 65.0386 65.0438 65.0794 64.9138 65.0516 65.0072 65.1069 65.052 65.0226 65.0785 64.9605 64.9676 65.0846 64.8656 64.9843 65.0933
141.487 141.465 141.457 141.485 141.509 141.468 141.623 141.529 141.487 141.572 141.442 141.557 141.805 141.553 141.745 141.537 141.588 141.877 141.496 141.919 141.617 141.581 141.468 141.666 141.715 141.583 141.475 142.151 141.662 141.743
5.53777 5.53907 5.53748 5.53649 5.53381 5.53865 5.49996 5.52731 5.49803 5.49209 5.50556 5.49719 5.50293 5.49702 5.49846 5.49723 5.49316 5.50869 5.51137 5.49853 5.50818 5.51344 5.50318 5.49805 5.51614 5.50535 5.49158 5.49175 5.50279 5.49703
4.41688 4.4252 4.42029 4.42067 4.41868 4.42187 4.41509 4.2391 4.42625 4.40807 4.40862 4.40344 4.39772 4.40741 4.4051 4.42314 4.40679 4.39911 4.40939 4.4209 4.39257 4.41699 4.40982 4.40249 4.43247 4.41615 4.40361 4.42257 4.41138 4.39699
13.8223 13.7556 13.8332 13.7693 13.7024 13.718 13.4547 13.6405 13.4303 13.4168 13.5067 13.4544 13.5061 13.4001 13.4775 13.342 13.3792 13.7339 13.4737 13.3982 13.4236 13.489 13.3144 13.4923 13.5319 13.4523 13.4007 13.599 13.4557 13.5507
4.48275 4.48176 4.48468 4.48144 4.48101 4.48246 4.5915 4.48583 4.59367 4.57927 4.58783 4.58409 4.59198 4.58319 4.59403 4.5838 4.58251 4.6074 4.58487 4.58103 4.56965 4.5948 4.58518 4.59543 4.58451 4.58745 4.57446 4.57066 4.58314 4.5871
4.43855 4.43829 4.43628 4.43892 4.44174 4.43903 4.45414 4.41504 4.4372 4.42372 4.46296 4.45514 4.45302 4.44392 4.45497 4.45011 4.45154 4.46362 4.4598 4.45142 4.45568 4.45721 4.45196 4.45491 4.4503 4.4533 4.44302 4.45065 4.46092 4.45579
4.95845 4.96307 4.96771 4.95744 4.96423 4.96899 5.05657 5.09741 4.99508 5.15831 4.9709 5.04095 5.15465 5.11865 5.1388 5.08069 5.09636 4.83949 4.96728 5.13367 5.1294 5.06217 5.09167 5.09381 5.1081 5.03015 5.1113 5.12092 4.98196 5.03253
4.44359 4.4405 4.4391 4.443 4.44586 4.44357 4.62578 4.41635 4.61187 4.61663 4.64067 4.61802 4.62791 4.61215 4.65448 4.61162 4.61392 4.69568 4.62035 4.64641 4.65385 4.62204 4.60706 4.63198 4.60786 4.62345 4.59917 4.52559 4.65024 4.63315
4.33395 4.33069 4.33084 4.33548 4.33216 4.33267 4.41496 4.31189 4.41667 4.4116 4.39759 4.4055 4.42817 4.40743 4.41885 4.41537 4.41642 4.39231 4.39725 4.41587 4.36849 4.40851 4.41568 4.42208 4.39589 4.41013 4.41408 4.39676 4.39568 4.40434
7.67415 7.66645 7.67342 7.67357 7.65371 7.66126 7.6859 7.68327 7.68423 7.68829 7.61872 7.67472 7.72491 7.69466 7.70767 7.6838 7.68998 7.61894 7.62454 7.7186 7.64506 7.68578 7.68663 7.70437 7.72036 7.67167 7.68839 7.73908 7.66196 7.67435
92.9082 92.9432 92.9109 92.9463 92.9106 92.9362 92.5476 92.8049 92.5435 92.6808 92.619 92.6508 92.7507 92.5394 92.7177 92.623 92.6572 92.5472 92.6825 92.5715 92.4141 92.7855 92.5113 92.7482 92.4835 92.6219 92.6436 92.463 92.6077 92.7619
75.7679 75.7734 75.7693 75.7604 75.7485 75.7738 75.6493 75.4298 75.7207 75.5457 75.5992 75.5707 75.5334 75.7104 75.5101 75.5489 75.5664 75.787 75.5275 75.5207 75.7015 75.5354 75.6993 75.5355 76.0437 75.5594 75.5848 76.0075 75.5476 75.5462
72.2893 72.2519 72.2578 72.3285 72.2971 72.2195 72.6773 72.7149 72.6574 72.6717 72.6531 72.6719 72.6262 72.6931 72.5029 72.3396 72.7504 72.7062 72.4945 72.3398 72.56 72.2323 72.551 72.545 71.0794 72.9602 72.5937 71.7843 72.9732 72.5736
82.6532 82.6378 82.6415 82.6898 82.6571 82.6348 82.9897 83.1188 82.944 82.8927 82.9348 82.9492 82.9218 82.9938 82.8948 82.774 82.9404 82.9931 82.8401 82.9541 83.0173 82.692 82.9553 82.847 82.8614 83.0071 82.9325 82.8963 83.0263 82.8189
103.358 103.396 103.354 103.417 103.375 103.407 103.528 103.809 103.601 103.547 103.573 103.545 103.676 103.554 103.63 103.528 103.624 103.32 103.489 103.686 103.593 103.651 103.615 103.693 103.684 103.533 103.673 103.738 103.5 103.522
65.7009 65.7537 65.7307 65.7268 65.6893 65.7274 65.2234 65.0893 65.3615 65.3332 65.3644 65.3091 65.4309 65.2606 65.268 65.2351 65.3072 65.1713 65.242 65.2209 64.7576 65.3357 65.2085 65.4246 64.8753 65.2268 65.3553 64.9334 65.1518 65.3908
141.954 141.924 141.933 141.939 141.963 141.915 142.162 142.18 142.144 142.073 142.054 142.06 142.049 142.073 142.053 142.091 142.103 142.082 142.107 142.111 142.215 142.088 142.072 142.018 142.478 142.206 141.997 142.834 142.215 142.075
5.51202 5.5129 5.5087 5.51055 5.51786 5.51664 5.48665 5.53685 5.4951 5.48297 5.48019 5.48182 5.47803 5.48605 5.48145 5.48715 5.48731 5.46237 5.48786 5.50659 5.5062 5.48993 5.49812 5.48334 5.50913 5.49054 5.4921 5.4871 5.48879 5.48661
4.40088 4.40333 4.40323 4.40534 4.4025 4.39779 4.49029 4.22789 4.47726 4.4749 4.47853 4.47726 4.47369 4.46336 4.4742 4.48382 4.46884 4.40288 4.47607 4.45991 4.45728 4.46979 4.47765 4.47207 4.35221 4.46285 4.47342 4.36797 4.46567 4.47574
13.1059 13.0338 13.223 13.0527 13.1072 12.9693 12.7899 12.6984 12.683 12.7305 12.7455 12.6986 12.6067 12.766 12.7665 12.6857 12.7067 13.1064 12.6314 12.5984 12.7824 12.5512 12.6801 12.7593 12.6196 12.7306 12.734 12.9718 12.7504 12.6139
4.57973 4.58001 4.57599 4.57836 4.57969 4.58184 4.66353 4.58293 4.65948 4.65803 4.6521 4.65677 4.66054 4.65973 4.65554 4.66346 4.65252 4.668 4.65176 4.65789 4.66332 4.65656 4.66713 4.65657 4.68865 4.65893 4.64957 4.64594 4.65587 4.65591
4.40063 4.40015 4.39759 4.39908 4.40079 4.40058 4.42582 4.38132 4.43719 4.42977 4.42299 4.43027 4.42288 4.41936 4.42697 4.46377 4.42792 4.42035 4.46254 4.42138 4.42739 4.46362 4.42289 4.42563 4.41605 4.43503 4.41754 4.42978 4.43376 4.43177
5.47912 5.48625 5.48887 5.4807 5.49166 5.48274 5.55444 5.53868 5.50764 5.54998 5.53582 5.53442 5.51881 5.55401 5.55391 5.55673 5.54907 5.48047 5.5491 5.555 5.57409 5.53471 5.53247 5.54723 5.54661 5.5436 5.52132 5.52671 5.55394 5.52603
4.37747 4.39217 4.38524 4.38858 4.37766 4.38159 4.50594 4.19224 4.56675 4.53307 4.55442 4.53599 4.55143 4.52652 4.51466 4.53853 4.54006 4.53071 4.52842 4.54325 4.36067 4.55241 4.51559 4.56347 4.42102 4.52305 4.54642 4.39586 4.50625 4.54984
4.27612 4.27445 4.27293 4.2753 4.27516 4.27394 4.35175 4.26628 4.35408 4.35907 4.35676 4.35279 4.36487 4.34767 4.357 4.35534 4.35822 4.35157 4.35492 4.36709 4.34987 4.35889 4.35645 4.3619 4.34095 4.35195 4.35812 4.32285 4.35111 4.36025
7.86375 7.86264 7.86556 7.85959 7.86435 7.85924 7.90309 7.94573 7.8903 7.90828 7.89706 7.8977 7.88764 7.89283 7.9056 7.91156 7.90744 7.8594 7.9101 7.90265 7.91783 7.92084 7.89635 7.91016 7.85592 7.90755 7.89168 7.84314 7.91156 7.90885
92.3943 92.3837 92.3732 92.3877 92.4082 92.4024 92.183 92.4486 92.2162 92.2369 92.1452 92.2587 92.201 92.0834 92.2769 92.2329 92.202 91.7536 92.2418 92.2874 92.1292 92.353 92.1595 92.2303 91.6871 92.1568 92.2283 91.5359 92.1883 92.3761
153.617 153.641 153.609 153.661 153.633 153.639 153.53 153.772 153.627 153.594 153.599 153.525 153.567 153.656 153.567 153.616 153.611 153.81 153.62 153.673 153.602 153.623 153.548 153.621 153.901 153.534 153.697 153.747 153.59 153.834
75.6282 75.6195 75.622 75.6321 75.6188 75.6038 75.5885 75.4219 75.6669 75.6176 75.6857 75.5773 75.5631 75.5794 75.5001 75.5414 75.5804 75.8228 75.5646 75.5116 75.5852 75.497 75.5979 75.6276 75.6597 75.5576 75.5397 75.6494 75.6496 75.6938
73.4033 73.3632 73.3362 73.396 73.4433 73.3741 73.6131 73.8406 73.3566 73.2909 73.4097 73.3237 73.2761 73.4447 73.4926 73.3794 73.3853 73.2635 73.3389 73.5894 73.3748 73.5456 73.4278 73.2898 73.1482 73.5367 73.4883 73.6934 73.2767 73.1706
82.6428 82.6303 82.6654 82.651 82.6317 82.5942 82.9191 82.5849 82.8423 82.744 82.7719 82.7973 82.7019 82.8518 82.785 82.7673 82.7566 83.1052 82.7111 82.8386 82.8136 82.6891 82.8362 82.7105 83.1722 82.8327 82.7051 83.2509 82.7675 82.653
66.0342 66.0626 66.023 66.0607 66.0833 66.0786 65.934 66.1189 65.8359 65.9926 66.0029 66.0295 66.0784 65.7991 66.0775 66.0592 66.0251 65.1767 66.1321 65.956 65.7922 66.2314 65.9334 66.0223 65.1018 66.0054 66.1103 65.2027 66.0016 66.078
139.665 139.654 139.721 139.623 139.693 139.641 140.383 139.976 140.311 140.115 140.376 140.187 140.023 140.208 140.004 140.087 140.158 140.534 140.033 140.363 140.187 139.963 140.252 140.146 139.439 140.15 140.183 140.099 140.198 139.959
5.88022 5.88053 5.88851 5.88574 5.88039 5.87787 6.38986 5.87794 6.38284 6.37029 6.37271 6.36627 6.36991 6.38348 6.37119 6.37606 6.36895 6.42487 6.3706 6.38158 6.37583 6.37436 6.38165 6.36653 6.45228 6.38087 6.37798 6.4476 6.37622 6.39008
7.06436 7.09101 7.01356 7.10637 7.10089 7.0887 6.90419 7.52692 6.83663 6.92626 6.85763 6.82222 6.83877 6.93916 6.87877 6.91145 6.85638 7.04934 6.84359 6.87828 6.83994 6.76325 6.88491 6.88962 6.85054 6.86187 6.7923 6.92164 6.89 6.9786
4.51438 4.51023 4.51673 4.50917 4.52226 4.51466 4.60829 4.1865 4.62322 4.63299 4.64836 4.63982 4.64214 4.63265 4.62351 4.63484 4.64418 4.63598 4.64348 4.59781 4.63617 4.63736 4.63938 4.6527 4.54374 4.63395 4.65649 4.5997 4.64039 4.62077
4.62148 4.61733 4.61742 4.61829 4.61953 4.61885 4.81203 4.64159 4.79485 4.82038 4.82065 4.81011 4.81585 4.8119 4.81923 4.81895 4.82318 4.80786 4.81737 4.78827 4.80275 4.80964 4.8119 4.82581 4.73054 4.82458 4.81503 4.78465 4.81577 4.82986
4.50788 4.50769 4.50818 4.50811 4.50661 4.50795 4.6157 4.49707 4.6083 4.61272 4.61164 4.60647 4.60819 4.61612 4.6144 4.61511 4.61312 4.60688 4.60998 4.61063 4.611 4.60613 4.61127 4.61092 4.61923 4.61101 4.60493 4.60879 4.6149 4.6189
4.41085 4.4136 4.41206 4.40656 4.42116 4.42179 4.67503 4.50987 4.64745 4.71331 4.69881 4.72097 4.75594 4.64474 4.71776 4.74705 4.70115 4.47277 4.72913 4.67568 4.63958 4.71523 4.66785 4.7052 4.40291 4.67843 4.70318 4.43267 4.68791 4.70748
4.30218 4.30386 4.30091 4.30132 4.30595 4.30326 4.48057 4.27227 4.48715 4.48885 4.48406 4.48761 4.48961 4.48209 4.48667 4.48584 4.48642 4.48053 4.48789 4.49502 4.48806 4.4924 4.48401 4.48982 4.50097 4.48075 4.49066 4.47991 4.48414 4.4937
8.1773 8.17586 8.17247 8.16784 8.18098 8.18029 8.12075 8.25381 8.09432 8.09448 8.11455 8.10577 8.10084 8.10045 8.1262 8.11601 8.09229 8.10145 8.10395 8.20882 8.10254 8.12257 8.11033 8.08996 8.08275 8.08779 8.11405 8.03006 8.08114 8.08335
93.7925 93.783 93.7785 93.7884 93.8008 93.7947 93.565 93.8314 93.5695 93.5029 93.5458 93.5623 93.4637 93.5101 93.5489 93.496 93.589 93.6033 93.4906 93.6343 93.5237 93.4833 93.5517 93.546 93.312 93.481 93.4586 93.4382 93.5443 93.4741
75.7341 75.7266 75.771 75.724 75.7468 75.7175 75.6943 75.6109 75.5485 75.5787 75.8068 75.6633 75.6522 75.6134 75.5393 75.5981 75.5393 75.5812 75.6303 75.4898 75.5781 75.6965 75.5887 75.5651 75.5364 75.6526 75.7021 75.5774 75.6014 75.5909
71.6747 71.6582 71.7871 71.5987 71.6723 71.6509 71.9257 72.1532 71.9486 71.9088 72.1675 72.0041 71.9175 72.0316 71.9547 72.0511 71.9175 71.7698 71.921 71.8514 71.9901 71.8927 71.886 71.9738 72.1894 71.95 72.04 71.9481 71.9251 71.9773
82.3246 82.3282 82.3313 82.3336 82.3097 82.3088 82.4451 82.2638 82.2621 82.4394 82.2836 82.3545 82.4687 82.4463 82.4831 82.4681 82.3829 82.3429 82.434 82.3008 82.3792 82.4272 82.3533 82.3473 82.5375 82.4882 82.4478 82.4747 82.3781 82.4389
97.4798 97.3681 97.4388 97.3641 97.3817 97.4063 96.8615 97.654 96.9212 96.4433 97.3292 96.6613 96.6097 96.7048 96.5774 96.5724 96.8956 96.5098 96.6103 96.7907 96.7971 98.3907 96.7293 96.8069 96.8174 96.6052 98.3893 96.7146 96.6269 96.6778
65.1461 65.1327 65.1748 65.126 65.1699 65.144 65.0945 64.9938 65.2044 65.2095 65.0403 65.246 65.1846 65.1671 65.1871 65.175 65.1457 65.2527 65.1796 65.2418 65.1623 65.0776 65.1654 65.1785 64.589 65.1331 65.0498 65.0527 65.2356 64.9597
140.501 140.502 140.567 140.486 140.513 140.489 140.647 140.579 140.748 140.831 140.823 140.779 140.794 140.776 140.728 140.813 140.76 140.879 140.763 140.67 140.757 141.187 140.621 140.839 140.867 140.805 141.333 140.797 140.826 140.72
5.4544 5.45282 5.45214 5.45342 5.4494 5.4505 5.49859 5.45855 5.47242 5.47689 5.4959 5.4726 5.49116 5.48629 5.48416 5.48004 5.487 5.46892 5.48432 5.48326 5.49027 5.47804 5.47921 5.47503 5.4773 5.49055 5.48284 5.49282 5.47486 5.46814
4.33361 4.3331 4.32753 4.33284 4.33534 4.33844 4.36675 4.13117 4.37538 4.36749 4.33348 4.35491 4.397 4.37095 4.37508 4.37767 4.41007 4.37796 4.38447 4.38747 4.38549 4.38136 4.3949 4.38118 4.40223 4.37948 4.39634 4.39373 4.37463 4.38772
4.34285 4.34395 4.34448 4.34268 4.34376 4.34403 4.39899 4.36487 4.38468 4.40019 4.38976 4.38922 4.38504 4.39163 4.3921 4.39403 4.37626 4.38383 4.3824 4.38758 4.38934 4.39267 4.38146 4.38364 4.41097 4.38878 4.38688 4.39029 4.3826 4.38663
4.37336 4.37363 4.37367 4.37551 4.37355 4.37188 4.39343 4.33283 4.3795 4.38201 4.39789 4.38425 4.39083 4.38452 4.38534 4.38289 4.38321 4.39386 4.38861 4.384 4.38413 4.36686 4.39058 4.38733 4.39256 4.39136 4.36856 4.38757 4.38737 4.3874
5.04644 5.03622 5.03952 5.03415 5.04511 5.0454 5.07669 5.28345 5.18372 5.14581 5.19481 5.16001 5.09345 5.13273 5.12124 5.1133 5.12254 5.19663 5.13343 5.10183 5.11961 5.24377 5.08696 5.15768 5.15974 5.07227 5.25372 5.1504 5.15135 5.18773
4.30673 4.31393 4.31743 4.31525 4.29606 4.30735 4.36772 4.34192 4.31102 4.33644 4.41331 4.3345 4.38998 4.40657 4.39481 4.41365 4.38944 4.3055 4.38365 4.34114 4.388 4.64056 4.36096 4.37111 4.74477 4.40099 4.60779 4.48387 4.31639 4.55014
4.18385 4.18928 4.18288 4.18351 4.18078 4.18336 4.50704 4.16022 4.5028 4.50738 4.49151 4.50232 4.50059 4.49646 4.50172 4.49636 4.50085 4.50591 4.50277 4.5126 4.5007 4.5383 4.50205 4.49555 4.52528 4.50124 4.52338 4.49927 4.50394 4.49803
7.49452 7.49772 7.47896 7.50501 7.49438 7.49795 7.39532 7.47026 7.40816 7.44519 7.43084 7.41409 7.43081 7.43647 7.4426 7.427 7.43288 7.43572 7.43903 7.39593 7.428 7.48159 7.39173 7.43216 7.52313 7.43372 7.50253 7.45813 7.43566 7.41493
93.2496 93.2612 93.2652 93.273 93.2838 93.2742 93.2719 93.4288 93.114 93.1899 93.1427 93.1455 93.2324 93.2108 93.2079 93.154 93.261 93.3924 93.1394 93.2374 93.2175 93.0765 93.3257 93.1988 93.1962 93.1927 93.2206 93.2391 93.1844 93.2093
76.983 76.9915 77.0131 76.9799 76.9814 76.9899 77.0234 76.9964 77.0076 77.0084 77.026 77.0046 77.0343 77.023 76.9737 77.0091 77.0086 76.9969 77.1065 77.0282 77.0026 76.9934 77.0038 77.0211 76.9867 77.0081 77.0848 77.0537 77.0395 77.0202
70.0904 70.0792 70.1019 70.0355 70.0367 70.0558 69.363 69.6437 69.7271 69.5797 69.3983 69.6945 69.6335 69.6274 69.6621 69.7184 69.3866 69.3926 69.582 69.4876 69.5828 69.4565 69.5 69.5429 69.3814 69.591 69.4088 69.5991 69.4464 69.463
82.1839 82.1736 82.1343 82.1847 82.1657 82.1748 81.9726 81.9589 82.1485 82.1053 82.1052 82.0965 82.0133 82.0458 82.0961 82.0809 82.0644 81.8994 82.0716 82.0981 82.0604 82.1634 81.8444 82.0735 82.0487 82.0678 82.0149 82.0378 82.0755 82.028
98.7662 98.7055 98.7564 98.5788 98.7024 98.7604 98.0092 98.8576 98.3964 97.9438 98.5964 98.2816 98.0902 98.1857 98.0115 98.2873 99.2716 97.5476 98.0634 97.8899 98.1555 98.4467 97.9761 98.1158 97.7368 98.0616 98.1093 97.9705 97.9686 97.9408
64.7012 64.6941 64.7478 64.6919 64.7213 64.7026 64.7417 64.6796 64.764 64.8211 64.6754 64.7355 64.749 64.7821 64.8144 64.7486 64.7493 64.8729 64.7771 64.8587 64.7487 64.6114 64.8077 64.7648 64.791 64.7857 64.7005 64.8097 64.7946 64.7501
141.604 141.612 141.652 141.591 141.614 141.59 141.64 141.43 141.792 141.775 141.645 141.762 141.741 141.681 141.705 141.741 142.077 141.694 141.746 141.729 141.713 141.764 141.657 141.708 141.661 141.716 141.849 141.769 141.675 141.694
5.61727 5.61631 5.62035 5.61286 5.61467 5.61473 5.65869 5.60891 5.66211 5.6485 5.66914 5.6637 5.65921 5.64781 5.64433 5.65521 5.6457 5.65888 5.65996 5.65517 5.65889 5.67401 5.65847 5.65638 5.6506 5.65297 5.67925 5.65732 5.65176 5.66141
4.15981 4.16026 4.1488 4.1676 4.16111 4.1586 4.18768 4.1161 4.18305 4.17342 4.1742 4.18795 4.18363 4.16511 4.17126 4.17486 4.2794 4.18856 4.18241 4.18558 4.19018 4.20868 4.18169 4.18222 4.20201 4.17804 4.22052 4.18857 4.18209 4.19384
4.32358 4.32486 4.32661 4.3231 4.32585 4.32495 4.32176 4.30916 4.32494 4.32012 4.32491 4.32609 4.31588 4.31809 4.31932 4.32102 4.29339 4.32645 4.31754 4.32209 4.32059 4.33121 4.32201 4.32056 4.32064 4.3215 4.32705 4.31923 4.31971 4.32249
4.33029 4.33071 4.3318 4.32889 4.32947 4.33005 4.38861 4.325 4.38362 4.38048 4.3932 4.38472 4.38492 4.38468 4.37846 4.38346 4.35255 4.38482 4.38564 4.38494 4.38577 4.37938 4.38892 4.38577 4.39361 4.38445 4.3849 4.3838 4.38854 4.38554
5.52768 5.5196 5.52856 5.51387 5.51653 5.52198 5.47347 5.56144 5.47417 5.45851 5.49203 5.45191 5.46849 5.48467 5.46921 5.47403 5.50538 5.44536 5.46368 5.456 5.45677 5.5006 5.45204 5.46289 5.44806 5.46541 5.49139 5.47129 5.45751 5.4427
4.33915 4.33491 4.30334 4.34217 4.32228 4.33797 4.38966 4.36683 4.43735 4.37438 4.41969 4.40849 4.41335 4.41046 4.41369 4.40959 4.50487 4.36588 4.4161 4.42955 4.43209 4.57638 4.36673 4.42623 4.42846 4.39188 4.47197 4.43052 4.40764 4.42796
4.18147 4.17184 4.18161 4.17528 4.18023 4.17535 4.52053 4.15464 4.50899 4.51977 4.53821 4.5163 4.50661 4.51586 4.50757 4.50993 4.52284 4.52987 4.50813 4.5162 4.50891 4.53222 4.51902 4.51105 4.51945 4.51188 4.51959 4.50714 4.51694 4.51626
7.71192 7.71376 7.71103 7.71799 7.71094 7.71158 7.72652 7.68853 7.72734 7.73312 7.73134 7.72739 7.72788 7.72245 7.72043 7.72468 7.74087 7.73934 7.72863 7.72814 7.72381 7.75841 7.72832 7.72587 7.72614 7.72791 7.75306 7.73017 7.72669 7.72377
