138.624 138.624 138.592 138.592 138.708 138.708 138.608 138.608 138.375 138.375 138.579 138.579 138.292 138.292 138.651 138.651 138.543 138.543 137.809 137.809 138.484 138.484 138.347 138.347 137.664 137.664 138.267 138.267 138.487 138.487
138.663 138.663 138.316 138.316 138.637 138.637 139.083 139.083 139.436 139.436 139.488 139.488 139.397 139.397 138.927 138.927 139.329 139.329 138.84 138.84 138.596 138.596 139.423 139.423 138.851 138.851 138.907 138.907 138.919 138.919
12.514 12.514 12.5301 12.5301 12.4711 12.4711 12.2613 12.2613 12.5733 12.5733 12.5913 12.5913 12.416 12.416 12.4031 12.4031 12.5321 12.5321 12.5583 12.5583 12.6498 12.6498 12.4594 12.4594 12.6545 12.6545 12.3826 12.3826 12.082 12.082
12.3926 12.3926 12.4173 12.4173 12.3955 12.3955 12.439 12.439 12.3979 12.3979 12.4082 12.4082 12.4176 12.4176 12.4148 12.4148 12.3864 12.3864 12.4761 12.4761 12.4334 12.4334 12.4466 12.4466 12.606 12.606 12.4096 12.4096 12.4314 12.4314
5.7156 5.70702 5.71297 5.7074 5.71073 5.70001 5.69663 5.72424 5.69196 5.70284 5.70296 5.71091 5.8777 5.714 5.91444 5.91287 5.92048 5.89635 5.89893 5.90454 5.9099 5.90706 5.89949 5.90412 5.87397 5.9073 5.89479 5.92428 5.88941 5.89439
4.69424 4.7107 4.70469 4.69415 4.66903 4.2873 4.44577 4.48893 4.28717 4.33045 4.348 4.29126 4.83194 4.47712 4.72956 4.61966 4.7383 4.70648 4.66415 4.71706 4.75337 4.74433 4.70578 4.71592 4.73988 4.57625 4.76458 4.59229 4.71455 4.73705
4.55914 4.55755 4.56584 4.5537 4.55574 4.5297 4.48646 4.48796 4.5172 4.5059 4.51185 4.59572 4.62313 4.43892 4.60915 4.56255 4.57916 4.61315 4.64262 4.67802 4.68359 4.67965 4.62191 4.63015 4.65278 4.61853 4.67301 4.66092 4.63051 4.60341
4.49385 4.4983 4.49365 4.49562 4.49625 4.47252 4.45193 4.43591 4.46171 4.48889 4.46992 4.46391 4.54542 4.52703 4.52564 4.5303 4.53445 4.54088 4.51541 4.52143 4.51319 4.51587 4.5285 4.52714 4.53591 4.52094 4.53114 4.53236 4.52685 4.55315
4.30239 4.31315 4.30613 4.30431 4.3057 4.27732 4.27742 4.25899 4.28005 4.29021 4.28219 4.27977 4.73088 4.29313 4.7307 4.71164 4.7125 4.73126 4.7319 4.71382 4.73002 4.73185 4.72402 4.72557 4.72158 4.7148 4.73779 4.72732 4.7266 4.73759
4.25535 4.25535 4.2385 4.2385 4.25206 4.25206 4.24137 4.24137 4.25787 4.25787 4.22628 4.22628 4.29308 4.29308 4.22843 4.22843 4.23978 4.23978 4.26588 4.26588 4.30294 4.30294 4.24099 4.24099 4.35296 4.35296 4.2755 4.2755 4.32441 4.32441
4.31412 4.31412 4.32436 4.32436 4.32254 4.32254 4.3129 4.3129 4.30541 4.30541 4.30784 4.30784 4.31082 4.31082 4.3147 4.3147 4.30681 4.30681 4.31696 4.31696 4.31648 4.31648 4.30677 4.30677 4.35433 4.35433 4.3126 4.3126 4.32018 4.32018
7.94957 7.94957 7.9662 7.9662 7.94107 7.94107 7.97169 7.97169 7.93188 7.93188 8.00195 8.00195 7.88482 7.88482 7.91253 7.91253 7.94702 7.94702 7.92786 7.92786 7.83715 7.83715 7.97726 7.97726 8.1854 8.1854 7.83991 7.83991 8.08507 8.08507
7.9136 7.9136 7.96008 7.96008 8.14111 8.14111 8.10303 8.10303 8.09172 8.09172 8.02871 8.02871 8.05046 8.05046 8.00988 8.00988 8.03153 8.03153 8.0139 8.0139 7.96139 7.96139 8.06078 8.06078 8.07719 8.07719 8.05889 8.05889 8.02205 8.02205
146.798 146.798 146.692 146.692 146.672 146.672 146.314 146.314 146.901 146.901 145.994 145.994 145.296 145.296 145.892 145.892 146.336 146.336 144.911 144.911 144.814 144.814 145.449 145.449 147.404 147.404 145.884 145.884 145.547 145.547
144.888 144.888 145.758 145.758 145.411 145.411 145.108 145.108 145.088 145.088 144.883 144.883 145.053 145.053 145.236 145.236 144.585 144.585 147.395 147.395 145.874 145.874 145.248 145.248 146.565 146.565 145.395 145.395 145.305 145.305
13.1609 13.0568 13.092 12.9872 12.9926 13.2896 13.3029 13.3608 13.2597 13.1512 13.1041 13.0043 11.2248 13.2263 13.0954 13.0932 13.1244 13.0451 13.1481 13.0079 13.0754 13.0384 13.0945 13.0963 11.0467 12.8598 13.1668 13.0105 13.0793 13.0504
5.69413 5.69413 5.69662 5.69662 5.69931 5.69931 5.69634 5.69634 5.69008 5.69008 5.70952 5.70952 5.67451 5.67451 5.68539 5.68539 5.67264 5.67264 5.67645 5.67645 5.67291 5.67291 5.72611 5.72611 5.8375 5.8375 5.72682 5.72682 5.88265 5.88265
5.88241 5.88241 5.86975 5.86975 5.86512 5.86512 5.9221 5.9221 5.95066 5.95066 5.87373 5.87373 5.87669 5.87669 5.85877 5.85877 5.89069 5.89069 5.88158 5.88158 5.86325 5.86325 5.85659 5.85659 5.68775 5.68775 5.85474 5.85474 5.8732 5.8732
4.5959 4.5959 4.58263 4.58263 4.58844 4.58844 4.5882 4.5882 4.58656 4.58656 4.365 4.365 4.27454 4.27454 4.27751 4.27751 4.35147 4.35147 4.30989 4.30989 4.28706 4.28706 4.27952 4.27952 4.57385 4.57385 4.26177 4.26177 4.57798 4.57798
4.57983 4.57983 4.57866 4.57866 4.58852 4.58852 4.72045 4.72045 4.71006 4.71006 4.60209 4.60209 4.59618 4.59618 4.58346 4.58346 4.60851 4.60851 4.54405 4.54405 4.53236 4.53236 4.60316 4.60316 4.64013 4.64013 4.58502 4.58502 4.60927 4.60927
4.54076 4.54076 4.54803 4.54803 4.5443 4.5443 4.54074 4.54074 4.54026 4.54026 4.48675 4.48675 4.45925 4.45925 4.46158 4.46158 4.48465 4.48465 4.45571 4.45571 4.45992 4.45992 4.54778 4.54778 4.5164 4.5164 4.49771 4.49771 4.54877 4.54877
4.53545 4.53545 4.52367 4.52367 4.55903 4.55903 4.59358 4.59358 4.59309 4.59309 4.55853 4.55853 4.55947 4.55947 4.55479 4.55479 4.56896 4.56896 4.578 4.578 4.54874 4.54874 4.56008 4.56008 4.57156 4.57156 4.5523 4.5523 4.55338 4.55338
4.52472 4.52472 4.52835 4.52835 4.52678 4.52678 4.52715 4.52715 4.52471 4.52471 4.46758 4.46758 4.49135 4.49135 4.45362 4.45362 4.49613 4.49613 4.45488 4.45488 4.45591 4.45591 4.49718 4.49718 4.58575 4.58575 4.46256 4.46256 4.52227 4.52227
4.54761 4.54761 4.51981 4.51981 4.54121 4.54121 4.54089 4.54089 4.55431 4.55431 4.5459 4.5459 4.54539 4.54539 4.54575 4.54575 4.5191 4.5191 4.56909 4.56909 4.54696 4.54696 4.55252 4.55252 4.61386 4.61386 4.54006 4.54006 4.56193 4.56193
4.47549 4.47549 4.48202 4.48202 4.4813 4.4813 4.47204 4.47204 4.46462 4.46462 4.43008 4.43008 4.38277 4.38277 4.42171 4.42171 4.4081 4.4081 4.37683 4.37683 4.37455 4.37455 4.42692 4.42692 5.05958 5.05958 4.43888 4.43888 4.70055 4.70055
4.71688 4.71688 4.69335 4.69335 4.70984 4.70984 4.74644 4.74644 4.73605 4.73605 4.74354 4.74354 4.74613 4.74613 4.70503 4.70503 4.73307 4.73307 4.75152 4.75152 4.75922 4.75922 4.75577 4.75577 4.81158 4.81158 4.70561 4.70561 4.76597 4.76597
4.32762 4.3291 4.32428 4.32262 4.32378 4.24817 4.32586 4.3124 4.2472 4.32226 4.28969 4.37152 4.71666 4.23133 4.40344 4.60885 4.39931 4.39524 4.44189 4.42735 4.38386 4.38381 4.39597 4.38224 4.40406 4.44 4.39533 4.4363 4.37551 4.37527
7.53903 7.6104 7.54849 7.59239 7.53998 7.34705 7.47894 7.47562 7.42106 7.44539 7.43429 7.33103 8.30681 7.43812 7.52601 7.85243 7.50468 7.50151 7.59746 7.48055 7.48217 7.49381 7.50864 7.45729 7.56735 7.7353 7.58508 7.83497 7.5042 7.42153
147.748 147.865 147.748 147.632 147.481 148.405 147.826 148.853 147.441 147.576 147.881 148.681 145.4 148.75 147.666 147.317 147.369 147.928 147.63 146.54 147.853 147.959 147.827 147.57 147.32 147.598 147.1 147.072 147.929 147.978
103.252 103.067 103.021 103.137 103.078 103.774 103.738 103.535 103.253 103.468 103.69 103.395 103.802 103.274 103.096 103.499 103.03 103.039 103.089 102.99 102.901 103.083 103.03 102.967 103.235 103.056 102.927 102.937 102.888 102.993
141.521 141.475 141.474 141.5 141.532 141.836 141.455 141.545 141.375 141.544 141.478 141.262 141.432 141.795 141.586 141.816 141.406 141.543 141.988 142.572 141.475 141.581 141.521 141.496 142.059 142.257 141.488 141.624 141.433 141.591
5.54928 5.54525 5.54157 5.54283 5.54378 5.59555 5.52919 5.53732 5.56532 5.5732 5.56026 5.5831 5.54991 5.56232 5.55841 5.56143 5.56055 5.55643 5.58941 5.64425 5.56724 5.55806 5.55685 5.58481 5.55393 5.58516 5.59599 5.56531 5.53601 5.56868
4.41846 4.4142 4.4172 4.42287 4.41831 4.40647 4.34771 4.34094 4.35218 4.36419 4.34184 4.37059 4.41932 4.35307 4.37636 4.39674 4.41082 4.40457 4.41886 4.44518 4.40442 4.40742 4.39613 4.37156 4.39483 4.45481 4.38558 4.34554 4.38148 4.36643
14.2722 14.2396 14.0848 13.9504 13.9617 13.8396 13.6435 13.8473 13.9657 13.9128 13.6442 13.4785 13.7935 14.1028 13.9287 13.8114 13.7866 13.8662 13.999 13.856 13.8911 13.8334 13.8749 13.9006 14.2791 13.9891 13.9328 14.008 13.884 13.8938
4.50078 4.49671 4.49961 4.50114 4.4954 4.48029 4.45294 4.43124 4.4481 4.41661 4.48076 4.5001 4.5658 4.51307 4.59146 4.5755 4.60362 4.61135 4.62718 4.62998 4.61381 4.61136 4.60971 4.59286 4.56968 4.5509 4.62848 4.62984 4.60495 4.61766
4.42429 4.42137 4.42248 4.42169 4.4214 4.42884 4.36119 4.39719 4.43166 4.57104 4.44643 4.43419 4.41895 4.41095 4.46484 4.42137 4.43175 4.46057 4.46623 4.51221 4.46157 4.45824 4.46619 4.46039 4.50674 4.49102 4.47282 4.47611 4.46574 4.48607
5.12104 5.04308 5.02958 5.06185 5.07641 5.22545 5.28401 5.36214 5.22356 5.21351 5.17704 5.16682 5.28657 5.14152 5.04989 5.22505 5.04818 5.02417 5.07357 5.19682 5.06025 5.08184 5.05272 5.09419 5.29698 5.1614 5.13006 4.97472 5.01269 4.99518
4.36696 4.37222 4.37566 4.37365 4.36526 4.34532 4.31547 4.29964 4.31465 4.30753 4.34282 4.37312 4.5835 4.43676 4.57032 4.60777 4.57087 4.57313 4.65552 4.45539 4.57996 4.5822 4.56256 4.57013 4.62981 4.64783 4.57399 4.62468 4.54607 4.59065
4.29388 4.28883 4.28483 4.28409 4.28916 4.25782 4.25394 4.28745 4.25987 4.27343 4.27452 4.29552 4.36059 4.23854 4.38587 4.33829 4.38654 4.38729 4.3818 4.37234 4.40009 4.39525 4.38745 4.40084 4.2875 4.37522 4.42602 4.38262 4.33742 4.39215
7.82127 7.77216 7.8091 7.8102 7.80029 7.70524 7.72348 7.79257 7.71671 7.73396 7.7185 7.67482 7.71985 7.64046 7.73544 7.72527 7.74858 7.73112 7.71968 7.71367 7.74396 7.74538 7.73666 7.75304 7.76975 7.80587 7.74935 7.69771 7.72807 7.70092
162.976 162.706 162.771 162.564 162.379 162.191 160.076 160.869 161.691 161.092 161.288 161.128 160.759 162.145 162.179 161.215 162.346 162.531 162.797 164.659 162.546 162.686 162.526 161.972 162.454 162.152 162.751 163.092 162.677 162.629
103.627 103.641 103.602 103.727 103.655 103.762 103.001 103.156 103.814 103.015 103.656 102.845 103.497 103.156 103.043 103.423 103.325 103.124 103.364 103.843 103.094 103.195 102.978 103.421 102.749 104.025 103.384 103.08 102.767 103.242
142.727 142.738 142.703 142.716 142.699 142.701 142.524 142.365 142.621 142.488 142.578 142.495 142.463 142.511 142.31 143.003 142.45 142.48 142.53 143.279 142.399 142.465 142.379 142.817 142.412 142.267 142.423 142.405 142.265 142.514
5.58101 5.57675 5.57569 5.58088 5.5792 5.58223 5.564 5.56388 5.56077 5.57156 5.5622 5.58766 5.57242 5.56772 5.55591 5.56633 5.53887 5.54399 5.55293 5.58034 5.54194 5.54221 5.54335 5.56684 5.56624 5.67222 5.55063 5.54775 5.51961 5.54743
4.41677 4.39588 4.4041 4.40931 4.40855 4.20723 4.19545 4.18994 4.21967 4.18786 4.23833 4.20267 4.40512 4.27063 4.43401 4.31146 4.42504 4.42392 4.43216 4.44836 4.4016 4.43125 4.4048 4.33719 4.4055 4.38413 4.35149 4.31034 4.40636 4.29909
13.0436 13.1537 13.1973 13.1852 13.1019 13.5871 12.9509 13.2665 13.6586 13.2299 13.4496 13.6993 13.4371 13.2066 13.6217 13.4125 13.17 13.4715 13.4882 13.5528 13.4209 13.3568 13.4349 13.3819 13.5021 12.3732 13.46 13.4871 13.4835 13.3291
4.52425 4.52096 4.5221 4.52446 4.52337 4.50521 4.50196 4.51745 4.49826 4.46474 4.5192 4.49129 4.62194 4.4788 4.62885 4.60353 4.63001 4.63222 4.64833 4.66034 4.64501 4.63402 4.63703 4.6091 4.64449 4.66861 4.63505 4.65439 4.66191 4.64984
4.43677 4.4389 4.43942 4.44056 4.44073 4.46991 4.46691 4.421 4.4598 4.45255 4.39762 4.4583 4.4757 4.4016 4.46555 4.47572 4.4736 4.46731 4.48066 4.47695 4.48677 4.47638 4.4889 4.49549 4.46832 4.58716 4.46353 4.51066 4.48011 4.51214
5.61287 5.60895 5.60997 5.61284 5.59793 5.57043 5.54674 5.541 5.53107 5.53914 5.5666 5.5311 5.50965 5.60383 5.46304 5.48519 5.49696 5.51845 5.51941 5.76002 5.46857 5.50851 5.47974 5.46892 5.5059 5.5458 5.52666 5.44381 5.42543 5.50816
4.4008 4.46657 4.4678 4.52778 4.51488 4.18539 4.20887 4.23613 4.18483 4.25265 4.23419 4.25795 4.61197 4.25173 4.59585 4.44862 4.61353 4.57979 4.60597 4.32325 4.66985 4.60658 4.58446 4.43076 4.60166 4.41036 4.54738 4.55452 4.59096 4.5998
4.23898 4.2398 4.23657 4.23763 4.23584 4.23266 4.24681 4.23272 4.21863 4.17529 4.21383 4.251 4.33585 4.19399 4.34921 4.32233 4.35775 4.34264 4.35693 4.31289 4.35853 4.35248 4.34372 4.35427 4.33123 4.29176 4.31701 4.2927 4.31515 4.3012
8.00319 7.99937 8.0017 7.99921 7.96936 8.02528 8.01318 7.98225 8.0151 7.99699 8.018 8.00751 7.97443 8.00158 7.96726 7.95434 8.00509 8.01016 7.99568 8.09049 7.99459 7.99871 7.99826 7.90844 7.97922 7.79363 7.96504 7.98151 8.04227 7.95603
162.502 162.311 162.14 162.278 161.735 163.7 163.093 162.202 163.741 162.629 164.005 163.406 162.829 162.597 162.827 162.344 163.407 162.949 162.653 164.521 163.174 163.272 163.202 161.774 162.393 160.053 162.961 163.044 163.379 162.41
98.1254 97.7501 97.8253 97.8909 98.2269 97.883 97.4021 97.4146 97.7767 97.2483 97.6872 97.7262 96.8783 97.8145 97.5778 96.6474 97.8876 97.3334 98.4614 100.379 96.9342 97.6694 96.5825 97.4977 97.6012 95.9509 97.1861 96.5042 97.6165 96.9734
142.249 142.347 142.257 142.346 142.303 142.138 142.116 141.961 141.889 142.087 142.149 141.827 142.388 141.954 142.243 142.465 142.431 142.295 142.345 142.223 142.008 142.268 142.058 142.271 142.325 142.32 142.096 141.866 141.975 142.032
5.57229 5.56499 5.56257 5.56285 5.56847 5.52254 5.52021 5.52083 5.53343 5.49875 5.56238 5.53857 5.53307 5.54159 5.57478 5.55394 5.56338 5.54412 5.57805 5.72576 5.55465 5.55595 5.55777 5.54886 5.56174 5.44373 5.55975 5.58628 5.55283 5.57512
4.34335 4.35426 4.34632 4.34575 4.34355 4.18559 4.17596 4.15631 4.17017 4.19056 4.19155 4.16558 4.5016 4.26518 4.42036 4.33295 4.29437 4.36866 4.29046 4.39924 4.34856 4.31379 4.42193 4.31006 4.39321 4.49492 4.35976 4.42966 4.25767 4.35785
4.4677 4.47589 4.47023 4.46438 4.46765 4.45792 4.43941 4.44837 4.47569 4.41501 4.46773 4.44695 4.43148 4.45505 4.4686 4.48308 4.48056 4.4694 4.48591 4.42309 4.47958 4.48043 4.46081 4.48482 4.46928 4.26169 4.48581 4.47266 4.49376 4.49393
4.39099 4.38462 4.38615 4.3895 4.39383 4.3704 4.37408 4.38573 4.3927 4.38166 4.37608 4.39615 4.44507 4.38323 4.45134 4.42671 4.44748 4.42686 4.45161 4.57132 4.44 4.44261 4.42539 4.42245 4.42975 4.41642 4.45242 4.42438 4.43657 4.4356
5.70264 5.70776 5.69523 5.70863 5.71171 5.65268 5.66117 5.64653 5.61218 5.64267 5.65261 5.6302 5.59195 5.62864 5.57765 5.58619 5.59691 5.58768 5.55964 5.74588 5.52043 5.58672 5.52395 5.56551 5.5655 5.78021 5.56333 5.42824 5.43249 5.54478
4.64878 4.57878 4.62339 4.61579 4.63575 4.22742 4.43093 4.36897 4.20895 4.37827 4.34853 4.40485 4.46526 4.3881 4.6148 4.28213 4.52432 4.51949 4.55916 4.76957 4.55087 4.56261 4.60474 4.50893 4.70964 4.5379 4.43797 4.55822 4.61559 4.33538
4.2035 4.21717 4.21491 4.21072 4.21072 4.15405 4.18396 4.15172 4.17694 4.13595 4.16062 4.18574 4.53012 4.18343 4.49775 4.52321 4.5332 4.50902 4.52214 4.50436 4.53751 4.51508 4.51239 4.53779 4.54191 4.58538 4.48085 4.52497 4.53833 4.55411
7.85125 7.86288 7.85963 7.86789 7.85157 7.90654 7.87496 7.89377 7.87406 7.85083 7.8804 7.87856 7.92132 7.84021 7.88921 7.95672 7.87713 7.8774 7.84272 7.74069 7.87867 7.86328 7.88472 7.88781 7.86705 7.82324 7.88027 7.94284 7.91662 7.93518
96.1298 95.9341 95.6702 96.3801 96.5328 98.892 98.3497 98.4046 97.9884 98.0095 98.3475 97.8206 98.5363 97.8032 100.553 98.407 97.8846 98.3814 98.0632 97.2683 96.5654 98.5689 96.8728 96.635 98.2037 96.7047 97.8202 94.7699 95.9586 96.4235
141.886 141.967 141.859 141.997 142.025 141.725 141.963 141.963 141.517 141.827 141.986 141.685 142.418 141.896 142.547 142.267 142.239 142.124 142.092 141.216 141.579 141.728 141.821 141.958 141.788 141.314 141.441 141.894 141.616 141.588
4.43854 4.4495 4.44412 4.4423 4.4382 4.45462 4.46281 4.46819 4.46588 4.46473 4.4898 4.4195 4.48776 4.46505 4.50759 4.44413 4.44724 4.4536 4.48483 4.43248 4.47229 4.43239 4.49636 4.4548 4.41522 4.40526 4.4414 4.4472 4.46535 4.49316
4.38468 4.38351 4.38372 4.38705 4.38945 4.41048 4.39351 4.3797 4.38019 4.35373 4.35276 4.37616 4.41829 4.36068 4.47188 4.4223 4.42931 4.41579 4.42495 4.36914 4.41075 4.43251 4.41089 4.41385 4.46061 4.36539 4.42403 4.41137 4.42521 4.41389
5.53857 5.53038 5.51702 5.544 5.55284 5.61605 5.56538 5.53464 5.54486 5.52483 5.5456 5.50498 5.43224 5.52641 5.90719 5.54567 5.5801 5.57584 5.56843 5.38314 5.43744 5.51821 5.47702 5.51454 5.61708 5.3625 5.37139 5.48003 5.40893 5.4342
4.72298 4.70571 4.73206 4.72419 4.74214 4.47621 4.38857 4.43617 4.54785 4.35566 4.60197 4.48115 4.91244 4.40474 4.79998 4.64565 4.65254 4.5667 4.60046 4.62604 4.5319 4.70676 4.80664 4.56922 4.5707 4.62143 4.57958 4.6956 4.66011 4.44235
4.1777 4.18236 4.1957 4.17949 4.18401 4.15623 4.14852 4.16112 4.12192 4.15865 4.13653 4.08464 4.72578 4.06742 4.41162 4.4774 4.52009 4.47367 4.544 4.55574 4.53282 4.49767 4.54412 4.47787 4.57995 4.53803 4.48606 4.44117 4.5799 4.53518
7.81706 7.81535 7.81428 7.81791 7.81533 7.78268 7.74397 7.76603 7.77221 7.72354 7.72732 7.76347 7.7801 7.76354 7.7407 7.91379 7.84423 7.78499 7.81251 7.73946 7.78564 7.78083 7.79288 7.79017 7.7456 7.66497 7.77513 7.81939 7.84063 7.76909
97.8529 98.0852 97.5856 98.243 98.0335 99.0417 98.6167 98.1881 98.9744 98.2745 95.8653 97.1422 96.683 98.2418 97.9533 101.82 97.6713 97.9474 97.8548 94.6721 97.7117 96.0206 97.3628 96.4571 99.3588 97.9373 93.7741 97.6498 96.598 98.5005
140.797 140.987 140.744 140.962 140.788 141.514 141.234 141.381 140.996 141.372 141.874 141.706 141.688 141.808 143.348 141.496 141.472 141.505 141.841 141.167 141.73 141.132 142.037 141.676 142.649 141.809 141.13 141.542 141.559 141.746
5.56771 5.56012 5.56211 5.57477 5.57171 5.56962 5.57471 5.56308 5.58709 5.59558 5.48968 5.48651 5.52047 5.49452 5.54385 5.60868 5.67785 5.54599 5.5529 5.37746 5.53838 5.61912 5.52556 5.09112 5.74509 5.48942 5.5638 5.49797 5.56408 5.558
4.36901 4.36018 4.38643 4.35633 4.34449 4.15956 4.15478 4.14682 4.15197 4.15171 4.1625 4.20536 4.36036 4.20221 4.64291 4.26486 4.33235 4.41287 4.41048 4.3942 4.46213 4.3741 4.37562 4.38459 4.37999 4.38229 4.37426 4.44895 4.40506 4.4242
4.47498 4.47334 4.47365 4.46775 4.4784 4.43747 4.47653 4.45317 4.44588 4.44405 4.45831 4.45561 4.48747 4.45235 4.51066 4.4902 4.48666 4.42363 4.47877 4.46386 4.4329 4.44667 4.43999 4.4556 4.43452 4.42679 4.43259 4.47051 4.44193 4.46799
4.36424 4.36781 4.36288 4.36685 4.36697 4.35791 4.3526 4.36313 4.35752 4.34394 4.31445 4.3691 4.41594 4.38727 4.38405 4.40671 4.43301 4.37566 4.40991 4.38633 4.39719 4.39219 4.40897 4.38391 4.45773 4.38623 4.37852 4.38888 4.41028 4.39894
5.46539 5.4693 5.41952 5.48403 5.46825 5.49522 5.50897 5.50129 5.47369 5.43898 5.5018 5.5137 5.8405 5.55974 5.77705 5.66721 5.44849 5.41522 5.32575 5.56789 5.36326 5.5478 5.39407 5.38562 5.72513 5.54964 5.3733 5.32233 5.39377 5.39923
4.73804 4.75097 4.75529 4.74538 4.74699 4.64912 4.59422 4.61448 4.65799 4.71162 4.38441 4.3396 4.43665 4.28632 4.17896 4.56351 4.80287 4.72442 4.62421 4.53276 4.67155 4.69824 4.84105 4.64354 4.95669 4.73918 4.63904 4.80093 4.71146 4.6509
4.19497 4.19907 4.2005 4.20219 4.19915 4.14852 4.12582 4.13858 4.16168 4.19971 4.12951 4.12299 4.56305 4.17406 4.89918 4.49076 4.57452 4.46272 4.53299 4.50561 4.49719 4.47699 4.61197 4.4472 4.72031 4.47585 4.45245 4.49592 4.53929 4.52816
7.84937 7.81585 7.84277 7.78655 7.83642 7.82806 7.82506 7.81342 7.8342 7.84597 7.82552 7.88511 7.77543 7.86324 7.76184 7.72428 7.75852 7.87165 7.83407 7.78008 7.77513 7.75813 7.99641 7.70649 7.8337 7.75575 7.76835 7.9717 7.7576 7.75255
97.4633 97.5139 97.1271 97.7449 97.8217 97.6518 97.3977 96.7622 97.2162 97.1761 98.0144 98.9641 98.2067 98.9483 96.5391 100.43 98.3626 97.2785 97.0145 97.405 97.8738 97.3746 97.9042 97.9774 98.4393 97.8574 97.1303 97.068 96.7519 97.2244
140.918 140.813 140.607 140.751 140.884 141.094 141.44 141.435 141.154 141.252 140.441 140.886 141.703 141.342 142.1 142.641 141.778 141.613 141.547 141.524 141.861 141.496 141.471 141.706 141.406 141.611 141.57 141.716 141.637 141.71
5.50469 5.50349 5.5048 5.50885 5.51121 5.54887 5.46778 5.467 5.51113 5.54117 5.50736 5.55795 5.62079 5.51287 5.59199 5.56674 5.55013 5.55693 5.55632 5.5015 5.58621 5.48244 5.55959 5.56393 5.54659 5.53825 5.54302 5.53784 5.55108 5.55934
4.42195 4.41675 4.40106 4.41197 4.40674 4.08648 4.06157 4.05528 4.07201 4.14479 4.21531 4.19589 4.38343 4.21046 4.47079 4.49363 4.48763 4.40197 4.36907 4.35287 4.34841 4.41096 4.35991 4.42745 4.38555 4.40473 4.35518 4.34027 4.3387 4.40459
4.38237 4.37961 4.38275 4.38413 4.38461 4.39422 4.37388 4.3826 4.38136 4.43727 4.41281 4.37861 4.4374 4.39784 4.41591 4.42444 4.4482 4.3597 4.41155 4.4118 4.3929 4.39853 4.40193 4.43244 4.39174 4.38821 4.35177 4.32608 4.38851 4.43606
4.35793 4.35595 4.36352 4.35965 4.3557 4.36411 4.32706 4.33667 4.37798 4.36551 4.36766 4.37725 4.44067 4.35846 4.41402 4.46709 4.39865 4.38169 4.41526 4.43157 4.40476 4.41363 4.41577 4.39866 4.43668 4.38419 4.40057 4.41352 4.39237 4.41595
5.50843 5.51761 5.48307 5.54466 5.50251 5.54621 5.54105 5.51295 5.57367 5.5137 5.51486 5.50893 5.47947 5.55821 5.16338 5.71626 5.42131 5.40808 5.40964 5.46491 5.58285 5.45592 5.47217 5.34197 5.57185 5.49794 5.42218 5.56616 5.42127 5.44079
4.45596 4.46158 4.43959 4.45146 4.43911 4.5839 4.38752 4.39523 4.56443 4.56684 4.50622 4.52196 4.47772 4.30664 4.65133 4.76665 4.58584 4.52816 4.37559 4.40267 4.58754 4.50941 4.46673 4.50242 4.52231 4.55742 4.52093 4.4886 4.56481 4.50124
4.21784 4.21307 4.2226 4.21938 4.21868 4.1639 4.1702 4.1529 4.17944 4.19339 4.21929 4.19904 4.5617 4.18713 4.53096 4.54905 4.58035 4.49968 4.55732 4.5288 4.53931 4.5371 4.54346 4.52674 4.58159 4.5215 4.50427 4.55277 4.54089 4.55504
7.74288 7.74257 7.72774 7.73133 7.73411 7.74924 7.75974 7.73814 7.77039 7.73183 7.7319 7.76041 7.7053 7.74159 7.7564 7.75218 7.72207 7.73292 7.75161 7.71235 7.73173 7.72025 7.71926 7.68602 7.68303 7.7301 7.73293 7.75332 7.71953 7.71853
103.051 102.731 102.155 102.732 102.361 104.264 104.106 103.689 104.784 103.828 103.382 103.899 105.263 103.679 104.771 106.667 107.53 103.245 104.001 103.901 104.775 104.079 103.739 104.379 104.302 103.797 104.427 102.446 104.742 103.471
141.093 140.961 140.971 140.897 140.664 141.263 141.5 141.482 141.426 141.392 140.984 140.994 142.213 141.182 142.501 142.625 142.804 141.785 142.605 141.985 142.554 141.722 141.372 141.623 142.023 141.434 141.269 142.734 141.4 142.372
5.56026 5.55785 5.58038 5.56227 5.56011 5.61378 5.58411 5.58382 5.60007 5.55284 5.53842 5.57535 5.53684 5.58284 5.60622 5.59502 5.48893 5.58624 5.59323 5.53914 5.63203 5.59694 5.5996 5.52335 5.57885 5.53921 5.58912 5.62409 5.57729 5.59465
4.50579 4.4877 4.49305 4.49484 4.52868 4.24965 4.51446 4.51229 4.33807 4.52344 4.27228 4.28584 4.40274 4.28098 4.46451 4.53521 4.48427 4.37485 4.49231 4.35322 4.40301 4.56948 4.57799 4.39265 4.50249 4.31493 4.38697 4.42984 4.4062 4.40084
13.5799 13.7398 14.0906 13.6543 13.6882 13.4668 12.8359 12.3752 12.8172 10.9257 11.695 12.0055 13.1691 12.9405 14.0221 12.972 12.521 13.3976 13.1445 13.1053 13.0863 13.1438 13.2709 12.6748 12.9656 13.3326 13.3585 13.9567 12.8314 13.4312
4.55709 4.56054 4.54605 4.55921 4.55723 4.53346 4.53771 4.48722 4.52291 4.49446 4.53394 4.47998 4.66114 4.50811 4.69688 4.71703 4.67521 4.63617 4.72588 4.67128 4.667 4.67719 4.68362 4.66502 4.6606 4.62678 4.63542 4.65367 4.65414 4.76469
4.40336 4.40617 4.4172 4.40581 4.39925 4.44607 4.39832 4.45034 4.43114 4.40455 4.37885 4.42644 4.45849 4.44874 4.47734 4.45032 4.46266 4.47008 4.46536 4.46258 4.46265 4.46784 4.4614 4.43509 4.45701 4.42965 4.44869 4.55922 4.44112 4.46874
5.42942 5.4194 5.34362 5.39694 5.39264 5.43306 5.43209 5.46627 5.48002 5.54732 5.46417 5.3537 5.51131 5.57093 5.51912 5.61375 5.58071 5.20872 5.49355 5.47624 5.644 5.44978 5.30487 5.4192 5.41166 5.48672 5.06483 4.9648 4.9868 5.42573
4.21171 4.19881 4.19317 4.21545 4.25101 4.18454 4.15324 4.15826 4.17023 4.2108 4.22979 4.24046 4.67255 4.27879 4.58275 4.72851 4.52581 4.58689 4.37952 4.52124 4.68243 4.52202 4.47369 4.63766 4.44728 4.60965 4.68764 4.09577 4.70167 4.45683
4.24872 4.2512 4.26144 4.25368 4.24745 4.2306 4.21593 4.26091 4.23215 4.25219 4.22714 4.18656 4.34891 4.2241 4.33549 4.32211 4.3551 4.45323 4.32178 4.34966 4.35305 4.34586 4.33817 4.31974 4.35821 4.32 4.31568 4.25789 4.33278 4.38299
7.74959 7.74233 7.75586 7.73644 7.68817 7.76681 7.78048 7.78147 7.7893 7.84288 7.78793 7.78265 7.84991 7.85593 7.81612 7.90519 7.8828 7.71341 7.81982 7.84763 7.88129 7.79025 7.75765 7.80002 7.72824 7.75494 7.71546 7.76984 7.85961 7.80379
161.373 161.057 160.973 161.139 161.172 162.03 160.618 160.619 161.551 159.117 159.951 160.746 159.773 160.647 163.372 162.898 160.583 165.109 160.733 159.636 162.814 160.951 161.8 161.804 163.128 160.764 161.98 160.302 165.24 160.478
135.889 135.781 135.982 135.868 135.578 136.921 137.248 136.838 136.939 137.551 135.724 137.178 138.403 136.776 139.423 139.74 139.061 137.168 137.052 138.149 138.881 137.782 136.897 137.422 137.979 136.675 137.063 136.719 137.723 138.94
10.2859 10.2793 10.3431 9.97325 10.3361 10.4749 10.0377 10.0567 10.0347 9.94572 9.73842 10.4312 11.1656 10.0447 11.015 11.8778 10.6934 10.8497 10.4055 10.736 11.5437 10.3395 10.6161 10.9962 10.76 10.6443 10.8206 11.2159 10.7417 11.2743
5.82862 5.82844 5.80056 5.77643 5.82547 5.56863 5.68724 5.64799 5.64568 5.58806 5.38487 5.26258 5.86469 5.54658 5.85784 5.8904 5.93683 5.85721 5.74826 5.87778 5.93146 5.75116 6.05259 5.72945 5.891 5.62963 5.76942 5.51416 5.72801 5.88136
4.40831 4.40425 4.36819 4.4483 4.44798 4.26554 4.27426 4.25841 4.25931 4.23394 4.06554 4.15374 4.60158 4.02427 4.55288 4.94191 4.49118 4.6237 4.51489 4.626 4.76482 4.69092 4.47403 4.58568 4.85128 4.59152 4.40341 4.62354 4.59118 4.63417
4.51602 4.50713 4.4845 4.51887 4.52536 4.49562 4.4953 4.49632 4.51298 4.49567 4.49677 4.47944 4.56987 4.50197 4.58176 4.6506 4.60553 4.57468 4.5911 4.56013 4.62519 4.59964 4.5726 4.61156 4.69168 4.60836 4.50459 4.54804 4.57644 4.60654
4.47164 4.47122 4.47815 4.47613 4.49051 4.47516 4.45845 4.46252 4.47386 4.44429 4.41029 4.4546 4.52531 4.48595 4.57821 4.52865 4.53663 4.5363 4.58219 4.52958 4.57814 4.52915 4.53411 4.5236 4.51788 4.50665 4.84127 4.50338 4.5361 4.59066
4.44798 4.45579 4.48198 4.47141 4.47225 4.31677 4.31006 4.28536 4.38701 4.30136 4.30336 4.4805 4.61132 4.32489 4.80112 4.7446 4.40777 4.81701 4.75935 4.62078 4.7129 4.87319 4.74894 4.72808 4.53948 4.68809 4.1488 4.54269 4.7477 4.23437
4.24866 4.25178 4.21065 4.25845 4.25402 4.23915 4.18108 4.15933 4.1962 4.17796 4.27651 4.12787 4.35089 4.26194 4.61938 4.40279 4.31842 4.56574 4.49975 4.32856 4.40238 4.32396 4.30785 4.36532 4.28014 4.37946 4.56038 4.27543 4.43997 4.44947
8.10736 8.10679 8.1163 8.10864 8.17042 7.81882 7.68605 7.76204 7.74103 7.7997 7.71794 7.73989 7.9112 7.85375 8.11283 7.96296 7.72259 7.96372 7.75232 7.96444 8.40663 7.92766 8.01613 8.00023 7.98924 7.88117 8.04143 7.86438 8.21696 8.18179
146.178 145.906 145.376 145.879 145.74 146.694 146.719 146.809 146.819 146.266 146.963 145.96 145.488 146.143 145.673 147.201 146.216 146.078 145.003 145.719 147.667 146.679 146.66 147.035 146.414 145.884 145.429 146.285 146.131 146.654
97.8108 97.9441 98.0835 97.9865 97.7201 99.2801 98.4277 98.5828 98.284 98.0595 100.096 100.092 97.3602 99.0238 99.6985 99.4187 101.534 102.14 98.7346 97.1847 102.084 99.3699 97.7064 96.9717 101.78 101.228 100.671 99.6245 101.34 97.1398
143.026 143.074 143.691 142.951 142.95 141.989 141.355 141.516 141.393 141.812 142.377 142.423 141.521 142.07 141.59 141.741 142.334 141.753 140.783 141.343 141.731 142.26 140.914 142.594 142.535 143.284 143.396 141.671 143.568 141.142
5.14835 5.13632 5.40929 5.12262 5.17329 5.47187 5.41547 5.42456 5.42237 5.42269 5.41974 5.49994 5.54612 5.50049 5.66101 5.64056 5.61185 5.63911 5.33408 5.56391 5.65545 5.63237 5.45403 5.55142 5.66885 5.61198 5.64976 5.31508 5.6214 5.60686
4.35407 4.34829 4.34205 4.37502 4.43174 4.35245 4.32267 4.29202 4.35288 4.2269 4.42163 4.35823 4.44983 4.23508 4.22198 4.23032 4.41943 4.18882 4.47704 4.52876 4.17058 4.35077 4.56058 4.47148 4.40541 4.4187 4.2271 4.34069 4.35037 4.41404
4.65881 4.67227 4.52087 4.68626 4.68546 4.48929 4.43656 4.42364 4.43638 4.48104 4.47118 4.50001 4.53207 4.5464 4.51806 4.50596 4.49632 4.47893 4.52059 4.52877 4.44681 4.53242 4.41485 4.49466 4.45366 4.49266 4.46777 4.38855 4.46324 4.54183
4.28131 4.28368 4.3182 4.28847 4.28378 4.31318 4.30914 4.31263 4.29265 4.26253 4.25937 4.31047 4.3737 4.27369 4.31326 4.39573 4.31074 4.28728 4.29658 4.35783 4.35341 4.37874 4.3214 4.33232 4.52364 4.31052 4.40089 4.29338 4.30492 4.36204
5.56854 5.58755 5.42725 5.58132 5.56689 5.69458 5.53705 5.56301 5.53701 5.52679 5.64952 5.59585 4.97798 5.53169 5.36939 5.87666 5.91234 5.76782 5.306 5.13967 5.76023 5.86959 5.27788 5.21994 5.72927 5.35613 5.57353 5.42838 5.49749 5.06795
4.37647 4.38138 4.35928 4.38914 4.34915 4.31837 4.35629 4.38435 4.34513 4.3522 4.26059 4.27127 4.48804 4.38228 5.27804 4.63008 4.59608 4.41631 4.45846 4.53661 4.45717 4.67109 4.33103 4.52931 4.79141 4.36666 4.46554 4.55044 4.08481 4.58697
4.15701 4.16127 4.13166 4.16838 4.14863 4.06629 4.03787 4.07275 4.0484 4.05193 4.03619 4.03596 4.53933 3.97922 5.09651 4.61593 4.79429 4.5666 4.44122 4.49184 4.41105 4.4956 4.5027 4.45964 4.41894 4.57798 4.44738 4.59144 4.54092 4.52774
7.91246 7.90997 7.91718 7.91152 7.88384 7.67688 7.62892 7.66229 7.63498 7.68192 7.81012 7.86658 7.55232 7.66171 7.5501 7.89714 7.74096 7.56708 7.50752 7.56702 7.54456 7.70521 7.54042 7.65979 7.69684 7.66544 7.52328 7.64821 7.63515 7.52723
153.925 153.814 155.558 153.597 154.907 153.889 153.912 153.752 154.017 154.311 153.395 153.906 154.609 153.666 154.284 154.563 154.621 152.884 154.894 154.314 153.677 154.371 153.527 153.835 154.708 153.592 154.837 153.95 153.394 153.917
140.313 140.345 140.137 140.992 141.172 140.375 139.619 139.594 139.674 139.936 140.147 140.594 137.403 140.672 142.001 142.048 142.24 142.698 142.482 142.332 142.065 141.78 142.445 140.035 141.752 141.006 141.072 141.986 141.48 140.604
5.90065 5.90075 5.60842 5.95616 6.12708 5.89342 5.89454 5.93959 5.91477 5.87332 5.87333 5.83109 6.35089 6.02927 6.40668 6.3307 6.41201 6.4895 6.19277 6.32387 6.41442 6.4083 6.36132 6.33977 6.41349 6.27733 6.36374 6.43813 6.43184 6.43739
7.6802 7.67982 7.98092 7.62849 7.40433 7.31375 7.47188 7.4403 7.52826 7.80531 7.31023 7.4779 7.42138 7.39505 7.63733 7.47718 7.49462 7.44281 7.5264 7.52347 7.40022 7.54967 7.38828 7.46309 7.50959 7.39139 7.55726 6.14306 7.49972 7.35143
4.67565 4.67007 4.68632 4.82147 4.88292 4.3866 4.31841 4.31398 4.30515 4.42873 4.33755 4.46714 4.69105 4.45705 4.57971 4.67357 4.59808 4.64905 4.76254 4.66752 4.72802 4.58827 4.6011 4.59423 4.50996 4.57615 4.64896 4.7497 4.57838 4.60071
4.57704 4.57212 4.69128 4.72023 4.60149 4.53843 4.52672 4.53458 4.53733 4.48702 4.58944 4.53924 4.83335 4.52181 4.7332 4.87603 4.76175 4.69009 4.84016 4.74588 4.81243 4.70892 4.74533 4.79209 4.71833 4.80399 4.83328 4.83982 4.84285 4.73936
4.44293 4.44341 4.40942 4.51883 4.54796 4.43761 4.42467 4.41267 4.43653 4.43456 4.423 4.43435 4.60132 4.48594 4.57483 4.66646 4.59841 4.65838 4.5764 4.65397 4.67667 4.59475 4.47545 4.59748 4.64889 4.60613 4.42482 4.60625 4.65445 4.60193
4.47525 4.48877 4.30966 4.44433 4.46178 4.38883 4.41932 4.44233 4.35975 4.48741 4.41356 4.43489 4.67356 4.50895 4.67031 4.70188 4.55909 4.673 4.4914 4.40594 4.69089 4.78674 4.26125 4.60912 4.17165 4.57723 4.46731 4.60785 4.58297 4.71789
4.29861 4.27889 4.25917 4.24216 4.15957 4.17215 4.07135 4.06767 4.12661 4.0852 4.07179 4.17513 4.58667 4.12866 4.51631 4.44566 4.57182 4.47182 4.3256 4.49526 4.40408 4.3723 4.49232 4.37087 4.44549 4.35168 3.99051 4.47281 4.50677 4.48875
7.8573 7.86552 7.89686 8.04407 7.98812 8.02454 7.95823 7.98657 7.90894 7.96419 8.07153 8.07128 7.41585 8.10974 8.33627 8.53297 8.24761 8.17495 8.32212 8.30466 7.96702 8.49005 8.20572 8.00978 8.26951 8.29356 8.08793 8.29521 8.48218 8.05849
104.589 104.581 106.252 105.427 105.845 105.579 105.437 105.356 105.324 105.832 106.018 105.546 105.081 105.764 106.04 105.027 104.409 101.594 105.595 103.699 103.9 105.501 105.978 103.268 106.427 103.267 105.158 106.212 103.105 103.36
144.075 144.191 141.588 144.55 145.584 142.001 142.05 141.821 142.192 143.078 141.924 142.068 143.248 141.391 142.604 144.41 141.725 143.563 142.2 142.643 142.676 141.668 142.749 142.595 143.675 140.806 143.318 142.425 141.922 141.301
5.6604 5.66312 5.5994 5.53488 5.76506 6.1132 6.19818 6.23376 6.27319 6.03451 6.01876 6.06548 5.0704 6.27253 5.22409 5.55738 4.10948 5.56082 5.53118 5.51296 5.42134 5.2261 5.52032 5.39488 5.57099 5.41225 6.03823 5.42334 4.81762 5.36741
4.28817 4.28691 4.36061 4.48955 4.56223 4.31367 4.30901 4.35274 4.34182 4.37448 4.42364 4.46694 4.26909 4.36081 4.42841 4.42688 4.48156 4.48573 4.42586 4.48768 4.38487 4.46373 4.26896 4.44452 4.45706 4.48232 4.07842 4.32593 4.36427 4.44667
4.36185 4.35567 4.40093 4.4353 4.27376 4.40824 4.37611 4.35281 4.38474 4.37555 4.40667 4.43431 4.48346 4.40251 4.54537 4.56183 4.49344 4.58747 4.62214 4.58286 4.68304 4.56839 4.6357 4.6381 4.66629 4.60858 4.27565 4.56222 4.60346 4.60361
4.36374 4.36572 4.27466 4.37079 4.3635 4.33278 4.33721 4.34916 4.35459 4.30881 4.29518 4.31741 4.42622 4.32777 4.35225 4.4179 4.3781 4.45272 4.40369 4.40196 4.47097 4.37652 4.48744 4.42236 4.41362 4.41205 4.38971 4.25292 4.40075 4.40018
5.7373 5.7441 5.87336 6.16779 5.79296 5.54871 5.49382 5.5638 5.5233 5.60127 5.54483 5.46744 5.59595 5.38658 6.0248 5.72671 5.62257 5.3821 5.35567 5.33879 5.38815 5.99532 5.78741 5.32547 5.8287 5.35175 5.68327 5.76004 5.50616 5.27577
3.70807 3.66578 4.07566 4.36536 4.24903 4.29737 4.24096 4.24754 4.2447 4.39621 4.29843 4.33486 4.36236 4.40466 4.08199 4.46717 4.50199 4.22781 4.56621 4.56355 4.75575 4.31236 4.90179 4.00695 4.49641 4.3383 4.09712 3.94446 4.37652 4.64439
4.22168 4.21581 4.13431 4.17954 4.36864 4.18338 4.14986 4.13376 4.18041 4.08891 4.16893 4.13358 4.25451 4.07866 4.19831 4.33242 4.17424 4.31315 4.27127 4.26571 4.26886 4.2765 4.31083 4.55798 4.33714 4.29742 3.71738 4.24412 4.22664 4.26823
7.64471 7.64629 7.6032 7.66997 7.58139 7.49101 7.44767 7.34391 7.45367 7.64077 7.47327 7.42942 7.69107 7.4672 7.43602 7.69539 7.78829 7.71262 7.54673 7.66968 7.70537 7.51909 7.72745 7.91467 8.22888 7.50512 8.33336 7.70114 7.57819 7.4668
153.219 153.072 153.41 152.893 153.995 153.371 153.457 153.741 153.5 153.83 153.765 153.4 153.641 153.978 150.884 153.936 153.191 155.105 155.074 154.727 154.261 153.761 154.95 152.665 153.201 153.841 154.667 154.634 152.979 153.552
138.837 138.897 141.27 139.871 139.183 140.565 140.17 140.146 140.325 140.329 140.6 140.539 138.438 141.247 141.448 140.899 140.398 140.194 140.816 139.804 140.773 140.096 142.512 139.719 140.221 140.454 140.768 140.643 139.847 140.17
5.66398 5.70377 5.79718 5.67652 5.67202 5.02698 5.30913 5.48594 5.30993 5.48264 5.84892 5.83872 5.94231 5.84083 6.19628 6.53436 6.31807 6.52248 6.51587 6.4653 6.36543 6.47363 6.46752 6.46009 6.3463 6.38536 6.46919 6.38093 6.40312 6.384
7.93317 7.92997 7.89636 7.90585 8.0786 7.8528 7.97208 7.93525 7.91252 7.92356 7.84304 7.80029 7.34278 7.79076 9.38478 6.78072 6.9813 7.39056 7.55426 7.19052 7.3489 7.31554 7.28567 6.77486 7.37985 7.0206 7.25202 7.26229 7.01632 6.99815
4.66183 4.64023 4.52641 4.64148 4.64224 4.20597 4.18834 4.23541 4.17648 4.23467 4.25174 4.24508 4.54808 4.16743 4.73235 4.74196 4.72042 4.62794 4.66844 4.72102 4.68578 4.67561 4.63445 4.70227 4.75432 4.75114 4.62802 4.73389 4.6386 4.75615
4.62779 4.64097 4.63286 4.62785 4.66044 4.52853 4.57972 4.61905 4.58825 4.52555 4.60104 4.57411 3.60445 4.61969 4.94647 4.85516 4.8983 4.84714 4.83537 4.87479 4.93833 4.89847 4.82393 4.86231 4.86122 4.84228 4.95432 4.82058 4.86232 4.85391
4.58513 4.58936 4.47558 4.47008 4.44347 4.46187 4.44669 4.48117 4.47622 4.4164 4.46599 4.46159 4.50975 4.49735 4.68833 4.60114 4.56281 4.57755 4.59181 4.58615 4.24026 4.60284 4.55743 4.61678 4.57338 4.58505 4.59432 4.55533 4.58617 4.57859
4.35818 4.35486 4.29534 4.18869 4.39073 4.23523 4.25134 4.28699 4.35519 3.91177 4.09232 4.07043 4.18617 4.05825 4.62399 4.55137 4.57392 4.54481 4.50526 4.61242 4.10927 4.58183 4.52355 4.65267 5.57611 4.50856 4.39063 4.65123 4.53901 4.41264
4.3341 4.31913 4.24337 4.2443 4.30553 4.17098 4.12831 4.10325 4.16538 4.22174 4.22089 4.21912 4.57201 4.18604 4.50208 4.46416 4.40034 4.47356 4.46061 4.45798 4.40726 4.44813 4.45003 4.46797 4.39852 4.44461 4.44236 4.4563 4.46506 4.45553
7.91991 7.91704 8.67853 8.25437 7.73838 8.30808 8.24511 8.2338 8.23694 8.3893 8.34211 8.33744 7.83496 8.16752 8.04933 7.88081 7.92711 7.96633 8.18364 8.0126 8.30414 8.13599 8.53127 8.06708 8.4592 8.14743 7.54963 7.98068 7.99737 8.05583
152.974 152.86 153.029 152.673 152.913 153.095 152.859 153.27 153.297 152.634 152.389 153.283 153.742 152.314 153.423 154.271 152.69 153.233 151.971 153.744 154.283 152.259 153.637 153.206 153.286 153.473 153.701 154.614 153.273 153.026
139.466 139.562 139.678 139.704 139.609 140.642 140.213 140.16 140.691 140.609 141.019 140.847 139.594 141.31 141.21 140.258 140.393 140.675 140.919 140.186 141.149 140.389 140.251 139.783 139.791 138.982 141.12 140.666 139.968 139.68
7.34714 7.34203 7.35022 7.29833 7.4175 7.08343 7.01298 7.10607 6.96709 7.02292 7.2217 7.28497 7.01458 6.98567 7.24753 7.417 7.10545 7.13439 6.78069 7.19333 7.29328 6.8261 7.20688 7.23221 7.28224 7.15175 7.03338 7.42278 7.24788 7.08596
4.59893 4.61922 4.59173 4.6143 4.63516 4.60671 4.47651 4.50361 4.4609 4.6419 4.52111 4.38239 4.70704 4.4868 4.73591 4.79156 4.73353 4.72158 4.6678 4.64729 4.71107 4.34227 4.59922 4.76289 4.68726 4.81591 4.77305 4.69393 4.77321 4.74087
4.63854 4.64744 4.64273 4.64583 4.65786 4.5519 4.53698 4.5939 4.56769 4.59905 4.59388 4.5527 4.85539 4.58285 4.86182 4.88415 4.79877 4.77161 4.77423 4.79474 4.9034 4.8172 4.76367 4.79246 4.78579 4.83151 4.87889 4.90108 4.85739 4.78867
4.47745 4.48152 4.49246 4.48039 4.49004 4.46756 4.44724 4.44398 4.45678 4.51016 4.46862 4.44063 4.59191 4.48608 4.7037 4.6723 4.59577 4.56606 4.58132 4.58054 4.59695 4.67853 4.58778 4.61052 4.57946 4.57841 4.62809 4.58752 4.6066 4.60306
4.20166 4.29442 4.42266 4.26111 4.43009 3.97366 4.10428 4.17112 4.08631 3.67139 3.89516 4.05777 4.59668 4.15533 5.77063 4.72656 4.60932 4.58611 4.29553 4.40493 4.65212 4.35043 4.5908 4.61144 4.3393 7.28288 4.78613 4.53833 4.62121 4.4338
4.27806 4.28139 4.27995 4.2789 4.27593 4.17154 4.18429 4.19719 4.21138 4.20414 4.21267 4.21841 4.43329 4.23381 4.96018 4.42477 4.4415 4.50432 4.4964 4.47251 4.4794 4.4677 4.47796 4.47007 4.45909 4.459 4.48816 4.54192 4.46099 4.46682
7.83391 7.84613 7.78881 7.87157 7.93065 7.85435 7.73333 7.74957 7.91269 7.84604 8.04748 8.0129 7.67145 8.09063 7.9369 7.94821 7.80207 7.96998 8.09047 7.89982 7.81203 8.13931 7.65236 7.6295 7.59037 7.81245 8.05743 7.87894 7.87643 7.65069
136.985 136.918 136.79 136.967 136.971 136.986 137.179 137.146 137.236 136.975 136.492 137.184 136.983 136.831 137.869 137.075 135.823 136.242 136.305 136.381 137.537 135.77 136.988 136.211 136.86 136.411 136.825 138.745 136.401 136.058
12.7396 12.7773 13.0127 12.6578 12.7185 12.8137 12.5508 12.5488 12.7207 12.1092 12.6731 12.699 12.38 13.0364 12.376 12.3968 12.3968 12.4088 12.5514 12.4042 12.5577 12.5011 12.4803 12.3464 12.5276 12.2498 12.3183 12.2124 12.1044 12.4459
5.57449 5.57092 5.57315 5.57867 5.56042 5.62748 5.61844 5.60225 5.58675 5.64702 5.70592 5.71935 5.77626 5.63413 5.47707 5.54318 5.76448 5.82925 5.82669 5.78536 5.85866 5.81835 5.75362 5.7646 5.76897 5.75748 5.76065 5.03649 5.74057 5.80018
4.62526 4.62809 4.62305 4.61905 4.62711 4.61299 4.50767 4.44941 4.60944 4.43566 4.53776 4.38294 4.61343 4.31392 4.64489 4.51628 4.62673 4.66419 4.71184 4.62486 4.62925 4.61491 4.66873 4.64201 4.68956 4.65523 4.62912 4.60427 4.70051 4.68012
4.56653 4.56488 4.56471 4.56359 4.55949 4.52456 4.49308 4.48912 4.47666 4.52231 4.4384 4.49013 4.54832 4.46825 4.5506 4.47276 4.56671 4.59919 4.57897 4.55839 4.58898 4.6119 4.56186 4.55381 4.59616 4.5582 4.58681 4.58109 4.53567 4.53231
4.50592 4.49938 4.50232 4.49828 4.49174 4.4605 4.45394 4.4685 4.47644 4.46979 4.47833 4.45981 4.52283 4.52633 4.51196 4.54046 4.52931 4.50417 4.5361 4.51786 4.5242 4.62 4.53288 4.51338 4.53976 4.51389 4.55161 4.5707 4.4993 4.53803
4.26184 4.23835 4.26995 4.26073 4.25061 4.32321 4.43572 4.42653 4.41882 4.19558 4.34156 4.37205 4.65541 4.41318 4.76249 4.64597 4.48044 4.41486 4.71801 4.69327 4.75099 4.52463 4.76365 4.44747 4.73289 4.4232 4.761 4.52989 4.43197 4.49833
4.2528 4.24865 4.2494 4.25255 4.24528 4.25273 4.2675 4.20346 4.23207 4.2014 4.22171 4.26119 4.31542 4.24138 4.42187 4.6084 4.3515 4.39451 4.35557 4.39283 4.36811 4.3534 4.38783 4.36207 4.37962 4.35159 4.43566 4.35489 4.33254 4.34957
7.26272 7.24367 7.22668 7.24784 7.24688 7.51796 7.4416 7.42446 7.49881 7.40434 7.38897 7.38378 7.4738 7.41596 7.72943 8.07531 7.23441 7.37624 7.23109 7.38235 7.51076 7.29503 7.38687 7.30172 7.33061 7.34276 7.56823 7.78394 7.34388 7.34683
146.772 146.899 147.372 146.702 146.769 147.097 146.064 146.528 146.446 146.242 145.734 147.013 146.354 145.757 146.326 147.695 146.65 145.587 145.201 145.942 147.475 145.785 146.09 146.303 146.481 145.767 145.755 144.816 146.007 145.852
136.076 136.003 136.016 136.088 136.055 136.315 136.837 137.187 136.544 137.126 137.064 136.599 136.935 136.019 136.438 137.217 136.705 136.464 136.247 136.235 137.921 137.025 136.642 136.6 136.759 136.366 136.297 136.703 135.73 135.892
12.7933 12.8663 12.914 12.6174 12.8235 12.485 11.5423 11.6295 11.8155 11.5594 12.4424 12.5864 12.9483 12.4366 12.3991 12.2218 12.6832 12.4018 12.4292 12.8053 12.2802 13.1181 12.3847 12.7723 12.8989 12.8047 13.013 12.5196 12.1646 12.4274
5.67325 5.66873 5.67033 5.67108 5.66733 5.67037 5.69393 5.70246 5.67896 5.72831 5.71465 5.66228 5.86104 5.71749 5.90964 5.82834 5.76877 5.87916 5.84741 5.87409 5.40955 5.89248 5.87959 5.88656 5.78836 5.80228 5.87983 5.84022 5.79444 5.81702
4.60432 4.60081 4.6004 4.60634 4.59942 4.19923 4.20003 4.20687 4.20323 4.19651 4.31203 4.29092 4.52453 4.31581 4.67959 4.60998 4.65993 4.61491 4.67291 4.59076 4.66664 4.60983 4.58547 4.65434 4.64712 4.61566 4.55899 4.69462 4.70692 4.70664
4.58105 4.57432 4.57721 4.58176 4.57867 4.49704 4.44406 4.51062 4.52509 4.52662 4.47958 4.51083 4.65667 4.50948 4.63178 4.58114 4.56599 4.6946 4.62938 4.6981 4.63549 4.69984 4.6272 4.64347 4.63993 4.64922 4.71376 4.61885 4.56814 4.62483
4.49139 4.49073 4.49019 4.49253 4.48807 4.45928 4.45334 4.48079 4.4455 4.47519 4.45727 4.46262 4.50763 4.40848 4.49909 4.50827 4.49074 4.46213 4.50892 4.55349 4.57961 4.53603 4.50504 4.47836 4.49578 4.48644 4.53841 4.50813 4.48664 4.49846
4.40034 4.39552 4.39893 4.39909 4.39571 4.32139 4.39073 4.40548 4.32412 4.41289 4.34424 4.36978 4.61031 4.34887 4.68581 4.6789 4.68498 4.79737 4.66003 4.72659 4.6745 4.58252 4.70513 4.68464 4.69044 4.61953 4.78242 4.78349 4.58707 4.63319
4.29803 4.3 4.29733 4.29863 4.2945 4.2705 4.29682 4.34804 4.28349 4.2182 4.24426 4.31862 4.35172 4.23636 4.34987 4.50119 4.35586 4.5039 4.35685 4.34274 4.40077 4.44157 4.32849 4.3572 4.34884 4.36213 4.42232 4.4497 4.35706 4.37072
7.33274 7.30629 7.31829 7.34091 7.33866 7.41982 7.52254 7.46826 7.40625 7.47337 7.36472 7.47137 7.53334 7.33234 7.5399 7.75373 7.34644 7.37961 7.34373 7.48376 7.80594 7.46176 7.39867 7.40098 7.38965 7.42785 7.41665 7.4586 7.40695 7.42117
147.418 147.618 147.8 147.021 147.397 146.569 146.002 146 146.149 145.767 147.121 146.273 147.749 147.18 145.805 145.889 148.072 147.646 147.722 148.612 146.926 147.83 146.035 148.028 148.554 148.761 147.948 147.337 147.151 147.204
153.007 153.384 153.303 153.122 153.192 154.447 154.947 155.052 154.013 154.889 154.084 154.542 154.727 154.556 153.529 154.726 153.263 154.164 153.832 153.049 153.334 153.665 153.963 153.519 155.957 153.702 154.568 154.008 154.335 153.841
139.378 139.308 139.322 139.488 139.463 140.372 140.343 140.418 140.4 140.323 140.113 139.571 141.639 140.058 139.575 140.377 141.062 139.741 139.675 138.973 139.553 140.335 139.268 141.548 141.507 140.148 139.599 139.292 139.291 139.174
6.05021 6.05771 6.04235 6.05864 6.05681 5.64166 5.65536 5.51941 5.57508 5.46048 5.91683 5.90016 6.36737 6.03424 6.35179 6.26531 6.39606 6.46036 6.42309 6.44611 6.42856 6.45637 6.40318 6.42086 6.44166 6.43589 6.45061 6.45871 6.32575 6.40537
7.59485 7.60796 7.57897 7.52242 7.59051 7.76387 8.13109 8.11151 7.67806 8.07861 8.13484 8.1732 7.49046 8.16046 7.0578 7.19182 7.52679 7.45767 7.23575 7.16632 7.2548 7.61895 6.96995 7.26439 7.47297 7.45538 7.70693 7.37632 7.1498 7.0953
4.53244 4.53352 4.51902 4.51428 4.52955 4.33047 4.26995 4.16751 4.32864 4.31335 4.35792 4.26037 4.6177 4.19001 4.48269 4.65598 4.68055 4.55502 4.63615 4.48561 4.63467 4.63388 4.52211 4.62675 4.75627 4.70709 4.56895 4.66141 4.60423 4.63005
4.56354 4.54262 4.55846 4.56604 4.56301 4.56551 4.55671 4.56221 4.57359 4.55245 4.53935 4.52561 4.70236 4.60243 4.67042 4.82292 4.85548 4.78247 4.79092 4.72441 4.7883 4.79274 4.66967 4.72894 4.81991 4.73567 4.78705 4.81569 4.755 4.76992
4.59128 4.59241 4.59667 4.59265 4.59131 4.60547 4.59111 4.56065 4.646 4.59399 4.47822 4.5053 4.65572 4.44124 4.61175 4.66331 4.61099 4.60214 4.60622 4.67055 4.62335 4.6492 4.60294 4.61739 4.62064 4.61383 4.65825 4.61922 4.6153 4.60212
4.66097 4.64957 4.6653 4.65174 4.64333 4.53593 4.62121 4.5548 4.59772 4.53972 4.72227 4.70504 4.518 4.52196 4.60189 4.91159 4.72876 4.68673 4.54912 4.58358 4.64507 4.60233 4.56868 4.65436 4.67223 4.66792 4.71481 4.65448 4.63651 4.65929
4.27456 4.27843 4.27549 4.27384 4.28181 4.25639 4.21806 4.26503 4.25847 4.2115 4.15468 4.12313 4.51397 4.11292 4.46389 4.43723 4.53332 4.4404 4.53133 4.5316 4.5407 4.51077 4.42776 4.50683 4.52966 4.50374 4.35307 4.53748 4.51292 4.52461
7.86354 7.85577 7.8521 7.8765 7.87207 8.09791 8.20627 8.18571 8.13839 8.18306 8.08967 7.92925 8.35832 8.04969 7.86079 7.87627 8.10566 7.85681 7.7683 7.8827 7.71774 8.04379 7.88041 8.01971 8.11126 7.66833 8.03063 7.73655 7.7827 7.66178
103.833 103.98 103.85 103.736 103.918 103.983 104.983 105.005 103.676 104.961 105.24 104.789 103.872 104.738 105.505 105.758 103.975 106.671 104.252 105.984 103.972 104.573 105.133 104.772 105.287 105.283 105.471 105.86 104.773 104.357
140.836 140.666 140.742 140.901 140.933 141.388 142.755 142.778 140.667 142.565 142.872 142.799 141.772 142.742 142.656 143.621 141.223 142.403 141.187 142.7 140.903 142.044 142.487 140.502 142.722 142.557 142.378 142.482 141.809 141.001
5.4751 5.48781 5.4917 5.50313 5.4863 5.47994 4.39378 4.44646 5.49553 4.74225 4.32179 5.02595 5.5379 4.62885 5.58576 5.63409 5.44172 5.33772 5.53842 5.57312 5.47571 5.26089 5.58984 5.54079 5.29311 5.64809 4.98161 5.27783 5.56063 5.47209
4.50641 4.53702 4.51449 4.52162 4.51285 4.24887 4.4422 4.4663 4.24083 4.46943 4.39645 4.56351 4.65009 4.47982 4.49093 4.51598 4.57292 4.34953 4.52216 4.45111 4.58493 4.42088 4.46732 4.64356 4.39672 4.42454 4.46704 4.33151 4.47465 4.49328
4.49521 4.51175 4.50329 4.49962 4.49366 4.48731 4.44087 4.42633 4.43471 4.46275 4.43483 4.48188 4.64355 4.46673 4.61428 4.63375 4.59276 4.51741 4.60219 4.67218 4.58715 4.59546 4.60749 4.59314 4.53682 4.73851 4.57769 4.55766 4.63584 4.59156
4.42882 4.42941 4.43142 4.43873 4.4296 4.39585 4.43115 4.35753 4.41396 4.4141 4.35645 4.46214 4.47538 4.39812 4.46231 4.47482 4.45134 4.61883 4.40762 4.47809 4.4379 4.43648 4.4695 4.44422 4.30056 4.47245 4.43501 4.5192 4.45796 4.43202
5.3283 5.35243 5.30395 5.26133 5.34912 5.36279 5.61664 5.60971 5.11528 5.61087 5.66247 5.61664 5.13785 5.67866 5.53324 5.93131 5.08879 6.86148 5.05881 5.6528 5.26438 5.41691 5.36895 5.24741 5.12601 5.48785 6.12113 6.16805 5.28194 5.24881
4.41648 4.43818 4.41407 4.36706 4.40241 4.32756 4.11456 4.15309 4.34436 4.22612 4.09778 3.96032 4.65426 4.11095 4.65832 4.68286 4.3956 4.43602 4.36254 4.54331 4.38078 4.33194 4.34087 4.41082 4.15233 3.96295 4.40307 4.26697 4.59196 4.38516
4.19124 4.19701 4.19395 4.17853 4.18154 4.19705 4.2135 4.1895 4.20427 4.23248 4.16961 4.20849 4.31397 4.25475 4.30161 4.28443 4.32273 4.36238 4.33967 4.37189 4.34071 4.32993 4.43574 4.33952 4.4434 4.37155 4.31881 4.30567 4.33925 4.33106
7.53832 7.5217 7.51788 7.52561 7.53516 7.68462 7.64633 7.64487 7.50894 7.69769 7.68445 7.61866 7.53499 7.65334 7.71013 7.66697 7.41108 7.73836 7.46117 7.70913 7.61581 7.44795 7.64695 7.54885 7.64523 7.48434 7.56732 7.65182 7.51209 7.59789
137.303 136.714 136.64 136.96 137.133 137.701 137.451 138.107 137.25 137.422 137.675 137.175 136.98 137.667 137.208 137.599 136.752 139.107 136.987 136.343 137.446 136.895 136.672 136.844 136.412 139.108 138.02 139.467 137.531 137.635
12.1559 12.1688 12.4573 12.3452 12.131 12.2891 12.1136 12.2047 11.8916 12.2462 11.959 11.9188 11.8857 11.8592 11.8975 11.5098 11.7386 11.803 11.8874 12.4866 11.9713 11.7398 11.7886 11.7444 11.9736 12.3985 11.7376 11.4361 11.7831 11.8932
5.68121 5.68004 5.68436 5.69254 5.68181 5.69994 5.64965 5.6636 5.68478 5.58701 5.63488 5.5979 5.90271 5.63664 5.93782 5.78732 5.83768 5.77668 5.9064 5.53928 5.87277 5.85647 5.9429 5.85913 5.90383 5.65744 5.83154 5.86497 5.87924 5.84114
4.65685 4.64333 4.65116 4.6581 4.64903 4.49306 4.40167 4.43839 4.48435 4.41283 4.37688 4.55354 4.69339 4.48596 4.60675 4.75474 4.70402 4.62339 4.58949 4.80413 4.67162 4.67274 4.63139 4.68475 4.6751 5.00568 4.67608 4.62942 4.66443 4.66515
4.56322 4.5632 4.55704 4.56138 4.57505 4.54176 4.50513 4.53181 4.53293 4.52444 4.50821 4.57019 4.60279 4.51995 4.60576 4.65511 4.63842 4.60549 4.55326 4.73339 4.60789 4.62261 4.6109 4.58919 4.61462 5.15701 4.56196 4.61641 4.62491 4.57505
4.47884 4.48387 4.48296 4.48366 4.48377 4.46479 4.44496 4.44169 4.44695 4.43779 4.40376 4.43754 4.536 4.49857 4.59378 4.50265 4.48377 4.49471 4.5174 4.51318 4.50692 4.4809 4.54461 4.52627 4.53251 4.63817 4.50928 4.4839 4.50987 4.51542
4.13918 4.20875 4.25524 4.22184 4.20236 4.12413 4.11044 4.12347 4.07582 4.14698 3.93733 4.15001 4.54334 4.08378 4.69812 4.74931 4.68224 4.48512 4.41818 4.68155 4.59021 4.51844 4.66062 4.60886 4.5844 4.59692 4.57251 4.5352 4.62238 4.58297
4.27803 4.28162 4.28892 4.2871 4.29265 4.25895 4.22809 4.23863 4.23431 4.23793 4.23791 4.24578 4.38068 4.21771 4.42696 4.35646 4.34503 4.38969 4.35831 4.34042 4.3795 4.36427 4.39565 4.34862 4.41147 4.4218 4.49784 4.30177 4.44593 4.55536
7.65364 7.6564 7.61494 7.68176 7.73347 7.70557 7.54916 7.62982 7.61346 7.67553 7.57927 7.63361 7.81426 7.59046 7.94598 7.84549 7.7824 8.05617 7.68082 7.77546 7.76154 7.71967 7.66446 7.78335 7.77982 7.85632 7.85144 8.03398 7.98425 7.86362
147.214 146.954 147.302 147.178 147.212 146.537 147.397 147.353 146.674 147.797 147.742 147.656 145.898 146.771 146.327 146.28 146.14 146.531 145.769 148.219 147.405 146.666 146.704 146.094 147.05 147.445 146.553 145.855 145.447 146.694
153.372 153.359 153.289 153.221 153.337 152.986 153.051 153.079 152.681 152.905 152.86 153.345 152.153 153.669 152.671 152.812 152.69 152.974 153.004 152.293 152.653 152.723 152.585 152.625 153.035 150.4 153.064 153.022 152.858 153.001
139.771 139.676 139.719 139.848 139.88 139.755 139.515 139.78 139.668 139.475 139.713 139.609 139.537 139.782 139.384 138.984 139.22 139.813 139.847 139.984 139.365 139.347 139.679 139.302 139.513 139.962 139.412 139.775 139.451 139.36
5.96745 5.95533 5.96293 5.96111 5.96165 5.90459 5.95802 5.9096 5.9089 5.93739 5.92238 5.91259 6.48377 5.86966 6.48767 6.38891 6.43771 6.40696 6.38864 6.36524 6.40663 6.39165 6.41259 6.42563 6.38651 6.50708 6.41604 6.44782 6.39839 6.38607
7.46842 7.43615 7.47026 7.42133 7.51588 7.2204 7.29923 7.45391 7.22468 7.18344 7.08798 7.45034 6.3916 7.37807 6.56671 6.84132 6.74902 6.80086 6.73443 6.60071 6.7406 6.77496 6.53238 6.71327 6.93434 5.59947 6.87536 6.65847 6.81116 6.85166
4.63873 4.6409 4.62868 4.63205 4.61612 4.42347 4.25023 4.22568 4.4024 4.2633 4.24375 4.41749 4.67748 4.35349 4.59169 4.70128 4.67618 4.64597 4.65647 4.78576 4.69303 4.70763 4.67039 4.6832 4.67093 4.68636 4.64166 4.61974 4.69631 4.69334
4.68327 4.68502 4.67769 4.67483 4.69315 4.68747 4.61625 4.64424 4.68878 4.65791 4.61743 4.64432 4.84321 4.64832 4.8563 4.86277 4.84078 4.83818 4.85474 4.92334 4.85559 4.86365 4.84899 4.85471 4.90308 5.22677 4.87716 4.84545 4.85344 4.87017
4.46541 4.4679 4.46499 4.4655 4.46932 4.45386 4.44636 4.45828 4.44435 4.45788 4.42621 4.4467 4.58474 4.43923 4.66679 4.57818 4.56192 4.56017 4.57373 4.5653 4.56786 4.56755 4.57086 4.56998 4.57236 4.63395 4.56059 4.55735 4.568 4.56451
4.54016 4.53921 4.55849 4.56161 4.52572 4.43324 4.38194 4.42043 4.41695 4.42925 4.42574 4.3977 4.61519 4.43072 4.61902 4.92715 4.62868 4.58473 4.61201 6.25204 4.62336 4.65698 4.63333 4.66868 4.67844 4.69919 4.63481 4.61217 4.67932 4.62187
4.2977 4.29998 4.29809 4.30105 4.29918 4.27459 4.26445 4.24487 4.27347 4.24703 4.28583 4.25285 4.51832 4.24802 4.48121 4.49179 4.49446 4.45758 4.40083 4.61571 4.48819 4.49755 4.48369 4.49683 4.49653 4.67212 4.4924 4.42898 4.49175 4.49478
7.90766 7.87866 7.93768 7.98403 7.87084 7.79027 7.82832 7.86079 7.79228 7.82637 7.82794 7.86846 7.75297 8.03173 7.73138 7.70506 7.60832 7.79706 7.93908 8.20412 7.62393 7.7065 7.80415 7.63547 7.71604 7.87491 7.75068 7.80277 7.71391 7.73197
153.828 153.867 153.866 153.838 153.966 153.558 153.232 153.296 153.612 153.561 153.142 153.435 153.875 153.78 153.462 153.351 153.273 153.495 153.521 153.828 153.348 153.374 153.518 153.351 153.949 154.115 153.707 153.503 153.539 153.436
139.779 139.577 139.557 139.617 139.782 139.795 139.512 139.928 139.502 139.309 139.626 139.748 139.173 139.311 138.744 139.386 139.053 139.148 138.994 140.616 139.142 139.26 138.992 139.152 139.811 139.169 139.872 139.023 139.197 139.299
5.88382 5.88418 5.89095 5.8954 5.89912 5.80287 5.77763 5.79862 5.84478 5.8086 5.83554 5.8217 6.36869 5.75212 6.35694 6.34259 6.3474 6.34595 6.36886 6.29419 6.35075 6.34661 6.35706 6.37008 6.33885 6.38438 6.35496 6.36717 6.34302 6.33935
7.84714 7.83339 7.85971 7.88173 7.86787 7.66149 7.51185 7.56998 7.72309 7.67574 7.37497 7.5208 7.26315 7.5098 7.18894 7.15359 7.18298 7.20963 7.27069 7.20915 7.22366 7.20772 7.17636 7.26162 7.36423 7.26156 7.26385 7.21085 7.21288 7.22336
4.47687 4.46673 4.47724 4.48054 4.47742 4.19832 4.22617 4.22117 4.19809 4.2152 4.19703 4.21421 4.591 4.33089 4.61903 4.64402 4.61563 4.62662 4.6133 4.60863 4.61043 4.60547 4.62732 4.60338 4.59977 4.66215 4.52991 4.62057 4.61585 4.62267
4.58488 4.59476 4.59317 4.59445 4.60468 4.54486 4.51871 4.56436 4.5481 4.57289 4.55516 4.60535 4.79599 4.53501 4.75821 4.76741 4.74114 4.74018 4.75405 4.81343 4.74596 4.75968 4.74103 4.75569 4.78104 4.82923 4.74128 4.74558 4.75555 4.7655
4.4967 4.50061 4.49755 4.49938 4.50096 4.45726 4.46972 4.44765 4.48086 4.49233 4.45929 4.46395 4.60197 4.46788 4.6348 4.5906 4.59579 4.59191 4.59771 4.59073 4.59621 4.59523 4.5859 4.58916 4.59596 4.59134 4.59877 4.5951 4.59174 4.59137
4.31183 4.2969 4.31736 4.31137 4.32872 4.34596 4.23547 4.2651 4.3914 4.21352 4.34496 4.33526 4.50657 4.325 4.64792 4.53954 4.65215 4.69024 4.68167 4.36161 4.56972 4.50056 4.57264 4.57905 4.51976 4.74791 4.76514 4.74897 4.57664 4.55518
4.26584 4.26222 4.26533 4.26165 4.26569 4.24292 4.22871 4.24516 4.23455 4.21391 4.27076 4.24441 4.47717 4.20107 4.4704 4.4542 4.46344 4.453 4.45409 4.45364 4.45851 4.45582 4.46385 4.4582 4.45021 4.48096 4.44114 4.45985 4.45804 4.4535
7.92631 7.90247 7.94072 7.94489 7.93554 7.85588 7.72288 7.85842 7.85742 7.79466 7.78628 7.90633 7.78468 7.88381 7.56987 7.68201 7.64213 7.64385 7.48161 7.87637 7.64544 7.67871 7.63528 7.63111 7.72349 7.91297 7.81725 7.56675 7.67621 7.71085
95.3331 95.3299 95.5258 95.6431 95.7558 96.5875 97.2469 97.0872 97.2084 97.2843 97.1426 96.6688 96.5286 96.8415 96.923 96.9606 96.8357 96.6593 96.6564 99.3699 96.653 96.7511 96.7393 96.8984 96.7449 96.2572 97.5228 96.7249 96.9221 96.4841
140.664 140.506 140.58 140.618 140.557 140.623 140.466 140.313 140.41 140.568 140.574 140.415 141.276 141.027 140.573 140.722 140.472 140.659 140.604 141.946 140.517 140.654 140.653 140.539 141.22 140.973 140.874 140.614 140.581 140.685
5.48635 5.48991 5.48619 5.48454 5.4894 5.48424 5.49489 5.49006 5.49783 5.48579 5.5093 5.48824 5.51819 5.49139 5.53594 5.53558 5.54242 5.5244 5.53404 5.08593 5.52599 5.51955 5.52332 5.53544 5.52704 5.50277 5.54128 5.52705 5.52573 5.52089
4.3624 4.35114 4.35437 4.35198 4.34318 4.13197 4.15805 4.13112 4.14181 4.11563 4.13128 4.1138 4.37109 4.12803 4.39345 4.39657 4.34831 4.38409 4.35822 4.34641 4.38347 4.38938 4.39331 4.40965 4.40826 4.37256 4.41782 4.38291 4.4102 4.38414
4.38753 4.38789 4.38531 4.38736 4.3837 4.37537 4.40174 4.39519 4.38059 4.36991 4.38146 4.39471 4.41029 4.37387 4.39682 4.3958 4.40102 4.39596 4.40458 4.38638 4.39452 4.38989 4.39498 4.3996 4.40679 4.38709 4.3845 4.3941 4.38633 4.40299
4.34145 4.34346 4.34269 4.34295 4.3434 4.34494 4.34707 4.33663 4.33886 4.37536 4.35039 4.33752 4.38362 4.36519 4.40385 4.39796 4.40087 4.39385 4.39625 4.33636 4.40111 4.40179 4.39572 4.40006 4.40959 4.38861 4.43195 4.40663 4.38938 4.39537
5.19105 5.13587 5.1868 5.19464 5.19343 5.25553 5.10522 5.06441 5.17285 5.32668 5.10267 5.27058 5.1819 5.26237 5.02524 5.01484 5.07976 5.08733 5.02346 5.58842 5.06205 5.11886 5.10636 5.04591 5.26659 5.09934 5.1665 5.10492 5.07128 5.03161
4.41129 4.44624 4.4252 4.41685 4.4342 4.40104 4.31765 4.37196 4.34141 4.39797 4.22151 4.33209 4.4699 4.50381 4.3755 4.37054 4.38744 4.37533 4.37755 4.65825 4.29233 4.28827 4.36461 4.36727 4.18028 4.39494 4.57276 4.36608 4.38409 4.38433
4.18665 4.18051 4.18425 4.18113 4.18077 4.16791 4.13194 4.15917 4.1554 4.09848 4.16498 4.12543 4.50147 4.1908 4.4979 4.48981 4.50162 4.49158 4.5023 4.55645 4.50835 4.50629 4.49852 4.50636 4.49933 4.47408 4.51352 4.50828 4.49874 4.49462
7.52261 7.52275 7.52939 7.52405 7.52557 7.41834 7.42941 7.38082 7.47339 7.51568 7.43081 7.4647 7.45329 7.60294 7.43134 7.41394 7.42196 7.44359 7.41397 7.54496 7.40197 7.43921 7.4327 7.41201 7.47414 7.42872 7.41093 7.44146 7.42895 7.4251
96.6695 96.2733 96.3846 96.4784 96.3448 97.8551 97.8672 98.2348 97.9419 97.9741 97.9306 98.3945 97.7406 98.5665 98.0878 98.0397 98.1571 98.0948 98.1213 99.035 97.832 97.8381 98.2181 97.9131 97.8756 98.4484 97.8399 98.2075 99.3131 97.8966
141.574 141.507 141.517 141.54 141.492 141.492 141.635 141.795 141.296 141.725 141.719 141.436 141.766 141.524 141.716 141.789 141.831 141.769 141.82 141.701 141.656 141.613 141.778 141.634 141.74 141.84 141.68 141.871 142.155 141.717
5.60158 5.59451 5.59505 5.5956 5.59481 5.63606 5.62741 5.64555 5.62758 5.63467 5.63955 5.619 5.63285 5.62457 5.6628 5.67831 5.67093 5.66592 5.67612 5.70406 5.67497 5.66547 5.67272 5.68223 5.64855 5.67123 5.68141 5.67978 5.65507 5.66215
4.17926 4.17172 4.17742 4.18592 4.18001 4.02567 4.11379 4.11011 4.02426 4.09833 4.1203 4.11277 4.21378 4.06076 4.15435 4.20358 4.18796 4.18213 4.18866 4.20702 4.17702 4.17302 4.18064 4.19466 4.22532 4.17613 4.18666 4.20206 4.27713 4.17927
4.3214 4.31833 4.31984 4.32269 4.31827 4.30853 4.32127 4.33508 4.32267 4.31133 4.30086 4.30249 4.33218 4.33284 4.32097 4.32633 4.3337 4.32392 4.33259 4.33921 4.32795 4.32538 4.32765 4.32412 4.33162 4.32573 4.32849 4.32485 4.2985 4.3282
4.32156 4.32121 4.32114 4.3204 4.31633 4.33633 4.30372 4.3435 4.32694 4.31035 4.30335 4.3159 4.35934 4.3173 4.38389 4.39209 4.38239 4.38796 4.38482 4.39976 4.398 4.39926 4.39065 4.40595 4.37086 4.38409 4.40293 4.40001 4.3499 4.38837
5.48254 5.4538 5.46938 5.4649 5.44507 5.54111 5.50608 5.49637 5.49227 5.49493 5.47514 5.49427 5.44978 5.51044 5.45129 5.44847 5.44985 5.46102 5.41802 5.50937 5.44607 5.45646 5.45403 5.45809 5.47302 5.44474 5.46583 5.48999 5.51122 5.45695
4.40115 4.39756 4.3962 4.40564 4.42177 4.43504 4.39832 4.29318 4.42735 4.38732 4.41172 4.26602 4.42963 4.376 4.41416 4.43407 4.47672 4.42675 4.38518 4.56841 4.3494 4.35896 4.41058 4.39385 4.40898 4.40852 4.41821 4.44322 4.51428 4.40051
4.18652 4.18545 4.18767 4.1876 4.17785 4.14074 4.1883 4.11232 4.14183 4.15765 4.14996 4.14863 4.51309 4.16551 4.50775 4.50195 4.52529 4.50425 4.51573 4.53323 4.52311 4.52029 4.51079 4.51152 4.50589 4.49789 4.52673 4.50368 4.53941 4.51482
7.75373 7.75088 7.75363 7.75127 7.75235 7.74783 7.73048 7.73628 7.75494 7.76112 7.75053 7.75422 7.74329 7.71994 7.73406 7.74512 7.75157 7.7382 7.73521 7.74175 7.74673 7.74271 7.74129 7.74819 7.75089 7.73028 7.74828 7.75501 7.75414 7.74001
