92.0144 92.1457 92.1925 92.0582 92.0296 92.0643 91.9802 92.4565 92.3267 92.3589 92.2745 92.181 92.5036 92.4888 92.0383 92.0394 91.9327 92.0633 92.0998 92.0936
75.5107 75.5031 75.5341 75.4473 75.5589 75.4771 75.443 75.3587 75.3925 75.3413 75.559 75.4175 75.3654 75.4634 75.4572 75.5949 75.4476 75.5342 75.6057 75.7888
72.943 72.3786 72.423 72.8803 72.5912 72.5601 72.9249 73.1383 72.8083 73.0438 73.5125 73.2807 73.5225 73.3286 74.389 73.9063 73.8947 74.0166 73.916 73.7523
82.7049 82.587 82.7422 82.8021 82.7082 82.638 82.7039 82.77 82.7738 82.8211 82.8303 82.7927 82.8409 82.7032 83.2777 83.0391 83.0496 83.1398 83.066 83.0998
66.5063 66.4621 66.4859 66.482 66.4864 66.442 66.5085 66.4923 66.5313 66.5326 66.5811 66.5577 66.5631 66.4908 66.0535 66.0794 66.335 65.9656 66.0327 65.9964
137.409 137.512 138.29 137.933 138.237 137.904 137.466 138.305 138.218 138.254 138.598 138.387 139.117 138.051 139.255 138.798 138.607 139.025 138.848 138.958
12.5885 12.2949 12.0751 12.4834 12.2638 12.6594 12.4702 12.508 12.4496 12.5678 12.4347 12.4899 12.263 12.5544 12.4953 12.4273 12.3156 12.3801 12.3883 12.4627
5.74006 5.7381 5.73461 5.74878 5.73055 5.73174 5.73244 5.7055 5.70154 5.69723 5.7171 5.71463 5.73845 5.70953 5.89454 5.88394 5.89418 5.90001 5.89579 5.89648
4.73644 4.74974 4.75092 4.68262 4.68391 4.6969 4.71038 4.51837 4.54576 4.56698 4.49513 4.53052 4.58059 4.4991 4.70083 4.71398 4.68783 4.73015 4.64921 4.70138
4.57241 4.57641 4.55757 4.54726 4.54894 4.54764 4.56272 4.50868 4.4666 4.49716 4.5061 4.49572 4.5141 4.4977 4.68289 4.66656 4.65049 4.65154 4.64612 4.64002
4.50794 4.51633 4.50671 4.50191 4.50473 4.51259 4.51035 4.47507 4.47025 4.45943 4.46462 4.48744 4.45199 4.45274 4.53534 4.53585 4.53822 4.53586 4.52568 4.52366
4.29631 4.30629 4.28083 4.28536 4.28525 4.2807 4.29354 4.24237 4.24886 4.24469 4.25132 4.25063 4.23223 4.25861 4.71883 4.72775 4.70767 4.72316 4.69614 4.72498
4.30359 4.25233 4.21467 4.28665 4.22718 4.22374 4.2925 4.23634 4.21666 4.23194 4.25671 4.22766 4.19669 4.30506 4.31076 4.31496 4.33663 4.30223 4.29802 4.309
8.13373 8.25446 8.04211 7.98664 8.1122 8.06534 8.07729 7.84288 7.85066 7.86477 7.86663 7.82551 7.81845 7.77868 8.00647 8.08796 8.11157 8.09698 8.04014 8.04255
145.1 145.328 144.413 145.161 144.509 145.184 144.947 145.838 145.673 146.02 145.607 145.375 145.45 145.945 145.803 145.625 145.606 145.181 145.453 145.638
92.8365 92.8672 92.8767 92.8462 92.8017 92.762 92.8447 93.0362 93.0866 92.9793 93.0296 93.1305 92.8401 93.0731 92.7791 92.6017 92.7374 92.8364 92.8559 92.5471
75.0928 75.1202 75.0666 75.0351 75.0159 75.183 75.0405 75.6835 75.3391 75.3366 75.4163 75.3141 75.743 75.4929 75.3805 75.2708 75.4118 75.5586 75.4163 75.5572
72.5221 72.6271 72.5175 72.9356 72.8614 72.0127 72.398 72.7969 72.5734 72.6784 72.956 72.4612 72.9301 72.254 72.7148 73.3229 73.2525 73.2633 73.309 72.9802
82.3573 82.4384 82.4307 82.3871 82.4749 82.2899 82.3139 82.349 82.3045 82.366 82.4976 82.3205 82.3927 82.417 82.477 82.6078 82.3847 82.4469 82.4822 82.5745
65.6954 65.667 65.6937 65.6886 65.7899 65.5677 65.6873 65.8602 65.7583 65.6954 65.7516 65.7817 65.618 65.7519 65.7759 65.8818 65.8742 65.7224 65.927 65.6807
136.581 136.445 136.383 136.954 136.679 135.883 136.332 136.38 136.391 136.433 136.652 136.434 136.815 136.512 136.889 136.502 136.609 137.202 136.897 136.684
13.0014 12.8608 13.218 13.0673 13.0084 13.26 13.1578 13.1715 13.0981 12.9273 13.0537 13.0664 13.0019 13.1907 13.1561 13.1487 13.0624 13.1097 13.2161 13.2145
5.69927 5.70041 5.68768 5.69213 5.69984 5.70144 5.69085 5.73431 5.71317 5.71192 5.72406 5.71932 5.71002 5.72001 5.88327 5.89992 5.88364 5.89325 5.90118 5.91397
4.60476 4.59673 4.61038 4.60685 4.60794 4.56294 4.59638 4.25779 4.24836 4.25214 4.24644 4.24666 4.22752 4.27327 4.62251 4.61369 4.63755 4.60799 4.66066 4.60829
4.5824 4.5836 4.56545 4.58369 4.58794 4.57489 4.57811 4.5105 4.52107 4.51989 4.52722 4.55553 4.49556 4.52289 4.61014 4.6435 4.603 4.64177 4.59988 4.59068
4.50557 4.50424 4.50466 4.49953 4.50642 4.51389 4.50652 4.48016 4.49062 4.47839 4.49802 4.49775 4.51635 4.49066 4.5423 4.53915 4.53312 4.53682 4.53241 4.53253
4.41004 4.4103 4.39817 4.41926 4.43321 4.42974 4.41475 4.45024 4.44152 4.46042 4.46593 4.45531 4.46806 4.48444 4.71768 4.7702 4.71869 4.71005 4.74579 4.79646
4.27705 4.26818 4.26168 4.28787 4.27922 4.28803 4.28378 4.2402 4.27245 4.26174 4.31114 4.2722 4.24575 4.30821 4.35506 4.35626 4.37251 4.34726 4.38543 4.33485
7.38753 7.27142 7.28571 7.4379 7.38537 7.4425 7.39037 7.41098 7.47224 7.44594 7.49209 7.46659 7.5215 7.57704 7.52926 7.45282 7.55056 7.52554 7.54351 7.46556
148.703 147.93 148.471 148.659 149 149.343 148.94 149.055 149.456 149.267 149.308 150.082 149.004 149.659 149.261 149.385 149.107 149.008 149.4 149.325
93.9751 94.0346 94.096 94.0092 94.0728 93.7757 93.9633 94.1719 94.2043 94.2388 93.9507 94.0366 94.0458 93.9527 94.3479 93.9597 93.7717 94.369 94.2521 93.9663
75.4516 75.5203 75.3386 75.2726 75.2481 75.3878 75.4911 75.3544 75.5281 75.4154 75.5232 75.5782 74.734 75.0737 75.1408 75.166 75.8432 75.438 75.6557 75.5761
72.2353 72.1215 72.5444 72.4883 72.3513 71.6558 71.9579 72.3542 71.9399 72.1339 71.9798 71.8376 72.1537 72.2385 72.1887 72.2415 72.1556 72.0423 71.6266 71.649
82.7372 82.68 82.7115 82.7096 82.7016 82.7419 82.7042 82.4735 82.6266 82.6339 82.6036 82.6525 82.4615 82.517 82.374 82.6443 82.5297 82.5875 82.4235 82.5668
96.294 96.085 96.4043 96.4047 96.2249 95.6603 95.9589 97.6314 96.1714 96.3568 96.2496 96.0192 97.5631 96.5491 97.1078 96.4506 97.4773 99.3372 98.1274 96.3725
65.0772 65.0166 65.0884 65.111 65.1037 64.9873 65.0506 65.0472 65.1007 65.0266 65.0045 65.0128 64.7338 64.8065 64.9337 64.9939 64.743 65.4299 65.02 64.8651
141.179 141.049 141.244 141.266 141.081 140.943 141.057 141.05 140.829 140.834 140.985 140.769 140.982 140.644 141.058 141.151 141.409 141.901 141.501 141.233
5.57519 5.58604 5.5704 5.5683 5.57255 5.56635 5.57751 5.54375 5.58933 5.57942 5.58909 5.58323 5.51436 5.5176 5.63414 5.60734 5.63909 5.63981 5.65803 5.63571
4.39076 4.40032 4.39741 4.37884 4.39427 4.39823 4.3874 4.2718 4.18966 4.1993 4.18516 4.20375 4.06861 4.12945 4.42422 4.42341 4.33154 4.39627 4.49013 4.42817
4.42418 4.43071 4.42232 4.42675 4.42638 4.44338 4.43432 4.42195 4.44343 4.44657 4.45535 4.43706 4.41003 4.39102 4.4426 4.44613 4.45526 4.39617 4.42739 4.43834
4.36271 4.37166 4.36104 4.36009 4.36414 4.36148 4.36271 4.33576 4.35639 4.34339 4.35282 4.36947 4.3478 4.35791 4.42121 4.42135 4.43409 4.34309 4.39091 4.42829
5.25424 5.2596 5.30195 5.27739 5.24653 5.02088 5.14757 5.25762 4.99483 5.0576 5.09004 5.04031 5.28816 5.1545 5.18296 5.00978 5.28379 5.44531 5.15183 5.04304
4.50326 4.54742 4.48041 4.48077 4.49816 4.57362 4.53376 4.38935 4.37447 4.41169 4.45477 4.44469 4.43652 4.46486 4.55605 4.57375 4.55863 4.70924 4.6484 4.62756
4.25967 4.26838 4.26373 4.25894 4.26144 4.25329 4.27191 4.21024 4.21699 4.23869 4.25527 4.24119 4.22165 4.17324 4.57253 4.56238 4.59703 4.64275 4.57452 4.57239
7.6001 7.57749 7.61488 7.63441 7.59449 7.5259 7.5753 7.57841 7.55712 7.5755 7.55887 7.53201 7.53607 7.50969 7.61033 7.5844 7.6471 7.70693 7.62352 7.60008
93.5086 93.6279 93.5791 93.7149 93.7728 93.4014 93.611 93.7829 93.9674 94.0841 94.0014 93.85 93.7772 93.8929 94.194 93.8287 92.7981 93.8362 93.8585 93.7841
75.0945 75.2578 74.9726 75.0678 74.792 75.0839 75.2123 75.1084 75.0166 74.9845 75.1129 75.1564 75.1855 74.8948 75.2069 75.1191 75.612 75.6592 75.8092 75.3642
72.8839 72.6365 72.869 72.6659 72.3695 72.0765 72.6418 72.9672 72.409 72.3814 72.0664 72.46 72.5932 72.8011 72.2288 72.085 72.5667 72.2265 71.4871 72.3727
83.1147 83.0777 83.052 83.0563 82.8361 82.8421 83.2038 83.1505 82.9698 82.7988 82.7477 83.0169 83.0405 82.8558 82.3719 82.5433 83.1435 82.6528 82.6693 82.6818
104.15 103.505 103.947 104.121 103.704 104.896 104.157 104.763 103.498 103.609 103.533 103.415 104.675 103.704 103.614 103.805 104.55 103.915 103.836 103.38
64.8453 64.7958 64.888 64.9459 64.9096 64.9028 64.8487 64.7462 64.8427 64.7259 64.8694 64.8556 64.8287 64.736 64.8883 64.8214 64.5581 64.7912 64.6329 64.6365
142.056 141.785 142.049 141.887 141.87 141.817 141.803 142.163 141.922 141.914 141.898 141.983 142.33 142.113 141.944 141.958 142.199 142.118 141.88 142.022
5.57601 5.57761 5.56985 5.57176 5.55315 5.55272 5.57461 5.58832 5.57041 5.56441 5.57064 5.58188 5.56599 5.54774 5.5661 5.54703 5.57215 5.58687 5.59557 5.5696
4.40617 4.41239 4.39882 4.4212 4.4002 4.40084 4.45158 4.26074 4.23955 4.23038 4.24848 4.24477 4.24679 4.38315 4.41667 4.41496 4.45648 4.41888 4.38934 4.41466
13.8432 13.7143 13.6723 13.9118 13.712 13.7591 13.7002 13.9353 13.989 13.9158 13.6825 13.7686 13.8161 13.6621 13.5528 13.5549 13.1922 13.6409 13.4797 13.5266
4.48857 4.49821 4.49496 4.49277 4.49812 4.48627 4.49422 4.49845 4.49385 4.49883 4.50695 4.47692 4.49331 4.51378 4.59615 4.59461 4.59483 4.58438 4.61137 4.5829
4.41657 4.42118 4.41925 4.42044 4.42226 4.41222 4.41659 4.44225 4.40826 4.43439 4.41259 4.40041 4.46127 4.41175 4.47979 4.46943 4.46658 4.46942 4.45607 4.46542
5.43836 5.37133 5.4225 5.43378 5.40013 5.53003 5.445 5.44896 5.3804 5.37685 5.40681 5.43559 5.4158 5.17846 5.37507 5.37986 5.47811 5.40462 5.39998 5.36088
4.4275 4.43016 4.29037 4.30086 4.29247 4.47824 4.48897 4.44191 4.38384 4.37462 4.36858 4.3968 4.29494 4.22723 4.55775 4.57737 4.7423 4.61632 4.72233 4.70683
4.29701 4.29991 4.30527 4.30842 4.31242 4.28078 4.28825 4.24126 4.278 4.28103 4.27313 4.25847 4.26563 4.29731 4.41008 4.38859 4.376 4.39452 4.39313 4.37475
7.82957 7.8185 7.82325 7.84335 7.83636 7.96692 7.85498 7.85294 7.84375 7.8326 7.86333 7.8439 7.89776 7.8677 7.82503 7.82168 7.86458 7.82517 7.81033 7.81978
161.519 161.319 161.268 162.274 161.44 163.05 162.266 162.815 161.748 161.43 161.499 161.432 162.129 161.882 161.887 162.096 161.522 161.813 162.055 161.824
93.3822 93.4182 93.4037 93.4376 93.5759 93.3511 93.4429 93.4878 93.6074 93.6077 93.6 93.6192 93.3162 93.3887 93.6152 93.3633 93.0821 93.138 93.0494 93.3715
74.973 74.7952 74.7132 75.072 74.9648 74.8255 74.7542 74.9995 74.7647 74.8254 74.7602 74.6955 75.0678 74.9633 74.9237 75.0598 75.7541 75.4042 75.527 75.1167
74.3072 74.3166 73.9484 74.1143 73.8568 73.9128 73.9925 73.8369 73.1661 72.8 73.1003 73.0668 72.8554 73.2641 72.684 72.7929 71.6741 72.9477 72.6799 72.9
83.5738 83.5323 83.5052 83.5342 83.287 83.417 83.2172 83.1055 82.9912 82.8989 82.8777 82.9666 83.0328 83.6209 82.8448 82.9728 83.2751 83.3177 83.2693 83.0637
103.312 103.215 103.54 103.634 103.225 103.753 103.73 103.907 104.058 104.177 103.94 103.698 103.998 104.012 103.769 103.726 103.456 104.018 103.828 103.534
65.4849 65.4233 65.5586 65.6368 65.8123 65.6945 65.8776 65.3047 65.3996 65.3667 65.7117 65.3488 65.1192 65.1709 65.5619 65.4284 64.9732 64.8051 64.5709 65.1978
142.297 142.164 142.374 142.268 142.151 142.385 142.183 142.439 142.435 142.392 142.362 142.295 142.471 142.643 142.435 142.447 142.514 142.884 142.595 142.534
5.54955 5.54518 5.52878 5.56667 5.52905 5.52833 5.56548 5.57012 5.51313 5.50363 5.51913 5.54616 5.56985 5.56059 5.51058 5.51233 5.5539 5.54066 5.56957 5.52095
4.39899 4.37142 4.38414 4.40213 4.41471 4.39669 4.37552 4.38823 4.33467 4.33932 4.33937 4.35259 4.33067 4.37413 4.40761 4.40014 4.40474 4.35189 4.40292 4.40902
13.8497 13.8639 14.0222 13.976 14.1748 13.8177 14.0281 13.7693 13.5314 13.3728 13.3014 13.8527 13.6776 13.4887 13.1734 13.2077 13.1778 13.2443 13.076 13.1403
4.43835 4.44484 4.44939 4.4473 4.45244 4.45914 4.44331 4.43404 4.44051 4.46282 4.46263 4.48588 4.48181 4.47515 4.60665 4.58816 4.60786 4.59005 4.59756 4.56785
4.43243 4.44439 4.43379 4.44059 4.43605 4.43457 4.45073 4.43161 4.43578 4.42279 4.38618 4.4243 4.45505 4.42756 4.48177 4.47589 4.48725 4.47565 4.4912 4.46766
5.60584 5.56845 5.61876 5.60902 5.599 5.6232 5.62724 5.57424 5.54774 5.55042 5.56767 5.55771 5.56872 5.60531 5.51869 5.55183 5.68676 5.6308 5.53315 5.55172
4.35525 4.34796 4.37833 4.38107 4.42629 4.4483 4.47163 4.31597 4.3994 4.40245 4.43445 4.3185 4.34554 4.28142 4.62928 4.61555 4.56077 4.38203 4.42315 4.56885
4.28458 4.28448 4.29036 4.2901 4.29595 4.29511 4.28849 4.29049 4.30218 4.30678 4.28704 4.31882 4.29187 4.26075 4.43024 4.401 4.36901 4.39119 4.40352 4.38728
7.92341 7.91718 7.93737 7.91958 7.94472 7.94639 7.91652 7.91378 7.95915 7.95417 7.9455 7.96119 7.96549 7.98013 7.95406 7.95573 7.94563 7.99594 7.9696 7.97552
162.36 161.818 162.121 162.274 162.325 162.331 161.468 163.272 162.881 162.875 162.701 163.025 162.487 163.092 163.732 162.997 160.629 162.372 163.602 163.516
92.9173 92.8573 92.8544 92.7204 92.9117 92.8782 92.8308 93.1223 93.3993 93.3117 93.2758 93.1237 93.2586 93.1939 93.2432 93.1301 92.7405 92.5774 92.9366 93.2648
75.0846 75.1376 75.0514 75.017 74.9695 75.0915 75.0104 75.4875 75.0523 75.1206 75.2892 75.3264 74.9898 75.1916 75.3824 75.0649 75.4312 75.9967 75.3071 75.179
75.1533 75.2104 75.0395 75.2073 75.1513 75.2023 75.1688 74.0196 73.2476 73.1406 72.409 73.3169 72.7437 73.4041 72.2911 72.8639 72.8519 74.0913 73.0577 73.1486
83.0959 82.7744 82.8346 83.0333 83.1126 82.9689 83.0069 83.6133 83.294 83.289 83.167 83.3385 83.2007 83.7085 82.8727 82.9823 82.9796 83.4135 83.2706 83.2249
103.556 103.735 103.718 103.85 103.634 103.857 103.676 103.13 103.65 103.699 103.732 103.586 103.534 103.39 103.577 103.81 104.339 104.118 103.688 103.472
66.3621 66.8352 66.7442 66.5318 66.6894 66.6864 66.726 65.4887 65.3753 65.366 65.2816 65.7588 65.4038 65.2018 65.6821 65.5386 65.0014 65.7949 64.8129 65.4456
142.436 142.468 142.568 142.547 142.351 142.576 142.525 142.354 142.429 142.37 142.388 142.575 142.323 142.337 142.38 142.522 142.445 143.473 142.66 142.442
5.60582 5.57504 5.56747 5.61063 5.5794 5.59926 5.53728 5.55402 5.5074 5.50521 5.50039 5.52712 5.54504 5.54127 5.50406 5.48069 5.60044 5.51857 5.52592 5.47209
4.46153 4.41902 4.43103 4.46297 4.48364 4.43323 4.49052 4.21869 4.23342 4.22579 4.2124 4.20234 4.25467 4.23408 4.38679 4.38629 4.28127 4.34989 4.37766 4.39999
13.8283 13.6534 13.7864 13.8221 13.8379 13.5295 13.6972 12.3989 13.0214 13.0902 13.1005 13.1405 12.928 12.8922 13.2755 13.165 12.8062 12.8468 12.999 13.2015
4.43115 4.44735 4.42928 4.42295 4.43553 4.44408 4.41319 4.43491 4.44185 4.43453 4.4434 4.42797 4.48188 4.47152 4.61788 4.57993 4.58594 4.46867 4.5798 4.51901
4.45032 4.45547 4.45332 4.44935 4.44388 4.46005 4.42654 4.42516 4.42932 4.45631 4.43066 4.45793 4.41501 4.40381 4.46964 4.47324 4.51446 4.49376 4.48004 4.4468
5.57696 5.5539 5.5781 5.58328 5.56468 5.57945 5.54633 5.65447 5.59694 5.6016 5.59705 5.59301 5.61457 5.60504 5.54149 5.58061 5.7226 5.60676 5.61277 5.55838
4.55054 4.7578 4.74071 4.69192 4.68708 4.75592 4.75896 4.21387 4.29552 4.30084 4.31128 4.33238 4.32049 4.29429 4.65781 4.62739 4.53305 4.56139 4.4308 4.63845
4.2958 4.31867 4.30504 4.31557 4.30419 4.30598 4.32751 4.28785 4.28891 4.28419 4.28415 4.27317 4.2878 4.3127 4.45072 4.41369 4.38283 4.39845 4.39445 4.38793
7.84323 7.83403 7.85184 7.83761 7.84408 7.84837 7.84821 7.93531 7.9337 7.93714 7.95494 7.9317 7.95467 7.95301 7.93497 7.94821 8.01949 7.88932 7.97115 7.9534
162.292 161.785 161.039 161.616 162.446 161.653 161.57 162.789 163.46 163.57 163.568 162.562 162.579 162.3 163.879 162.724 162.419 160.619 163.184 162.96
93.5299 93.6007 93.366 93.1132 93.422 93.2742 93.1645 93.0168 93.2167 92.9676 92.8807 93.1709 92.9498 92.8483 92.0182 92.2403 92.467 90.7642 92.9809 93.2964
75.6751 75.881 75.8357 75.7644 75.8071 75.9037 75.7276 75.5192 75.4539 75.7062 75.4663 75.6078 75.7014 75.6558 76.2563 76.1882 76.8188 76.3823 75.9973 75.8319
72.2853 72.8419 72.1816 72.3304 72.5497 71.8112 73.0369 73.0698 73.3514 73.1317 72.6576 73.4912 71.9552 72.8541 73.7582 73.8329 72.8332 73.1801 71.5928 70.6585
82.1592 82.4219 82.2444 82.6026 82.628 82.2822 82.7109 82.9476 82.8395 82.6632 82.323 82.7226 82.1486 82.5499 83.0789 82.7508 81.5647 81.9687 82.6276 81.7994
102.852 103.265 102.819 103.077 103.062 103.015 102.793 103.599 103.563 103.676 103.853 103.946 104.105 103.699 102.842 104.22 104.576 105.332 103.826 103.491
65.3385 65.815 65.4381 65.7091 65.9511 65.3693 65.7677 65.5033 65.7675 65.6038 65.5439 65.3665 65.8899 65.6482 66.0573 65.639 64.9447 66.9631 65.1415 65.5551
142.282 142.694 142.4 142.484 142.33 142.469 142.495 141.921 142.068 142.164 142.289 142.408 142.148 142.25 143.086 142.759 142.98 143.147 142.38 142.58
5.5144 5.50533 5.44035 5.49451 5.50115 5.53307 5.48699 5.53529 5.5648 5.54508 5.53118 5.5487 5.54935 5.58351 5.56398 5.55612 5.33573 5.30019 5.52789 5.53511
4.41536 4.54349 4.40536 4.48592 4.55963 4.37806 4.47277 4.43242 4.38588 4.40882 4.41457 4.43367 4.47532 4.46364 4.36164 4.33668 4.22136 4.37185 4.41171 4.45074
4.65788 4.67428 4.62671 4.58443 4.6158 4.69108 4.54477 4.51181 4.51058 4.51712 4.51099 4.51704 4.60332 4.59714 4.78979 4.65985 4.6975 4.57739 4.68256 4.66341
4.46474 4.43744 4.44042 4.41355 4.41765 4.46371 4.42241 4.45807 4.44048 4.44153 4.45465 4.46444 4.40303 4.4315 4.5081 4.49057 4.56961 4.61219 4.49446 4.50348
5.74232 5.76983 5.73865 5.79146 5.78675 5.77295 5.75167 5.71725 5.57427 5.60946 5.61179 5.6466 5.74135 5.70032 5.51709 5.63536 5.65952 5.54422 5.59039 5.24378
4.17558 4.1915 4.14588 4.20682 4.24117 4.17403 4.10777 4.43476 4.42092 4.43214 4.41127 4.33843 4.40785 4.38631 4.52082 4.61814 4.41292 4.53365 4.54743 4.48714
4.31814 4.34181 4.32484 4.34775 4.34268 4.32458 4.32921 4.31641 4.30643 4.32748 4.36458 4.24583 4.2846 4.28164 4.52127 4.39351 4.33251 4.48184 4.39101 4.61122
8.01428 8.03061 8.02242 7.9461 7.8825 8.0368 7.90792 7.93955 7.88943 7.93382 7.93892 7.94916 8.01177 7.96485 7.81161 7.95266 7.86822 7.79419 7.92829 7.7683
165.371 165.375 165.354 165.576 165.289 165.91 164.921 161.428 163.594 162.774 162.612 162.755 162.489 162.134 164.752 162.015 158.141 160.167 163.171 165.43
93.2096 92.8428 93.086 93.1676 92.6287 92.7174 92.4552 92.7189 92.9456 92.8733 92.8796 92.6181 92.197 92.6646 92.4007 92.1196 91.7585 90.0467 92.1381 92.2232
75.3333 75.1419 75.4014 75.4713 75.1246 75.007 75.5032 75.4599 75.2677 75.302 75.3941 75.5899 75.6101 75.3993 74.9198 75.7131 75.623 75.2872 75.8561 75.3806
73.509 73.7802 73.7988 73.8074 74.2387 73.5296 75.0035 73.6335 72.3166 73.1118 72.7027 73.5872 73.6632 72.9552 73.9399 73.8767 75.1043 75.0492 73.2351 72.0787
83.1474 83.4064 83.3322 83.0088 83.188 83.323 83.4962 82.9562 82.2128 82.7314 82.6956 82.9758 83.5276 82.8788 82.6907 83.0758 82.1648 84.2403 82.1838 77.3298
68.1172 67.7571 67.6779 67.5455 67.7442 67.3907 67.0852 66.7267 66.7611 66.4817 66.6841 67.0904 66.37 66.4535 66.6322 65.7039 64.9136 65.6239 65.2926 66.5638
136.492 135.63 135.911 136.692 136.631 136.071 137.417 138.907 137.407 138.002 137.472 138.915 138.233 138.435 139.103 138.307 140.022 139.687 137.185 136.718
5.65565 5.70137 5.66898 5.71623 5.68792 5.66825 5.85741 5.58903 5.61344 5.6199 5.59231 5.62677 5.64969 5.61234 5.81343 5.89506 5.93383 5.7248 5.86211 5.8298
4.56186 4.67418 4.5749 4.65799 4.66836 4.67934 4.5028 4.57264 4.61838 4.63676 4.55058 4.60589 4.37577 4.47995 4.60656 4.57115 4.52586 4.62957 4.5587 4.60072
4.67442 4.63758 4.67376 4.69981 4.65279 4.64036 4.70232 4.55873 4.46699 4.46947 4.44678 4.54611 4.53997 4.48533 4.6474 4.62894 4.78849 4.61306 4.6058 4.63539
4.54105 4.62425 4.54706 4.61457 4.69959 4.55088 4.60479 4.50919 4.50064 4.49161 4.52005 4.52055 4.46775 4.53093 4.74488 4.55423 4.82625 4.32359 4.63299 4.80408
4.46961 4.68905 4.45275 4.57508 4.55296 4.44308 4.62512 4.48597 4.50609 4.47081 4.50817 4.53521 4.20691 4.20721 4.79173 4.54926 3.47428 4.6281 4.38226 4.28829
4.57334 4.40754 4.52583 4.5937 4.55807 4.42436 4.43398 4.52722 4.57353 4.44083 4.45399 4.60717 4.34037 4.32002 4.53591 4.37659 4.63949 3.89532 4.37823 4.89887
7.21089 7.14541 7.30352 7.70555 7.57675 7.3627 7.75453 7.86331 7.85534 7.74376 7.74019 7.94424 7.81522 7.77028 8.00723 8.0181 7.85868 7.59282 7.82253 7.66257
94.917 94.3315 94.7756 94.9595 94.3645 94.2423 93.4266 93.3502 93.8503 93.8206 93.8488 93.5133 93.2959 93.5967 93.4313 93.5464 92.9592 93.5296 93.5653 93.2347
74.651 75.4263 74.6462 75.0319 75.068 75.3537 76.0981 75.0137 74.8824 74.8868 74.9351 74.891 74.753 74.6584 75.2498 75.8241 75.8888 75.0411 75.3399 75.6512
72.2564 72.4239 72.5916 71.3282 72.5198 72.3539 72.5063 72.6403 72.0958 71.7553 71.9287 72.7299 72.6441 73.4217 71.3669 72.251 72.4597 72.7353 73.495 72.306
80.9751 82.1406 81.7366 81.2667 82.3411 82.1687 81.2898 82.1733 81.7148 81.9115 81.757 81.786 82.5948 82.6784 81.4482 82.628 83.2868 82.8035 82.2712 81.2467
100.72 100.05 100.27 99.4508 99.4845 99.789 97.9032 99.3085 97.7425 97.7877 97.6626 100.4 99.0403 99.0456 97.4359 97.5365 99.6686 98.1053 98.3221 99.4617
64.9357 65.6802 65.4927 65.7643 65.8509 65.7901 64.9104 65.4668 65.1514 65.3466 65.172 65.2707 65.6381 65.7864 61.1006 64.938 65.1865 64.9535 64.6439 64.222
141.097 141.512 141.174 140.817 141.07 140.787 143.741 142.017 141.586 141.36 141.349 141.812 141.159 141.205 141.236 141.534 143.191 142.12 141.889 142.359
5.17664 5.6592 5.18113 5.44092 5.64826 5.51588 5.68775 5.06345 5.47596 5.45918 5.47467 4.94182 4.8168 4.74115 5.61076 5.69612 5.64363 5.55178 5.54514 5.58278
4.46306 4.32019 4.4761 4.45306 4.40491 4.33376 4.36952 4.04553 4.00121 3.99556 4.03828 4.02005 4.24172 4.2482 4.47953 4.2767 4.39012 4.37914 4.44778 4.32059
4.42101 4.3978 4.39772 4.47677 4.37965 4.39534 4.56972 4.3929 4.44063 4.42402 4.43514 4.42256 4.36356 4.38714 4.52594 4.53719 4.47954 4.45745 4.45467 4.54696
4.72095 4.43612 4.52026 4.53225 4.43512 4.45373 4.75306 4.3068 4.42029 4.37853 4.42871 4.36643 4.32672 4.26595 4.52099 4.47234 4.46234 4.44311 4.63436 5.06726
6.70212 5.83742 6.28567 5.57004 5.63833 5.75676 6.10144 5.79472 5.34041 5.37505 5.35126 5.89305 5.85048 5.83582 4.91672 5.2171 5.56304 5.20131 5.40076 5.49005
4.18145 4.55498 4.33539 4.48371 4.58773 4.52566 4.34954 4.33964 4.43635 4.45289 4.42829 4.34826 4.39145 4.42098 8.78955 4.46476 4.59071 4.48239 4.40266 4.16917
4.40922 4.47312 4.42287 4.59612 4.47158 4.45789 4.60446 4.17673 4.24433 4.22541 4.19473 4.18558 4.20568 4.18952 4.65391 4.59486 4.63684 4.51564 4.50216 4.59142
7.42307 7.48641 7.45492 7.43086 7.46359 7.43299 7.89946 7.53626 7.57443 7.52979 7.48875 7.51664 7.49028 7.41524 7.48526 7.69076 7.74928 7.59314 7.65379 7.64071
91.6156 91.6525 91.1952 92.1432 92.0487 91.4909 92.0808 92.4859 92.7994 92.7856 92.8119 92.3729 93.2419 93.3035 93.723 93.1075 92.7389 94.0368 92.9408 93.0478
74.5994 75.0422 74.1143 74.6882 74.6231 75.109 74.8852 75.0425 74.6302 74.7728 74.8381 74.7363 75.338 75.1814 75.7924 75.6754 76.3352 75.0704 75.5273 75.3394
73.8282 74.064 73.6902 73.248 73.7993 74.1271 74.0555 75.4868 74.8542 74.5437 74.2089 74.8331 72.9558 74.0548 71.3811 72.2196 72.8644 71.2707 72.8872 73.2923
82.3223 86.5044 82.032 81.2312 85.9706 86.6553 85.7455 82.8673 82.3911 81.8745 81.7946 82.7611 81.771 81.9886 82.1597 83.0762 83.3296 81.2266 83.136 83.0073
109.06 107.46 108.846 106.139 107.251 106.863 106.309 106.467 106.181 105.884 105.795 106.516 105.712 105.926 102.616 106.531 107.107 103.479 105.717 101.133
65.5781 67.4465 66.3858 65.7428 67.0692 67.5105 67.2214 65.0497 65.0015 64.4407 64.3565 64.8443 64.5052 64.2763 64.3729 64.6444 64.7385 64.3695 65.4338 65.2602
143.105 142.928 143.382 142.45 143.4 143.034 143.011 143.406 143.191 143.066 143.077 143.477 142.464 142.642 141.441 142.4 143.001 141.667 142.879 142.75
5.83309 5.85547 5.75977 5.8437 5.78242 5.88567 5.68526 5.64294 5.57301 5.58748 5.60527 5.63788 5.5581 5.52558 5.54284 5.60387 5.60643 5.50265 5.54637 5.59817
4.30401 4.40105 4.28693 4.32603 4.38348 4.39645 4.27187 4.66763 4.65834 4.66991 4.67335 4.64912 4.60912 4.66784 4.36064 4.42329 4.37894 4.18276 4.45347 4.36812
4.56834 4.44894 4.59279 4.59013 4.52026 4.44495 4.39105 4.45612 4.43794 4.44015 4.3977 4.43862 4.43258 4.40106 4.70932 4.69467 4.72982 4.75914 4.6412 4.73908
4.56096 4.1532 4.58134 4.62092 4.21845 4.1447 4.21264 4.53262 4.60537 4.62498 4.68549 4.652 4.45043 4.46115 4.50994 4.46715 4.51466 4.5373 4.46102 4.57351
5.61032 5.96224 5.61076 5.70266 5.95769 5.98446 5.51251 5.57923 5.33808 5.3631 5.32621 5.55861 5.62066 5.61566 5.28921 5.51109 5.39707 5.3893 5.60521 5.38261
4.01051 4.24322 4.30182 3.63863 4.5065 4.22456 4.40059 4.10817 3.4858 2.99016 3.19717 3.82759 4.34221 4.38025 4.7229 4.59208 4.69737 4.45187 4.57242 4.62749
3.88254 4.26215 3.69498 3.93625 4.32472 4.24854 4.34561 4.14701 4.46329 4.67587 4.67311 4.22317 4.16222 4.11317 4.21023 4.32999 4.33225 4.31851 4.38794 4.26469
7.69566 7.76645 7.67613 7.83394 7.80261 7.72736 7.83004 7.81797 7.78973 7.77604 7.7809 7.83675 7.76435 7.75182 7.80248 7.80853 7.73941 7.8805 7.86355 7.88859
93.3354 91.4754 93.5002 93.3766 91.5342 91.393 91.3883 92.8594 92.5569 92.6844 92.3875 92.6441 93.4436 93.2808 93.4763 93.4032 93.4637 93.0861 91.5118 93.1715
76.0534 75.0182 75.5634 76.0638 74.6525 75.0631 75.3654 75.6532 75.6828 75.8308 75.7539 75.7231 75.5458 75.203 75.7512 75.6522 75.1396 76.2104 76.0129 75.0908
74.4151 72.8724 72.9466 74.6676 73.0014 72.9096 73.0986 73.0549 73.3007 73.1881 73.4117 73.2155 72.8555 72.9382 71.9135 71.7777 71.6447 72.7522 73.8373 74.212
82.4206 82.5537 82.2894 82.5057 82.6047 82.7055 82.8049 83.4545 83.4218 83.4136 83.6488 83.5512 82.4338 82.7647 82.1909 82.4841 80.1779 83.2441 81.6598 82.2784
102.642 99.7579 100.707 102.545 99.3207 99.8584 99.5275 101.728 101.5 101.793 102.34 100.777 101.051 100.807 97.1125 97.8659 98.0618 99.1328 99.8869 99.5005
63.6201 63.5308 63.8752 63.6551 64.2769 63.731 61.5283 64.3193 64.2354 64.5741 64.4997 64.3846 62.289 62.1318 65.0465 65.7167 65.7442 65.16 67.2627 66.8828
142.891 143.118 142.918 142.765 143.357 143.184 143.219 142.945 142.716 143.104 142.832 142.755 142.736 142.413 141.422 142.053 142.973 142.583 142.615 142.641
5.61014 5.77242 5.53663 5.60597 5.76354 5.77893 5.76471 5.56467 5.60527 5.58535 5.63153 5.59961 5.58034 5.55067 5.71687 5.65004 5.6697 5.66712 5.76911 5.60863
4.29581 4.58342 4.50819 4.27901 4.63929 4.56588 4.53031 4.47769 4.44301 4.39619 4.54103 4.45898 4.23242 4.27529 4.4288 4.54629 4.59617 4.29937 4.35581 4.70838
4.56373 4.52736 4.54771 4.55183 4.50003 4.51801 4.52347 4.45864 4.46316 4.47713 4.44105 4.44405 4.5808 4.47635 4.53228 4.52114 4.51571 4.54774 4.45961 4.50659
4.60921 4.62017 4.53476 4.59071 4.59244 4.60203 4.5602 4.3938 4.41754 4.39059 4.38093 4.37462 4.44758 4.41917 4.48086 4.44482 4.68489 4.46612 4.44144 4.59674
5.85094 5.55514 5.89699 5.86091 5.5023 5.58054 5.48897 5.8971 5.91597 5.9729 5.85174 5.88386 5.67294 5.61571 5.47382 5.51878 5.77137 5.6689 5.98527 5.80688
4.24876 3.9671 3.86021 4.25311 4.28078 4.05887 5.52195 4.40768 4.36694 4.39918 4.40714 4.38464 5.76094 5.8946 4.43823 4.56421 4.55913 4.64926 4.4941 4.7954
4.40413 4.1087 4.30698 4.33723 4.15281 4.145 3.75303 4.33513 4.22108 4.30394 4.28165 4.24959 3.74936 3.90803 4.49443 4.55144 4.5923 4.48731 4.48429 4.7265
7.87835 8.11517 7.93677 7.88539 8.11757 8.10789 8.1113 7.89229 7.94296 7.97069 7.88933 7.95236 7.91876 7.89114 7.88768 7.84925 7.83132 7.84722 7.73565 7.86779
93.5869 94.256 93.8573 93.5468 94.2312 94.2306 94.0077 93.5772 93.7376 93.8012 93.8951 93.9586 93.8997 94.0869 93.9412 94.5918 93.5298 93.934 92.9773 92.3622
75.4021 75.3894 75.4458 75.2345 75.2407 75.3823 75.2965 75.4277 75.7302 75.7956 75.7005 75.9099 75.487 75.1856 75.6423 75.518 75.3073 75.3593 76.2851 75.7107
72.8075 71.152 72.2484 72.6459 71.6001 71.2913 71.8395 72.4803 71.9399 71.9821 72.4352 72.1536 71.9706 71.9119 72.119 72.3634 72.4922 72.073 73.3346 72.812
83.1506 81.3846 82.4068 83.2731 81.433 81.4533 82.0074 82.2585 82.2705 81.9528 82.6225 82.2459 82.52 82.6093 82.1839 81.4096 81.3087 82.3195 82.1939 82.8033
101.598 98.7079 99.3911 101.028 99.0516 99.0535 99.3283 98.3638 97.6468 98.1384 98.1138 98.2991 98.9177 98.4486 94.285 98.0357 98.504 94.3497 99.3715 99.0847
65.3106 65.4 65.1509 65.4476 65.6505 65.4651 65.3378 65.1175 65.8561 65.7685 65.264 65.223 65.3521 65.4373 64.8141 64.4771 64.3225 64.9796 65.5348 65.3123
142.688 141.392 141.946 142.351 141.408 141.51 141.643 141.958 142.224 142.53 141.852 141.835 141.516 141.305 141.593 142.227 142.008 141.69 142.762 142.988
5.57874 5.50085 5.55681 5.56121 5.49659 5.50502 5.55722 5.59867 5.61588 5.63976 5.60564 5.47993 5.50362 5.5185 5.52983 5.35489 5.60939 5.63156 5.5687 5.89748
4.39376 4.53799 4.37216 4.42838 4.4289 4.5388 4.41512 4.22068 4.17223 4.14931 4.11241 4.12926 4.54074 4.46637 4.38862 4.33577 4.43015 4.39978 4.31439 4.45255
4.51691 4.53143 4.52817 4.50659 4.51352 4.53187 4.51767 4.51221 4.50066 4.50012 4.48705 4.48236 4.44776 4.44611 4.49912 4.42021 4.51756 4.52717 4.47553 4.52971
4.38518 4.38389 4.39392 4.38506 4.37243 4.38016 4.39416 4.4205 4.39274 4.41404 4.42395 4.40011 4.40408 4.40555 4.43193 4.58624 4.52451 4.45963 4.45434 4.45811
6.16756 5.97007 5.94472 6.14907 5.82605 5.96535 5.78548 5.73895 5.73006 5.72113 5.75564 5.73006 5.62557 5.67711 5.3334 5.50383 5.57176 5.52304 5.52503 5.97498
4.25873 4.36514 4.18849 4.27774 4.39385 4.35809 4.25624 4.19077 4.29466 4.29905 4.26998 4.30468 4.4188 4.37437 4.67982 4.65927 4.62188 4.41654 4.70095 4.6379
4.18705 4.20074 4.19938 4.18927 4.20532 4.19736 4.20264 4.13379 4.16306 4.14156 4.16139 4.17284 4.11372 4.11695 4.47997 4.48802 4.62358 4.53475 4.41811 4.53001
7.78896 7.67158 7.78304 7.79158 7.69251 7.6694 7.74189 7.85662 7.85028 7.88665 7.81326 7.80715 7.79818 7.79486 7.79985 7.7901 7.81967 7.81497 7.55424 7.80189
93.9373 94.7845 94.1065 93.8991 94.1128 94.6774 94.4834 93.9855 94.2991 94.3023 94.0549 94.1088 94.1499 94.2006 94.0449 94.0894 93.7108 93.8851 92.5924 93.7903
75.2687 75.2536 75.2284 75.3663 75.3296 75.2848 75.2157 76.0701 75.7328 75.8364 75.7928 75.7637 75.7093 75.8841 75.3875 75.5491 75.6726 75.5064 75.7158 75.5717
72.2672 71.2456 71.9625 72.0718 71.7339 71.2751 71.1398 71.9508 72.0562 71.8658 72.1576 72.2089 72.4789 71.9172 71.7842 71.1409 72.0157 71.8409 73.019 71.9392
82.369 79.8369 82.0294 82.1508 81.3178 80.013 80.7838 82.1076 82.0823 82.0221 82.1328 82.0673 82.1692 81.7956 81.8083 80.9277 82.0123 81.7045 83.0742 82.1175
95.0367 93.8498 93.6901 94.5718 93.2359 93.7095 94.4892 96.1395 93.7525 93.4741 96.2088 96.6156 92.3904 93.6141 96.9377 98.7901 99.6039 96.4144 98.2362 97.9881
65.3075 64.5933 65.4271 65.3885 64.8443 64.5778 64.96 65.0102 64.7145 64.7147 64.7486 64.7101 64.8437 64.824 64.6846 65.1366 64.5973 64.8371 66.3689 65.1357
142.152 141.473 141.774 142.072 141.342 141.514 141.569 141.254 141.369 141.382 141.325 141.341 141.117 141.058 141.539 142.406 141.753 141.787 141.045 141.938
5.52693 5.398 5.47919 5.52972 5.58862 5.42973 5.5935 5.50529 5.45672 5.45205 5.50566 5.50216 5.47377 5.48273 5.56714 5.56121 5.57799 5.56673 5.46748 5.55536
4.40764 4.36758 4.41511 4.46966 4.42245 4.39424 4.45842 4.15161 4.14992 4.14423 4.14114 4.15427 4.11313 4.11825 4.46387 4.41041 4.45813 4.42864 4.30992 4.46931
4.47643 4.47897 4.47724 4.48047 4.48048 4.48142 4.49582 4.46236 4.47591 4.47661 4.48025 4.47395 4.47731 4.4866 4.47472 4.46295 4.44183 4.50494 4.50601 4.47718
4.39351 4.39704 4.38307 4.39012 4.42758 4.40478 4.42077 4.37441 4.37808 4.39721 4.40782 4.39294 4.40255 4.38161 4.42709 4.43508 4.40827 4.42995 4.44477 4.42812
5.60218 5.25798 5.45789 5.60047 5.19798 5.19193 5.50473 5.48278 5.42628 5.48083 5.60689 5.63213 5.55664 5.52892 5.51018 5.64301 5.43475 5.44126 5.37702 5.5518
4.28678 4.34955 4.26401 4.21581 4.1993 4.35032 4.24465 4.35074 4.43054 4.37881 4.36478 4.37925 4.41503 4.34611 4.38236 4.45178 4.68625 4.38431 4.74919 4.46568
4.16617 4.1907 4.17824 4.17385 4.17968 4.18825 4.20692 4.12069 4.14685 4.14223 4.14645 4.16478 4.15737 4.10094 4.51978 4.51362 4.52027 4.53644 4.5239 4.52864
7.77706 7.77464 7.7846 7.76863 7.75648 7.77475 7.74186 7.74269 7.78592 7.79724 7.78028 7.7873 7.79729 7.77452 7.75478 7.7985 7.71117 7.71725 7.67752 7.70119
93.9104 93.922 93.8882 93.9869 93.9996 93.9228 93.9814 93.6265 93.9183 93.9531 93.6934 93.5134 93.7003 93.4004 93.9227 93.7768 93.6649 93.6318 93.6686 93.7945
75.8711 76.053 75.9167 76.1099 75.9682 76.0415 75.8517 76.1513 75.9819 75.9102 75.9828 75.8537 75.6904 75.6211 76.0392 75.9464 76.0921 76.2607 75.7096 76.0871
71.7422 71.678 71.8368 71.7777 71.6991 71.793 71.3792 72.8826 72.4834 72.5089 72.2553 72.6639 73.2157 72.5771 72.911 71.9269 72.2427 72.678 72.7308 72.2556
82.4369 81.9684 82.3356 82.1511 82.0169 82.0384 81.5493 81.7872 81.9383 81.8753 82.1763 82.1399 82.3168 82.4491 82.2148 81.82 82.0719 82.043 83.3223 81.9022
97.3798 97.8748 97.0541 96.8746 97.2898 97.7122 97.0353 97.5106 97.8361 97.771 97.7995 98.1762 97.6775 97.3002 98.9847 97.9446 98.4823 97.7138 97.6025 97.2729
65.2349 64.752 65.0615 65.0771 64.8556 64.7928 64.8993 64.8524 65.0839 64.9912 64.9186 64.8433 64.9464 64.9531 65.029 64.6822 64.6547 64.7894 65.465 65.3476
141.375 140.937 141.225 141.329 140.975 141.022 141.069 141.255 141.193 141.236 141.059 141.076 141.292 140.926 142.116 141.427 141.348 141.706 141.335 141.508
5.63966 5.64045 5.64207 5.63241 5.64573 5.64268 5.62455 5.60788 5.60388 5.6212 5.59461 5.59743 5.59417 5.56741 5.68884 5.64198 5.64295 5.68275 5.64182 5.62476
4.55544 4.50678 4.55153 4.51408 4.52912 4.52344 4.53394 4.41142 4.4864 4.51281 4.3642 4.45822 4.26913 4.2418 4.67361 4.47119 4.4801 4.45118 4.39745 4.47631
4.50376 4.51278 4.50393 4.5144 4.509 4.51726 4.53252 4.51623 4.51902 4.50482 4.49852 4.46846 4.51431 4.48197 4.51964 4.50684 4.50559 4.53426 4.48203 4.52988
4.38711 4.40517 4.39328 4.39555 4.40179 4.40659 4.40858 4.40974 4.41804 4.41017 4.40807 4.4256 4.39054 4.40894 4.42396 4.43736 4.43954 4.44271 4.40936 4.44251
5.47259 5.45287 5.41882 5.40888 5.40799 5.47302 5.3521 5.63409 5.629 5.63184 5.60941 5.59275 5.59023 5.66397 5.53386 5.52173 5.5388 5.4847 5.68617 5.5039
4.29981 4.45938 4.33704 4.28665 4.44533 4.48223 4.39297 4.40195 4.32326 4.33334 4.43249 4.38327 4.30309 4.40393 4.51258 4.49991 4.65061 4.50249 4.68984 4.38938
4.23874 4.25065 4.22336 4.22683 4.24804 4.23897 4.29684 4.21152 4.18516 4.17524 4.17097 4.18369 4.19444 4.21111 4.50968 4.57158 4.55191 4.53978 4.51649 4.54147
7.74565 7.72158 7.73545 7.73912 7.72673 7.73954 7.70456 7.81235 7.7778 7.77077 7.76394 7.74678 7.75091 7.75885 7.7772 7.72847 7.75612 7.74678 7.74231 7.72612
93.6228 93.2905 93.5472 93.212 93.4846 93.3572 93.3698 92.7911 93.0019 93.1827 92.8713 92.7944 93.178 93.2304 93.2989 92.9571 92.8684 93.4954 93.1925 92.6221
75.7711 75.7047 75.7105 75.6369 75.6345 75.6817 75.5419 75.0634 75.3621 75.2336 75.459 74.9539 75.1843 75.2038 76.1368 75.3332 75.6473 75.6831 75.2075 75.54
73.0839 73.0949 73.1216 73.1977 72.9726 73.0877 72.981 73.265 73.63 73.5577 73.4051 74.2913 72.9041 73.5144 74.3611 73.4013 74.2512 73.305 73.2694 73.5815
82.2384 82.4107 82.2606 82.5057 82.2781 82.3729 82.2702 82.8218 82.7043 82.6556 82.62 82.7818 82.3604 82.402 81.9291 82.621 82.9255 82.4088 82.6441 82.8556
66.0664 65.9012 65.9502 65.8711 65.9572 65.9157 65.9166 65.7692 65.9011 65.8975 65.928 66.0305 65.9757 66.217 66.0354 65.8462 66.0496 65.8769 65.9294 65.9616
135.451 135.828 135.529 135.928 135.507 135.927 135.519 137.438 136.639 136.661 136.155 136.793 135.507 136.34 137.376 136.547 137.056 136.223 136.75 136.591
12.8579 12.8641 12.7504 12.7463 12.6404 12.8737 12.6517 12.2376 12.4985 12.6349 12.6001 12.2523 12.8828 12.7198 12.6339 12.4511 12.5118 12.4864 12.5356 12.422
5.74883 5.72593 5.73882 5.71564 5.73114 5.72684 5.69865 5.66448 5.68328 5.67237 5.69923 5.66204 5.64559 5.6938 5.84134 5.86169 5.89006 5.89775 5.84754 5.88041
4.62657 4.61213 4.62837 4.63691 4.61534 4.62109 4.60783 4.28579 4.30168 4.30329 4.27556 4.37226 4.28129 4.36636 4.74578 4.60882 4.70013 4.62794 4.55975 4.59873
4.53224 4.53108 4.54323 4.54405 4.53302 4.53501 4.54726 4.49827 4.50387 4.49576 4.46734 4.5818 4.46456 4.51478 4.64242 4.55631 4.55564 4.57638 4.56554 4.5693
4.53437 4.52954 4.54012 4.52739 4.52833 4.53161 4.53473 4.51138 4.50399 4.50237 4.51612 4.49926 4.51932 4.53391 4.55241 4.54045 4.54072 4.55747 4.56889 4.53459
4.42669 4.51261 4.46018 4.52714 4.48784 4.50868 4.48605 4.5136 4.47954 4.43601 4.48296 4.34957 4.36455 4.32995 4.77846 4.71041 4.71641 4.70051 4.75662 4.75574
4.35176 4.36007 4.34683 4.34062 4.35684 4.3554 4.36966 4.27249 4.3197 4.31072 4.30409 4.30114 4.28734 4.29075 4.45161 4.39478 4.43266 4.43558 4.45121 4.37683
7.48393 7.53718 7.51142 7.56271 7.48052 7.55421 7.51648 7.68082 7.67379 7.63681 7.68931 7.65907 7.62347 7.58018 7.78748 7.72596 7.69028 7.5489 7.86547 7.69115
146.117 146.322 146.624 146.541 146.071 146.521 147.026 147.302 147.046 147.2 146.143 146.254 146.785 146.922 146.627 146.221 145.91 144.487 146.804 146.859
93.302 93.2131 93.3596 93.3308 93.3056 93.2915 93.1811 93.4434 93.57 93.7459 93.5709 93.4257 93.5581 93.8924 92.9013 93.4639 93.2607 93.3258 93.4741 92.8056
75.7552 75.7087 75.7373 75.7807 75.723 75.7751 75.7296 75.5389 75.3789 75.3279 75.41 75.445 75.1765 75.3286 75.5538 75.7966 75.564 75.787 75.8179 75.7406
71.8733 72.1839 71.9944 71.6806 71.9147 71.9253 71.8619 72.1401 71.9442 71.918 72.1062 72.0295 72.2604 72.3609 73.9037 72.3422 72.2964 72.0308 71.7659 72.4898
82.4174 82.4714 82.4323 82.3193 82.3833 82.4354 82.3669 82.4918 82.32 82.263 82.6157 82.5402 82.3139 82.1882 83.0936 82.3996 82.3816 82.4034 82.1267 82.5616
102.73 102.838 102.615 102.651 102.676 102.752 102.758 103.379 103.314 103.435 103.34 103.145 103.557 103.275 102.98 103.443 103.2 103.233 103.517 103.147
64.9725 64.9318 64.9353 64.925 64.9087 64.9215 64.8542 64.9158 64.9792 64.9468 65.0791 64.9453 64.8424 64.9686 65.617 65.033 64.871 65.0371 64.9041 64.7687
141.251 141.322 141.026 141.133 141.06 141.193 141.147 141.202 141.028 141.06 141.037 141.106 140.848 141.112 142.869 141.871 141.699 141.57 141.598 141.504
5.61105 5.62158 5.6084 5.60473 5.60597 5.61214 5.61392 5.59678 5.61382 5.61756 5.62069 5.62853 5.56157 5.63051 5.66968 5.60333 5.64966 5.59623 5.5799 5.58815
4.43225 4.43001 4.45468 4.44015 4.44082 4.43565 4.43461 4.28183 4.30563 4.35773 4.32331 4.30323 4.46504 4.38198 4.79646 4.49479 4.53426 4.46316 4.46204 4.42895
14.0391 13.8767 14.0176 13.9867 13.9253 14.0898 13.5699 13.5665 13.4529 13.6175 13.4849 13.4466 13.2914 13.2241 15.144 13.4622 13.6417 13.6008 13.4817 13.4874
4.5891 4.57585 4.59104 4.59342 4.58328 4.58358 4.58491 4.55755 4.5893 4.58015 4.59458 4.57849 4.52795 4.56274 4.75036 4.67383 4.71711 4.69805 4.69952 4.69068
4.43115 4.43248 4.4304 4.43164 4.4294 4.43315 4.43759 4.44198 4.42022 4.42441 4.41096 4.41597 4.44984 4.38822 4.4892 4.48 4.47333 4.51268 4.49031 4.4724
5.06037 5.03309 5.02809 5.01333 5.01134 5.05255 5.09199 5.35599 5.26069 5.28955 5.31489 5.42119 5.27649 5.33115 5.62178 5.20654 5.13611 5.09769 5.13845 5.03641
4.41058 4.41302 4.40472 4.4103 4.40975 4.4132 4.4139 4.35916 4.33166 4.32033 4.33129 4.32098 4.35991 4.33779 4.47075 4.43699 4.61655 4.61802 4.56811 4.55848
4.25519 4.25754 4.2542 4.25807 4.25822 4.25414 4.26074 4.26164 4.29681 4.2934 4.24079 4.31593 4.2807 4.27936 4.40508 4.31815 4.37283 4.30339 4.32778 4.36365
7.71176 7.70379 7.70701 7.7221 7.70912 7.70622 7.7134 7.76281 7.7485 7.71784 7.74858 7.77673 7.73123 7.71872 7.81771 7.71441 7.71564 7.68812 7.72948 7.68342
163.048 162.903 163.311 163.158 163.562 162.908 162.35 161.63 161.925 161.793 161.849 161.917 159.633 162.263 170.218 161.461 163.105 162.467 161.559 161.706
92.695 92.7744 92.7614 92.7188 92.8149 92.6765 92.7813 92.7924 92.883 92.8589 92.8156 92.8352 92.698 92.5231 91.8391 92.4666 92.6723 92.3257 92.2852 92.3796
75.3635 75.3753 75.4591 75.3624 75.3909 75.4177 75.378 75.7733 75.6986 75.7318 75.3826 75.3753 74.7112 74.7309 76.074 75.4821 75.4023 75.5459 75.548 76.4377
72.6502 72.7144 73.0622 72.8523 72.724 72.7875 72.6536 72.1344 72.3083 72.5716 72.6417 72.352 72.3768 73.1852 74.7037 73.3233 72.8036 73.2677 73.1225 73.3185
82.3526 82.332 82.5105 82.3875 82.2724 82.4068 82.2443 82.0115 81.9992 82.1076 82.3391 81.9199 82.0994 81.9726 80.7636 82.6502 82.2069 82.7679 82.3516 82.4331
65.7151 65.7854 65.9476 65.6417 65.7524 65.679 65.8045 65.6461 65.6999 65.92 65.8707 65.9315 65.8352 65.7622 67.3358 65.7063 66.4693 65.461 65.2302 65.6573
135.945 136.091 136.226 135.974 135.92 136.255 136.017 136.361 136.318 136.537 136.214 136.642 135.947 136.391 138.085 136.762 136.205 136.767 136.495 137.622
12.3859 12.4194 12.0892 12.2331 12.2375 12.3614 12.3819 12.6942 12.5535 12.446 12.0434 12.1555 11.8468 12.3977 13.4332 12.2347 12.2181 12.2522 12.3091 12.255
5.71747 5.70988 5.72041 5.71693 5.70867 5.72273 5.70286 5.68767 5.69072 5.68632 5.71202 5.70224 5.68062 5.70666 6.29006 5.88668 5.85358 5.88742 5.89242 5.89036
4.56859 4.57878 4.56876 4.57708 4.57251 4.58204 4.57463 4.22626 4.23311 4.23518 4.24117 4.23462 4.53292 4.45219 4.57555 4.58752 4.56396 4.61462 4.56173 4.51456
4.5647 4.56676 4.57738 4.57416 4.57272 4.56778 4.57085 4.49687 4.52693 4.53615 4.54136 4.5741 4.59565 4.6333 4.71156 4.59856 4.59291 4.56451 4.5788 4.60573
4.531 4.53263 4.52935 4.53066 4.52914 4.5314 4.53443 4.50949 4.52641 4.49552 4.52432 4.49983 4.48895 4.49277 4.71244 4.5419 4.55624 4.55084 4.57652 4.57496
4.45459 4.45812 4.4143 4.44317 4.45588 4.42903 4.48204 4.4002 4.40914 4.42981 4.42549 4.49553 4.48139 4.48211 5.09841 4.55919 4.83248 4.39658 4.47462 4.68669
4.36607 4.36389 4.31934 4.3654 4.358 4.35441 4.36187 4.28629 4.3341 4.33118 4.3352 4.34263 4.34889 4.30629 4.42657 4.34826 4.35536 4.33223 4.37031 4.408
7.64695 7.64879 7.65209 7.61814 7.61661 7.65395 7.64715 7.69776 7.69504 7.71112 7.71914 7.71528 7.62171 7.57153 7.94937 7.72381 7.76248 7.67699 7.70413 7.95746
147.094 147.327 146.721 147.104 146.957 147.448 147.58 148.453 148.257 147.974 147.513 147.377 146.678 147.533 148.338 147.362 146.931 147.941 146.718 147.195
93.99 93.9789 94.1194 94.0091 94.0235 94.0433 94.0311 94.0178 94.1051 94.2332 94.0471 94.1075 93.7831 94.0056 92.8995 93.8983 94.2474 93.6788 93.0964 93.7019
75.3649 75.3174 75.1517 74.8267 75.3803 75.4361 75.2743 75.0098 74.9392 74.9472 74.9791 75.2376 75.3255 75.0254 75.8597 75.4737 75.5317 75.3674 75.8848 75.3456
71.5864 71.7154 72.4974 71.9846 71.528 71.4517 71.8273 72.2588 72.0684 72.1139 71.8457 71.9222 72.7698 71.9615 72.4733 71.8581 71.9553 73.0365 71.5894 72.6123
82.456 82.517 82.7139 82.4862 82.4481 82.4566 82.4834 82.4948 82.3828 82.3917 82.4099 82.3653 82.5868 82.6032 81.2311 82.6906 82.6509 82.6644 82.3379 82.1266
94.9348 94.7484 95.1628 95.3192 95.5326 95.5999 95.1716 97.2681 97.2323 97.5692 96.9964 96.7188 97.1435 96.6643 101.204 96.6667 97.3568 96.986 97.0425 100.11
65.2598 65.2666 65.4072 65.2106 65.2145 65.1356 65.2535 64.8463 65.0906 64.9683 65.1287 64.9253 65.0256 64.9505 65.3399 64.995 64.871 65.1192 64.2832 64.718
140.737 140.527 141.092 140.843 140.755 140.772 140.716 140.812 140.92 140.99 140.704 140.82 140.605 140.608 142.306 141.25 141.186 141.774 141.688 142.539
5.56369 5.56429 5.55507 5.54765 5.57241 5.57419 5.56329 5.50627 5.52936 5.51736 5.54691 5.5451 5.53404 5.51209 5.7251 5.59867 5.60752 5.58065 5.63477 5.38687
4.40084 4.41303 4.57285 4.41152 4.40767 4.41578 4.41206 4.29442 4.34302 4.33015 4.29179 4.31269 4.17069 4.27761 4.26616 4.39212 4.40957 4.37307 4.47809 4.27083
4.4432 4.43533 4.33941 4.45375 4.45272 4.46264 4.44284 4.39786 4.40799 4.39403 4.41368 4.40546 4.39614 4.40067 4.44704 4.43016 4.41341 4.40471 4.49458 4.40067
4.37577 4.37699 4.38608 4.37597 4.37957 4.38564 4.37641 4.37847 4.37145 4.36987 4.35989 4.39161 4.35781 4.38639 4.45593 4.42077 4.42205 4.42078 4.44044 4.54079
4.92276 4.89954 5.22053 4.97123 5.02114 5.04109 4.98931 5.36657 5.32159 5.3531 5.26563 5.18561 5.11161 5.00682 5.72201 5.09429 5.21216 5.21873 5.06148 5.74377
4.6046 4.59837 4.53931 4.62545 4.61725 4.61245 4.61284 4.48169 4.4367 4.46434 4.44334 4.47334 4.38467 4.47935 4.54905 4.57252 4.5156 4.50893 4.72701 4.77704
4.22763 4.22269 4.23865 4.23136 4.23753 4.24277 4.23054 4.18827 4.22977 4.22963 4.24288 4.23686 4.23657 4.19841 4.65534 4.57058 4.5735 4.58009 4.69851 4.59023
7.55278 7.54996 7.60723 7.53482 7.53818 7.53226 7.54981 7.63197 7.61517 7.61509 7.59589 7.58635 7.6262 7.56538 7.66248 7.6016 7.637 7.67084 7.59565 7.74129
93.9217 93.979 94.3556 94.2369 93.9475 94.289 93.9746 93.9536 94.1852 94.1139 94.4279 94.1387 94.2703 94.3177 93.1132 93.498 93.8518 93.3617 93.0554 89.8847
75.4101 75.4375 75.8939 74.8515 75.2523 74.4505 75.3068 75.6321 75.4514 75.5566 75.6633 75.1314 75.0113 75.4132 75.558 75.8215 76.0446 74.9504 75.7749 76.34
74.1999 74.2963 72.0712 72.8821 73.8125 71.5779 73.9086 72.1471 72.0836 71.7697 71.2768 71.7801 73.0445 72.3938 72.6385 73.239 72.0338 74.0059 69.7767 74.0025
83.1553 82.9438 80.9937 82.415 83.0258 82.6339 83.0874 82.9842 82.7364 82.6879 82.8353 83.1 83.0286 81.7595 82.9716 82.9354 83.117 84.1679 82.4885 83.3388
102.395 101.876 103.751 102.652 102.62 102.974 102.22 102.432 102.119 102.069 101.309 101.546 103.431 100.677 104.878 104.02 104.777 106.52 107.596 106.25
65.0702 65.0602 64.6974 65.1409 65.079 64.447 65.0905 65.2026 65.4281 65.2394 65.0815 64.6771 64.7924 64.4211 64.8101 65.1247 64.7972 65.6663 64.7534 66.3401
141.751 141.684 142.33 141.583 141.691 141.131 141.731 142.107 142.182 142.221 142.084 141.896 142.222 141.87 142.59 142.611 142.388 143.609 142.6 143.42
5.99348 5.94869 5.64824 6.22782 5.94258 5.68005 6.01201 5.56351 5.55257 5.56267 5.56347 5.52712 5.53331 5.48013 5.59113 5.55365 5.60726 5.37042 5.57746 6.11479
3.79208 3.6797 3.71986 3.87168 3.87911 3.80037 3.80425 4.04009 4.1503 4.07706 3.85692 4.1651 4.14615 4.13662 4.20085 4.26349 4.30495 4.32319 4.39007 4.51531
11.8666 11.8422 12.0283 11.7393 11.7544 11.7829 11.7429 11.7068 11.7644 11.724 11.6366 11.7957 11.7842 11.668 11.5337 10.8009 11.736 11.6778 10.9585 11.5406
4.46252 4.45524 4.71355 4.51568 4.47941 4.60129 4.48101 4.43598 4.42938 4.40596 4.39511 4.46575 4.38188 4.39728 4.67028 4.46317 4.53188 4.5135 4.62508 4.58766
4.33873 4.3528 4.50322 4.36317 4.3421 4.50167 4.32245 4.06672 4.20533 4.13912 4.13125 4.2056 4.2791 4.32216 4.49362 4.4737 4.46986 4.53527 4.45711 4.56276
5.44176 5.39981 5.46118 5.50988 5.49133 5.52474 5.4427 5.53365 5.49814 5.48321 5.46775 5.48817 5.40606 5.21598 5.45619 5.4778 5.49845 5.68914 5.70547 5.67366
4.53948 4.48626 3.88329 4.29165 4.49549 4.45283 4.49164 4.71624 4.55976 4.6188 4.56098 4.57737 4.27281 4.36047 4.5777 4.66866 4.39839 4.63375 4.61848 4.9415
4.26058 4.26646 4.33382 4.29746 4.26632 4.25772 4.28103 4.06202 4.13947 4.14143 4.19891 4.14146 4.21994 4.23396 4.43976 4.34788 4.33445 4.44537 4.45859 4.61833
7.85229 7.85545 7.91652 7.91123 7.87361 7.91771 7.85306 7.86706 7.87638 7.86843 7.87896 7.90908 7.84845 7.8733 7.77776 7.84378 7.74346 7.85182 7.84852 7.76119
157.997 157.624 157.435 158.296 158.451 158.793 157.877 159.474 160.21 160.503 162.363 162.28 163.951 162.117 157.365 157.974 158.555 158.546 158.586 158.206
91.5158 91.2503 91.8 92.2704 91.7283 92.7448 91.4535 90.7414 90.4464 90.6674 91.0882 92.1787 91.5012 91.2315 92.2224 90.7276 93.1964 93.122 94.0092 91.5988
75.1161 75.2867 75.378 74.9042 75.1537 74.6338 75.1913 74.9214 75.4568 75.3025 75.1731 75.4552 75.4384 75.9066 75.8558 75.2766 75.619 75.8463 75.4368 75.703
76.7893 76.146 75.6037 76.0986 76.6219 75.1421 76.1941 76.4445 76.0088 75.9046 75.4931 75.4259 75.3189 75.2249 73.9644 75.3154 72.0838 72.7303 72.1785 75.9339
85.0792 85.2214 84.4848 84.7867 84.9228 84.1545 85.0911 84.7682 84.5534 84.6591 84.1849 83.8982 83.9259 83.7761 82.2462 83.1777 82.1485 83.6188 82.3107 83.6595
104.086 103.797 104.425 103.907 104.183 104.979 103.866 105.817 105.304 105.3 105.135 104.811 105.43 105.034 104.831 106.725 104.511 105.404 104.747 103.822
65.8161 65.8661 66.1139 66.546 65.9093 66.4158 65.7477 67.4193 66.5969 66.9215 66.869 67.0509 67.5765 66.8039 64.6992 66.7793 64.872 66.7668 64.9246 66.2193
144.524 144.687 144.563 143.878 144.608 143.58 144.539 144.844 144.529 144.607 144.775 143.795 143.799 143.709 143.478 144.305 142.704 143.319 142.965 143.502
5.68264 5.69407 5.65821 5.65045 5.66211 5.56589 5.68582 5.94245 6.05792 5.94387 5.87304 5.82059 6.08284 6.02588 5.75801 5.99092 5.45854 5.60704 5.63153 5.97711
4.68896 4.54429 4.63066 4.60715 4.67989 4.51079 4.60063 4.4812 4.40463 4.41063 4.43711 4.38813 4.40284 4.24212 3.94578 4.3368 4.51609 4.42606 4.57469 4.41367
4.25028 4.30736 4.2372 4.27105 4.2654 4.31942 4.30133 4.29951 4.40898 4.41689 4.39458 4.44339 4.45785 4.44411 4.30715 4.44295 4.589 4.63143 4.71677 4.54177
4.37141 4.38128 4.37073 4.36629 4.36725 4.37124 4.37218 4.33681 4.36349 4.32535 4.361 4.37937 4.34315 4.47321 4.50167 4.51798 4.46657 4.45985 4.53511 4.5104
5.88699 6.04074 5.98791 5.92261 5.88633 5.97131 5.94223 6.00618 5.88509 5.91594 5.86013 5.81452 5.81394 5.81145 5.69131 5.7108 5.66426 5.6475 5.46976 6.07028
4.41788 4.36632 4.74211 4.50213 4.39892 4.44559 4.38022 4.83419 4.5168 4.99223 4.18979 4.43259 4.58775 4.45448 4.59127 4.64785 4.53229 4.44398 4.41492 4.45442
4.11894 4.08203 4.15386 4.05522 4.11004 4.11361 4.10578 3.84714 4.20128 4.18628 4.17145 4.20302 4.302 4.28027 4.52675 4.30207 4.2932 4.39147 4.37444 4.27606
8.24126 8.29791 8.11449 8.14375 8.22675 8.13956 8.2462 8.10216 8.02883 8.04488 8.07889 7.99699 7.9712 7.97647 7.85484 7.91184 7.87343 7.91355 7.73229 7.93597
92.0143 91.9994 91.8589 92.0313 92.4858 92.0327 92.011 92.3988 92.5506 92.5627 92.7902 91.958 92.099 91.6168 92.0992 92.7926 90.8703 92.8027 93.8711 92.2534
76.5478 76.5533 76.3963 76.5496 76.543 76.556 76.5459 76.7624 76.7535 76.9615 77.0426 76.6039 76.576 76.596 76.1922 75.9082 76.6315 75.684 76.1353 76.5925
75.5814 75.3215 75.7003 75.4348 75.8975 75.4801 75.421 75.3714 75.3481 75.1555 74.3242 74.7156 74.8225 74.7279 73.7233 71.5483 74.0144 73.0805 73.3895 74.3459
83.9861 83.7665 84.0407 84.0905 84.0328 83.8809 83.8974 83.612 83.3585 83.1158 83.0211 82.9512 83.0136 82.859 83.543 83.2833 82.2274 82.8592 82.8881 84.0877
98.214 96.1334 95.8194 96.2979 98.3529 96.2826 96.3747 101.444 101.595 100.875 99.5746 99.1093 100.191 100.092 99.1832 97.0032 102.059 98.5816 99.3913 104.587
69.129 69.6389 69.3167 69.9791 69.8537 70.1441 69.7485 68.0952 68.4112 68.8517 68.7004 66.4963 66.1621 66.1305 67.3125 64.7794 68.1718 65.5557 66.3595 66.398
142.744 142.788 142.603 142.603 142.683 142.567 142.76 143.86 143.589 143.636 143.439 143.157 143.344 143.245 142.575 142.414 143.385 142.479 142.316 144.035
5.7994 5.77298 5.79393 5.76989 5.81622 5.75889 5.76149 5.79327 5.77503 5.73169 5.69685 5.77874 5.83647 5.82668 5.70492 5.70988 5.90863 5.72126 5.49478 5.7486
4.35125 4.31929 4.36875 4.31293 4.37426 4.31553 4.31914 4.28955 4.25571 4.2633 4.23394 4.37026 4.375 4.22688 4.41534 4.52679 4.23131 4.57853 4.41514 4.35324
4.48928 4.46584 4.45732 4.4589 4.54515 4.47984 4.46582 4.40043 4.42978 4.43693 4.42533 4.44137 4.43303 4.45455 4.54923 4.47143 4.52297 4.51666 4.4519 4.5789
4.19075 4.20375 4.13514 4.17186 4.04895 4.22089 4.18385 4.28962 4.35804 4.49118 4.28819 4.34902 4.33679 4.33941 4.37078 4.40899 4.42548 4.3224 4.39468 4.41526
6.27688 6.29104 6.31441 6.26268 6.25806 6.21666 6.27281 6.02944 5.97931 5.96017 5.88889 6.05791 6.04438 5.93022 5.47049 5.83222 5.75422 5.77911 5.80925 7.12488
3.75413 3.4713 2.95471 3.08143 3.74145 3.33911 3.22583 3.9033 4.26312 4.22775 4.26242 4.26935 4.16149 4.18682 4.52798 4.60708 4.50289 4.55797 4.64497 4.4254
3.95301 4.00149 3.96295 3.99713 3.88382 4.00621 3.98042 4.11291 4.19059 4.22409 4.16443 4.12713 4.12803 4.13008 4.52779 4.5217 4.57527 4.47218 4.51982 4.68428
7.87837 7.85651 7.8243 7.82228 7.87902 7.83448 7.84246 7.7913 7.77664 7.80888 7.8568 7.92156 7.86352 7.93685 7.83674 7.91213 7.73731 7.84193 7.81088 7.73124
92.9295 92.9584 92.4367 93.0119 92.8978 93.0971 92.8644 92.3154 92.3534 92.5321 92.5255 92.5064 92.6467 92.3857 89.9846 92.3496 92.2828 89.8821 92.1638 91.6365
75.6341 75.5329 75.8203 75.5591 75.3327 75.47 75.6893 75.7691 75.6978 75.7491 75.7472 75.751 75.6133 75.6024 75.1386 76.0928 76.1429 76.1627 76.29 76.0434
76.3193 76.3942 77.5231 76.4703 76.1558 76.0596 76.312 75.8352 75.3139 75.1561 74.9079 74.4379 74.5046 73.6987 76.3646 72.4023 73.349 74.4156 72.4252 75.3314
84.778 84.7643 84.9692 84.8208 84.8011 84.7228 84.7917 84.7658 84.4038 84.4261 84.2025 84.3381 84.0147 83.7454 83.8859 81.3059 82.9434 83.9699 83.426 83.8281
68.8954 69.2275 69.6158 69.1711 67.7067 69.111 69.0582 68.1784 68.4468 68.2865 68.0849 68.286 68.2289 67.3832 67.3207 65.3335 66.2794 67.1818 66.847 66.4928
142.046 141.382 141.799 141.908 142.69 141.383 141.681 141.291 140.325 140.657 140.743 139.074 139.165 139.123 137.868 126.533 138.181 139.982 137.734 139.917
10.153 10.1026 9.53932 10.376 10.067 10.2449 10.1403 8.85228 9.92978 9.64315 10.0942 10.8426 10.1288 9.78977 8.26706 10.3296 10.8895 10.7555 11.021 11.014
5.89873 5.90189 5.88504 5.90457 5.91753 5.8922 5.89881 5.86039 5.81455 5.81816 5.79552 5.84592 5.86642 5.84393 6.44745 5.78219 5.96589 6.09754 5.96177 5.86731
4.84642 4.86783 4.83376 4.87432 4.93228 4.87898 4.81313 4.42866 4.4163 4.40493 4.37905 4.31619 4.33248 4.35964 4.70464 4.56909 4.63792 4.58716 4.51655 4.58964
6.05839 6.17571 7.2847 6.22719 5.62746 6.06111 5.96141 5.29567 5.07976 5.09851 5.02162 4.79093 4.78934 4.67782 18.9161 4.57469 4.68129 4.77425 4.5865 4.62747
4.45772 4.45417 4.43539 4.45425 4.49173 4.45936 4.4585 4.47151 4.45158 4.43909 4.43386 4.49305 4.44529 4.42222 9.66326 4.57454 4.56083 4.50945 4.5353 4.65368
4.56028 4.58788 4.6371 4.57748 4.4386 4.58295 4.57024 4.56183 4.60519 4.59054 4.59183 4.52415 4.53688 4.61274 4.79052 4.86325 4.83112 4.92176 4.68014 4.6728
4.48748 4.53807 4.63321 4.53101 4.27959 4.54466 4.47531 4.33048 4.44973 4.493 4.36906 4.3878 4.3153 4.2506 4.22958 4.54592 4.48656 4.53093 4.35998 4.47114
8.05022 7.982 8.06588 8.03173 8.12296 7.99369 8.01945 7.99546 7.89919 7.91355 7.94504 7.69506 7.68383 7.69966 7.56313 9.23503 7.89537 7.7174 7.33813 8.11874
142.47 142.58 143.067 143.063 142.25 143.357 142.905 142.667 142.029 141.77 142.23 142.796 142.25 142.525 145.484 146.545 145.545 146.876 143.49 145.579
93.5827 93.6711 93.0694 93.6095 93.7896 93.6926 93.491 92.7863 93.2029 93.258 93.1603 93.1637 93.2801 93.1006 92.4715 92.4959 93.0781 93.007 93.1444 92.618
75.0561 74.9894 75.1128 74.9834 75.0194 74.989 75.1199 75.1324 75.153 75.0728 75.3568 75.4142 75.2618 75.4076 75.0952 75.7259 75.3625 76.0844 75.5967 74.809
72.019 71.8426 72.3442 72.0316 72.0061 72.2043 72.1043 73.514 73.243 73.2348 73.4536 72.6461 72.8894 73.1241 74.7512 73.1257 73.073 73.1977 71.9761 74.9344
81.8701 81.8539 82.1158 81.7661 81.8244 81.8391 81.9059 82.6705 82.3852 82.3814 82.4145 82.2212 82.1112 82.2708 83.5937 82.3667 82.3252 81.0311 82.0798 84.323
65.8825 65.9475 66.0705 65.8898 65.9167 65.9015 65.8974 66.0277 65.9089 65.877 65.9251 65.8346 65.8739 65.6819 67.7112 65.8229 66.0859 65.5745 65.6954 67.2887
135.317 134.847 136.305 135.273 135.268 135.287 135.536 136.706 136.351 136.299 136.083 135.834 135.891 135.901 139.475 136.495 137.736 137.548 137.132 139.322
12.9728 13.0304 13.169 12.9883 12.9045 12.9026 12.8253 13.0472 12.9105 12.9632 12.4604 12.3584 12.5051 12.3767 13.0234 12.9895 12.8267 12.8269 12.7648 12.1678
5.45485 5.41562 5.30753 5.44542 5.36662 5.39075 5.4867 5.51312 5.38253 5.36817 5.42303 5.46398 5.40628 5.36911 5.90698 5.98731 5.70433 5.65759 5.75254 5.8705
4.59957 4.59072 4.59524 4.60494 4.60358 4.61728 4.59488 4.27122 4.27036 4.26027 4.26981 4.23284 4.24164 4.2966 4.65842 4.56106 4.57003 4.5112 4.57748 4.47398
4.5364 4.53681 4.53231 4.55019 4.53815 4.54531 4.54972 4.57226 4.51062 4.49565 4.53545 4.44934 4.43909 4.48686 17.9794 4.58355 4.58625 4.65961 4.56969 4.66874
4.56007 4.55842 4.52168 4.56431 4.54905 4.55708 4.55889 4.50294 4.49675 4.49898 4.51124 4.52166 4.52965 4.51293 9.14436 4.53676 4.54723 4.68175 4.56003 4.96128
4.5428 4.54102 4.53245 4.54669 4.50987 4.53709 4.54602 4.41013 4.44471 4.44729 4.44109 4.47399 4.4809 4.47574 4.78322 4.77037 4.68796 4.76135 4.7669 5.3597
4.35366 4.36751 4.34481 4.36415 4.35397 4.35627 4.36191 4.28744 4.25016 4.26939 4.22633 4.2713 4.28888 4.21414 4.55137 4.35791 4.52095 4.42088 4.47695 4.30144
7.85911 7.80979 7.92765 7.85873 7.68474 7.68036 7.87491 7.6255 7.44173 7.4024 7.35863 7.35588 7.48442 7.2258 7.89654 7.75482 7.81947 8.03278 7.83808 7.98512
148.567 148.837 147.874 148.658 148.432 148.927 148.759 147.844 148.311 148.168 147.993 147.72 147.533 147.142 145.535 149.166 147.856 148.993 147.027 147.478
93.7889 93.7183 93.7792 93.7438 93.7373 93.8351 93.8392 93.2477 93.5311 93.5868 93.4804 93.4974 93.5371 93.5497 92.9827 93.2313 93.4421 93.147 93.5632 94.0638
75.6337 75.6407 75.6118 75.6368 75.7005 75.6137 75.6521 75.5238 75.4541 75.4498 75.5993 75.4483 75.5879 75.3449 74.6968 75.9401 75.7063 75.9022 75.6494 75.147
71.9509 72.1396 71.8896 71.9774 71.9017 71.9593 72.0766 72.5757 72.4982 72.4069 72.6459 72.6099 72.4585 72.6284 72.4345 71.5204 72.6362 71.9583 72.2838 71.7879
82.2354 82.3082 82.2729 82.1834 82.2969 82.2768 82.2251 82.6815 82.5752 82.5787 82.5654 82.6719 82.7035 82.4733 81.8375 82.3991 82.7338 82.1247 82.2279 81.2139
95.1183 95.5352 94.796 95.3369 94.6622 95.0185 95.6483 97.0842 97.2709 96.9308 97.1994 97.4536 96.9076 98.4763 99.8286 96.6248 99.1055 96.3276 99.1913 97.0525
64.8443 64.8465 64.792 64.7537 64.9332 64.8771 64.823 64.9901 64.966 65.0821 64.9342 65.0207 65.122 65.2152 64.7667 64.8191 65.2678 64.6481 64.6382 66.295
140.304 140.067 140.631 140.221 140.392 140.369 140.256 140.331 140.411 140.6 140.474 140.502 140.592 140.578 142.085 140.93 141.488 141.125 140.842 141.051
5.54819 5.53659 5.54903 5.53558 5.54289 5.55588 5.54493 5.53026 5.51994 5.51897 5.49211 5.49239 5.49193 5.45721 6.07003 5.61122 5.55395 5.63578 5.48046 5.6254
4.50218 4.49363 4.47888 4.49501 4.50297 4.49843 4.49692 4.38523 4.36833 4.36369 4.3379 4.34765 4.19205 4.34583 4.16153 4.47513 4.42597 4.51542 4.40613 4.45069
4.52649 4.51793 4.51898 4.52534 4.52435 4.5266 4.53093 4.49443 4.50451 4.50174 4.49458 4.48524 4.46868 4.50971 5.06631 4.50453 4.47688 4.57027 4.47351 4.59068
4.33902 4.34122 4.33734 4.34688 4.33892 4.33781 4.34263 4.33934 4.32008 4.30901 4.32332 4.30534 4.3081 4.31585 4.23523 4.3887 4.34547 4.45004 4.37057 4.68649
5.02283 5.0272 5.06643 5.0578 4.99477 5.03855 5.09656 5.27456 5.16859 5.15678 5.29985 5.27142 5.24894 5.49624 5.71104 5.14428 5.39738 5.06792 5.50367 5.41791
4.54294 4.56131 4.55125 4.59863 4.5553 4.56402 4.54007 4.37822 4.37676 4.34169 4.38315 4.3454 4.32519 4.31155 4.60991 4.62227 4.61264 4.58366 4.65086 4.35593
4.24201 4.22981 4.22321 4.24532 4.22514 4.23951 4.25721 4.14226 4.16022 4.17284 4.17387 4.14543 4.15302 4.21816 4.55275 4.46267 4.60092 4.49902 4.46934 4.18707
7.50128 7.42555 7.55442 7.48527 7.50271 7.51328 7.50584 7.50792 7.5233 7.54999 7.52598 7.52953 7.57037 7.55657 7.69402 7.54685 7.64997 7.54937 7.52813 7.69379
93.4375 93.2477 93.3401 93.3821 93.4466 93.3553 93.3095 92.9363 93.0293 93.0808 93.0701 93.0062 93.1531 92.6907 91.9312 92.6309 92.8214 92.5101 92.5416 92.8696
153.443 153.221 153.655 153.31 153.177 153.484 153.388 153.749 153.781 153.972 154.002 154.068 154.025 153.624 154.356 153.558 153.578 153.619 153.827 153.713
75.9453 75.8753 75.7723 75.7622 75.806 75.9087 75.8737 75.869 75.7895 75.737 75.5859 75.7508 75.5229 75.517 75.4885 75.5602 75.6796 75.6094 75.8443 75.6355
72.6701 72.5403 72.4313 72.6666 72.513 72.5465 72.9894 73.1687 73.0181 73.2128 73.11 72.8642 73.0567 73.1285 72.9603 72.8015 72.7003 73.0533 73.1464 73.1999
81.8969 81.9019 82.0517 81.979 81.8515 81.9078 82.084 82.3664 82.4021 82.4269 82.4988 82.5123 81.9743 82.603 83.2182 82.2849 82.2294 82.2891 82.3571 82.1977
65.4283 65.3729 65.3741 65.3832 65.3813 65.4559 65.4934 65.3537 65.3757 65.4864 65.1775 65.2469 65.2327 65.0134 65.9365 65.2377 65.3227 65.4001 65.5175 65.793
137.918 138.4 137.803 137.618 137.571 138.294 138.402 138.942 138.873 139.087 138.933 138.993 138.199 139.509 139.606 138.252 139.43 138.603 139.131 139.209
6.06405 6.05503 6.04241 6.05442 6.07295 6.04022 6.0334 5.92987 5.92969 5.93385 5.93668 5.90023 5.86719 5.9025 6.45102 6.46275 6.43204 6.45247 6.49272 6.42257
7.29943 7.38701 7.20384 7.29049 7.23517 7.35998 7.44842 7.52984 7.49331 7.5037 7.39548 7.56732 7.51834 7.57436 7.72326 6.91939 6.98715 6.91882 7.05815 7.17789
4.52727 4.52805 4.52827 4.51373 4.51813 4.53488 4.54623 4.29633 4.1835 4.18085 4.19005 4.21881 4.25617 4.19473 4.67428 4.64327 4.65965 4.66896 4.54583 4.62261
4.64474 4.62428 4.64186 4.62663 4.62773 4.64362 4.64419 4.62589 4.62617 4.64648 4.64885 4.66147 4.63811 4.62655 4.83672 4.77762 4.81203 4.84033 4.74914 4.91398
4.53725 4.53161 4.5271 4.53227 4.53658 4.53174 4.53561 4.4875 4.47789 4.49023 4.49178 4.4586 4.49565 4.49072 4.60536 4.61394 4.61946 4.6204 4.61521 4.64366
4.491 4.48491 4.5375 4.52233 4.52006 4.489 4.46486 4.56239 4.55295 4.55516 4.56516 4.58053 4.45289 4.5726 4.90356 4.8466 4.68439 4.91086 4.78075 4.60413
4.2941 4.28961 4.28823 4.28904 4.29087 4.2873 4.28939 4.21191 4.21925 4.21788 4.2192 4.23928 4.19502 4.23837 4.44667 4.45496 4.46261 4.47427 4.44443 4.50382
7.79118 7.84708 7.84592 7.76879 7.78833 7.89136 7.85386 8.13318 8.08682 8.09923 8.09701 8.0786 7.95919 8.08599 8.22137 7.91109 7.93958 7.97152 7.99223 8.03926
93.6565 93.6028 93.5247 93.5669 93.5895 93.6167 93.7874 93.3692 93.441 93.6762 93.6343 93.2475 93.383 93.4384 92.887 93.5606 93.7475 93.3352 93.286 93.3802
75.9831 75.9915 76.0532 76.0328 76.0348 75.9664 75.9771 75.5668 75.7875 75.7418 75.8241 75.8872 75.7624 75.9116 75.4099 75.7179 75.8205 75.9576 75.8293 76.1497
72.3745 72.2246 71.8433 72.0604 72.1669 72.369 72.2966 73.3198 72.5363 72.2042 72.6016 72.4031 73.1472 72.49 72.7976 72.3875 72.1443 72.3909 72.6416 72.4869
82.0478 82.1551 82.2576 82.2573 82.1937 82.1163 82.092 82.6101 82.4449 82.2909 82.3622 82.4212 82.6433 82.4343 82.2129 82.3604 82.1231 82.4951 82.3082 82.5368
97.3146 97.2087 95.8879 96.6551 96.9268 97.2803 97.5837 98.2971 97.4681 97.5114 97.4318 97.3492 97.5004 96.9878 98.3236 97.0259 97.1268 98.1076 98.0453 97.437
65.0662 65.0764 65.2319 65.1017 65.0837 65.0856 65.0625 65.2805 65.2506 65.3699 65.5505 65.0002 65.1777 65.3429 65.3689 65.3026 65.3001 65.228 64.6943 65.1175
140.486 140.482 140.499 140.291 140.168 140.39 140.127 140.779 140.468 140.367 140.224 140.705 140.213 140.211 141.261 140.268 140.42 140.795 140.87 140.83
5.47556 5.48841 5.46903 5.4885 5.49229 5.48018 5.44885 5.49483 5.48859 5.49413 5.4929 5.45692 5.53206 5.52871 5.23921 5.55847 5.52264 5.55903 5.54845 5.5671
4.45922 4.46489 4.48086 4.47974 4.4496 4.45706 4.4547 4.56741 4.22856 4.26618 4.22117 4.20686 4.21751 4.22259 4.52095 4.47198 4.45279 4.42124 4.4527 4.41125
4.42423 4.43314 4.43223 4.43254 4.42905 4.4238 4.42838 4.43049 4.43331 4.42036 4.45404 4.43206 4.48807 4.42741 4.42021 4.45191 4.45356 4.45648 4.48727 4.46033
4.37293 4.3654 4.36834 4.36768 4.36916 4.36863 4.36703 4.33685 4.35278 4.35015 4.35956 4.38187 4.3648 4.34826 4.38033 4.40156 4.40112 4.40267 4.42319 4.41328
5.35398 5.3855 5.30475 5.33453 5.26038 5.3137 5.40396 5.58627 5.38582 5.39553 5.32566 5.333 5.35375 5.3034 6.25721 5.18818 5.17973 5.33649 5.26898 5.07024
4.48063 4.50668 4.52216 4.52815 4.51599 4.47626 4.45455 4.2641 4.26507 4.2249 4.18744 4.43178 4.40775 4.20462 4.642 4.38098 4.35736 4.59588 4.67147 4.34191
4.18684 4.19014 4.2056 4.19315 4.19572 4.18435 4.1942 4.15394 4.15738 4.18695 4.16315 4.14569 4.12116 4.13299 4.50599 4.51069 4.50609 4.50568 4.5377 4.52977
7.46515 7.48275 7.49772 7.48656 7.47013 7.45596 7.44765 7.60765 7.48173 7.47872 7.49135 7.48699 7.53181 7.43528 7.53874 7.43829 7.36582 7.49343 7.49542 7.47234
92.9168 92.7775 92.5372 92.5893 92.8235 92.8811 92.9018 92.5204 92.7877 92.7562 92.7275 92.5511 92.395 92.7348 92.5648 92.4719 92.3506 92.7645 91.6572 92.435
75.9321 75.8252 75.9717 75.918 75.7677 75.7689 75.6828 75.6404 75.6242 75.6889 75.7229 75.8086 75.8034 75.777 75.6163 75.6364 75.8981 76.2111 75.7424 75.9921
73.6587 73.6347 73.8041 73.775 73.6389 73.615 73.5757 73.7815 73.2698 73.2478 72.9266 73.8103 72.6561 72.9992 73.4763 73.5705 73.7603 73.6448 74.9138 73.8793
82.2897 82.3787 82.4155 82.4738 82.3864 82.3304 82.4616 82.6107 82.0892 82.1017 82.177 82.2877 82.0253 82.0738 81.6352 82.375 82.4644 82.3848 82.8489 82.5415
66.0954 66.0578 66.0317 66.0338 66.0553 66.0846 66.0764 66.2386 66.0395 66.0621 65.9919 66.0004 66.1628 66.1511 66.0024 66.1387 65.9927 66.2301 66.0387 66.204
136.914 136.643 136.692 136.616 136.643 136.716 136.154 137.105 135.785 135.918 136.033 135.754 136.11 135.614 137.615 136.352 136.358 136.252 136.734 136.904
12.1301 12.2125 12.117 12.0357 12.0742 12.1192 11.792 12.0139 11.868 11.8083 12.1647 12.3238 11.978 12.1344 12.6047 11.9653 11.9465 12.1727 12.4007 12.0623
5.7775 5.77505 5.76394 5.75583 5.78127 5.76932 5.77015 5.6856 5.7007 5.71622 5.74191 5.70242 5.73764 5.71944 5.95667 5.9205 5.91684 5.95547 5.85775 5.91129
4.7367 4.72628 4.7217 4.72509 4.7575 4.74493 4.75287 4.55325 4.38547 4.38744 4.35995 4.35691 4.36315 4.45007 4.78996 4.70933 4.67521 4.72186 4.5329 4.73282
4.62143 4.61791 4.63101 4.61889 4.61198 4.62014 4.60083 4.59271 4.54271 4.50981 4.51402 4.57428 4.50383 4.51118 4.68601 4.64958 4.63026 4.65276 4.64036 4.60676
4.53632 4.5299 4.53251 4.52494 4.5278 4.52839 4.52828 4.47287 4.49227 4.52485 4.51257 4.50277 4.46526 4.50827 4.59927 4.54563 4.5468 4.54694 4.54802 4.53593
4.49684 4.51054 4.52394 4.52064 4.51247 4.48141 4.51282 4.36331 4.37923 4.37484 4.41367 4.41859 4.34286 4.31678 4.78375 4.69078 4.74881 4.73028 4.78011 4.63298
4.32661 4.32421 4.32398 4.31838 4.32383 4.32411 4.31731 4.24843 4.2591 4.28327 4.23397 4.2764 4.23248 4.26148 4.49745 4.38776 4.38805 4.43332 4.35912 4.44881
7.56317 7.52562 7.56339 7.54358 7.53254 7.54615 7.51321 7.59393 7.5445 7.54801 7.52291 7.44009 7.67842 7.582 7.80438 7.67015 7.63314 7.51125 7.71068 7.70374
145.697 145.984 146.033 145.772 145.374 146.231 145.477 146.396 145.634 145.251 144.981 145.022 145.34 145.9 145.726 145.03 144.526 143.357 147.328 144.799
92.0751 92.1197 91.8426 91.9196 92.3215 92.3197 92.5539 90.5483 90.6835 90.645 90.707 90.3929 91.1314 90.8667 92.3997 92.4375 92.5909 92.2289 91.276 92.3969
75.6664 75.4799 75.7301 75.6368 75.5089 75.6102 75.682 75.5608 75.4886 75.4669 75.3375 75.3807 75.5667 75.6371 75.5248 75.4525 75.4203 75.8333 75.1505 75.6473
74.4238 74.3441 74.3709 74.425 74.2405 74.1574 74.0745 74.3664 74.6607 74.7687 74.8723 74.575 74.7836 74.1714 73.6985 73.8516 73.8584 74.9235 76.2375 73.7034
82.8279 82.7047 82.9209 82.9084 82.5648 82.5373 82.2866 83.2043 82.8945 82.8898 82.6249 82.6598 82.3802 82.688 82.3759 82.5729 82.5168 82.8473 83.3901 82.5194
66.3009 66.2056 66.2998 66.188 66.126 66.2067 66.0286 66.0906 66.0806 65.918 66.0896 66.0019 66.2865 66.1621 66.2465 66.1581 66.3554 66.5094 66.9563 66.1279
137.228 136.899 137.422 137.102 136.548 136.812 136.464 137.541 137.3 137.263 137.167 137.735 137.247 137.473 136.295 136.399 135.753 136.746 139.24 136.416
11.4228 12.2403 10.8066 11.4362 12.7475 12.6854 12.1764 12.8526 13.0332 12.9565 13.051 12.9978 12.1368 12.3794 13.0342 12.7669 12.3659 12.8108 12.4715 12.7027
5.74975 5.75401 5.73627 5.73911 5.78883 5.76654 5.74866 5.70852 5.80364 5.77335 5.76901 5.78428 5.76403 5.8495 5.90456 5.88416 5.88556 5.92348 5.90786 5.88664
4.50572 4.48638 4.51083 4.47007 4.49766 4.46004 4.46455 4.21878 4.22724 4.2278 4.32087 4.38481 4.27344 4.23985 4.52577 4.49907 4.70617 4.62481 4.83778 4.68657
4.67623 4.66192 4.67653 4.6582 4.66175 4.66379 4.66265 4.62179 4.69793 4.68216 4.67081 4.67542 4.73469 4.65593 4.69318 4.68093 4.65327 4.73109 4.84679 4.66628
4.46496 4.45429 4.47384 4.46219 4.44194 4.45625 4.45904 4.37931 4.41624 4.43728 4.43492 4.45554 4.44183 4.44349 4.53486 4.49152 4.4934 4.58079 4.48506 4.51568
4.44385 4.46919 4.43957 4.44808 4.46044 4.45475 4.43312 4.36278 4.33926 4.35946 4.3579 4.39491 4.3638 4.3952 4.70998 4.63316 4.67041 4.63295 4.67268 4.6611
4.29859 4.30277 4.29728 4.27945 4.29263 4.30637 4.29861 4.28128 4.29557 4.29788 4.31155 4.30023 4.28639 4.42806 4.39178 4.36805 4.37722 4.50086 4.29126 4.34455
7.34927 7.30792 7.38925 7.32726 7.2659 7.30798 7.33008 7.51042 7.47244 7.5054 7.47598 7.50799 7.50532 7.44396 7.42915 7.4645 7.4007 7.75132 7.95915 7.39956
148.192 148.649 147.994 148.275 149.249 148.897 148.285 148.71 149.121 149.278 148.707 148.793 149.246 149.479 148.725 148.298 146.607 148.119 148.262 148.345
92.186 91.8734 92.1928 92.1583 92.0002 92.1694 92.651 91.1193 91.6816 91.7492 92.0915 91.9108 91.4842 91.866 91.6081 91.5482 92.6699 91.1979 92.3627 92.2993
151.965 150.269 151.961 151.252 150.331 152.005 151.268 152.426 152.473 152.43 151.953 152.266 152.43 152.483 152.09 152.866 153.874 154.428 151.792 151.989
75.8175 75.99 75.9308 76.0122 75.9528 75.9716 76.0359 75.2196 75.4823 75.619 75.6805 75.5697 75.5061 75.5673 75.7813 75.6454 75.5152 75.7699 74.4734 75.6915
72.5786 72.4858 73.0312 73.1802 72.1721 72.4064 71.9245 74.8072 73.7276 73.4564 73.5924 73.3401 73.8893 73.4382 73.2214 73.6714 73.7259 74.1346 74.1727 73.2124
82.1752 81.8852 82.3121 82.1713 81.669 81.6752 80.5154 83.0714 82.7241 82.6388 82.5048 82.5365 82.915 82.528 82.9456 83.0103 82.1046 82.8991 83.0243 82.0174
65.8928 65.5263 65.8682 65.8295 65.4713 65.532 65.3909 66.3236 65.8722 65.8689 65.639 65.794 66.0381 65.7095 65.5298 65.7286 65.9406 65.6538 66.1745 65.8922
140.977 139.37 140.626 139.665 139.148 139.773 139.936 141.482 141.416 141.215 140.929 140.953 140.883 140.84 140.974 140.958 138.732 141.178 140.767 140.86
5.94056 6.02869 5.97824 6.03275 6.02241 6.01639 5.94419 5.91033 5.90325 5.92141 5.94223 5.8822 5.85649 5.93135 6.41665 6.36915 6.45811 6.46899 6.38548 6.33907
6.81426 6.46828 6.66412 6.77413 6.50599 6.46522 6.74468 6.93915 6.8417 6.57179 6.54834 6.72581 6.99971 7.03773 7.2315 6.84784 7.30674 7.18429 6.41694 6.66694
4.60577 4.50041 4.61145 4.62303 4.50022 4.59767 4.49727 4.54014 4.25224 4.25877 4.2698 4.26876 4.4542 4.47552 4.5574 4.66626 4.56208 4.64114 4.71681 4.68183
4.65542 4.61529 4.6751 4.66557 4.59811 4.65209 4.68799 4.74266 4.64887 4.60465 4.64544 4.60679 4.62052 4.63661 4.79944 4.88087 4.86607 4.99886 4.99342 4.87045
4.47569 4.47377 4.48385 4.48279 4.46369 4.4934 4.54654 4.48733 4.47121 4.47454 4.48479 4.47675 4.46164 4.50265 4.58045 4.55464 4.59909 4.60098 4.66925 4.51164
4.7574 4.86726 4.63783 4.65341 4.97463 4.80844 4.85645 4.31621 4.39731 4.40276 4.44046 4.40124 4.40193 4.3909 4.57667 4.57791 4.61407 4.5646 4.80954 4.55105
4.36638 4.36424 4.35215 4.33923 4.36588 4.38953 4.43575 4.29912 4.29645 4.27928 4.28015 4.28293 4.27807 4.25522 4.52722 4.49952 4.47011 4.54164 4.47522 4.49894
8.40233 8.16165 8.43095 8.29942 8.17151 8.28721 8.27425 8.21342 8.39766 8.33567 8.13213 8.11812 8.34034 8.13085 8.26602 8.16135 7.59067 8.07092 8.26602 8.10779
91.967 91.8566 91.7719 91.8581 91.9348 92.0415 92.0906 91.9415 92.2462 92.3141 92.2784 92.3143 91.9603 91.9257 91.2325 91.5529 91.8823 91.2692 92.7342 92.256
152.354 152.102 150.611 151.355 152.067 151.63 151.46 153.058 152.546 152.501 152.859 152.625 152.902 153.158 152.417 152.461 154.2 154.424 152.084 152.092
75.7121 75.6174 75.2292 75.1907 75.7099 75.4555 75.5856 75.5214 75.446 75.5172 75.4482 75.3508 75.5341 75.7057 75.8029 75.565 75.4298 75.9151 75.3971 75.5098
74.1499 74.4468 74.7048 74.5319 74.098 74.0452 74.2821 73.4545 73.3554 73.5294 73.6752 73.4609 74.1595 73.8313 73.3212 73.4647 72.5493 73.9371 73.357 73.0657
83.0161 82.947 82.9974 82.8503 82.8755 82.6723 81.9153 82.852 82.6327 82.672 82.7816 82.6568 83.1516 82.9616 83.2093 82.9567 81.9628 83.1827 83.3104 82.2418
66.18 66.1206 66.3693 66.3753 66.0194 66.1087 65.7152 66.326 66.3839 66.1789 66.149 66.4173 66.1425 66.482 66 65.8499 66.0441 66.1301 67.4356 66.1754
139.201 139.131 139.449 139.265 139.031 139.309 138.896 139.273 138.733 138.825 139.116 138.531 139.596 139.802 140.099 139.613 140.707 141.8 138.82 139.068
5.86932 5.84502 5.8274 5.8164 5.84645 5.83713 5.90431 5.81726 5.82136 5.82468 5.83635 5.82718 5.77018 5.79877 6.35669 6.29566 6.33576 6.4463 6.33272 6.34246
7.44183 7.30991 6.68307 6.93223 7.33492 6.97951 7.07509 7.33337 7.08434 7.17165 7.14476 7.17067 7.34968 7.43008 6.68597 6.71346 7.644 6.32144 6.6621 6.71695
4.54009 4.52664 4.54054 4.55164 4.53638 4.52276 4.50972 4.21158 4.21122 4.21653 4.21484 4.22379 4.20606 4.19257 4.57799 4.68265 4.46151 4.58529 4.61344 4.65561
4.6437 4.64895 4.64425 4.6179 4.63004 4.61917 4.65115 4.58349 4.55139 4.58056 4.56242 4.5454 4.60038 4.59944 4.70169 4.7734 4.00658 4.80283 4.8413 4.77974
4.45608 4.45254 4.44528 4.44382 4.45125 4.4524 4.65579 4.40832 4.41485 4.40907 4.43688 4.4288 4.42252 4.44057 4.5418 4.53228 4.56872 4.57718 4.60512 4.55985
4.39331 4.41905 4.28711 4.0483 4.43731 4.32666 4.34848 4.36361 4.24173 4.28937 4.32802 4.21582 4.40451 4.29793 4.64756 4.58846 4.39975 4.68819 4.62895 4.29866
4.28447 4.28533 4.27801 4.27278 4.28766 4.30003 4.29918 4.23408 4.24226 4.25101 4.24713 4.2246 4.24397 4.23821 4.47318 4.45564 4.33773 4.51531 4.60102 4.50184
7.5124 7.50011 7.54138 7.50157 7.46493 7.49582 7.45746 7.67687 7.555 7.62272 7.63967 7.5699 7.77529 7.83164 7.70614 7.64904 7.94945 8.25996 7.76134 7.61166
91.5952 91.6893 91.9785 91.9148 91.6184 91.8693 91.8914 91.9445 92.1413 92.0128 92.161 92.0439 91.8392 91.8124 91.4712 91.8473 91.8045 91.6725 91.8748 91.9598
153.089 152.758 153.401 153.434 152.85 153.229 153.285 152.318 152.098 152.161 152.283 152.487 153.113 153.087 152.279 152.424 153.831 153.431 152.532 152.378
75.4009 75.2086 75.6905 75.7013 75.266 75.6729 75.2508 75.3668 75.2507 75.3521 75.4272 75.4324 75.3348 75.4929 75.602 75.4677 76.0396 75.6723 75.7475 75.7008
74.8041 74.8541 73.8504 73.6979 74.8405 74.3055 74.3638 73.5435 73.5117 73.5803 73.4486 73.2543 73.6924 73.8299 73.377 73.3994 73.5008 73.3707 73.3905 73.5083
83.2295 83.1148 82.9355 82.9405 83.1888 82.9853 82.8434 82.5923 82.4568 82.5228 82.4878 82.5816 82.7427 82.8798 82.9667 82.7346 82.7629 82.4402 82.7248 82.7824
66.2712 66.3347 66.3901 66.2779 66.2704 66.2627 66.3694 66.3912 66.3036 66.2407 66.1703 66.1196 66.501 66.1452 65.5875 65.9626 66.5368 65.6365 66.1864 66.1186
140.368 140.205 138.538 139.259 140.116 139.929 139.631 139.735 139.462 139.548 139.529 139.435 139.879 139.656 139.194 139.327 140.367 140.114 139.3 139.489
5.80387 5.78807 5.89347 5.88333 5.79089 5.88982 5.80432 5.74122 5.77392 5.76958 5.76687 5.76907 5.69836 5.70207 6.34103 6.29437 6.38617 6.28901 6.3391 6.32753
7.43154 7.40386 7.62374 7.59821 7.45296 7.47121 7.71993 7.00979 6.94454 7.03844 7.01881 7.16362 7.32755 7.34643 6.616 6.66397 7.39654 6.92286 6.6526 6.61085
4.57704 4.55626 4.5239 4.57724 4.57917 4.55365 4.61943 4.43109 4.40443 4.39964 4.42174 4.37066 4.46437 4.47935 4.62945 4.69449 4.67409 4.69382 4.59286 4.62687
4.66503 4.6574 4.61367 4.62419 4.65898 4.66463 4.63175 4.57981 4.56889 4.58318 4.60909 4.53637 4.56924 4.59616 4.75448 4.76775 4.92755 4.8112 4.80937 4.78401
4.46047 4.45474 4.45699 4.45037 4.45614 4.46277 4.47168 4.42313 4.42037 4.43523 4.41974 4.42953 4.42194 4.44452 4.54672 4.55035 4.56026 4.57272 4.55607 4.5471
4.44274 4.40002 4.40067 4.4066 4.44057 4.41656 4.28452 4.25027 4.22023 4.25632 4.27807 4.25541 4.22375 4.2994 4.75496 4.54262 4.44116 4.70312 4.55675 4.5663
4.28318 4.28284 4.28017 4.27904 4.28317 4.29095 4.27816 4.24675 4.25361 4.25384 4.26063 4.26238 4.25001 4.26333 4.47979 4.46865 4.51645 4.52703 4.48218 4.47922
7.77229 7.7776 7.41356 7.55467 7.75142 7.75694 7.70246 7.74863 7.7272 7.73046 7.75422 7.66222 7.70879 7.77182 7.54539 7.60838 7.63392 7.9932 7.76891 7.69241
92.1604 91.9516 91.9797 91.8584 92.1387 91.911 91.9543 92.3858 92.4823 92.4795 92.3718 92.5678 92.2577 92.2592 92.1458 92.1906 91.7298 91.9325 91.6204 92.076
153.471 153.375 153.594 153.597 153.284 153.546 153.895 153.044 152.775 152.823 152.667 152.516 153.105 152.387 151.889 152.435 153.556 152.958 152.283 152.137
75.9056 75.9428 75.9833 75.9025 75.8735 75.2609 75.795 75.6534 75.7495 75.6708 75.7636 75.6756 75.5822 75.6108 75.5648 75.5902 75.7303 76.0304 75.769 75.6579
72.9481 73.3173 73.5731 73.6281 73.1009 74.5803 73.373 73.2157 73.0562 73.1499 73.2452 73.3617 73.3608 73.4787 73.3208 73.3283 73.2573 73.6466 73.7911 73.1615
82.6243 82.7274 82.8845 82.8392 82.6361 82.8439 82.7063 82.4633 82.3577 82.4352 82.384 82.4698 82.5212 82.572 82.4944 82.4638 82.4944 82.5732 82.6337 82.4327
66.3014 66.3297 66.0438 66.0464 66.3894 66.2456 66.1427 66.1292 66.177 66.0725 65.8414 66.2478 66.0609 66.0892 65.9349 66.1404 66.298 66.0446 66.3147 65.9507
139.628 139.427 140.364 140.37 139.43 140.235 140.036 139.305 139.208 139.158 139.47 139.109 139.58 139.768 139.307 139.256 139.688 139.816 139.488 139.317
5.95516 5.96561 5.946 5.92924 5.9625 5.88321 5.94259 5.86312 5.85273 5.84901 5.92231 5.86114 5.89937 5.76159 6.38952 6.37717 6.25357 6.36683 6.35354 6.3882
7.6977 7.73149 7.70583 7.59773 7.75188 7.53976 7.72732 7.51352 7.64777 7.56132 7.69235 7.59414 7.55907 7.39082 6.88188 6.97549 7.18481 7.04928 6.91068 6.87191
4.68372 4.61451 4.62504 4.57251 4.67852 4.56267 4.58078 4.45163 4.22678 4.24326 4.25218 4.24797 4.26691 4.32419 4.69235 4.71989 4.84572 4.63966 4.59163 4.70181
4.65806 4.64043 4.66939 4.65262 4.64339 4.67555 4.64098 4.59188 4.59011 4.58581 4.6028 4.5873 4.59563 4.57522 4.76929 4.79228 4.93139 4.80382 4.82827 4.77228
4.50141 4.50718 4.5049 4.50726 4.50382 4.52456 4.51012 4.48633 4.48953 4.48279 4.49988 4.47908 4.47887 4.48221 4.61657 4.61036 4.5863 4.60451 4.6222 4.60515
4.46826 4.53262 4.52963 4.55835 4.5766 4.41414 4.58077 4.35838 4.41228 4.38779 4.42904 4.42665 4.45797 4.4018 4.64567 4.52439 4.94816 4.52697 4.6834 4.59945
4.28547 4.29065 4.30612 4.30463 4.28919 4.29639 4.28584 4.26431 4.27961 4.27857 4.2848 4.28004 4.27115 4.26195 4.51102 4.4948 4.52167 4.48449 4.48272 4.50431
7.64955 7.63191 7.87365 7.85214 7.64163 7.78924 7.76687 7.69394 7.7471 7.69292 7.76474 7.69365 7.81274 7.80681 7.598 7.58667 7.93231 7.61953 7.7512 7.58653
92.4948 92.4424 92.436 92.2998 92.5765 92.3154 92.163 92.7369 92.7023 92.7534 92.7335 92.9197 92.6658 92.6467 92.856 92.7156 92.4466 92.6058 92.62 92.7907
75.2617 74.9883 75.1828 75.211 74.9926 75.2515 75.3057 75.132 75.3923 75.4402 75.4833 75.5657 75.2247 74.8728 75.2642 75.2737 75.8783 75.5611 75.3757 75.2994
73.3823 73.6001 73.5653 73.2105 73.637 72.9109 73.0722 73.1823 73.0581 72.8528 72.9217 72.8711 72.8549 74.229 72.993 72.8616 73.2557 73.5374 73.4264 72.882
82.7613 82.8088 82.882 82.8181 82.789 82.6819 82.8279 82.3539 82.5164 82.4068 82.3183 82.1064 82.1859 82.3901 82.2437 82.3124 82.615 82.4965 82.4643 82.3475
66.1112 66.0808 65.9986 65.9051 66.1342 66.0272 66.0083 65.978 65.9037 66.0196 66.2069 66.0048 66.0858 66.1186 66.1498 66.1461 65.8946 66.125 66.1708 66.1322
137.03 137.188 137.477 137.188 137.133 136.277 136.58 136.323 136.178 135.954 136.167 135.648 135.929 136.428 135.755 135.922 137.412 137.46 136.337 135.963
12.7257 12.6755 12.5972 12.9066 12.6596 12.7801 12.8466 13.1912 13.4178 13.3499 13.3375 13.1555 13.031 13.0367 13.2148 13.0995 12.7403 13.1332 13.1503 13.1541
5.58803 5.6001 5.6111 5.64008 5.58875 5.64672 5.64202 5.56568 5.58981 5.59705 5.60102 5.56782 5.55192 5.58834 5.79095 5.77643 5.74625 5.75102 5.79599 5.78269
4.5503 4.56075 4.54735 4.56618 4.53488 4.5483 4.56242 4.30709 4.23747 4.23333 4.23638 4.22205 4.21652 4.43003 4.61058 4.57953 4.55815 4.60034 4.60874 4.58377
4.5079 4.52211 4.51952 4.52436 4.52498 4.52177 4.52203 4.46952 4.44161 4.45315 4.42861 4.3968 4.45817 4.48068 4.53753 4.52178 4.55644 4.52794 4.5413 4.53509
4.49034 4.49242 4.49653 4.50079 4.49268 4.51017 4.50903 4.47126 4.47419 4.45373 4.45681 4.45506 4.50425 4.48714 4.53635 4.52779 4.51932 4.5297 4.54707 4.49864
4.47897 4.47291 4.52018 4.54474 4.42397 4.53413 4.56583 4.39177 4.4721 4.39818 4.3367 4.40613 4.24814 4.37963 4.61799 4.56912 4.67079 4.73189 4.80814 4.60771
4.27172 4.27673 4.27269 4.26809 4.26542 4.27162 4.28732 4.23117 4.22299 4.21387 4.21737 4.22901 4.20882 4.24608 4.35876 4.34466 4.31062 4.44126 4.39424 4.34909
7.35658 7.33455 7.36435 7.33646 7.30345 7.34667 7.40077 7.39243 7.273 7.299 7.28949 7.21664 7.41915 7.20149 7.31024 7.38216 7.46574 7.57307 7.36644 7.37803
147.909 147.91 147.517 147.997 147.904 148.194 148.148 148.771 149.235 148.969 149.124 149.024 148.554 147.215 148.378 148.636 148.041 148.07 148.422 148.588
93.7618 93.841 93.8318 93.8505 93.9668 93.6904 93.6025 93.9251 93.9766 93.9133 93.8337 93.7783 93.7118 93.7816 94.2443 94.0134 93.9949 94.0955 94.0894 94.0873
75.7742 75.5083 75.4065 75.798 75.9076 75.7827 75.7384 75.4976 75.6808 75.6344 75.7195 75.7924 75.6645 75.7263 75.7998 75.5741 75.704 75.6249 75.6061 75.5733
71.8089 71.6771 71.8236 71.8795 71.6668 71.8935 71.764 72.2031 71.902 71.9379 71.631 71.9255 71.7259 72.1548 71.7841 71.7152 71.7747 71.5273 71.6022 71.6994
82.4562 82.4657 82.4533 82.5024 82.4177 82.5387 82.5259 82.3411 82.263 82.302 82.2683 82.2196 82.433 82.25 82.0594 82.2363 82.1754 82.1329 82.2084 82.1898
95.1112 94.9576 95.183 95.1487 94.8968 94.7572 94.5513 96.9184 96.155 96.2466 96.1356 96.3128 96.0055 95.7248 96.6148 96.1501 99.5203 96.4069 95.9157 96.1466
65.0066 65.0822 65.0107 64.9986 65.0392 64.9684 65.0201 64.9245 64.895 64.7975 64.7659 64.8367 64.8002 64.9342 64.8605 64.8637 64.9373 64.8088 64.9289 64.869
141.252 141.151 141.206 141.247 140.998 141.01 141.152 141.089 140.83 140.979 140.909 140.8 140.818 141.201 141.219 141.093 141.26 141.53 141.345 141.226
5.58104 5.58294 5.58623 5.58764 5.59453 5.5839 5.58269 5.57183 5.57735 5.5766 5.56942 5.56757 5.56313 5.55105 5.64759 5.6119 5.60579 5.64086 5.63631 5.62205
4.33444 4.37582 4.3319 4.32993 4.33797 4.3061 4.33363 4.17131 4.15275 4.15023 4.1469 4.1445 4.13894 4.1639 4.39619 4.39461 4.37332 4.41096 4.40644 4.39035
4.44545 4.45213 4.45188 4.44814 4.4613 4.44707 4.4402 4.44424 4.47897 4.4784 4.48133 4.47328 4.45147 4.48805 4.47913 4.46769 4.41966 4.47887 4.4755 4.47135
4.35584 4.35328 4.35636 4.35413 4.36024 4.34754 4.35107 4.32146 4.35875 4.35688 4.37069 4.37061 4.36569 4.36711 4.40931 4.40845 4.35343 4.41668 4.41568 4.40705
5.13204 5.13751 5.19349 5.15358 5.13759 4.95736 4.93721 5.1442 5.02884 5.08824 4.93383 5.04144 4.95942 4.87287 5.10594 5.05744 5.51861 5.13225 5.02077 5.07722
4.52793 4.49699 4.53728 4.50453 4.50314 4.49732 4.53751 4.36244 4.36282 4.38746 4.36441 4.32887 4.3354 4.36375 4.54925 4.52851 4.71779 4.55838 4.57981 4.52523
4.17305 4.18566 4.18054 4.17721 4.19403 4.16646 4.16277 4.14972 4.17474 4.18416 4.16346 4.16655 4.15311 4.15886 4.52158 4.52716 4.5778 4.54805 4.52764 4.54097
7.62146 7.63211 7.63073 7.6253 7.61975 7.60885 7.58052 7.64457 7.59119 7.6152 7.58131 7.57472 7.58803 7.66439 7.66811 7.64449 7.60581 7.71399 7.66841 7.66962
93.1371 93.0724 93.0781 93.1497 93.2874 93.0643 93 93.2775 93.5961 93.489 93.5043 93.4028 93.3145 93.3665 93.5416 93.3824 93.2574 93.4576 93.4218 93.3239
76.9898 76.9387 76.9613 76.9947 76.999 76.9803 76.9655 76.9862 76.9558 76.8918 76.8605 76.8292 76.876 76.7316 76.8919 77.024 76.9612 77.1028 77.0439 77.0476
69.8416 69.775 69.6563 69.8875 69.8693 70.1454 69.9926 69.9721 69.4389 69.6893 69.1771 70.0558 69.6276 69.8193 69.1264 69.5208 69.5901 69.6866 69.6369 69.6472
82.2574 82.4087 82.4381 82.2789 82.0685 82.2598 82.3351 82.2115 81.8423 81.9539 81.7475 81.9076 82.0596 81.9259 81.9717 82.0013 82.045 81.9661 81.9774 82.0484
99.0858 98.3797 98.4778 99.4365 98.8925 99.1177 98.9993 98.8215 97.9687 98.138 97.6981 98.4264 98.0749 98.6409 99.5111 97.9012 98.9871 97.9364 97.8965 98.0426
64.5842 64.8102 64.872 64.556 64.5103 64.4371 64.4903 64.6493 64.7025 64.6907 64.6134 64.4031 64.5761 64.6317 64.7036 64.7051 64.3736 64.7063 64.7154 64.6727
141.806 141.886 141.874 141.786 141.634 141.611 141.747 141.713 141.524 141.584 141.438 141.574 141.659 141.512 142.145 141.673 141.589 141.887 141.816 141.749
5.64612 5.62768 5.62979 5.65002 5.6515 5.65158 5.64616 5.64127 5.63103 5.62609 5.63046 5.64042 5.62019 5.60691 5.6706 5.66956 5.69479 5.69035 5.68518 5.67706
4.17396 4.18141 4.16326 4.17618 4.16983 4.16426 4.18712 4.03346 4.03979 4.12236 4.11651 4.11757 4.11115 4.07715 4.28359 4.17476 4.20991 4.20088 4.19359 4.17914
4.3465 4.34394 4.355 4.34636 4.34271 4.33349 4.33886 4.31532 4.31914 4.32006 4.31497 4.31265 4.33151 4.31644 4.2977 4.33283 4.34251 4.33057 4.33357 4.33074
4.32911 4.32101 4.31808 4.33226 4.34159 4.33418 4.3289 4.32066 4.33746 4.32534 4.32888 4.3351 4.35009 4.3259 4.34102 4.38882 4.38859 4.38447 4.38499 4.38529
5.55197 5.50119 5.44676 5.57487 5.49457 5.49604 5.54627 5.55516 5.50009 5.51763 5.51796 5.50193 5.52745 5.55841 5.54112 5.45142 5.53183 5.42621 5.42706 5.44567
4.3366 4.28934 4.23988 4.36777 4.3679 4.4212 4.44786 4.35544 4.28524 4.30278 4.23992 4.28499 4.32021 4.30347 4.50083 4.38456 4.61764 4.42174 4.4219 4.41685
4.19934 4.19081 4.2021 4.19571 4.19811 4.17043 4.17623 4.14478 4.15531 4.14997 4.16891 4.12746 4.15692 4.15148 4.57433 4.50099 4.51916 4.49155 4.49946 4.49655
7.74031 7.75658 7.76678 7.72957 7.72437 7.71012 7.74029 7.72842 7.73608 7.72842 7.75726 7.73572 7.75575 7.72899 7.76436 7.74889 7.76054 7.75634 7.75163 7.7459
