92.2947 92.4479 92.3807 92.5667 92.4525 92.5255 92.1666 92.2097 92.3261 92.0592 92.0539 92.022 92.0674 92.0305 92.0389 92.0753 92.0701 92.0754 92.0307 92.1055 92.1603 92.0389 92.0311 92.1402 92.045 91.6354 91.8559 92.0957 92.0096 92.0663
75.122 74.9549 75.0373 75.2663 75.099 74.9816 75.4737 75.6212 74.925 75.7678 75.5732 75.618 75.501 75.4579 75.5754 75.483 75.5369 75.602 75.6672 75.6528 75.3739 75.6781 75.5868 75.6768 75.5569 76.0353 75.9115 75.5619 75.576 75.5681
72.6245 73.2565 72.4447 73.7591 72.1733 71.6701 73.5336 73.0606 75.2591 73.8289 74.1287 73.9849 73.5757 73.8052 73.7316 73.8745 73.6877 73.8714 74.4013 74.184 73.0856 74.0428 74.1198 73.9654 74.0281 75.0668 74.4434 73.8823 74.1028 74.0013
82.6962 83.3598 82.6236 83.461 81.9748 82.0044 82.7969 82.8093 83.6106 82.9714 83.0974 83.0731 82.9825 82.9912 83.0291 83.0901 82.9854 83.0595 83.3092 83.1574 81.7947 83.1879 83.1786 83.1441 83.2299 83.3459 83.2949 83.0907 83.2265 83.1158
66.5455 67.7818 66.6047 67.7712 66.257 66.9151 66.4277 66.4435 68.5341 65.9209 65.9997 65.961 65.9718 65.9923 65.9175 65.9175 65.9246 65.907 65.98 66.0331 65.4405 66.0229 65.9776 66.114 65.9347 66.0678 65.9054 65.9069 65.974 65.9165
136.848 135.047 136.184 138.947 136.348 135.958 138.102 138.467 137.259 138.891 138.935 138.71 138.457 138.411 138.62 138.641 138.527 138.84 139.294 139.088 136.405 138.993 139.091 139.248 139.053 139.805 139.407 138.887 139.074 138.996
5.64062 5.56882 5.62812 5.86073 5.61785 5.60739 5.71411 5.73405 5.69282 5.90725 5.91515 5.90405 5.9059 5.89607 5.90149 5.89667 5.90254 5.90398 5.93193 5.90855 5.72839 5.89928 5.91741 5.90102 5.91668 5.94855 5.92163 5.9048 5.91844 5.90979
4.52979 4.56475 4.52177 4.72903 4.4893 4.51423 4.60437 4.34016 4.64242 4.70852 4.7003 4.70238 4.71709 4.703 4.69657 4.69391 4.70395 4.69852 4.71367 4.76207 4.38925 4.72202 4.74581 4.80849 4.71449 4.74465 4.69522 4.71801 4.70336 4.716
4.53197 4.529 4.54187 4.81953 4.55119 4.54847 4.50928 4.48908 5.20357 4.65749 4.63225 4.65509 4.60092 4.62943 4.62784 4.64993 4.63235 4.61427 4.62616 4.64353 4.51843 4.67552 4.66001 4.70555 4.64893 4.67621 4.62129 4.64145 4.65292 4.65589
4.5075 4.45636 4.50424 4.45292 4.53276 4.51338 4.48729 4.44021 4.4882 4.53813 4.54261 4.54954 4.54051 4.548 4.53874 4.53683 4.54072 4.5425 4.5214 4.51975 4.58666 4.52704 4.53016 4.54403 4.51074 4.52767 4.513 4.53997 4.52987 4.53894
4.27757 4.40807 4.26829 4.50421 4.25743 4.26806 4.25824 4.23768 4.48481 4.71571 4.72083 4.73306 4.7206 4.73415 4.72261 4.72067 4.72647 4.72124 4.71333 4.72419 4.71891 4.74165 4.71639 4.73965 4.71243 4.70387 4.70413 4.71239 4.70488 4.71639
4.24126 4.18411 4.25508 4.17598 4.29944 4.37342 4.19555 4.22506 4.29696 4.31929 4.30775 4.31463 4.31182 4.32175 4.30904 4.30136 4.3142 4.30306 4.29639 4.29922 4.30325 4.30676 4.30084 4.31801 4.29894 4.30275 4.28469 4.2943 4.30048 4.30092
7.59236 7.36258 7.37498 7.78686 7.53448 7.33758 7.82342 7.85434 7.56521 8.06386 8.02827 8.09382 8.05681 8.13113 8.11186 8.09436 8.14819 8.01822 7.9628 8.0096 8.00254 8.12344 8.10427 8.05414 8.03123 8.16411 8.0175 8.06566 8.07296 8.08735
92.9298 92.9323 92.8565 93.0897 92.9146 92.9831 92.9268 92.8326 92.9452 92.6154 92.7919 92.7473 92.7586 92.7907 92.7935 92.8167 92.8413 92.7457 92.7811 92.6371 92.1727 92.5359 92.8622 92.3661 92.9111 92.8367 92.7686 92.8061 92.6487 92.7951
75.3862 75.3853 75.3468 75.2959 75.3833 75.2387 74.7418 74.9131 74.7918 75.3929 75.2978 75.3207 75.2848 75.2859 75.4532 75.4133 75.4299 75.275 75.3767 75.3896 75.1053 75.4668 75.6738 75.3027 75.4816 75.6611 75.7327 75.3626 75.856 75.4608
72.5299 72.4267 72.6495 72.7252 72.5876 72.4536 72.4331 73.3412 72.574 73.1375 73.1285 73.2208 72.9659 73.1958 72.9779 73.0886 73.2629 73.1786 73.1236 72.9716 70.4917 73.4178 73.1902 73.3184 72.905 73.8313 73.2514 73.0731 73.0566 73.227
82.2238 82.09 82.2812 82.2907 82.1057 81.8249 82.0544 82.5313 82.4628 82.3873 82.4325 82.5003 82.4164 82.4766 82.4681 82.5437 82.4666 82.4664 82.4941 82.533 82.0437 82.7889 82.3702 82.6847 82.4413 82.3984 82.5133 82.5212 82.2486 82.4856
65.5672 65.4416 65.5167 65.5646 65.4281 65.1032 65.542 65.6491 66.0231 65.6149 65.7072 65.7096 65.7071 65.7799 65.7113 65.7032 65.7269 65.7163 65.6851 65.6372 65.8398 65.7195 65.6617 65.8211 65.6941 65.9935 65.787 65.7611 65.6641 65.7079
136.764 136.824 136.862 135.155 136.656 136.314 135.816 136.742 136.177 136.501 136.55 136.48 136.28 136.218 136.54 136.393 136.482 136.56 136.691 136.893 134.73 136.874 137.201 136.721 136.655 138.861 136.906 136.676 137.031 136.882
5.67595 5.68093 5.67787 5.54764 5.67347 5.67041 5.66764 5.69847 5.67699 5.91528 5.89888 5.8921 5.89196 5.89426 5.90133 5.9023 5.90353 5.89817 5.90718 5.90526 5.85682 5.92936 5.91274 5.91332 5.91131 5.96944 5.92414 5.90262 5.90982 5.91193
4.54832 4.54553 4.5391 4.54527 4.53443 4.51995 4.35631 4.33955 4.56483 4.60441 4.61596 4.60593 4.61612 4.60535 4.61457 4.57125 4.60931 4.62519 4.62148 4.62802 4.61255 4.61146 4.60631 4.64151 4.61413 4.73698 4.5859 4.61573 4.56045 4.60248
4.57362 4.57908 4.59124 4.55935 4.59851 4.60608 4.51278 4.5088 4.50827 4.61012 4.59241 4.60133 4.60099 4.6074 4.59386 4.61014 4.6093 4.60844 4.6084 4.6276 4.54465 4.63377 4.64332 4.63648 4.58684 4.6392 4.59892 4.63345 4.62129 4.63658
4.51464 4.53662 4.52821 4.52693 4.53644 4.55932 4.51496 4.46137 4.50187 4.55187 4.53637 4.54014 4.5371 4.54037 4.5168 4.52112 4.5294 4.53328 4.52432 4.54987 4.57433 4.52918 4.53191 4.55479 4.53278 4.61207 4.51071 4.53402 4.53128 4.53295
4.38516 4.38501 4.39086 4.38441 4.37357 4.34652 4.37668 4.4181 4.48608 4.75956 4.72047 4.72627 4.71317 4.72561 4.70521 4.70372 4.71428 4.71775 4.72346 4.74939 4.71852 4.77118 4.69455 4.78915 4.70796 4.70481 4.71824 4.69332 4.69126 4.69856
4.27118 4.2773 4.27351 4.29167 4.2663 4.28509 4.23196 4.27246 4.26317 4.35224 4.34426 4.33854 4.34925 4.35499 4.33648 4.33527 4.34064 4.34122 4.32889 4.32923 4.31617 4.32188 4.3374 4.32505 4.33756 4.49082 4.33992 4.33775 4.33705 4.33992
7.48727 7.55869 7.52672 7.184 7.49854 7.43783 7.4415 7.5405 7.26295 7.44575 7.49561 7.48823 7.5371 7.51307 7.509 7.50097 7.4818 7.50533 7.47588 7.46119 7.25878 7.43355 7.53083 7.32539 7.49464 8.06159 7.62021 7.48583 7.5679 7.48935
94.1334 94.0621 94.0159 93.8836 94.0424 93.9972 93.5489 93.8228 94.0015 93.692 93.6809 93.7323 93.8324 93.7604 93.8226 93.7853 93.8319 93.7841 93.7981 93.8297 93.5862 93.6702 94.0324 93.6893 93.969 93.7114 93.3765 94.2307 93.3211 93.3775
75.5372 75.676 75.6743 75.6869 75.7122 75.6633 75.8069 75.5322 75.4713 75.7579 75.8027 75.8685 75.7507 75.7136 75.732 75.8312 75.7541 75.7873 75.876 76.1042 76.1653 75.9897 76.1538 75.9632 75.7868 75.9027 76.3009 76.221 76.1535 76.3047
72.1377 72.5757 72.6095 72.6966 72.5936 72.6203 72.8731 72.1895 72.5729 72.1359 72.0634 72.4294 72.0151 72.2003 72.2534 72.0835 72.1889 72.1833 72.2757 72.3908 72.7042 71.3735 72.0925 72.8343 72.1981 72.8754 72.4542 72.3897 73.2428 72.907
82.1922 82.2022 82.2861 82.4382 82.1922 82.2086 82.6522 82.4273 82.6106 82.2554 82.2489 82.3571 82.2364 82.3363 82.2141 82.3772 82.2389 82.3095 82.2844 82.2776 83.0222 82.2977 82.1977 82.2728 82.1206 82.1635 82.3766 82.4715 82.9414 82.5165
97.1115 97.0828 97.2259 97.609 97.1274 96.8376 96.4839 96.7811 95.7828 96.6463 96.4656 96.7261 96.5185 96.3644 97.0984 96.7238 96.9242 96.6252 96.9913 97.3329 96.3039 96.9145 99.6782 96.8503 96.9892 97.1148 97.6437 97.4569 100.492 99.1097
64.8909 64.8055 64.847 64.9694 64.826 64.7326 65.114 64.8351 64.8696 64.9014 64.9781 64.8938 64.9351 64.9951 64.8869 64.8143 64.9536 64.9921 64.8241 65.0785 65.3533 64.8538 65.3054 65.0528 64.8491 65.2308 64.9336 65.2056 65.5217 65.2354
140.413 140.547 140.562 140.532 140.547 140.377 140.793 140.467 139.496 140.941 140.915 141.005 140.841 140.892 140.921 140.965 140.943 141.012 141.028 141.06 141.386 140.852 141.605 141.192 141.027 141.558 141.354 141.362 142.051 141.957
5.61236 5.6212 5.62028 5.61353 5.62287 5.61047 5.60582 5.60316 5.57789 5.66511 5.66587 5.64618 5.65804 5.65888 5.68329 5.65062 5.66617 5.66988 5.66261 5.70611 5.64501 5.65903 5.68328 5.66573 5.69097 5.6975 5.68811 5.70338 5.64527 5.67574
4.52338 4.4947 4.49567 4.49489 4.48618 4.48254 4.2889 4.28274 4.4951 4.49918 4.51343 4.48011 4.50442 4.50927 4.50277 4.44356 4.47479 4.49077 4.44768 4.55231 4.36037 4.48784 4.41451 4.40923 4.50456 4.604 4.28507 4.4174 4.3776 4.36623
4.489 4.4951 4.50516 4.49712 4.50499 4.51358 4.50309 4.49074 4.46377 4.52486 4.52378 4.52168 4.53102 4.53375 4.52244 4.52262 4.52943 4.51934 4.51809 4.55707 4.53287 4.50573 4.49269 4.54069 4.55966 4.55263 4.52637 4.54834 4.50912 4.49475
4.38695 4.38198 4.37803 4.36225 4.3818 4.38775 4.34704 4.37042 4.36396 4.42538 4.42918 4.42101 4.42809 4.42588 4.42502 4.41385 4.42333 4.43178 4.41898 4.43396 4.42715 4.43682 4.34485 4.42622 4.41712 4.44168 4.42271 4.4253 4.38124 4.37445
5.10471 5.04155 5.03304 5.16977 5.04635 4.98379 5.06119 5.15273 4.69642 5.02935 5.0209 5.13675 5.09048 5.06249 5.18452 5.07879 5.1744 5.11158 5.11792 5.24117 5.12928 5.09759 5.52723 5.12941 5.15068 5.20198 5.36965 5.25939 5.74724 5.37039
4.3407 4.34068 4.33671 4.3397 4.33718 4.32921 4.40016 4.39026 4.38002 4.53122 4.50623 4.48923 4.51718 4.50229 4.51326 4.47445 4.46518 4.48264 4.46729 4.49238 4.47689 4.63665 4.63477 4.50469 4.52269 4.58167 4.41173 4.47335 4.68797 4.61562
4.21673 4.22399 4.21897 4.20839 4.21584 4.21704 4.20755 4.18103 4.15887 4.54294 4.55137 4.54079 4.54613 4.54855 4.53157 4.55258 4.55272 4.5386 4.53453 4.54116 4.56037 4.52387 4.58761 4.53052 4.5462 4.55906 4.55726 4.55561 4.59099 4.55251
7.54479 7.52552 7.52225 7.51307 7.53017 7.51058 7.62103 7.58543 7.43741 7.59954 7.61947 7.6391 7.61163 7.61019 7.62881 7.62466 7.64575 7.62842 7.64983 7.62811 7.6141 7.56592 7.69853 7.63821 7.6157 7.69178 7.71688 7.61752 7.72202 7.69216
93.3853 93.5577 93.5542 93.6006 93.5606 93.4467 93.2001 93.1204 93.0614 93.0627 93.0456 93.1919 92.9345 93.0644 93.1099 93.0309 92.8799 93.098 92.9793 93.5697 93.3764 92.6672 93.0626 92.3559 92.9527 93.0288 91.0587 93.7028 92.5273 92.4748
75.2098 75.2303 75.2627 75.26 75.2221 75.2665 75.1849 75.3496 75.0604 75.1661 75.0792 75.1707 75.2867 75.2849 75.3474 75.4761 75.0793 75.2091 75.5301 75.2206 75.7765 75.7864 75.3137 75.3515 75.3401 75.6446 75.7014 75.6083 75.2083 75.3089
72.8138 73.1824 72.9779 72.9023 73.1755 72.9837 73.3829 72.9087 73.0634 72.9041 73.3613 74.2227 73.3289 72.6619 73.1061 73.3614 73.156 73.2449 74.1777 72.895 73.4876 72.8887 74.0588 73.095 72.4731 72.522 74.6107 73.6689 73.1239 71.8981
82.3121 82.3948 82.3777 82.3086 82.3923 82.4716 82.8982 82.4333 82.8397 82.4385 82.5512 82.79 82.5998 82.3838 82.4307 82.687 82.6364 82.5453 82.9543 81.7993 83.3343 82.8156 82.7854 82.8813 82.5192 81.7587 83.2868 82.9183 83.0722 82.9769
65.9646 66.0437 65.9934 66.0001 66.0556 66.0278 66.0609 65.9868 65.9772 65.8194 65.8992 65.9283 65.8083 65.727 65.8376 65.8527 65.835 65.8586 65.9194 65.6781 66.1242 65.7129 65.9267 65.6022 65.6542 65.2764 65.867 65.8677 66.2854 65.8303
136.622 137.269 137.239 136.947 137.255 137.459 136.848 136.379 136.965 136.348 136.274 137.96 136.365 136.349 136.332 137.353 136.546 136.437 137.241 136.532 137.305 136.104 137.307 137.131 136.811 138.506 139.046 137.68 136.337 136.539
5.68354 5.68035 5.67672 5.67673 5.68135 5.67928 5.64915 5.67017 5.66525 5.84851 5.85349 5.86836 5.86324 5.84855 5.87149 5.86864 5.84579 5.85832 5.87282 5.85587 5.62527 5.90431 5.87473 5.87478 5.86929 5.88697 5.93523 5.69921 5.79324 5.83494
4.59911 4.59433 4.58128 4.58131 4.59536 4.58634 4.2762 4.2992 4.57112 4.56496 4.58909 4.66905 4.59942 4.563 4.58623 4.65261 4.54986 4.58896 4.64339 4.57969 4.53796 4.61685 4.66192 4.60261 4.60217 4.5634 4.58411 4.55176 4.51735 4.48956
4.48837 4.49568 4.48745 4.48297 4.50095 4.50161 4.46765 4.45744 4.47827 4.50977 4.53794 4.74371 4.56607 4.54221 4.54116 4.59034 4.52324 4.53439 4.56472 4.54441 4.51755 4.55185 4.58097 4.56582 4.52755 4.60658 4.62142 4.55101 4.49848 4.54554
4.55978 4.56631 4.55433 4.55158 4.56406 4.54748 4.47445 4.47293 4.52773 4.54451 4.53674 4.55065 4.54641 4.55167 4.5449 4.54285 4.53761 4.54241 4.52393 4.58209 4.60411 4.53347 4.54446 4.54334 4.5334 4.6126 4.53262 4.62939 4.61493 4.52071
4.41904 4.40949 4.41881 4.41274 4.4118 4.43955 4.34593 4.31739 4.42243 4.683 4.68192 4.70817 4.72937 4.66822 4.64912 4.69826 4.65259 4.676 4.69494 4.62042 4.84339 4.83095 4.67634 4.74055 4.72917 4.96975 4.67845 4.7473 4.77054 4.74142
4.30563 4.46236 4.45958 4.44765 4.4435 4.46516 4.26725 4.24022 4.27496 4.37858 4.38452 4.8664 4.38708 4.37081 4.37484 4.50225 4.36778 4.37839 4.43354 4.66137 4.45949 4.39333 4.49707 4.35416 4.35412 5.29687 4.46558 4.41005 4.49262 4.37688
7.64772 7.75176 7.75788 7.72446 7.74372 7.78812 7.69701 7.66551 7.68781 7.67937 7.69933 8.05166 7.71084 7.70669 7.65761 7.84285 7.7148 7.68571 7.71133 8.02068 7.85429 7.61122 7.78658 7.68008 7.67554 9.2157 7.75387 7.90016 7.46561 7.61835
93.4705 93.4915 93.5541 93.566 93.5153 93.4365 93.4332 93.0726 93.3594 93.298 93.3312 93.2455 93.2473 93.0594 93.0868 93.2483 93.1103 93.3328 93.1191 93.2875 92.6736 92.8981 93.3801 92.4544 92.9056 92.592 92.6148 93.3053 92.7811 92.9269
75.2869 75.2686 75.331 75.362 75.2934 75.5292 75.1835 75.4012 75.1471 75.4844 75.4227 75.3414 75.3147 75.8556 75.3816 75.8466 75.4738 75.4487 75.5971 75.4036 75.2097 75.9559 75.8164 75.7899 76.1523 75.7999 75.4784 75.8673 75.5371 75.7973
73.2648 73.1595 72.4405 72.4076 73.1191 72.7109 72.7209 72.3642 73.2861 72.1238 72.157 72.1365 71.9461 71.5718 72.2095 71.9133 71.8577 72.4912 72.3722 72.5236 73.1103 71.6365 72.9429 72.7163 71.6298 72.8957 72.8606 71.6299 72.8613 72.8788
82.9134 82.8535 82.5831 82.5674 82.7941 82.6552 82.7109 82.843 83.0802 82.5872 82.4686 82.5618 82.4674 82.7625 82.6926 82.8056 82.7497 82.5716 82.5517 82.6694 83.1437 82.7829 82.6507 83.1856 82.7301 83.1317 83.1998 82.5678 82.9178 83.1186
102.57 102.637 102.575 102.682 102.587 102.428 102.929 102.515 102.543 103.088 103.057 103.127 103.011 103.35 103.02 103.415 103.204 103.136 103.205 103.154 102.788 103.416 103.054 102.385 103.251 103.618 103.613 102.974 104.184 103.843
64.9406 64.9469 64.8088 64.8327 64.9477 65.026 64.719 64.6213 64.8528 64.728 64.8698 64.7267 64.7284 64.7038 64.7688 64.7462 64.7772 64.7296 64.7376 64.8592 64.551 64.8328 64.9536 64.5675 64.9226 64.8355 64.8712 64.7444 64.726 66.1955
141.536 141.592 141.135 141.161 141.533 141.216 141.359 141.14 141.331 141.069 141.128 141.204 141.049 141.425 141.169 141.786 140.918 141.25 141.596 141.246 141.82 141.232 141.686 141.507 141.906 141.312 142.505 141.311 144.098 142.524
5.57153 5.56642 5.54059 5.54427 5.57259 5.53756 5.54476 5.53644 5.54904 5.52758 5.5387 5.56135 5.52526 5.52873 5.51833 5.54797 5.52254 5.54798 5.55047 5.53107 5.5484 5.57296 5.56071 5.53997 5.54615 5.53059 5.51058 5.52072 5.53925 5.52483
4.46552 4.45936 4.45347 4.45538 4.44545 4.45309 4.26887 4.2503 4.46719 4.47137 4.48036 4.42381 4.4903 4.3455 4.4858 4.37506 4.47902 4.43194 4.45489 4.48244 4.48263 4.32592 4.356 4.3138 4.4588 4.3883 4.49334 4.37725 4.43176 4.36276
4.56625 4.57161 4.5933 4.59383 4.579 4.61435 4.56518 4.60266 4.54275 4.68151 4.6842 4.69701 4.68937 4.68189 4.69416 4.68821 4.68077 4.69491 4.69583 4.68524 4.70864 4.67434 4.68445 4.63112 4.67586 4.6659 4.66349 4.69627 4.55157 4.66689
4.38785 4.38656 4.3995 4.39956 4.38903 4.39686 4.38155 4.32734 4.38341 4.40253 4.4167 4.41767 4.42948 4.40737 4.41135 4.40974 4.37067 4.43063 4.42201 4.41797 4.44606 4.42945 4.42235 4.42421 4.40411 4.42482 4.43005 4.40818 4.44776 4.45738
4.96617 4.93958 4.95911 4.9637 4.93785 4.9224 5.12635 4.97075 4.95605 5.10554 5.11404 5.12005 5.03382 5.11344 4.98657 5.05849 5.11545 5.05468 5.15891 5.00391 4.79357 5.03699 5.14817 5.01136 4.95372 5.15218 5.43563 5.0811 6.21643 5.2975
4.29256 4.28907 4.30835 4.30445 4.29399 4.32376 4.27592 4.30792 4.29574 4.54988 4.4991 4.48373 4.53055 4.42443 4.51496 4.39432 4.52256 4.52676 4.54122 4.51677 4.5848 4.60319 4.52853 4.49617 4.38069 4.61427 4.61166 4.55588 4.32468 4.58131
4.2576 4.26781 4.26742 4.2673 4.26978 4.26264 4.21592 4.25502 4.24731 4.3565 4.37918 4.36546 4.36595 4.31627 4.34649 4.30745 4.35386 4.35718 4.35608 4.34952 4.32832 4.29522 4.35736 4.32699 4.29255 4.30512 4.31599 4.27833 4.28862 4.3549
7.65258 7.66081 7.64862 7.65304 7.66311 7.60039 7.78815 7.673 7.61828 7.68303 7.71969 7.65016 7.66885 7.6378 7.67408 7.64829 7.69791 7.69721 7.71772 7.67109 7.62294 7.6122 7.75145 7.65412 7.58783 7.5854 7.81502 7.66471 7.74201 7.77053
92.4282 92.4182 92.6671 92.6642 92.3615 92.261 92.7534 92.7235 92.4396 92.36 92.4184 92.1598 92.4439 92.0326 92.3449 92.0548 92.4164 92.2459 92.1635 92.2509 92.3771 92.0363 91.6686 91.7644 91.7203 91.4727 92.2018 91.8239 92.3124 91.4003
153.978 154.044 153.782 153.814 153.951 153.787 154.478 153.734 153.854 153.634 153.639 153.976 153.761 153.734 153.82 153.613 153.776 153.723 153.838 153.807 153.93 154.198 154.014 154.073 153.61 154.031 153.825 153.97 153.719 153.978
75.7511 75.7469 75.5008 75.5501 75.639 75.5565 75.5809 75.316 75.7389 75.5916 75.6515 75.7049 75.3054 75.6601 75.7068 75.6548 75.6943 75.4449 75.5692 75.6416 75.8625 76.3478 76.1127 76.3974 76.0131 75.4772 75.8248 75.362 76.3568 75.9127
73.4413 73.3655 73.1487 73.1697 73.1406 73.2004 72.924 73.8305 73.4426 73.2215 73.4141 73.6548 73.2759 73.4314 73.5283 73.515 73.2226 73.7093 73.5594 73.5609 73.5777 73.3178 73.9444 73.9588 74.1052 74.1911 73.4766 73.5674 73.3607 73.8214
82.4788 82.4268 82.4205 82.4068 82.2736 82.3309 82.5251 82.6247 82.4786 82.7555 82.6689 82.8935 82.5296 82.6898 82.8445 82.8523 82.6618 82.7571 82.8142 82.7647 82.8862 82.6907 82.8995 82.942 83.0019 83.2052 82.8015 83.3017 82.596 83.5241
66.4366 66.3912 66.0424 66.0443 66.151 66.4861 66.1862 66.1723 66.525 65.8232 65.9986 65.727 66.0717 65.0923 65.8699 65.2581 65.7945 65.7011 65.7585 65.9872 66.0475 65.2217 65.3149 65.3998 65.3495 65.3353 65.8772 65.0544 65.922 66.6417
139.297 139.246 139.085 139.185 139.1 138.836 139.615 139.584 139.378 140.061 139.943 140.044 139.734 139.53 140.202 140.195 140.2 139.314 140.137 140.159 140.385 140.342 140.241 141.275 140.07 140.734 140.907 139.571 140.565 139.735
5.96377 5.9685 5.95974 5.97075 5.9581 5.92016 5.92158 5.90701 5.95854 6.43114 6.42931 6.47538 6.41055 6.44331 6.42684 6.46169 6.42929 6.43923 6.41941 6.42214 6.43945 6.46048 6.47606 6.4703 6.49084 6.45126 6.4287 6.49526 6.77307 6.46457
7.59118 7.58549 7.58607 7.59894 7.59615 7.58052 7.46883 7.2548 7.54622 6.97404 6.93603 7.04542 6.89441 6.9084 7.01219 6.72718 6.93146 6.93756 7.07286 6.98813 7.08079 6.70333 7.13794 7.28749 6.69263 7.18002 7.13006 6.90282 7.37494 7.18283
4.54578 4.53918 4.59603 4.59589 4.54951 4.60346 4.28328 4.2404 4.52327 4.63421 4.65658 4.55981 4.68569 4.57284 4.61712 4.62711 4.6573 4.49123 4.6392 4.64987 4.63045 4.57028 4.53046 4.62786 4.61237 4.63889 4.69645 4.59141 4.63177 4.63804
4.68987 4.68724 4.68517 4.68216 4.70837 4.71865 4.57946 4.64402 4.67331 4.80604 4.82501 4.78536 4.82353 4.81702 4.82197 4.75016 4.80847 4.82736 4.84598 4.83373 4.85076 4.81203 4.8523 4.90563 4.77263 4.81727 4.87038 4.75506 4.95953 4.95987
4.51433 4.51672 4.51356 4.51963 4.51784 4.50437 4.49963 4.48304 4.51639 4.60591 4.59959 4.61259 4.60918 4.62321 4.61795 4.61403 4.60311 4.62655 4.61725 4.6179 4.61998 4.61366 4.62324 4.6178 4.62624 4.60979 4.61083 4.59156 4.62716 4.67312
4.76479 4.79418 4.56528 4.5464 4.87253 5.54172 4.57957 4.77613 4.78278 4.66984 4.65136 4.71606 4.77544 4.51537 4.66622 4.47901 4.68646 4.62913 4.61741 4.64841 4.6582 4.52072 4.56037 4.72811 4.29106 4.52906 4.69072 4.26804 4.60693 5.16249
4.30215 4.31286 4.32461 4.32003 4.36245 4.27491 4.26273 4.26378 4.28655 4.48418 4.48021 4.4647 4.48366 4.52429 4.47215 4.48291 4.48444 4.47386 4.47663 4.48272 4.47879 4.47545 4.47413 4.49314 4.46742 4.47213 4.47696 4.44846 4.47206 4.41995
8.12474 8.10084 8.03608 8.04922 8.06742 8.01446 8.09527 8.18568 8.10582 8.09731 8.07436 8.19764 8.07542 8.06946 8.12008 8.08864 8.13727 8.06258 8.07641 8.09361 8.13184 8.0883 8.10631 8.44647 7.88345 8.02654 8.10379 8.03025 8.0401 7.9223
93.5406 93.5424 93.6021 93.5437 93.4361 93.5254 92.2834 92.9332 93.6137 93.864 93.4046 93.0748 93.4207 93.0901 93.0885 93.2069 93.3693 92.8309 93.0708 92.7907 92.7583 93.1806 92.6684 92.1791 93.5286 92.867 93.2955 92.8912 92.5369 92.4629
76.0114 76.033 75.8489 75.885 75.924 75.8216 75.874 75.6683 75.9795 75.5885 76.0174 76.0981 75.8529 75.9262 75.9106 75.8557 75.809 75.6963 75.679 75.9063 76.0093 75.8382 75.8756 76.1643 76.2334 75.7913 75.9761 76.4853 75.9682 75.8534
72.7839 72.7972 72.4309 72.4944 72.4896 72.5295 74.5669 73.9212 72.8493 71.942 72.188 72.4396 71.5059 72.1218 72.8566 72.4332 71.7996 72.2626 72.9048 72.6556 72.3441 72.0779 73.6787 74.3892 72.9386 73.2667 71.7067 71.5815 73.6687 73.2262
82.4873 82.4624 82.2623 82.2442 82.2721 82.3596 82.8209 82.7579 82.4486 82.3466 82.2705 82.4378 82.352 82.374 82.5172 82.4219 82.2214 82.714 82.4473 82.5749 82.7193 81.7965 83.1181 82.467 82.293 82.6288 82.2931 81.5897 82.6931 82.831
97.7107 97.6534 97.1007 97.3347 96.9794 96.9845 98.1658 98.0691 97.7396 97.2132 97.3928 97.2241 98.2398 97.6817 97.4556 98.3931 98.8191 96.6138 97.6711 98.1033 99.9213 100.043 98.0401 99.3045 99.3883 98.361 99.0637 97.9633 99.5876 97.3355
65.5672 65.5372 65.057 65.0748 65.0102 65.2474 64.9599 65.3063 65.5284 65.3733 65.3774 64.976 65.2256 64.6973 65.4423 65.1797 65.0738 64.9459 65.1983 65.7041 65.8018 65.2285 65.3764 66.0693 65.049 64.9773 65.1956 64.9606 65.2609 64.8197
141.542 141.527 140.746 140.912 141.025 140.948 141.321 140.988 141.505 140.41 140.709 141.021 140.926 140.822 140.984 140.673 140.96 141.048 141.133 141.023 141.876 142.57 142.35 142.983 141.79 141.159 141.585 141.433 142.126 141.825
5.40345 5.40274 5.39898 5.3924 5.40207 5.38391 5.45342 5.44745 5.35974 5.55527 5.54381 5.52517 5.5219 5.54318 5.50306 5.53905 5.49453 5.52245 5.51335 5.54166 5.42824 4.92332 5.50681 4.58221 5.56402 5.54941 5.46393 5.55536 5.16973 5.51775
4.46652 4.43882 4.46687 4.53298 4.44435 4.44941 4.34854 4.36748 4.43271 4.54258 4.44938 4.43687 4.49355 4.41735 4.38428 4.45857 4.5156 4.44681 4.42667 4.35606 4.36772 4.4626 4.29913 4.39554 4.41773 4.36002 4.46911 4.39967 4.42926 4.3508
4.43003 4.42571 4.48576 4.50594 4.4883 4.46333 4.4291 4.44233 4.42431 4.44824 4.41821 4.44297 4.47224 4.485 4.42308 4.45317 4.46026 4.49009 4.4728 4.49644 4.48753 4.41024 4.46947 4.46354 4.45679 4.48561 4.46403 4.91633 4.47112 4.47103
4.36489 4.36494 4.37931 4.37398 4.37994 4.38008 4.32563 4.29584 4.36114 4.3939 4.42159 4.41132 4.40359 4.41923 4.40603 4.41824 4.39189 4.42665 4.40497 4.40651 4.38798 4.38305 4.40457 4.42963 4.4076 4.42475 4.38613 4.44457 4.39577 4.41632
5.47427 5.44975 5.43357 5.45305 5.33343 5.42586 5.49583 5.47352 5.46018 5.11972 5.15911 5.16517 5.13312 5.29551 5.32169 5.26554 5.31631 5.03432 4.97909 5.26849 5.53179 5.72527 5.56542 5.82699 5.64951 5.2691 5.37106 5.21599 5.79827 5.2762
4.36242 4.35642 4.54972 4.54855 4.54665 4.47893 4.51425 4.43167 4.33259 4.29556 4.25735 4.61487 4.59324 4.68265 4.27077 4.42102 4.66648 4.71652 4.46577 4.23853 4.62605 4.72759 4.62826 4.79149 4.48812 4.51176 4.70049 4.64215 4.60223 4.74233
4.24881 4.25005 4.36111 4.35158 4.34658 4.32734 4.19607 4.22108 4.23406 4.56225 4.54939 4.53378 4.58664 4.60886 4.54119 4.53629 4.64841 4.5534 4.54945 4.55547 4.65019 4.56278 4.51248 4.59204 4.54143 4.53357 4.65027 4.52997 4.51931 4.54959
7.54876 7.53757 7.44861 7.44675 7.41883 7.46702 7.58581 7.48413 7.5414 7.37463 7.42348 7.43703 7.45525 7.50048 7.46272 7.46073 7.46003 7.56978 7.39907 7.41383 7.53397 7.66142 7.76169 7.69455 7.67561 7.5805 7.50796 7.59467 7.68853 7.59257
92.1017 92.0456 92.1558 92.4892 92.1192 92.1506 91.3105 91.4699 92.028 93.2679 92.8232 92.4488 92.5313 92.5034 92.3979 91.7345 93.3444 91.5667 91.8598 91.8882 92.1937 93.1473 90.4049 91.8404 92.3512 91.748 92.3495 93.2299 92.2567 91.8812
76.3699 76.3697 76.1886 75.5925 76.2424 76.2646 75.783 76.285 76.0087 75.6559 76.1015 76.4438 75.8927 75.5512 75.5746 76.0843 76.6731 75.4349 75.3569 74.5896 76.3242 76.3487 75.6479 75.5652 76.0324 75.9141 75.7015 75.1412 75.9032 75.5616
74.543 75.311 75.074 74.1538 75.1 75.039 74.1072 74.5099 75.2481 73.2409 73.9174 74.4018 73.6784 73.5606 73.3182 74.1264 73.0088 73.0263 73.164 75.0712 74.5911 74.8616 76.0928 76.0067 74.2831 74.6808 73.7407 74.1029 73.6805 73.1751
83.4644 83.7863 83.695 82.9522 83.6982 83.7095 83.3865 83.8229 83.786 82.5896 82.7299 82.8573 82.994 82.8182 82.8045 83.2487 81.4354 82.7604 82.6382 83.4188 83.4844 82.9771 84.0117 84.3328 83.1761 83.5272 83.0037 79.7123 82.9595 82.9065
66.3323 66.3835 66.1356 66.5388 66.0725 66.0582 66.2271 66.717 66.3465 66.0815 66.0902 65.9135 65.8949 66.3762 66.3108 65.9958 65.7437 65.4419 66.1187 66.3147 66.0415 66.3171 66.4098 67.6179 66.0325 65.8973 66.196 65.7842 65.8917 65.6181
139.026 139.426 138.84 138.117 139.046 139.081 137.129 137.72 139.723 136.957 137.29 137.312 136.377 136.987 137.454 136.673 135.79 135.793 136.957 138.627 138.239 138.348 139.307 138.541 137.956 138.282 137.34 139.109 137.807 138.299
5.78758 5.80738 5.80936 5.79342 5.82387 5.80755 5.70313 5.7282 5.814 5.88484 5.88151 5.89284 5.88653 5.86445 5.88979 5.90805 5.9159 5.9344 5.87233 5.83375 5.89593 5.95 5.97181 5.92927 5.90292 5.93315 5.88568 5.7024 5.88619 5.947
4.56515 4.58629 4.58977 4.71056 4.60019 4.58383 4.46969 4.24401 4.5797 4.6716 4.64733 4.61489 4.62959 4.64152 4.63004 4.62509 4.13356 4.63932 4.56722 4.66246 4.62866 4.94117 4.62414 4.58908 4.60193 4.83999 4.67252 4.40382 4.56596 4.73038
4.49508 4.53237 4.5273 4.4917 4.54503 4.53713 4.44068 4.49291 4.53621 4.53072 4.58114 4.56288 4.55497 4.55598 4.56781 4.51984 4.60598 4.55472 4.4737 4.59163 4.51181 4.61188 4.65258 4.524 4.52096 4.59053 4.59419 4.77692 4.51063 4.58989
4.54165 4.52775 4.49785 4.5437 4.50333 4.49604 4.49523 4.54898 4.5205 4.54565 4.55279 4.54605 4.54181 4.54747 4.5462 4.52115 4.65266 4.54974 4.56015 4.5689 4.57511 4.54059 4.55461 4.46654 4.55696 4.5319 4.54094 5.38526 4.56727 4.55076
4.65639 4.62053 4.70446 4.91871 4.70906 4.69827 4.66996 4.62449 4.57105 4.81656 4.81925 4.76364 4.85697 4.90725 4.76899 4.83828 4.78929 4.95977 4.96368 4.88241 4.83427 4.72976 4.734 4.82632 4.75348 4.85631 4.76781 5.33459 4.89324 4.92568
4.47169 4.42168 4.37822 4.49682 4.38334 4.38887 4.49526 4.36966 4.40899 4.45516 4.5749 4.49344 4.44154 4.43505 4.47389 4.42301 4.44735 4.41558 4.53573 4.62637 4.46379 4.43937 4.45812 4.52842 4.57296 4.44818 4.51563 4.95171 4.66036 4.49847
7.68896 7.70582 7.76787 7.74974 7.75648 7.74184 7.30487 7.52245 7.66448 7.63898 7.72629 7.72628 7.6971 7.8077 7.8088 7.62488 7.64697 7.40813 7.53127 8.04948 7.94031 7.70626 7.888 7.62965 7.85182 7.75417 7.77571 7.88371 7.70231 7.73828
92.618 92.6135 92.5998 92.7107 92.6661 92.6176 92.8142 92.6698 92.6636 93.581 90.7502 90.8293 93.6862 90.5089 91.24 90.3453 93.3003 93.0271 90.4374 93.2024 93.2399 92.7464 92.1912 91.9559 92.6809 92.8344 93.4619 93.029 92.7794 92.9511
75.5633 75.5446 76.1148 76.1727 75.9772 75.5078 75.6514 76.0697 75.5218 75.6332 75.0107 74.6383 74.9603 75.4904 75.8211 74.6959 75.1546 74.992 75.0494 74.087 75.8306 76.006 75.6293 75.7233 75.6625 75.5197 75.4289 75.6471 74.5994 75.7356
74.511 74.3211 73.9037 74.957 74.4204 74.17 75.6428 77.3647 74.4144 73.5088 74.9814 75.3833 72.3768 75.71 76.3492 76.4613 73.1256 71.731 74.7727 72.2699 73.3696 72.9643 75.6423 76.1934 72.6277 72.712 73.2918 73.3566 73.2223 72.6555
83.4953 83.5244 83.4984 83.7431 83.3697 83.461 83.4271 84.4114 83.4937 83.066 83.6879 83.5655 82.8209 83.3563 83.5607 84.0518 80.8695 82.6864 83.3583 82.8901 80.9028 83.0737 84.3878 84.126 83.0558 83.1794 82.4573 83.1758 83.3701 83.4629
104.712 104.793 104.525 104.088 103.949 104.674 106.532 106.049 105.055 104.007 105.053 105.178 104.998 105.048 104.481 105.185 104.648 105.22 106.857 105.746 104.734 104.366 106.203 104.454 104.803 104.296 105.197 105.052 104.55 103.949
66.487 66.2625 66.5813 66.5786 66.1364 66.2254 66.1165 67.6738 66.1174 65.3636 66.5353 66.4791 65.0733 66.2061 66.3915 66.6891 62.2478 64.5778 66.417 65.4342 60.7887 65.4393 66.2278 66.5129 65.2234 65.0579 65.2883 66.4398 64.832 65.3634
143.308 143.302 143.398 142.599 143.003 143.378 143.834 143.575 143.219 142.329 144.192 143.879 142.228 142.214 142.759 144.001 141.661 142.435 144.72 143.402 142.557 143.066 144.011 143.054 143.261 142.731 142.16 142.555 142.816 141.539
5.59838 5.59951 5.60528 5.67015 5.63844 5.58786 5.69011 5.64685 5.61014 5.62564 5.96495 6.06423 5.52737 5.87356 5.97814 5.98833 5.5875 5.60201 6.05232 5.54315 5.72655 5.60124 5.65068 5.69088 5.61657 5.61227 5.4912 4.89532 5.5298 5.60357
4.4249 4.41931 4.42208 4.44905 4.55241 4.42977 4.74565 4.72021 4.41583 4.49675 4.40266 4.41682 4.38486 4.38001 4.37058 4.43058 4.374 4.38122 4.44211 4.38493 4.50818 4.41536 4.45692 4.38395 4.44755 4.48025 4.3964 4.38889 4.47024 4.3967
4.43818 4.44541 4.44685 4.48629 4.45583 4.45754 4.44088 4.47451 4.44692 4.52596 4.50728 4.51786 4.54038 4.50555 4.44763 4.48886 4.62486 4.60699 4.53662 4.57853 4.83349 4.59226 4.53118 4.43838 4.56944 4.58103 4.50565 4.55747 4.55448 4.58967
4.46886 4.45473 4.51412 4.46843 4.51006 4.46365 4.57832 4.67251 4.46068 4.47958 4.48445 4.47129 4.45667 4.43091 4.51518 4.49136 4.89396 4.48441 4.53728 4.53226 4.92328 4.47093 4.48156 4.61173 4.46496 4.49437 4.46363 4.49952 4.46907 4.46474
5.54793 5.57163 5.56792 5.88729 5.60259 5.57085 5.66995 5.6804 5.62649 5.17511 5.551 5.62529 5.52576 5.73866 5.41786 5.57645 5.2966 5.53072 5.69863 5.59622 5.50219 5.6815 5.76105 5.4688 5.44425 5.37667 5.43277 6.0052 5.59936 5.54871
4.51108 4.46887 4.52099 4.5163 4.57537 4.47186 4.76278 4.5859 4.50787 4.69264 4.79129 4.64766 4.63861 4.79284 4.79654 4.62495 4.83191 4.71855 5.00853 4.61043 4.34166 4.62325 4.25713 4.54637 4.66206 4.6882 4.67525 4.51692 4.74163 4.75512
4.2621 4.28017 4.32871 4.3592 4.36799 4.30033 4.48057 4.31775 4.30122 4.41496 4.25699 4.34091 4.36564 4.36009 4.33985 4.38932 4.82309 4.48581 4.46798 4.53464 3.22426 4.31462 4.4657 4.50961 4.36099 4.38891 4.37887 4.28977 4.49523 4.35987
7.83335 7.82737 7.83545 7.8283 7.82456 7.83281 7.86049 7.86164 7.81548 7.68875 7.77467 7.81058 7.67389 7.55444 7.70806 7.80802 7.71697 7.58299 7.78738 7.71646 7.78097 7.90147 7.88534 7.69192 7.79825 7.79605 7.66927 7.57482 7.72023 7.69889
91.6154 91.2158 89.9804 90.3984 90.9433 90.7319 90.4493 91.2611 92.9684 92.3524 90.6289 92.9655 93.2908 93.0643 89.4948 92.8472 90.9925 93.4565 92.966 92.8187 92.7794 92.926 93.5351 90.8998 92.8541 92.8544 90.6731 92.4946 92.3615 93.2154
74.41 74.5802 75.7661 75.3451 75.6233 75.0785 74.8433 74.4817 74.5805 75.7477 75.5443 75.8744 75.4687 75.7521 76.512 75.5883 75.5217 75.5056 75.4277 75.5862 75.7201 75.229 75.9485 75.8687 75.4162 75.966 75.464 75.8089 76.1257 75.3517
79.1898 78.7667 79.0406 78.8663 78.6033 78.424 78.5666 80.2112 78.4696 73.8719 75.5784 73.3246 74.8764 72.5009 76.421 73.0757 76.2085 70.4548 73.4539 74.003 73.6316 74.6159 74.2937 76.5095 72.965 73.3548 74.4276 75.2111 73.4227 72.0364
85.2086 85.1327 85.7322 85.2266 84.8378 85.2291 85.0838 85.0939 85.0285 83.3268 80.5909 83.1517 83.3 83.1176 84.2383 83.4738 83.8676 82.0173 83.5465 83.1389 83.7688 84.6493 83.4105 84.3694 83.4742 83.508 82.5558 84.1215 83.6091 82.5937
104.988 104.592 105.103 105.082 104.185 105.491 105.785 104.831 103.676 104.707 105.673 105.093 106.128 105.198 106.334 106.316 106.141 104.739 103.774 103.372 104.689 106.211 102.417 106.309 105.073 104.146 106.729 105.241 106.202 104.389
67.5576 67.3649 66.7487 67.6404 66.9642 66.8794 66.4448 66.8075 67.6505 65.9312 65.0819 64.653 66.7902 64.8344 65.356 65.5726 66.4906 65.1782 65.1741 65.2865 65.1501 65.0953 66.0182 66.1184 64.4451 65.4431 66.9345 65.2217 66.264 65.3393
143.543 143.463 144.026 143.775 143.714 143.758 143.816 143.316 143.522 143.902 143.755 143.678 143.637 143.602 144.466 143.364 144.589 142.486 142.492 142.526 142.926 143.964 142.789 144.765 142.887 143.505 144.432 143.832 143.726 141.77
5.68967 5.83606 6.08476 6.10017 5.98153 6.01683 5.89747 5.59257 5.7945 5.65114 5.99334 5.66865 5.4212 5.62581 6.1023 5.61258 5.89367 5.607 5.58166 5.64761 5.65198 5.40854 5.72114 5.84852 5.60716 5.59751 5.96272 5.62211 5.64 5.74918
4.48348 4.46637 4.515 4.53396 4.52651 4.45935 4.70313 4.73496 4.46756 4.46848 4.42176 4.43525 4.35115 4.44896 4.57312 4.46192 4.45394 4.44436 4.43085 4.45479 4.4341 4.34392 4.5568 4.40661 4.38716 4.41553 4.41546 4.44407 4.36609 4.3495
4.37986 4.38432 4.42028 4.48475 4.49346 4.39809 4.30533 4.27746 4.39119 4.54874 4.4847 4.54304 4.48854 4.56512 4.5026 4.59998 4.58548 4.58301 4.596 4.52041 4.62021 4.46615 4.6043 4.48981 4.55542 4.53611 4.57852 4.55504 4.54517 4.57181
4.37606 4.48744 4.57438 4.65325 4.57954 4.55031 4.11984 4.17788 4.46802 4.49753 4.46795 4.47655 4.59115 4.46727 4.51987 4.48475 4.5124 4.4798 4.48914 4.48402 4.48923 4.55381 4.55551 4.54203 4.4741 4.49251 4.59354 4.48218 4.45943 4.51176
5.78363 5.80497 5.93979 5.95776 5.88863 5.83078 5.74065 5.66707 5.88558 5.88775 5.70715 5.9102 5.6956 5.69789 5.71512 5.64648 5.72441 5.73951 5.44467 5.95294 5.7521 5.71257 5.40672 5.75397 5.74833 5.83608 5.72374 5.69556 5.69087 5.36745
4.42169 4.42374 4.48386 4.47748 4.16801 4.41537 4.18011 4.25445 4.37938 4.3325 4.30315 4.45088 4.79505 4.57325 4.51981 4.57986 4.7313 4.59406 4.54638 4.64793 4.65195 4.29712 4.32984 4.34204 4.4359 4.62032 4.75359 4.65616 4.48922 4.61308
4.20178 4.18553 4.22781 4.34095 4.22295 4.20807 4.24548 4.19104 4.20449 4.43282 4.3705 4.3568 4.45379 4.37922 4.24854 4.32731 4.37167 4.38347 4.3674 4.40833 4.40227 4.39844 4.39252 4.27352 4.27756 4.42362 4.57139 4.43327 4.38435 4.39592
7.91204 7.90536 8.01839 7.96682 7.87355 7.91536 7.84703 7.82002 7.927 7.88173 7.9063 7.91113 7.82761 7.90747 7.96296 7.83085 7.8465 8.02121 7.84728 7.9635 7.77634 7.86965 7.80213 7.88054 7.89228 7.90679 7.8869 7.85203 7.81183 7.82303
90.7123 90.9284 91.0546 91.0201 91.1601 91.1864 92.6867 90.6772 90.6804 90.1071 90.1346 90.4272 90.3596 90.4283 92.8155 90.2819 92.6214 93.5241 93.1494 93.0685 92.8876 92.6959 92.5719 92.8364 92.9619 92.8609 92.6391 91.9985 92.292 92.668
75.0354 74.978 74.8754 74.7225 74.337 74.9015 75.6588 75.8948 75.1796 75.8838 75.8006 75.8517 75.9524 75.9292 76.2458 75.578 76.0064 76.4104 75.9516 75.4525 75.9314 75.9213 76.2514 75.8292 76.3161 74.8172 76.0844 76.3555 75.3009 75.9063
77.4519 77.4666 77.6038 77.7395 78.3008 77.3583 76.8486 79.8443 77.205 74.688 75.563 75.1623 74.6997 75.0582 72.6171 74.7069 74.1357 71.0513 72.5921 73.1096 72.54 72.9858 71.6745 72.5027 71.9391 72.6327 72.1739 73.8405 72.3812 73.8358
84.9854 85.0714 85.5052 85.5325 85.8366 85.4928 84.2076 84.8481 85.2057 80.7971 85.0773 84.1819 82.8719 83.9155 83.0703 82.9723 83.5374 82.1295 82.0964 82.6163 82.3837 83.2674 81.6476 82.9565 82.139 80.5991 83.2415 83.1603 82.5199 82.6299
105.578 105.323 104.012 104.796 103.982 104.238 104.864 105.539 105.657 105.112 105.687 106.264 105.413 106.429 106.068 105.026 104.727 104.196 103.95 104.223 103.981 106.396 104.225 106.103 105.719 104.418 105.598 105.489 104.771 105.326
65.5847 65.1719 67.4227 67.6138 67.9836 67.1805 63.1151 65.8518 66.1259 66.3427 66.7495 67.558 69.0659 67.1029 64.9242 66.1495 64.8247 64.9461 65.2281 65.0794 65.0485 66.9682 65.2723 64.3471 65.7902 65.3526 65.3577 64.9336 64.3826 65.0943
143.961 143.798 142.935 143.249 143.02 143.146 143.659 143.959 143.98 143.73 144.223 144.645 143.544 144.686 143.374 143.452 143.587 142.711 142.164 142.561 142.567 144.104 144.465 143.657 143.065 142.724 143.169 143.72 144.148 143.111
5.98921 5.93566 5.91374 5.93905 5.87343 5.87452 5.58562 6.12452 6.00845 6.05013 6.04393 5.97078 6.1728 5.97893 5.62318 6.0739 5.64499 5.67035 5.65326 5.64299 5.69846 5.60154 5.68026 5.57473 5.74415 5.67933 5.63007 5.62904 5.60335 5.67009
4.43221 4.41193 4.41999 4.51448 4.47634 4.41068 4.26094 4.51329 4.43331 4.43701 4.44245 4.42292 4.41124 4.41686 4.38708 4.3996 4.47375 4.4488 4.49121 4.27112 4.47533 4.51844 4.40239 4.35893 4.35861 4.5045 4.45013 4.42059 4.35431 4.5347
4.45481 4.44199 4.42456 4.45535 4.46773 4.45531 4.43394 4.37095 4.47335 4.53752 4.60001 4.62282 4.59038 4.63234 4.65607 4.59733 4.64578 4.64753 4.62091 4.60429 4.67718 4.58551 4.69309 4.61758 4.66528 4.59109 4.63779 4.60314 4.61255 4.6227
4.32644 4.30847 4.05292 4.10453 4.11593 4.18419 4.46531 4.4573 4.2702 4.64213 4.34383 4.48369 4.47853 4.48908 4.44378 4.50565 4.47524 4.48779 4.48934 4.52218 4.49025 4.48278 4.51524 4.57691 4.51068 4.65559 4.47195 4.4911 4.46911 4.48756
5.76759 5.72047 5.8173 5.7136 5.55624 5.66828 5.75257 5.85249 5.74188 5.69796 5.71878 5.85938 5.67992 5.87546 5.6753 5.8003 6.01044 5.67278 5.70949 5.79422 5.81743 5.73278 5.88465 5.7141 5.63819 5.66988 5.92685 5.90121 6.06405 5.72594
4.60694 4.94094 3.62579 3.38934 3.28029 3.29839 4.6068 4.68402 4.34552 4.97152 4.61383 4.84507 4.57018 4.7452 4.46264 4.42595 4.46438 4.6366 4.62497 4.72484 4.52437 4.34032 4.15999 4.17658 4.67852 4.55385 4.62849 4.60305 4.77551 4.70076
3.3853 3.29522 3.61941 3.59848 3.71334 3.66077 2.77326 3.56912 3.94768 4.43053 4.35865 4.56692 4.96107 4.68701 4.35709 4.5287 4.33588 4.28913 4.33501 4.3635 4.3716 4.41552 4.38664 4.33707 4.47286 4.39994 4.42682 4.36688 4.36304 4.36505
7.87333 7.896 7.81902 7.77316 7.82601 7.85353 7.8712 7.8381 7.86632 7.80427 7.82767 7.9812 7.78531 7.98806 7.89623 7.96231 7.93213 7.90495 7.94071 7.9861 7.95681 7.89838 7.87578 7.92864 7.83602 7.87749 7.94549 7.98128 7.8475 7.75896
91.2469 91.279 91.5815 91.6227 91.6029 91.5179 90.5388 90.5863 91.5589 92.0268 92.6561 93.1033 93.3467 93.1173 93.3663 92.9203 93.0779 93.3728 93.5857 91.9356 93.2974 92.8828 92.731 92.1854 92.9096 93.0652 93.1889 93.1486 92.5824 91.9968
76.0422 76.072 76.0336 76.0478 76.0039 75.9691 76.3863 76.144 76.2555 76.5822 75.7363 75.725 75.6388 76.1418 76.1647 76.0831 76.2871 75.9974 76.4089 76.2024 76.0136 76.2425 76.3856 76.2181 75.9427 76.0404 75.7227 76.0817 76.1769 76.7471
74.8306 74.8412 74.8852 74.8582 75.1985 75.0704 74.8307 75.8589 74.689 73.8319 73.7957 72.9243 73.5668 73.3941 72.8385 73.4034 72.5894 72.9441 73.3165 74.3672 72.6869 73.8097 72.6827 69.5405 73.35 73.3318 71.571 73.9584 73.0083 74.321
83.2923 83.3758 84.1446 84.1091 84.3849 84.2992 83.3752 83.4622 83.5786 82.5727 83.8104 82.4207 83.5321 83.0454 82.0518 83.7426 82.4154 81.9737 82.8904 83.4435 81.7915 83.3595 79.3037 80.6625 81.8945 82.6643 81.6685 83.2421 83.2332 83.6008
100.617 100.744 100.181 100.277 100.158 100.079 100.837 101.259 100.7 102.088 98.0472 97.8668 98.9643 98.2529 98.7273 98.0433 100.316 100.377 99.7794 98.007 100.608 99.1948 101.88 101.061 99.6038 98.5705 99.9701 100.557 98.2206 100.282
68.0573 67.8112 68.2265 68.2044 68.2949 68.2336 65.6856 66.1792 68.2141 64.1152 65.8155 65.4769 65.3076 65.5903 65.6456 65.5234 66.1851 65.5287 65.3409 65.2181 65.9011 65.5346 65.0244 62.1212 65.2876 65.0276 65.8425 64.9341 65.223 66.29
143.813 143.565 142.981 143.151 142.778 143.105 143.108 143.456 143.734 142.916 143.408 142.746 143.493 142.965 142.438 142.445 143.137 141.951 142.735 142.346 142.827 143.79 142.134 142.654 142.285 142.595 143.551 143.498 143.066 143.038
5.73189 5.80298 5.88893 5.87075 5.91573 5.92839 5.84132 5.76081 5.69254 5.69623 5.59529 5.78159 5.47721 5.65949 5.81861 5.6103 5.7776 5.85483 5.74569 5.71371 5.84152 5.6539 5.84547 5.81765 5.81042 5.72058 5.78396 5.71145 5.71963 5.69693
4.40969 4.40013 4.41732 4.41787 4.41721 4.42466 4.14517 4.27208 4.34647 4.2862 4.58176 4.51928 4.52568 4.41907 4.41425 4.41104 4.51703 4.42456 4.4406 4.42172 4.4826 4.48092 4.1981 4.4891 4.43345 4.48143 4.6101 4.55079 4.50904 4.29651
4.44087 4.45058 4.43522 4.44452 4.43877 4.44288 4.4522 4.48954 4.46199 4.45821 4.5262 4.5229 4.48601 4.51002 4.53548 4.46077 4.54601 4.49356 4.52553 4.55239 4.55171 4.55307 4.55459 4.43977 4.50131 4.53136 4.51986 4.54785 4.51224 4.51702
4.55546 4.48248 4.48603 4.52984 4.49775 4.49197 4.54241 4.46958 4.5328 4.46412 4.45118 4.50088 4.46539 4.48851 4.50706 4.4436 4.42732 4.51175 4.43714 4.42373 4.43571 4.44462 4.55511 4.08506 4.5243 4.44828 4.45434 4.43498 4.41932 4.48052
5.85094 5.82562 5.72863 5.73168 5.68533 5.75262 5.81384 5.8377 5.8263 5.89009 5.76481 5.88006 5.74844 5.76451 5.75135 5.72697 5.9232 5.72232 5.8592 6.05579 5.78849 5.8696 6.07974 5.7109 5.82216 5.65666 5.80474 5.79042 5.82473 5.77431
3.61184 3.63742 3.63249 3.63116 3.67674 3.69867 4.29238 4.10025 3.70603 5.20253 4.3527 4.51742 4.6353 4.47317 4.55406 4.49733 4.70025 4.79081 4.62884 4.39321 4.77516 4.64671 5.11522 3.85745 4.45415 4.60245 4.67005 4.42539 4.6823 4.50784
4.34571 4.32591 4.34154 4.37072 4.34998 4.34612 4.49849 4.406 4.32889 4.78841 4.53654 4.56788 4.56231 4.55423 4.59698 4.53854 4.76485 4.66569 4.55892 4.53212 4.80339 4.55758 4.93037 3.17664 4.60105 4.58007 4.83127 4.56359 4.61464 4.63826
7.9017 7.87726 7.77379 7.77705 7.75773 7.77301 7.70281 7.76467 7.89056 7.7506 7.94395 7.86374 7.83644 7.81068 7.76769 7.80267 7.79842 7.66885 7.76517 7.82081 7.69689 7.88539 7.44917 7.66297 7.78716 7.75021 7.95951 7.82483 7.80161 7.80425
91.3875 91.6763 92.4944 92.5724 92.6618 92.4323 92.3398 91.9556 91.82 92.3249 92.6521 92.491 92.8044 92.2547 93.3019 92.7373 93.0837 92.7236 93.6203 92.5097 93.3049 93.4687 92.6084 91.8236 92.8967 93.4308 92.3425 93.1901 92.5345 92.3938
75.0466 74.9797 74.7261 74.7325 74.6136 74.6311 75.0138 74.9594 75.1578 75.3794 75.1922 75.2125 75.7008 75.7371 75.4507 76.0716 75.1807 75.2377 75.2351 75.1808 75.6542 74.9456 74.9818 75.8113 74.7987 75.2862 75.1184 75.209 75.4157 75.1604
75.3019 74.9716 75.046 74.7815 75.0564 74.8984 74.3791 74.2907 74.798 74.1282 73.8179 73.5356 73.0617 73.2726 74.1735 73.8885 73.2376 72.0456 73.4697 74.0386 73.8786 74.0685 71.9113 76.3258 73.3998 72.6444 73.5629 73.2712 74.17 73.2254
84.3029 83.9402 84.5793 84.2072 84.7243 84.5928 83.5688 83.7707 83.7056 82.808 82.9069 82.3008 82.8021 82.8248 82.9399 83.1355 81.9922 82.3847 83.4138 82.6604 82.6121 82.6632 83.1885 84.4096 82.7398 82.0287 82.6945 82.8268 82.3819 82.7354
66.3943 66.4009 66.9116 66.9925 66.8823 67.127 66.3532 66.2354 67.0483 65.5676 66.0358 65.6947 66.1 65.9696 66.0355 66.1499 66.0181 65.9432 66.3949 66.2752 65.9125 66.0751 66.0819 68.0241 65.8287 65.9278 65.5902 65.9186 66.2248 66.7536
139.737 139.764 139.73 139.779 139.253 139.226 140.18 137.979 138.676 138.438 136.755 136.645 137.015 136.988 137.093 136.962 137.732 136.923 137.398 138.336 137.123 138.074 136.792 137.821 138.122 137.321 136.529 138.307 137.92 138.123
5.90083 5.88796 5.7327 5.70611 5.67163 5.79991 5.64612 5.65867 5.88416 5.92659 5.86203 5.87756 5.88332 5.91449 5.76451 5.87715 5.78572 5.86344 5.82227 6.11813 5.6492 5.64719 5.88998 6.53162 5.83832 5.66019 5.86908 5.72541 5.7995 5.91124
4.71024 4.65032 4.68986 4.66054 4.64254 4.70028 4.37654 4.30778 4.64294 4.66118 4.5845 4.60669 4.5395 4.6069 4.6453 4.54889 4.59888 4.52217 4.52715 4.6826 4.73838 4.7102 4.51925 4.32239 4.63385 4.56166 4.55747 4.57379 4.57813 4.52873
4.56848 4.55147 4.51511 4.52048 4.511 4.53 4.51623 4.4061 4.61908 4.5915 4.56484 4.58717 4.56926 4.55039 4.57892 4.45301 4.54237 4.54171 4.52975 4.57287 4.61195 4.53971 4.52497 4.64502 4.49245 4.55113 4.55191 4.56823 4.55659 4.54574
4.48266 4.4596 4.4571 4.49361 4.45561 4.45379 4.49253 4.51812 4.4979 4.56421 4.56077 4.57363 4.56379 4.58096 4.60354 4.54822 4.54529 4.55198 4.62256 4.6072 4.55855 4.60793 4.56385 3.94397 4.58058 4.56836 4.55862 4.61402 4.54508 4.60138
4.4743 4.47024 4.46214 4.45791 4.43511 4.4478 4.46415 4.48509 4.44344 5.22281 4.71304 4.97965 4.7242 4.89378 4.86306 4.7353 4.80696 4.72816 4.63636 4.79949 4.85325 4.55908 4.96113 4.93108 4.74446 4.73847 5.02484 4.81065 4.69405 4.97935
4.35389 4.34563 4.37527 4.40855 4.38771 4.39459 4.34506 4.29869 4.3941 4.50121 4.3821 4.45442 4.43553 4.46036 4.44045 4.4806 4.48173 4.42071 4.44666 4.53594 4.4398 4.35789 4.64216 4.41575 4.7358 4.78162 4.3899 4.49462 4.45102 4.40744
7.82183 7.9815 8.14616 8.14709 8.10001 8.1303 8.45854 7.97403 7.59931 7.97991 7.81448 7.69859 7.82744 7.74832 7.86057 7.8355 8.03933 7.60661 7.85759 8.19456 7.86953 7.86598 7.44971 7.71137 8.03712 8.08235 7.51964 7.95756 8.03189 7.68321
93.0073 93.0527 93.0488 93.1886 93.2719 93.093 93.1444 93.2024 93.2042 93.1017 93.0309 92.9461 92.7837 92.5907 92.9821 92.8082 93.1555 92.8946 92.8933 92.8377 92.3698 94.2921 93.094 92.0007 93.3671 93.0169 92.8751 92.9414 92.3809 92.632
75.0407 75.0532 74.9922 75.0348 74.9612 74.9618 75.0087 75.3233 74.8921 75.4658 75.5752 75.4832 75.8387 75.4396 75.4716 75.7487 75.3974 75.5695 75.4246 75.4521 75.438 75.7287 75.2777 75.8155 76.2033 75.7466 75.3833 75.7977 75.0835 75.366
73.2018 73.137 73.3935 73.4787 73.7541 73.3298 72.5348 72.6511 72.8375 72.0342 72.9997 71.9906 71.6715 72.5182 72.5036 72.457 71.5724 72.1097 72.6934 72.492 72.6671 71.6271 72.3933 72.7377 71.6328 72.5601 72.6283 72.0865 72.8382 72.8371
82.739 83.0529 83.6116 83.523 83.8325 83.5098 83.0178 83.0782 81.592 82.5978 82.8601 82.5389 82.7825 82.938 82.5359 82.9225 82.366 82.7262 82.6786 82.5027 82.9434 80.9797 82.8974 83.2701 82.1513 82.8258 82.8207 82.5682 83.1733 83.0696
102.488 102.272 102.791 103.181 102.959 102.708 103.762 103.735 102.428 102.973 103.073 102.988 103.359 102.851 102.869 103.9 103.181 103.589 103.31 103.353 102.418 104.049 103.133 102.71 104.4 103.268 103.038 103.461 104.539 103.502
64.6573 64.5612 64.9439 64.9736 64.921 65.0504 64.8973 65.0714 64.4234 64.834 64.7957 64.7043 64.8741 64.7401 64.7451 64.9792 64.8482 64.8302 64.6514 64.3946 64.753 64.015 64.5445 65.8471 64.9743 64.9219 64.8324 64.9194 65.0759 64.7
141.812 141.661 141.719 141.933 141.783 141.444 141.212 141.55 141.856 141.242 141.294 141.055 141.42 141.548 141.326 141.696 141.167 141.752 141.337 141.665 142.08 142.426 141.34 143.007 142.418 141.685 141.447 141.441 142.32 141.228
5.55019 5.5762 5.63128 5.72326 5.65469 5.58531 5.56514 5.58149 5.78366 5.55681 5.56879 5.5257 5.50854 5.53448 5.52839 5.43327 5.53356 5.49214 5.53614 5.55964 5.54239 5.65671 5.50186 5.63242 5.65021 5.57178 5.49895 5.52082 5.54201 5.50842
4.5063 4.49552 4.52429 4.52194 4.53031 4.52431 4.48797 4.49101 4.52381 4.49837 4.41218 4.5057 4.39599 4.46596 4.47378 4.38131 4.51509 4.47182 4.41153 4.44209 4.48038 4.4029 4.5244 4.33517 4.43071 4.29418 4.50877 4.44915 4.27065 4.48673
4.52804 4.50254 4.51239 4.53546 4.52169 4.51696 4.55536 4.55882 4.53882 4.69786 4.67774 4.69835 4.67286 4.69855 4.69326 4.61232 4.6753 4.64335 4.65707 4.70087 4.7049 4.74873 4.64829 4.71236 4.70693 4.63735 4.67212 4.67008 4.71213 4.67025
4.3319 4.3135 4.32109 4.33532 4.31241 4.33032 4.37059 4.41272 4.40401 4.42593 4.40569 4.42229 4.44138 4.43318 4.4254 4.41351 4.43576 4.4326 4.41642 4.4447 4.44219 4.51889 4.43461 4.45395 4.41489 4.42984 4.40725 4.41769 4.43208 4.40312
5.09593 5.08746 5.09691 5.20599 5.06656 4.98277 5.39054 5.39991 5.21834 5.08081 5.14957 5.06463 5.28512 4.88917 4.9538 5.49876 5.10107 5.2505 5.09175 5.02881 4.60437 5.41804 5.22517 5.45958 5.54835 4.85391 5.17138 5.11547 5.58505 5.28318
4.72938 4.80905 4.55105 4.52789 4.50519 4.54075 4.32092 4.32814 5.11268 4.62316 4.54929 4.61091 4.57727 4.66163 4.61926 4.14639 4.52875 4.39405 4.5361 4.71454 4.68047 5.12832 4.58512 4.65583 4.56305 4.57397 4.50799 4.53463 4.6247 4.60997
4.34528 4.31273 4.22078 4.25087 4.22027 4.23072 4.28175 4.25447 4.47642 4.376 4.36079 4.37474 4.23579 4.31888 4.3692 4.30494 4.36926 4.30509 4.36293 4.38933 4.33038 4.50276 4.38523 4.33619 4.27076 4.36172 4.38712 4.30728 4.38715 4.3853
7.68863 7.69457 7.68843 7.70056 7.68556 7.64782 7.70457 7.76034 7.6983 7.6659 7.67244 7.64948 7.64598 7.6184 7.67758 7.66621 7.71073 7.66122 7.67869 7.64856 7.68242 7.80113 7.69959 7.76347 7.75618 7.71999 7.72357 7.66622 7.74026 7.73291
92.5392 92.479 92.5092 92.4923 92.5012 92.4545 92.0724 92.6007 92.567 92.4226 92.0927 92.2827 91.9572 92.2254 92.3107 92.4025 92.4222 92.2088 90.8391 92.2154 91.9655 91.9993 92.4029 91.7898 92.3666 91.7755 92.0791 92.1544 91.535 91.8528
154.056 154.127 154.042 154.083 154 153.908 154.13 153.969 154.012 153.611 153.766 153.727 153.754 153.554 153.739 153.793 153.574 153.57 153.986 153.841 153.827 153.766 153.835 153.838 153.71 153.886 153.723 153.861 149.479 153.76
75.808 75.7653 75.7568 75.7917 75.7645 75.7379 75.7763 76.0515 75.623 75.5456 75.5742 75.7084 75.5666 75.6188 75.5467 75.5043 75.5648 75.606 75.318 75.7435 75.8151 75.4527 75.8493 75.9163 75.5724 75.5921 76.249 75.8462 75.9017 75.8488
73.3033 73.2457 73.2135 73.1145 73.2236 73.1813 73.6147 73.067 73.4314 73.3747 73.6507 73.152 73.5501 73.4774 73.5492 73.3706 73.6166 73.5447 74.726 73.4005 73.6362 73.6136 73.5409 74.199 73.5127 73.8249 73.554 73.427 72.2119 73.787
82.4686 82.5156 82.5085 82.4043 82.534 82.5298 82.8621 82.6274 82.4293 82.7328 82.8577 82.7468 83.0347 82.7628 82.7098 82.8253 82.7287 82.7909 82.9818 82.8165 82.8304 82.6918 83.01 83.0951 82.6316 82.823 82.6469 82.6703 81.0149 82.9081
66.561 66.3599 66.5269 66.6129 66.5385 66.5071 66.076 65.6584 66.5398 65.8419 65.7037 65.7382 65.1968 65.6571 65.8596 65.5833 65.9978 65.6631 66.6788 65.6006 65.8054 65.5496 65.8504 65.5729 65.4279 65.3411 65.777 65.5305 63.1499 65.7248
139.265 138.948 139.054 139.263 139.018 138.791 140.617 139.848 138.796 140.132 139.89 140.003 139.624 139.701 140.102 139.657 140.12 140.066 140.493 140.112 140.576 139.657 140.864 140.871 139.855 140.239 140.886 140.107 142.482 140.813
5.97018 5.96595 5.94473 5.96154 5.94137 5.92052 5.93131 5.92802 5.95183 6.42643 6.46873 6.43075 6.46653 6.42808 6.4161 6.46612 6.41593 6.42362 6.21959 6.45726 6.41499 6.48047 6.47352 6.41469 6.4642 6.41597 6.42746 6.43834 6.57692 6.38987
7.57728 7.54924 7.47484 7.5058 7.45792 7.31407 7.46685 7.48887 7.56997 6.93204 6.93883 6.96749 6.84769 6.75293 6.98196 6.79458 6.91447 6.87056 7.0825 6.93169 6.99356 6.77847 7.13175 7.32824 6.83843 7.10219 7.17964 7.06255 6.05629 7.21349
4.51084 4.49499 4.49055 4.49029 4.49003 4.47487 4.18422 4.1653 4.47263 4.64213 4.55822 4.60841 4.56041 4.58299 4.67394 4.53624 4.63424 4.61876 4.69302 4.56797 4.63782 4.54775 4.63898 4.75714 4.60336 4.6697 4.64267 4.63108 4.68343 4.73189
4.64274 4.61811 4.62428 4.6527 4.63163 4.62327 4.62912 4.62011 4.6546 4.81597 4.79125 4.80413 4.76871 4.81198 4.82404 4.72301 4.83093 4.81377 4.89503 4.79173 4.82741 4.7968 4.82007 5.01845 4.80048 4.87845 4.87837 4.81872 3.28182 4.86731
4.50308 4.49731 4.49597 4.51001 4.4992 4.49585 4.4848 4.50772 4.52252 4.61494 4.62301 4.62415 4.61779 4.62387 4.61049 4.6202 4.61229 4.62033 4.62102 4.61719 4.61096 4.62912 4.62147 4.60632 4.62839 4.69872 4.62047 4.61252 5.1701 4.60891
4.78013 4.82643 4.82965 4.78137 4.82045 4.86125 4.50722 4.44861 4.81339 4.68075 4.74372 4.71389 4.4511 4.66727 4.67739 4.60264 4.72478 4.67147 4.55677 4.61773 4.71 4.84803 4.61765 4.56513 4.50888 4.6004 4.68463 4.53882 4.20799 4.61853
4.2343 4.20037 4.21773 4.27185 4.22375 4.21014 4.22571 4.2564 4.25178 4.46833 4.45044 4.46327 4.45734 4.46217 4.46807 4.45481 4.46234 4.45977 4.37615 4.4753 4.45814 4.52317 4.46172 4.4659 4.50369 4.49228 4.45921 4.47492 3.70664 4.44516
8.09108 8.03798 8.08024 8.1319 8.08778 8.05988 8.09959 8.08716 8.13495 8.1189 8.1176 8.1047 8.0133 8.07626 8.07539 8.01677 8.15721 8.05577 8.19894 8.11974 8.10888 8.05587 8.23052 8.18224 8.06098 8.03627 8.1052 8.05445 8.24651 8.01929
93.7596 93.7245 93.7021 93.7344 93.6528 93.5574 93.4129 93.3522 93.6531 93.3953 93.3311 93.451 93.2929 93.2352 93.3329 93.3752 93.3489 93.394 93.5015 93.0929 92.8528 93.1953 93.3448 93.539 93.5023 92.9193 93.3858 93.4984 92.7584 92.0665
75.5306 75.5214 75.5282 75.5795 75.5722 75.5778 75.5031 75.3305 75.7014 75.7707 75.8094 75.6962 75.7895 75.7726 75.8196 75.7097 75.8969 75.7478 75.6561 75.7681 75.8775 75.892 75.9629 76.2385 75.7663 76.0684 76.1619 75.4814 76.4037 75.6602
72.3201 72.2656 72.2547 72.1743 72.2524 72.2506 72.8652 72.6814 72.2844 72.2988 72.1466 72.2166 72.2875 72.2982 72.4629 72.1094 72.5151 72.2941 72.7451 72.3478 72.693 72.1298 71.837 73.0579 72.3604 72.6229 72.8708 72.6167 71.9871 74.7308
82.1784 82.2208 82.1919 82.0923 82.272 82.2958 81.9747 82.4533 82.2501 82.355 82.4345 82.4514 82.543 82.596 82.4667 82.4855 82.4418 82.4731 82.1839 82.5061 82.1465 82.4195 82.1376 82.8029 82.4655 82.7039 82.8534 82.5815 80.1954 81.7503
97.1736 96.9293 96.8913 97.2771 96.838 96.6483 97.6295 97.8967 97.0918 97.2575 96.8865 96.8687 96.8552 96.9646 98.6897 96.4883 97.7267 97.2217 98.9384 97.3294 97.7928 96.893 97.4769 98.3837 97.3385 97.3979 98.7275 98.2386 99.5985 100.391
65.3516 65.3535 65.3429 65.3993 65.3031 65.2961 65.2504 65.1583 65.2861 65.2466 65.0221 65.2886 64.9858 65.0438 65.2031 64.9984 65.1879 65.297 65.3026 65.0038 64.9227 64.9097 65.1065 65.5937 65.2265 65.1464 65.0479 65.281 65.6732 65.5387
140.598 140.503 140.516 140.506 140.523 140.516 140.975 140.808 140.044 140.332 140.509 140.566 140.546 140.597 141.209 140.582 140.548 140.499 140.112 140.971 141.5 140.538 140.855 142.184 140.436 141.442 141.875 141.054 142.445 141.836
5.42347 5.44164 5.42054 5.44029 5.44093 5.42826 5.34813 5.36681 5.47118 5.53323 5.53967 5.52027 5.53234 5.54391 5.51816 5.52792 5.5438 5.55923 5.52398 5.52999 5.51053 5.53984 5.51195 5.41713 5.56984 5.51271 5.59244 5.54477 5.60085 5.66783
4.44643 4.47511 4.45673 4.46462 4.46246 4.46309 4.34483 4.38148 4.44919 4.47916 4.46422 4.46735 4.4729 4.47049 4.48759 4.49048 4.38344 4.49035 4.43325 4.48293 4.50295 4.47377 4.46411 4.39892 4.51396 4.40634 4.45372 4.37121 4.14097 4.49051
4.39582 4.40257 4.4006 4.41388 4.40062 4.40706 4.38553 4.40367 4.44908 4.44382 4.46077 4.45552 4.46354 4.46373 4.45427 4.48075 4.45478 4.44815 4.43855 4.44363 4.39234 4.46978 4.43993 4.49644 4.45778 4.4316 4.48168 4.35233 4.39476 4.50438
4.36511 4.36504 4.36454 4.37301 4.36627 4.36514 4.36012 4.36508 4.37654 4.41436 4.41546 4.41035 4.41594 4.41915 4.39475 4.40952 4.40683 4.41736 4.42257 4.42261 4.42611 4.42848 4.41719 4.39914 4.41319 4.40165 4.41102 4.50331 4.75321 4.4537
5.3478 5.21934 5.32647 5.19455 5.28706 5.27136 5.46037 5.51537 5.04885 5.14301 4.99105 5.23163 5.14255 5.13591 5.30771 5.04556 5.21632 5.19578 5.11253 5.24298 5.04594 4.98194 5.15357 5.53857 5.12085 5.11018 5.69607 5.39931 5.75117 5.53614
4.22416 4.21958 4.19958 4.19359 4.24495 4.24906 4.14404 4.22326 4.24587 4.40218 4.51919 4.30777 4.58885 4.52099 4.55354 4.57491 4.35656 4.34354 4.66885 4.66286 4.56525 4.6283 4.52647 4.77429 4.43961 4.65284 4.65959 4.24654 4.21326 4.14838
4.18745 4.19353 4.18954 4.20475 4.19328 4.19236 4.17955 4.17698 4.20584 4.5071 4.5258 4.52297 4.51356 4.51865 4.52022 4.52837 4.51116 4.51476 4.48421 4.50764 4.45881 4.52425 4.50958 4.57425 4.52982 4.48306 4.52105 4.52001 4.71223 4.47861
7.45062 7.41509 7.43601 7.40528 7.43802 7.43005 7.52502 7.58077 7.40878 7.37546 7.38383 7.45501 7.46484 7.46953 7.51755 7.44633 7.45034 7.44196 7.29105 7.48041 7.42115 7.38184 7.36156 7.54802 7.4326 7.478 7.64183 7.52494 7.60813 7.54228
93.2657 93.2247 93.2524 93.242 93.3193 93.2798 92.9561 92.9311 93.036 92.9814 92.9062 92.942 92.9081 92.9017 93.0322 92.8792 92.8526 93.1561 92.9322 92.9915 92.6115 92.771 92.5944 93.6383 93.2115 92.8112 93.4956 93.1781 92.5857 92.7624
75.5728 75.5546 75.5439 75.5512 75.5675 75.6078 75.698 75.6544 75.5672 75.4985 75.5917 75.5545 75.4904 75.4514 75.6655 75.3886 75.7029 75.6186 75.5966 75.5011 75.334 75.4631 75.9315 75.523 75.7045 75.6959 75.6014 75.6029 75.3068 75.5433
72.5118 72.6229 72.5636 72.6053 72.6115 72.5978 72.9832 72.9229 72.7461 72.5992 72.8915 72.7475 72.6954 72.7774 72.6302 72.8149 73.1885 72.4762 72.5689 73.1474 72.6134 72.9164 73.7123 73.9131 72.3863 73.3631 73.5483 73.1956 73.1374 73.3632
82.2139 82.197 82.1805 82.146 82.1212 82.099 82.127 82.2305 82.3139 82.2609 82.3304 82.2801 82.2814 82.3232 82.1124 82.3174 82.4419 82.0368 82.4284 82.2881 82.364 82.3678 82.4369 82.904 81.9577 82.4258 82.461 82.5169 83.1353 82.9323
65.7452 65.7865 65.7552 65.8058 65.7645 65.7675 65.8165 65.7865 65.7411 65.7165 65.7077 65.6974 65.6723 65.7045 65.609 65.6713 65.7006 65.7215 65.6952 65.762 65.5923 65.598 65.7233 66.016 65.6543 65.6885 65.9096 65.9394 65.7914 65.7059
135.972 135.932 135.814 136.032 135.734 135.588 136.661 135.878 136.125 136.054 136.184 136.073 136.09 136.018 136.255 135.998 136.63 135.942 137.118 136.362 135.43 135.972 136.478 136.405 136.045 136.961 137.484 137.934 141.064 136.757
5.68817 5.68226 5.68019 5.68181 5.68839 5.68697 5.65257 5.66035 5.68536 5.86842 5.86746 5.86123 5.86285 5.86159 5.87429 5.86171 5.86544 5.85987 5.8658 5.88097 5.88547 5.87636 5.89819 5.69695 5.85986 5.87309 5.81981 5.87954 5.73059 5.8899
4.52947 4.53788 4.52842 4.54444 4.53757 4.5279 4.25533 4.2564 4.50432 4.58381 4.58232 4.57808 4.60408 4.59575 4.58201 4.58796 4.58067 4.60201 4.59127 4.62162 4.37168 4.58048 4.64334 4.59135 4.59451 4.64226 4.63847 4.59324 4.5861 4.58911
4.55046 4.55836 4.55618 4.55928 4.54901 4.552 4.57369 4.54601 4.57112 4.5676 4.57749 4.57814 4.56541 4.57889 4.55184 4.59635 4.57073 4.54537 4.58734 4.61094 4.61438 4.60966 4.59477 4.59401 4.52659 4.59171 4.5736 4.58821 4.58992 4.60442
4.51044 4.50851 4.50956 4.51346 4.51069 4.50881 4.54749 4.46766 4.50654 4.53466 4.53761 4.53706 4.5355 4.53543 4.53342 4.54842 4.53999 4.5325 4.52854 4.53727 4.58279 4.54645 4.54741 4.63826 4.54915 4.52313 4.60487 4.55187 4.57048 4.54523
4.44395 4.44191 4.4404 4.43506 4.42894 4.42795 4.36665 4.35623 4.42033 4.71086 4.73605 4.70675 4.7226 4.6996 4.72497 4.73922 4.79517 4.63949 4.69587 4.70374 4.75801 4.76721 4.8356 4.77605 4.7007 4.71961 4.73002 4.7524 4.79162 4.75925
4.26353 4.26462 4.26087 4.26705 4.26064 4.2582 4.21926 4.25791 4.26067 4.33232 4.33228 4.33359 4.32666 4.33032 4.32733 4.32595 4.3842 4.3316 4.32299 4.33966 4.41746 4.32334 4.35241 4.40662 4.32932 4.39055 4.4028 4.47554 4.43861 4.50026
7.61772 7.62422 7.60451 7.63316 7.59481 7.58645 7.69094 7.59358 7.65056 7.69458 7.7037 7.72408 7.68287 7.72036 7.6855 7.70431 7.80225 7.6198 7.74537 7.68326 7.90846 7.66833 7.72581 7.8683 7.58702 7.73257 7.79172 7.73921 8.48761 7.91353
94.1135 93.9933 94.1313 93.9527 94.1106 94.0876 94.1909 94.0609 93.9075 94.1618 94.1211 94.1006 94.1154 94.0956 94.2309 94.0115 94.1083 94.2312 94.2093 94.1247 93.3477 94.1313 93.9966 94.1302 94.1511 93.8455 93.9549 94.0272 93.7941 93.8935
75.7843 75.7854 75.804 75.8154 75.8019 75.7984 75.7585 75.4238 75.7924 75.602 75.7847 75.6271 75.6197 75.6142 75.6772 75.5951 75.6807 75.8549 75.6593 75.6598 75.5717 75.5329 75.7472 75.6033 75.8438 76.256 75.7495 75.5845 75.5566 75.582
71.8264 71.9569 71.7429 71.9628 71.8397 71.8122 71.3512 72.0826 71.9542 71.7908 71.8842 71.8044 71.9089 71.8539 71.754 71.8971 71.6249 71.7243 72.0041 71.8755 71.5985 71.7489 71.6386 71.8023 71.6981 71.8503 71.8286 71.7301 72.1404 71.6239
82.2607 82.3065 82.2748 82.3285 82.216 82.2414 82.3665 82.3025 82.3744 82.2933 82.1507 82.2966 82.2231 82.3218 82.2389 82.3802 82.252 82.192 82.0629 82.271 82.7151 82.4173 82.1995 82.0507 82.1043 82.0846 82.1317 82.3604 82.4937 82.4497
96.3039 96.5869 96.3568 96.3541 96.3096 96.3902 96.3783 96.7226 96.6344 95.9723 96.6837 96.2069 96.3455 96.0341 96.3745 95.9364 96.2712 96.4541 97.3053 96.4067 93.7885 95.9537 96.6681 96.2654 96.5138 97.2434 98.031 96.2649 97.0372 96.2346
64.6898 64.7083 64.7055 64.721 64.689 64.6865 64.6569 64.7409 64.635 64.7885 64.6752 64.7254 64.7948 64.7649 64.6987 64.7813 64.6803 64.688 64.5764 64.7847 64.676 64.8831 64.6391 64.7058 64.7103 64.6146 64.6862 64.8547 64.711 64.7281
140.825 140.921 140.79 140.917 140.848 140.789 140.953 140.786 140.858 141.101 141.208 141.121 141.171 141.114 141.177 141.103 141.256 141.024 140.93 141.237 141.139 141.006 141.439 141.188 141.114 141.65 141.605 141.318 141.552 141.395
5.58345 5.57889 5.58053 5.585 5.58136 5.57376 5.55772 5.56765 5.57499 5.62696 5.62643 5.6196 5.63059 5.62092 5.64037 5.61887 5.63164 5.63747 5.65045 5.64017 5.61337 5.62259 5.65239 5.62063 5.64778 5.63928 5.6483 5.63843 5.62745 5.64156
4.33717 4.32178 4.34285 4.30709 4.33468 4.34696 4.13714 4.13573 4.31496 4.38139 4.4068 4.3813 4.41694 4.38569 4.37205 4.38738 4.3905 4.35235 4.40324 4.40284 4.42327 4.39068 4.41839 4.40157 4.4021 4.44083 4.43312 4.39534 4.39765 4.39666
4.47471 4.48439 4.47841 4.48337 4.47641 4.47249 4.44128 4.45145 4.47813 4.47322 4.47805 4.47476 4.4591 4.47443 4.47967 4.47704 4.4762 4.46926 4.46694 4.47699 4.49762 4.48396 4.48606 4.4781 4.46183 4.45368 4.45046 4.48277 4.47828 4.49045
4.37065 4.36788 4.36663 4.36166 4.37016 4.36572 4.34193 4.35763 4.36992 4.39392 4.39335 4.39972 4.38765 4.39682 4.40188 4.39596 4.40345 4.40816 4.39526 4.40277 4.42988 4.39683 4.42209 4.40338 4.4023 4.40338 4.38916 4.40332 4.40473 4.40479
5.12378 5.06054 5.06662 5.1179 5.13349 5.08865 5.23589 5.29812 5.08593 5.0375 5.07743 5.10582 5.1003 5.07044 5.13375 5.01056 5.0739 5.17453 5.21647 5.1212 4.54394 4.99551 5.14309 5.02599 5.16288 5.25091 5.20615 5.02837 5.03956 5.04961
4.35918 4.34273 4.35367 4.37014 4.35897 4.34916 4.43275 4.32726 4.33965 4.5048 4.4875 4.49211 4.50365 4.50386 4.51098 4.49525 4.52408 4.51997 4.52068 4.52073 4.5699 4.49976 4.54543 4.51032 4.5205 4.59965 4.58545 4.50342 4.49564 4.5207
4.19081 4.19557 4.1921 4.19472 4.18874 4.18489 4.18327 4.17738 4.19275 4.51408 4.51275 4.511 4.4894 4.50022 4.51466 4.4988 4.51464 4.49724 4.48671 4.501 4.52255 4.50614 4.5255 4.50246 4.49477 4.44948 4.4775 4.5203 4.50075 4.51776
7.66355 7.66236 7.65829 7.67561 7.67015 7.65967 7.67226 7.64039 7.64929 7.66992 7.66834 7.67729 7.68072 7.67214 7.69608 7.65339 7.69136 7.69569 7.65646 7.68533 7.69798 7.67275 7.71876 7.67788 7.69153 7.69231 7.71077 7.68177 7.67398 7.67874
93.2091 93.0503 93.3681 92.9313 93.1483 93.2879 93.7052 93.1915 93.0554 93.3775 93.6525 93.3206 93.5077 93.3713 93.4039 93.3496 93.4419 93.4303 93.5426 93.4318 93.3899 93.6346 93.556 93.4001 93.6067 93.6364 93.4613 93.3662 93.2463 93.3752
77.0359 76.9588 76.9741 76.7782 77.0381 76.9924 77.0107 77.0539 76.9251 77.0339 77.0525 77.0766 76.9809 77.0513 77.0061 77.033 77.0628 77.11 77.0397 77.0887 76.9304 77.0497 77.0993 77.0681 76.9848 77.3222 77.0086 77.053 77.0895 77.0552
69.8812 70.0636 69.7367 70.0146 69.9339 69.7991 69.5554 69.9882 69.9515 69.5884 69.2561 69.5713 69.3901 69.5559 69.3444 69.5637 69.4864 69.2853 69.6099 69.5349 69.7735 69.4511 69.4989 69.6764 69.2421 69.2721 69.4558 69.6157 69.7385 69.4159
82.1475 82.2826 82.0724 82.4329 82.1342 82.0448 81.6135 82.4593 82.3082 82.0312 81.7771 82.1041 82.0285 82.0517 82.0895 82.0965 81.9693 81.9868 81.7664 81.994 82.1548 81.7476 81.8548 82.0362 81.8224 81.3034 81.9534 82.1089 82.1635 82.03
98.864 99.4059 98.6613 98.6489 98.9837 99.0095 97.7097 98.5798 98.9033 97.9721 99.4977 97.9115 99.3552 97.9527 97.8092 98.0168 97.7822 97.905 98.3814 98.1785 98.1698 97.1431 98.1045 98.0587 97.9355 100.851 97.9277 97.9115 98.3861 97.6259
64.6857 64.6531 64.7263 64.6945 64.6459 64.6456 64.5217 64.6327 64.7129 64.6379 64.6199 64.6661 64.6622 64.6463 64.6789 64.6295 64.6249 64.5867 64.537 64.6042 64.9084 64.7343 64.5738 64.6561 64.5668 64.5741 64.5429 64.6962 64.593 64.6874
141.565 141.598 141.379 141.674 141.609 141.439 141.662 141.595 141.545 141.666 142.074 141.697 142.142 141.695 141.704 141.673 141.706 141.616 141.649 141.692 141.513 141.532 141.709 141.757 141.671 142.523 141.828 141.766 141.827 141.756
5.63943 5.63679 5.61233 5.61663 5.64376 5.62451 5.62204 5.62531 5.61012 5.68321 5.67603 5.67727 5.67977 5.68052 5.68481 5.681 5.68828 5.68412 5.70107 5.6914 5.65623 5.64028 5.70602 5.68525 5.69707 5.72994 5.71171 5.68615 5.69754 5.69157
4.16358 4.16243 4.14515 4.23068 4.1599 4.14484 4.10029 4.06339 4.16922 4.17915 4.23768 4.17095 4.27222 4.17843 4.18155 4.17781 4.19095 4.17682 4.1821 4.17599 4.15758 4.13233 4.196 4.17718 4.19678 4.20638 4.22115 4.18649 4.19536 4.19454
4.32365 4.32378 4.32101 4.3298 4.32467 4.31665 4.31462 4.30832 4.32833 4.3344 4.29418 4.33458 4.3025 4.33396 4.33817 4.33292 4.33299 4.33319 4.33434 4.32952 4.35377 4.32739 4.3281 4.33682 4.33263 4.32411 4.33673 4.33465 4.33427 4.33793
4.34991 4.35004 4.34422 4.328 4.35325 4.3501 4.31928 4.33406 4.3444 4.38434 4.34443 4.38344 4.34676 4.38379 4.38336 4.38716 4.38722 4.38821 4.39557 4.39223 4.39209 4.3817 4.39884 4.38141 4.38861 4.41409 4.38967 4.38056 4.38778 4.38334
5.52225 5.49091 5.55147 5.49316 5.5079 5.55379 5.57394 5.48425 5.54506 5.43422 5.56362 5.46003 5.51562 5.45332 5.44952 5.45521 5.43556 5.46472 5.45817 5.47772 5.54666 5.41152 5.46281 5.44433 5.45638 5.78198 5.46475 5.4309 5.4564 5.42372
4.24355 4.23869 4.24945 4.22001 4.23931 4.25955 4.40624 4.31311 4.24474 4.37705 4.52494 4.36344 4.5015 4.37712 4.36426 4.382 4.37359 4.39116 4.37536 4.40705 4.27848 4.33983 4.39559 4.40771 4.39833 4.64989 4.43697 4.38931 4.44082 4.35847
4.16725 4.16659 4.16771 4.16266 4.16996 4.16552 4.13004 4.15489 4.17114 4.49032 4.54381 4.48846 4.51361 4.4888 4.506 4.48508 4.48607 4.50325 4.48856 4.48593 4.49216 4.4882 4.48372 4.49014 4.50587 4.51629 4.49692 4.48532 4.48364 4.49189
7.72986 7.70379 7.7225 7.72398 7.72457 7.71593 7.77066 7.72811 7.71265 7.74928 7.78819 7.76103 7.76864 7.75543 7.76463 7.75296 7.76356 7.76943 7.75927 7.75723 7.74259 7.74419 7.76834 7.75449 7.76471 7.79404 7.80741 7.75446 7.74909 7.76344
