11.8584 11.8972 11.8264 12.2372 12.0479 12.1014 11.9612 11.9496 11.9545 12.0247 12.0299 12.0199 12.0117 12.0105 11.9881 12.0533 11.9393 11.9983 12.0035 12.013 12.0923 11.4314 12.0035 12.0418 11.9608 11.9533 11.9677 11.3321 10.3269 11.9632
5.65131 5.65726 5.62009 5.63143 5.63023 5.60826 5.84933 5.83054 5.81817 5.82552 5.8287 5.82199 5.81389 5.82977 5.83631 5.83019 5.83543 5.85084 5.82787 5.83842 5.84033 5.81945 5.86142 5.83835 5.83282 5.83923 5.84693 5.71818 5.85935 5.83104
4.64714 4.64808 4.49567 4.49732 4.48134 4.47433 4.70609 4.65556 4.67319 4.70519 4.69817 4.73897 4.6791 4.69272 4.68209 4.70173 4.68032 4.65538 4.66943 4.67629 4.70774 4.66304 4.63594 4.69121 4.68019 4.68363 4.64733 4.68325 4.58523 4.6873
4.50535 4.50652 4.48125 4.48485 4.49846 4.45162 4.66126 4.59304 4.63583 4.63328 4.63859 4.64818 4.62505 4.61044 4.61156 4.64756 4.61252 4.6165 4.60588 4.67362 4.64898 4.60897 4.65615 4.63943 4.60088 4.61988 4.64199 4.65554 4.72355 4.62073
4.41712 4.41634 4.40551 4.41344 4.39065 4.40603 4.46249 4.46497 4.46852 4.46325 4.4527 4.46151 4.4696 4.46812 4.47021 4.45944 4.47257 4.46836 4.46264 4.45574 4.471 4.46486 4.45889 4.47838 4.4684 4.46511 4.46326 4.4606 4.33782 4.47087
7.88898 7.89392 7.73691 7.76175 7.87147 7.76791 8.04593 7.98229 8.0663 8.06182 8.05543 8.07127 8.18657 8.02818 8.00679 8.02259 8.05389 8.01176 8.04717 8.06165 7.99519 8.04927 8.03993 8.07109 8.00552 8.04483 8.1199 7.32463 7.44161 8.06628
6.0615 6.06503 5.9987 5.96136 5.97339 5.95667 6.51675 6.48963 6.47749 6.49676 6.50483 6.49391 6.48926 6.49482 6.49765 6.50963 6.50209 6.53497 6.47984 6.50056 6.48767 6.49318 6.53702 6.52369 6.48227 6.5099 6.50654 6.43616 6.47202 6.50405
7.54415 7.52222 7.65733 7.57828 7.59381 7.59318 7.02707 7.03253 7.08216 7.11987 7.11475 7.07877 7.05931 7.12571 7.13082 7.05736 7.02085 7.09905 7.0779 7.00131 7.07015 7.17407 7.1404 7.14746 7.07232 6.99827 6.91988 7.40454 7.47766 7.05837
4.64322 4.63772 4.26258 4.29724 4.27478 4.26226 4.69806 4.70169 4.65507 4.72798 4.72381 4.72864 4.72015 4.65707 4.66512 4.74863 4.67015 4.7367 4.6738 4.71256 4.74039 4.74429 4.59694 4.68942 4.68289 4.71131 4.70472 4.80326 4.79677 4.73467
4.64531 4.64024 4.67659 4.65804 4.6866 4.67389 4.84982 4.85083 4.85922 4.86801 4.86215 4.86048 4.84489 4.85506 4.87125 4.86852 4.86194 4.88626 4.83404 4.8485 4.85374 4.84505 4.79603 4.87526 4.83803 4.83691 4.83358 4.88238 4.87702 4.85838
4.4821 4.48175 4.50546 4.45453 4.47642 4.47582 4.61189 4.59293 4.59746 4.61623 4.6151 4.61521 4.60773 4.60109 4.60032 4.6236 4.59951 4.61195 4.59732 4.6185 4.61471 4.60312 4.61465 4.60405 4.59764 4.60232 4.60187 4.64777 4.61276 4.60091
7.73663 7.74216 7.86489 7.80368 7.82585 7.85331 7.63539 7.72103 7.70066 7.70545 7.72122 7.63703 7.70672 7.71529 7.73278 7.74496 7.70559 7.87287 7.69905 7.70366 7.67557 7.68294 7.77767 7.68042 7.70782 7.69319 7.84064 8.13818 8.30412 7.68885
11.2942 11.2363 10.8054 10.7855 10.7787 10.7896 10.8654 10.9757 10.9766 11.0546 11.1108 11.0176 11.0369 11.0185 11.1453 11.07 11.017 11.0752 10.9482 10.9805 10.9641 10.9863 11.0312 11.4517 10.7131 11.0712 10.889 12.07 12.0656 10.6777
5.66544 5.67266 5.63698 5.63228 5.61705 5.60893 5.87002 5.85335 5.83239 5.85467 5.85327 5.86579 5.86461 5.82581 5.83684 5.87394 5.85442 5.86646 5.84398 5.85337 5.87045 5.86759 5.85023 5.72207 5.84983 5.87381 5.87611 5.75642 5.64623 5.87112
4.66006 4.67628 4.33389 4.33216 4.33922 4.32299 4.6901 4.5855 4.75113 4.7044 4.62176 4.72135 4.61966 4.67189 4.60196 4.73162 4.63751 4.59364 4.72804 4.69647 4.70788 4.71509 4.7587 4.83807 4.67365 4.64955 4.69796 4.67046 4.6685 4.66715
4.50283 4.50388 4.45498 4.46762 4.44287 4.4647 4.53908 4.54013 4.63102 4.5819 4.52852 4.5664 4.58796 4.58077 4.59806 4.54007 4.52592 4.45216 4.63835 4.55262 4.56968 4.55463 4.64332 4.67404 4.60055 4.57371 4.56232 4.5537 4.52941 4.56881
4.46421 4.46314 4.43583 4.47871 4.46123 4.49375 4.51416 4.4946 4.52533 4.52993 4.51268 4.52072 4.50709 4.52466 4.52459 4.52418 4.51572 4.50947 4.52698 4.50983 4.52736 4.51549 4.541 4.52925 4.51723 4.51146 4.51127 4.49288 4.48972 4.51689
7.21672 7.21445 7.27794 7.25446 7.16284 7.23073 7.28502 7.32716 7.43385 7.29147 7.25866 7.27164 7.28737 7.48952 7.56119 7.2927 7.3216 7.88163 7.4546 7.30436 7.29831 7.32179 7.35487 7.48622 7.37662 7.27582 7.25569 7.15031 7.25648 7.3409
12.433 12.1236 12.7564 12.7884 12.2728 12.2716 12.3477 12.3239 12.344 12.359 12.3171 12.3877 12.3285 12.3081 12.7003 12.4155 12.3797 12.7974 12.8804 13.0393 12.3684 12.3385 12.7229 12.4102 12.8586 12.2721 12.3975 10.3976 10.4453 12.614
5.68813 5.69733 5.6544 5.66768 5.67111 5.672 5.89707 5.90431 5.86206 5.86078 5.89932 5.86548 5.92714 5.91075 5.92287 5.87514 5.90834 5.84381 5.8687 5.88553 5.90049 5.86618 5.9802 5.84103 5.85049 5.954 5.89028 5.80943 5.81719 5.91816
4.59438 4.60042 4.27547 4.28897 4.28008 4.26586 4.51693 4.63341 4.62165 4.62509 4.66694 4.64241 4.59686 4.71131 4.54738 4.63097 4.74358 4.52431 4.55625 4.40114 4.6741 4.66028 4.54452 4.5548 4.56065 4.71836 4.61422 4.66064 4.65813 4.62866
4.59027 4.57885 4.53127 4.5395 4.48431 4.53119 4.65974 4.63812 4.64844 4.62716 4.69653 4.67155 4.69244 4.68879 4.77296 4.6081 4.70509 4.51224 4.6525 4.68001 4.63301 4.58771 4.66663 4.65424 4.64312 4.70556 4.59013 4.5807 4.61485 4.61225
4.43449 4.43555 4.39606 4.43067 4.44635 4.43756 4.49111 4.48099 4.50501 4.47997 4.45769 4.49605 4.48287 4.49433 4.47763 4.49157 4.48976 4.45099 4.48352 4.3904 4.48585 4.48991 4.51553 4.48288 4.47435 4.47606 4.47552 4.42284 4.48363 4.50512
7.27349 7.27383 7.3751 7.35057 7.28114 7.21539 7.45101 7.60317 7.32483 7.38687 7.51027 7.40028 7.54154 7.5184 7.65589 7.45042 7.40769 7.45561 7.41726 7.45937 7.35748 7.41124 7.30244 7.41228 7.41037 7.44113 7.40955 7.38199 7.4323 7.46115
5.96799 5.97183 5.88558 5.87878 5.88354 5.84486 6.4083 6.44011 6.39953 6.42051 6.4069 6.40243 6.46355 6.45992 6.38906 6.40464 6.45135 6.41279 6.43286 6.42417 6.45768 6.44302 6.45118 6.44097 6.42021 6.50734 6.46721 6.44464 6.43092 6.37456
8.00395 7.93523 7.6537 7.49327 7.68505 7.74515 7.49324 7.39096 7.40437 7.39547 7.41957 7.41291 7.38948 7.7156 7.42164 7.4679 7.45476 7.63616 7.54302 7.56915 7.40412 7.33026 7.71784 7.54868 7.50786 7.44805 7.32247 7.34483 7.14948 7.30942
4.457 4.45622 4.20673 4.27553 4.23754 4.23218 4.52686 4.57289 4.62663 4.55163 4.62207 4.62758 4.5176 4.56012 4.54262 4.45351 4.66322 4.66683 4.65695 4.62602 4.61266 4.5763 4.68509 3.93771 4.68588 4.51528 4.58137 4.61861 4.60228 4.64886
4.49961 4.50242 4.55803 4.51763 4.47326 4.52053 4.81022 4.79579 4.82006 4.7962 4.84822 4.85824 4.80219 4.83278 4.763 4.83238 4.85275 4.8761 4.8189 4.96 4.83161 4.82219 5.01025 4.80986 4.93058 4.75083 4.6973 4.81531 4.84884 4.93399
4.45834 4.46266 4.43722 4.42958 4.45262 4.43337 4.58667 4.59596 4.58424 4.57519 4.59595 4.59452 4.59916 4.60684 4.57933 4.60875 4.61712 4.61231 4.60915 4.61498 4.60522 4.58365 4.61917 4.61924 4.59166 4.63087 4.59887 4.60426 4.59822 4.72068
7.73971 7.74943 8.02747 8.05039 7.90325 7.99301 8.01146 7.77026 7.82415 7.80307 7.81561 7.78056 7.97028 7.72533 7.90409 7.75294 7.67574 8.06158 7.99303 8.51419 7.73029 7.74886 8.5517 8.01258 8.0505 7.68973 7.75439 7.61599 7.77187 7.96794
5.35428 5.36995 5.38526 5.36895 5.37851 5.35911 5.43665 5.47342 5.46981 5.44234 5.46306 5.45894 5.86251 5.05605 5.47557 5.45726 5.6844 5.45207 5.49723 5.5275 5.55107 5.42592 5.56481 5.41587 5.61202 5.69764 5.59149 5.42781 5.52419 5.5304
4.26135 4.25587 4.08674 4.0824 4.08152 4.05413 4.36736 4.42759 4.39893 4.43161 4.44557 4.36703 4.43485 4.22731 4.3858 4.29617 4.21908 4.20774 4.43128 4.45043 4.10999 4.43885 4.69017 4.30828 4.29702 4.1119 4.36203 4.37555 4.48454 4.47433
4.4044 4.41191 4.35293 4.40879 4.37551 4.41457 4.44933 4.44153 4.48743 4.434 4.43167 4.54361 4.51105 4.46683 4.38337 4.35609 4.46603 4.39396 4.43436 4.52573 4.48824 4.40394 4.44902 4.40059 4.44844 4.44908 4.47446 4.46101 4.48424 4.4858
4.28971 4.29262 4.29297 4.29891 4.27214 4.27195 4.3676 4.33383 4.33078 4.33284 4.33745 4.34794 4.31732 4.31026 4.33472 4.33168 4.32397 4.34558 4.34699 4.37669 4.36505 4.36633 4.29675 4.43739 4.27788 4.28561 4.3838 4.35546 4.35698 4.36525
4.85546 4.8117 4.51123 4.5649 4.61968 4.65413 4.98841 4.65833 4.98829 4.93645 4.8498 5.12058 4.63359 5.94922 4.38518 4.01252 5.35616 5.71669 5.21434 5.482 5.28276 4.89515 5.23694 5.02516 4.98242 5.75613 5.63312 5.29566 4.89166 5.03839
7.21524 7.18712 7.28445 7.34613 7.25569 7.33888 7.35812 7.44156 7.38568 7.34259 7.34003 7.42703 7.49908 7.60637 7.30995 7.51644 7.50158 7.52124 7.42593 7.39535 7.49694 7.38832 7.33588 7.6347 7.43283 7.63564 7.59379 7.36616 7.34223 7.32839
5.85403 5.8515 5.67627 5.63944 5.63691 5.71083 5.90357 6.23084 6.06976 6.27395 6.29946 6.36336 6.36834 6.41309 5.98781 6.06621 6.33466 6.38004 6.35017 6.37875 6.05815 6.12536 6.36928 6.58565 6.39778 6.34046 6.41536 6.4378 6.43174 6.44585
7.65205 7.62778 7.99915 7.99798 8.05449 7.93914 7.42838 7.34345 7.65182 7.43008 6.95476 7.3384 7.53298 7.34275 7.14141 7.57754 7.56043 7.34971 7.65579 7.63027 7.53207 7.70988 7.59427 8.32453 7.36488 6.82918 9.23177 7.19456 7.32304 7.66515
4.61332 4.61034 4.27079 4.25535 4.23772 4.24879 4.49929 4.47786 4.48176 4.50771 4.55712 4.59512 4.6174 4.62464 4.5497 4.65045 4.61652 4.78001 4.59487 4.61654 4.64013 4.55661 4.5959 4.59404 4.6852 4.60956 4.62219 4.59775 4.65443 4.55841
4.65625 4.65468 4.67307 4.651 4.62155 4.66048 4.56814 4.62369 4.5255 4.65182 4.66552 4.80582 4.71695 4.93513 4.70674 4.79003 4.86022 4.90748 4.79287 4.80318 4.70128 4.74718 4.75943 4.21011 4.83347 4.72593 4.71994 4.76034 4.7787 4.69033
4.49438 4.49207 4.50359 4.48689 4.47301 4.46636 4.54348 4.55621 4.55334 4.57729 4.56622 4.60408 4.59616 4.59292 4.43629 4.52322 4.59113 4.59027 4.59045 4.59109 4.30343 4.8733 4.56898 4.5848 4.59623 4.59911 4.58886 4.60631 4.60323 4.59778
8.34349 8.33268 8.32867 8.36823 8.3975 8.41014 8.12235 7.89424 8.06349 7.97387 7.9255 8.19186 8.25612 7.87184 8.15826 8.33317 8.01931 7.8594 7.89904 7.95027 8.26055 7.95582 8.12176 8.39077 8.37865 8.29747 8.30538 7.98056 7.94049 8.30428
5.64964 5.65904 5.96254 5.87154 5.93548 6.0776 5.92508 5.48996 5.91819 5.47249 5.57939 5.33389 5.52729 5.64084 6.06944 5.97177 5.30707 5.50662 5.47596 5.35653 5.97209 5.51322 5.15399 5.58499 5.46774 6.12757 5.38811 5.43907 5.43125 4.51953
4.26969 4.27074 4.14145 4.13166 4.1466 4.14129 4.34139 4.55165 4.35034 4.44959 4.5405 4.41395 4.49729 4.41688 4.37788 4.3206 4.27604 4.3986 4.45594 4.45442 4.37474 4.38281 4.33401 4.37072 4.45458 4.3546 4.36931 4.37546 4.47373 4.36418
4.39724 4.39906 4.4522 4.43394 4.45619 4.43349 4.45861 4.49107 4.46026 4.69249 4.48643 4.36458 4.51203 4.58845 4.51663 4.52908 4.57915 4.63266 4.57616 4.57702 4.50824 4.55899 4.57936 4.6266 4.58338 4.47809 4.5021 4.63507 4.67606 4.59284
4.10465 4.11337 4.11875 4.03033 4.07144 4.14457 4.29437 4.37207 4.29645 4.37662 4.38507 4.3907 4.3584 4.44017 4.3533 4.26915 4.36039 4.38425 4.30758 4.32143 4.28249 4.39769 4.35201 4.43375 4.403 4.43009 4.34797 4.4093 4.41239 4.35948
5.49029 5.49449 5.54187 5.53301 5.50755 5.50013 5.68418 5.60548 5.7231 5.66848 5.37269 5.35373 6.15065 5.74297 5.75636 5.50836 5.72422 4.87366 5.61483 5.85396 5.71941 5.48034 6.12279 5.94622 5.12194 5.72878 6.01481 5.22958 5.19903 6.41549
7.47117 7.46912 7.70476 7.6477 7.68412 7.62065 7.72138 7.63258 7.75846 7.6933 7.68111 7.56246 7.75799 7.6883 7.75412 7.53539 7.66156 7.62346 7.63725 7.70365 7.7682 7.54728 7.50814 8.11792 7.58941 7.70246 7.79191 7.54975 7.59955 7.61223
5.61866 5.62967 5.68466 5.80706 5.82916 5.79435 6.47658 6.52733 6.48619 6.55508 6.59098 6.53157 6.5258 6.49951 6.46972 6.49346 6.53112 6.45974 6.47453 6.47446 6.44099 6.53589 6.48946 6.60072 6.39153 6.50204 6.55893 6.46698 6.41517 6.43129
8.21581 8.21469 8.85353 8.50368 8.25441 8.57761 7.64492 7.58747 7.69787 7.75422 7.54441 7.49577 7.67025 7.54372 7.54839 7.51386 7.52234 7.84349 7.37509 7.37304 7.44753 7.8408 7.41908 7.77729 7.51265 7.45076 7.4229 7.4288 7.27702 7.5108
4.67805 4.68079 4.49351 4.48886 4.48469 4.43229 4.70031 4.62865 4.60627 4.65696 4.63214 4.63438 4.61852 4.60013 4.76845 4.66578 4.62962 4.6879 4.68825 4.67238 4.81911 4.64756 4.73845 4.59304 4.67197 4.7652 4.81669 4.68885 4.67412 4.70258
4.70845 4.70674 4.70025 4.70293 4.69358 4.70068 4.79654 4.8493 4.77739 4.80865 4.89294 4.87587 4.83318 4.67286 4.82059 4.82163 4.83998 4.69725 4.80175 4.78976 4.85815 4.80035 4.83981 4.95138 4.8779 4.93607 4.84727 4.69517 4.83938 4.95249
4.25402 4.25011 4.35764 4.36443 4.35898 4.3803 4.62911 4.60663 4.60109 4.62009 4.62335 4.61133 4.55881 4.60863 4.60785 4.59892 4.60386 4.59332 4.59154 4.60519 4.61231 4.58359 4.59792 4.62732 4.71189 4.59508 4.5885 4.61708 4.60766 4.62636
8.21397 8.22136 8.10821 8.17061 8.15912 8.18337 7.73227 8.07517 8.03969 8.12215 8.05568 7.98731 8.17067 8.22196 7.93035 8.44831 8.29755 8.03769 8.36625 8.37771 8.05775 8.12335 8.37542 8.20421 8.64911 8.18837 8.02002 8.37926 7.99104 8.50982
12.3545 12.3666 12.5871 12.6227 12.6554 12.6199 11.9485 11.3977 11.519 11.862 11.4372 12.4153 11.2194 10.7554 12.2819 11.069 12.5926 11.5388 10.4969 10.4687 10.439 12.1206 10.3374 12.4256 11.1629 12.5601 12.367 10.6865 10.9498 12.4812
5.57441 5.57412 5.5176 5.4746 5.5817 5.49589 4.30137 4.53332 4.4199 5.23932 4.54881 5.14146 5.06829 5.50374 5.46178 5.56412 5.76188 5.22238 5.62485 5.63149 5.60489 5.6242 5.48029 5.93022 5.82179 5.10956 5.83302 5.58225 5.77778 5.76559
4.50292 4.49218 4.8487 4.91086 4.88881 4.86827 4.57467 4.55677 4.57433 4.55082 4.5259 4.59279 4.58729 4.60369 4.56559 4.4585 4.57386 4.51674 4.66602 4.61866 4.47573 4.69373 4.58261 4.55582 4.62215 4.66812 4.71483 4.63464 4.60281 4.67703
4.54751 4.54596 4.53895 4.53819 4.54608 4.54818 4.52192 4.55064 4.5714 4.57067 4.46746 4.54298 4.52571 4.60086 4.55274 4.5524 4.5999 4.55591 4.5692 4.5778 4.59004 4.57531 4.49049 5.15369 4.48179 4.55357 4.59015 4.52688 4.60554 4.576
4.41735 4.4136 4.35851 4.40567 4.36324 4.37513 4.44801 4.42376 4.4502 4.3668 4.49571 4.44154 4.38601 4.4412 4.4503 4.44866 4.46728 5.2454 4.45951 4.47148 4.47798 4.47082 4.43298 4.38116 4.45554 4.44957 4.46216 4.43311 4.46236 4.50409
7.59576 7.61589 7.63202 7.62966 7.61852 7.64369 7.53324 7.87332 7.86351 7.81803 7.78003 7.62062 7.30621 7.24974 7.62214 7.53453 7.51595 8.0853 7.34607 7.35677 7.33701 7.25753 7.38636 7.96339 7.67595 7.52942 7.21166 7.10847 7.55321 7.88331
5.93998 5.93905 5.77179 5.79785 5.77309 5.79616 6.36977 6.36801 6.35591 6.39308 6.31003 6.41943 6.3657 6.09866 6.37781 6.34716 6.36681 6.32034 6.37777 6.40535 6.40897 6.3581 6.40928 6.30632 5.6756 6.41659 6.4747 6.08856 5.72831 6.22412
8.08639 8.06542 8.10998 8.13926 8.17026 7.97334 7.48077 7.45402 7.37993 7.58418 7.42656 7.5811 7.46933 7.45348 7.56108 7.24086 7.57752 7.02096 7.65487 7.65741 7.56943 7.6834 7.67982 7.73227 7.48781 7.55054 7.67965 7.53408 7.35951 7.07393
4.8152 4.83177 4.41076 4.4222 4.43092 4.42859 4.67317 4.58888 4.62048 4.6126 4.62708 4.58457 4.59917 4.63278 4.62564 4.59864 4.59294 4.6733 4.61741 4.56828 4.56809 4.59319 4.53964 4.79547 4.65166 4.5791 4.57976 4.54059 4.66442 4.52972
4.70873 4.71103 4.67696 4.69872 4.68587 4.68396 4.80187 4.77398 4.79808 4.76927 4.81442 4.73301 4.80292 4.75905 4.76793 4.76456 4.85263 4.92296 4.7654 4.74479 4.74904 4.81768 4.76088 4.78229 4.78656 4.79241 4.40757 4.59243 4.79819 4.77133
4.49742 4.49907 4.46848 4.47235 4.4894 4.47575 4.60549 4.60274 4.59875 4.61073 4.59722 4.61357 4.60353 4.52861 4.60711 4.60572 4.60424 4.67705 4.57731 4.58982 4.6161 4.92411 4.60106 4.59403 4.44518 4.65298 4.64329 4.53834 4.50914 4.57411
8.01996 8.02854 8.04948 8.15308 7.87553 8.16701 7.85505 7.8747 7.84948 7.88981 7.8651 7.87801 7.93305 7.74355 7.86305 8.25477 8.55785 7.89693 7.77074 7.7294 8.20257 8.21725 8.05349 8.09913 8.17063 8.1943 8.3932 7.48211 8.27929 7.75388
5.48501 5.48699 5.46554 5.45644 5.45499 5.46322 5.40641 5.32272 5.39587 5.39163 5.32865 5.36107 5.37683 5.38723 5.35819 5.42547 5.32128 5.41696 5.16835 5.24696 5.48581 5.47256 4.88974 5.15719 5.38007 4.68962 5.20231 5.44865 5.34762 5.12273
4.39988 4.39624 4.3835 4.48117 4.46249 4.42687 4.40585 4.42668 4.39202 4.41897 4.45425 4.3535 4.35352 4.39016 4.33825 4.40566 4.34504 4.42803 4.32943 4.40781 4.4287 4.38915 4.28871 4.44536 4.38939 4.36218 4.3227 4.41759 4.42082 4.38856
13.9491 13.757 13.4394 13.491 13.7248 13.9222 13.9337 14.0471 14.0185 13.8521 14.0489 13.7787 13.694 13.0866 13.9306 13.7763 13.7767 13.8538 13.503 13.6159 13.5445 13.5807 13.5927 13.5751 13.4179 13.6913 13.7269 13.6538 13.6282 13.7955
4.45027 4.43253 4.37854 4.44477 4.40124 4.43189 4.55841 4.53585 4.54398 4.54383 4.52853 4.56139 4.55862 4.57557 4.56158 4.56676 4.58946 4.62236 4.5602 4.55771 4.62288 4.58677 4.58173 4.57224 4.56475 4.61554 4.50201 4.56766 4.55212 4.43723
4.48825 4.49162 4.42474 4.42659 4.44139 4.44202 4.42268 4.43475 4.44174 4.4155 4.43668 4.41852 4.43658 4.40843 4.40092 4.46317 4.41473 4.41776 4.39425 4.41461 4.46766 4.42375 4.39263 4.48703 4.3936 4.53739 4.22408 4.41858 4.40856 4.57603
5.25436 5.27536 5.3616 5.40693 5.42456 5.34778 5.18173 5.34318 5.28508 5.08658 5.21955 5.19374 4.98247 5.15261 5.26905 5.15282 5.42501 6.18637 5.59381 5.52752 5.68749 5.27809 5.51207 5.58311 5.22217 5.61959 5.58916 5.63575 5.37522 5.47321
7.73307 7.72614 7.76278 7.77633 7.78695 7.75284 7.52061 7.6993 7.63365 7.50408 7.59901 7.5657 7.50973 7.42657 7.62407 7.66739 7.84156 7.85636 7.72768 7.65985 7.85128 7.77665 7.52542 7.83771 7.57667 7.74844 7.77597 7.83027 7.64903 7.81417
5.52257 5.51066 5.51741 5.51938 5.54305 5.53545 5.57174 5.54496 5.55959 5.54486 5.53008 5.56229 5.56714 5.5451 5.57172 5.56095 5.54785 5.55997 5.56891 5.5309 5.57862 5.54368 5.5024 5.56627 5.60317 5.56575 5.50929 5.62792 5.55124 5.52896
4.35648 4.37287 4.16743 4.16392 4.17956 4.16945 4.38905 4.37574 4.38045 4.38804 4.3723 4.39132 4.39331 4.39634 4.40931 4.37241 4.37462 4.39585 4.42471 4.44891 4.41943 4.37591 4.35643 4.27346 4.37655 4.45339 4.36468 4.4401 4.36421 4.38391
4.37386 4.37528 4.3895 4.36955 4.39269 4.3796 4.41281 4.39969 4.41117 4.40354 4.4013 4.40306 4.40613 4.40444 4.38147 4.41004 4.41455 4.42889 4.41781 4.4336 4.40593 4.40793 4.45032 4.42678 4.43707 4.39203 4.40289 4.44641 4.44059 4.39635
4.38529 4.37784 4.35106 4.36486 4.35807 4.36835 4.41858 4.42223 4.41407 4.41821 4.41928 4.42202 4.42278 4.41305 4.41692 4.48058 4.40355 4.42768 4.43464 4.42416 4.43148 4.42528 4.47454 4.4294 4.50469 4.3783 4.36945 4.39819 4.43626 4.44589
5.59615 5.65281 5.68754 5.653 5.68259 5.66405 5.52448 5.53834 5.5476 5.5395 5.51436 5.58296 5.56306 5.63293 5.65748 5.53246 5.66268 5.82596 5.61629 5.60131 5.64748 5.55452 5.67897 5.59404 5.66862 5.62755 5.64383 5.69492 5.54636 5.61548
7.81812 7.8464 7.80496 7.83305 7.81902 7.84216 7.84414 7.85679 7.85866 7.84069 7.8349 7.85795 7.85915 7.85273 7.79059 7.7891 7.90862 7.83751 7.82751 7.82055 7.86385 7.86467 7.7283 7.78256 7.72301 7.86667 7.87288 7.7804 7.78934 7.80826
5.54995 5.54142 5.57566 5.5557 5.58396 5.56137 5.55338 5.55065 5.5219 5.51605 5.50626 5.52392 5.55236 5.5172 5.55415 5.52016 5.5267 5.53494 5.54956 5.55748 5.54666 5.52728 5.6069 5.49367 5.76688 5.54449 5.54516 5.51908 5.48512 5.56611
4.33745 4.33855 4.36364 4.36052 4.34895 4.36067 4.35143 4.38167 4.36459 4.34696 4.34621 4.31662 4.36695 4.35484 4.36222 4.3469 4.33262 4.36003 4.37023 4.36997 4.37304 4.35207 4.32857 4.34019 4.24281 4.37338 4.36697 4.41953 4.39564 4.31143
12.1754 12.1959 11.5548 11.3458 11.3063 11.3379 11.3262 11.4722 11.3449 11.3155 11.3832 11.2945 11.4286 11.2963 11.5007 11.3567 11.4412 11.7078 11.3335 11.264 11.3497 11.3335 11.2332 11.2357 11.3443 11.4897 11.477 13.1599 13.1908 11.361
4.42988 4.43668 4.41227 4.42975 4.44684 4.44691 4.54982 4.5442 4.54825 4.54158 4.53961 4.54799 4.54508 4.53753 4.55224 4.547 4.53508 4.55106 4.56116 4.56846 4.55999 4.54834 4.59215 4.49623 4.59694 4.5532 4.53072 4.60644 4.56556 4.53404
4.42111 4.41766 4.43145 4.44669 4.43744 4.42883 4.46219 4.46869 4.45528 4.45866 4.45833 4.4608 4.46082 4.45466 4.45695 4.47959 4.46426 4.45727 4.47848 4.4624 4.45301 4.47196 4.63257 4.47367 4.61158 4.44779 4.47073 4.4544 4.451 4.48338
5.49514 5.49237 5.52209 5.56252 5.55314 5.5376 5.47328 5.44452 5.47216 5.47376 5.46114 5.47836 5.458 5.50146 5.52474 5.46039 5.46435 5.51101 5.47293 5.48021 5.47225 5.45463 5.49052 5.57758 5.48577 5.53354 5.45183 5.56575 5.42854 5.50679
7.79821 7.79844 7.84182 7.86437 7.83541 7.85163 7.77744 7.80171 7.80707 7.79321 7.802 7.79908 7.80244 7.79658 7.80467 7.79821 7.79792 7.82156 7.80729 7.80787 7.79136 7.80407 7.88626 7.87157 7.80199 7.81292 7.82227 7.80897 7.77346 7.77537
5.64879 5.64972 5.64462 5.62974 5.62989 5.64131 5.63452 5.62729 5.59291 5.60207 5.6216 5.61406 5.64245 5.62134 5.65489 5.62702 5.59947 5.63257 5.62949 5.627 5.60491 5.61105 5.63487 5.64481 5.64267 5.63557 5.64006 5.57642 5.57156 5.67142
4.3759 4.37089 4.20731 4.18249 4.18595 4.18916 4.40558 4.4234 4.41306 4.40188 4.40677 4.3142 4.42184 4.42155 4.39372 4.44107 4.38678 4.41392 4.43471 4.43361 4.3933 4.39848 4.41522 4.38176 4.40866 4.40138 4.34604 4.36318 4.26293 4.38952
13.7088 13.6514 13.9286 13.678 13.848 13.7628 13.6643 13.6917 13.6568 13.6075 13.637 13.524 13.6639 13.6836 13.7264 13.6646 13.6133 13.7896 13.6901 13.6597 13.68 13.7982 13.5933 13.6601 13.5744 13.6051 13.7251 11.3413 11.4252 13.6709
4.49358 4.49648 4.50499 4.52777 4.53703 4.52422 4.6049 4.60815 4.60734 4.59721 4.59784 4.58199 4.60327 4.60029 4.6058 4.59124 4.5787 4.604 4.60926 4.59717 4.60944 4.61261 4.61975 4.57604 4.61836 4.61243 4.57238 4.5928 4.48461 4.6194
4.43355 4.43063 4.42487 4.43684 4.40095 4.40385 4.46974 4.47093 4.46017 4.48054 4.47645 4.48198 4.48032 4.46489 4.52417 4.46644 4.46411 4.46945 4.45522 4.46811 4.46152 4.47106 4.47391 4.47642 4.47613 4.4551 4.45601 4.46686 4.4486 4.47217
5.58504 5.59557 5.64525 5.6265 5.64423 5.63126 5.58724 5.62093 5.60056 5.58173 5.57119 5.58874 5.5936 5.58376 5.5903 5.5825 5.57113 5.5894 5.62429 5.61605 5.59364 5.57232 5.61012 5.55541 5.67016 5.59839 5.5943 5.65972 5.51146 5.69838
7.93904 7.94761 8.02596 8.02546 8.01369 8.03312 7.98388 7.99882 7.9902 7.97077 7.96622 7.95187 7.97 7.95165 7.98042 7.97427 7.92963 7.96942 8.00218 7.99122 7.9801 7.99753 8.00698 7.87343 8.07114 7.99118 7.94879 7.98051 7.93055 8.06299
5.62122 5.61758 5.63115 5.64023 5.62393 5.62514 5.65499 5.65606 5.65074 5.65845 5.66137 5.66663 5.6622 5.65657 5.65753 5.66375 5.65166 5.65579 5.66247 5.65907 5.65388 5.63561 5.65397 5.66287 5.64972 5.64333 5.69375 5.67849 5.68309 5.66394
4.16943 4.16672 4.08556 4.08773 4.07331 4.09262 4.17861 4.16858 4.16527 4.16059 4.1601 4.17716 4.16441 4.17237 4.16864 4.2402 4.19148 4.17628 4.16896 4.26096 4.16463 4.12657 4.17985 4.18221 4.18313 4.17507 4.34095 4.15284 4.14796 4.17629
4.31409 4.31235 4.32474 4.33452 4.32162 4.32457 4.32802 4.32753 4.32997 4.33133 4.3313 4.33399 4.32951 4.32776 4.32608 4.30347 4.32592 4.32787 4.3335 4.30021 4.33359 4.33459 4.33175 4.33285 4.32844 4.33065 4.28868 4.30712 4.25854 4.32967
4.34435 4.34225 4.33381 4.32787 4.32458 4.33124 4.38458 4.39047 4.38233 4.37859 4.37565 4.36897 4.38426 4.3879 4.38172 4.3596 4.37214 4.37571 4.39182 4.35039 4.3864 4.38968 4.38735 4.38103 4.38692 4.38122 4.34839 4.4223 4.38901 4.38295
5.70352 5.70426 5.72487 5.70945 5.73869 5.72619 5.65627 5.64834 5.64732 5.67056 5.66942 5.69188 5.66115 5.65721 5.67713 5.717 5.63399 5.66147 5.65944 5.7133 5.66369 5.685 5.63603 5.61626 5.65566 5.61406 5.69501 5.63993 5.53145 5.67854
7.85187 7.85835 7.84108 7.80442 7.84871 7.83304 7.86557 7.84756 7.85565 7.85904 7.85595 7.91542 7.84564 7.85228 7.86863 7.91864 7.88173 7.86287 7.84731 7.90591 7.8582 7.83904 7.86822 7.88136 7.88028 7.87738 7.92637 7.80866 7.89185 7.87647
