5.7215 5.73847 5.73862 5.74656 5.72403 5.72797 5.73179 5.73184 5.74039 5.72606 5.73393 5.70911 5.90803 5.90234 5.89186 5.92129 5.90614 5.89734 5.90392 5.86404 5.90229 5.89544 5.90168 5.89954 5.91675 5.90788 5.8917 5.89445 5.90507 5.89973
4.62886 4.6872 4.68687 4.69243 4.56386 4.53721 4.55342 4.54262 4.53929 4.32518 4.53816 4.55529 4.72791 4.74649 4.71317 4.78429 4.70965 4.74894 4.74337 4.61398 4.73969 4.62462 4.6922 4.65797 4.6664 4.75768 4.74063 4.628 4.73915 4.64598
4.55021 4.53886 4.53552 4.56406 4.54275 4.5204 4.51367 4.51982 4.53055 4.4646 4.50467 4.51871 4.61269 4.64279 4.66301 4.63674 4.63887 4.65946 4.61434 4.66316 4.63883 4.61838 4.62689 4.61945 4.658 4.64231 4.67347 4.55859 4.64527 4.61913
8.01032 7.95105 7.9371 7.90775 7.90279 7.83629 7.83694 7.89227 7.78954 7.89683 7.82361 7.80728 8.07125 8.09464 8.07556 8.00714 8.04589 8.06687 7.99797 8.06096 8.09856 7.98394 8.04031 8.07602 8.0738 8.04927 7.99798 8.00002 8.10079 8.06961
5.68545 5.70169 5.70257 5.71008 5.70687 5.69906 5.71389 5.69655 5.69304 5.69309 5.69878 5.71474 5.873 5.88751 5.85885 5.93023 5.9277 5.87154 5.87185 5.87992 5.87737 5.87273 5.87798 5.91133 5.87155 5.87806 5.91691 5.86106 5.90537 5.8829
4.53172 4.57809 4.57458 4.57614 4.42272 4.41333 4.39997 4.38959 4.4303 4.40158 4.3858 4.42139 4.60532 4.64468 4.61933 4.63367 4.6721 4.61106 4.61814 4.64557 4.621 4.62643 4.61874 4.67403 4.58073 4.61341 4.65777 4.603 4.63329 4.66054
7.47252 7.49207 7.49629 7.47728 7.40111 7.43671 7.43682 7.46142 7.46647 7.45442 7.36205 7.37797 7.50472 7.46286 7.54915 7.42325 7.47273 7.45394 7.5037 7.72715 7.48433 7.66492 7.55141 7.51934 7.75877 7.44474 7.52973 7.7299 7.49688 7.58584
5.58691 5.58421 5.57638 5.57851 5.6134 5.62041 5.62264 5.60897 5.62515 5.61164 5.62243 5.62448 5.6109 5.58988 5.57223 5.58265 5.61161 5.57749 5.56844 5.60601 5.57864 5.57172 5.59404 5.61229 5.56542 5.58805 5.58263 5.58176 5.64302 5.59625
4.41076 4.41235 4.40739 4.41647 4.39141 4.38095 4.36457 4.36193 4.32035 4.22639 4.22828 4.2398 4.433 4.45187 4.42384 4.46736 4.39174 4.42634 4.43784 4.44816 4.44352 4.43277 4.43716 4.41813 4.37143 4.42985 4.42893 4.38052 4.40648 4.39785
4.47562 4.50219 4.50513 4.50121 4.47872 4.51448 4.50026 4.50055 4.53039 4.53405 4.52626 4.52149 4.55692 4.61647 4.59417 4.60569 4.609 4.59671 4.60877 4.5925 4.60644 4.59498 4.59133 4.61787 4.56455 4.60294 4.60433 4.59162 4.58283 4.59294
4.42405 4.42485 4.42797 4.42642 4.42577 4.41167 4.43782 4.42451 4.41987 4.42478 4.42431 4.51114 4.47372 4.46212 4.46086 4.46278 4.48073 4.45523 4.46294 4.45822 4.47708 4.47094 4.46139 4.46482 4.46583 4.46932 4.46844 4.45787 4.4899 4.47085
5.29651 5.21786 5.19213 5.24279 5.12872 5.14388 5.19541 5.18624 5.23167 5.13986 5.02863 5.12458 5.1349 5.09254 5.10509 5.01509 5.06463 5.12298 5.09743 5.01777 5.07053 5.17805 5.07453 4.98821 5.17743 5.07153 5.05285 5.16821 5.29958 5.03503
7.72503 7.7012 7.70483 7.70278 7.69575 7.70434 7.69014 7.71937 7.72115 7.68342 7.61491 7.70868 7.76382 7.71471 7.71805 7.69502 7.6404 7.74418 7.73721 7.67448 7.71504 7.7786 7.72134 7.6727 7.74515 7.71923 7.71409 7.76829 7.63526 7.66718
5.65307 5.62887 5.62663 5.65172 5.68799 5.67258 5.67137 5.66673 5.6566 5.6538 5.62805 5.65064 5.77992 5.60893 5.57654 5.62162 5.64249 5.58457 5.59412 5.61271 5.59622 5.61313 5.61531 5.6123 5.58001 5.61175 5.58865 5.60575 5.63511 5.62289
4.47614 4.54936 4.5386 4.56669 4.62487 4.69346 4.65528 4.51265 4.45642 4.47149 4.43742 4.45348 4.29149 4.50375 4.49394 4.47871 4.45537 4.49017 4.48899 4.48468 4.48665 4.43469 4.39531 4.38122 4.41614 4.44339 4.46682 4.39317 4.45543 4.43075
5.64451 5.55343 5.52961 5.52731 5.70442 5.67527 5.68711 5.6775 5.72362 5.69938 5.63817 5.6505 5.56059 5.65566 5.63073 5.6499 5.70642 5.6211 5.62123 5.6427 5.64617 5.63935 5.63142 5.6294 5.6334 5.61311 5.661 5.61496 5.70398 5.62253
7.88358 7.90951 7.89905 7.87876 7.9376 7.91851 7.93529 7.91899 7.99286 7.93815 7.90236 7.95089 7.70725 7.9408 7.91799 7.942 8.00017 7.93101 7.92609 7.93059 7.94075 7.91579 7.90974 7.93788 7.9289 7.91836 7.95403 7.92857 7.99218 7.96214
5.7082 5.73157 5.73194 5.74075 5.69103 5.67965 5.68566 5.68231 5.63942 5.65555 5.63533 5.66483 5.91889 5.84972 5.88175 5.85498 5.89226 5.86946 5.85656 5.87054 5.85095 5.90649 5.91315 5.901 5.89061 5.87928 5.875 5.91297 5.87889 5.89623
4.50773 4.58234 4.57613 4.5796 4.28504 4.28596 4.28969 4.27597 4.28815 4.28173 4.30029 4.31009 4.64471 4.57916 4.63776 4.58886 4.60725 4.56644 4.57993 4.57809 4.5875 4.58401 4.59205 4.60525 4.64136 4.60604 4.62767 4.5857 4.52637 4.60032
4.49368 4.50751 4.5219 4.52166 4.49125 4.48865 4.46978 4.49264 4.47099 4.48264 4.51621 4.52524 4.54464 4.50854 4.58614 4.50578 4.52753 4.51509 4.5162 4.51654 4.53244 4.53508 4.52461 4.53762 4.58472 4.53734 4.57011 4.44356 4.5303 4.53135
4.53292 4.55351 4.55858 4.56954 4.53531 4.53498 4.53193 4.52395 4.49104 4.5012 4.56727 4.4951 4.59794 4.55908 4.59493 4.55953 4.56529 4.56052 4.56399 4.56001 4.56527 4.58402 4.55963 4.55426 4.57849 4.56012 4.55077 4.57046 4.56604 4.56149
7.65496 7.64142 7.59482 7.64569 7.68585 7.67846 7.66945 7.7215 7.80105 7.78181 7.85736 7.68349 7.83857 7.76386 8.23348 7.77942 7.7597 7.77467 7.76982 7.79274 7.78871 7.93813 7.70498 7.65856 8.06621 7.72392 7.87521 7.73636 7.70204 7.77301
5.50146 5.48556 5.49684 5.5078 5.48899 5.521 5.50798 5.51495 5.46148 5.43761 5.30875 5.48402 5.55955 5.50306 5.53764 5.54416 5.539 5.51762 5.52684 5.53539 5.51562 5.47107 5.55205 5.53237 5.55433 5.54989 5.56513 5.60387 5.54746 5.52568
4.43915 4.46827 4.45017 4.43849 4.52239 4.51437 4.5398 4.54625 4.64528 4.41402 4.48651 4.49719 4.44624 4.43911 4.46157 4.428 4.33734 4.43374 4.44459 4.34981 4.4572 4.27835 4.40991 4.41605 4.40674 4.43724 4.37805 4.33575 4.2794 4.44469
4.51209 4.56615 4.58826 4.57861 4.49457 4.58153 4.56216 4.54511 4.53023 4.50372 4.44161 4.54095 4.6712 4.65118 4.67367 4.64397 4.64964 4.63435 4.64439 4.60603 4.65074 4.65573 4.64623 4.65369 4.6348 4.64452 4.66408 4.63695 4.59552 4.64528
4.36665 4.36845 4.38518 4.37922 4.34885 4.39083 4.38669 4.38453 4.40681 4.34119 4.32787 4.36495 4.41462 4.40995 4.41236 4.40045 4.3975 4.3972 4.39623 4.39434 4.41684 4.43181 4.39936 4.42006 4.40486 4.40654 4.40702 4.41015 4.40001 4.41112
5.33116 5.23531 5.21302 5.23925 5.49141 5.52946 5.54222 5.51041 5.5201 5.71484 5.82573 5.49217 5.11856 5.25937 5.23239 5.30588 5.22969 5.22846 5.29726 5.23775 5.2082 5.71834 5.24706 5.2821 5.12531 5.24131 5.42618 5.2498 5.34364 5.16127
7.66736 7.66705 7.6874 7.66947 7.68025 7.70766 7.71492 7.67647 7.68069 7.6575 7.65435 7.63163 7.59476 7.64418 7.58432 7.6204 7.56398 7.63006 7.64027 7.54896 7.64178 7.61829 7.57695 7.60781 7.57703 7.63721 7.6601 7.6083 7.70643 7.61814
5.90545 5.99907 5.96696 5.97222 5.92988 5.9531 5.9371 5.95736 5.89705 5.86819 5.88705 5.89963 6.46912 6.46111 6.46235 6.50204 6.55262 6.4599 6.45763 6.54576 6.44701 6.52649 6.53026 6.44333 6.5288 6.49177 6.50139 6.57944 6.43617 6.45565
7.14215 7.03512 7.10197 7.11525 7.14547 7.21801 7.23951 7.21973 7.22183 7.21597 7.09611 7.21103 6.75898 6.81936 6.82897 6.7953 6.77839 6.84525 6.80079 6.85496 6.92301 7.0169 6.87326 6.8527 6.89615 6.88335 6.94987 7.2243 7.06546 6.87576
4.59421 4.57866 4.65845 4.64014 4.30677 4.34929 4.37413 4.36166 4.40571 4.47472 4.50792 4.48683 4.66069 4.62553 4.64663 4.61007 4.52798 4.62037 4.65942 4.58201 4.64764 4.59205 4.63693 4.69031 4.61194 4.54319 4.58478 4.54153 4.75871 4.66412
4.69346 4.71868 4.69041 4.70628 4.70633 4.70082 4.70831 4.70177 4.74471 4.7824 4.79177 4.78058 4.81282 4.84097 4.83827 4.81632 4.74881 4.84691 4.8441 4.78448 4.85319 4.82356 4.78758 4.83936 4.76512 4.78507 4.80598 4.70481 4.87642 4.83777
4.51575 4.55247 4.5539 4.55536 4.52995 4.53557 4.53956 4.54326 4.51939 4.52461 4.52289 4.5221 4.62457 4.63649 4.63735 4.65123 4.63484 4.63251 4.63015 4.63127 4.63138 4.63953 4.63982 4.61796 4.63072 4.63105 4.62731 4.63715 4.60464 4.62297
8.0904 8.07739 7.99837 8.04596 8.08959 8.0391 8.04032 8.04688 8.21494 8.35965 8.37414 8.34601 8.00083 8.03648 8.0365 7.93399 8.03121 7.9909 8.06619 8.00602 7.97092 8.09424 7.96466 7.97654 8.00256 8.11735 8.09574 7.94305 7.86026 8.02811
5.00381 5.00775 4.63354 4.90819 4.86562 4.8966 4.90148 4.88214 5.18489 5.25226 5.24392 5.26383 5.61468 5.63449 5.5904 5.6153 5.56337 5.58348 5.59852 5.53976 5.58892 5.43994 5.54422 5.55611 5.53724 5.62525 5.55345 5.54495 5.63463 5.55186
4.27194 4.38139 4.25822 4.332 4.35028 4.34901 4.33741 4.37289 4.33802 4.37653 4.39134 4.36396 4.55218 4.58001 4.73562 4.63012 4.62732 4.50429 4.59198 4.489 4.48433 4.38694 4.50588 4.66704 4.43318 4.58156 4.56265 4.43961 4.58647 4.5031
4.39431 4.42886 4.37807 4.37618 4.38763 4.39386 4.39115 4.39762 4.42871 4.36019 4.40186 4.40003 4.47711 4.48657 4.51869 4.50127 4.53422 4.45866 4.49458 4.4733 4.4739 4.46538 4.46018 4.48721 4.45125 4.48856 4.5133 4.439 4.51996 4.48272
5.9457 6.02018 5.9811 5.97526 6.16126 6.7256 6.49197 6.39061 6.83412 7.08058 6.82771 6.95578 5.21638 5.01902 5.03673 5.03648 5.07371 5.18171 5.15211 5.33767 4.90531 5.52945 5.37434 5.11303 5.45736 4.96857 5.07748 5.2917 5.78564 5.0818
7.69282 7.70265 7.67403 7.70676 7.72765 7.81374 7.75113 7.7637 7.69861 7.59142 7.6021 7.56037 7.37759 7.33596 7.38289 7.36941 7.47006 7.51094 7.4305 7.51508 7.39001 7.60091 7.46916 7.32371 7.58022 7.35282 7.42071 7.54659 7.71918 7.47962
5.62303 5.66726 5.62596 5.63659 5.57733 5.60441 5.60978 5.59231 5.59865 5.56911 5.5433 5.57421 5.7691 5.7744 5.80976 5.81009 5.87171 5.8168 5.79337 5.85086 5.85367 5.84823 5.86379 5.76483 5.83341 5.7777 5.84104 5.83363 5.87273 5.83
4.55063 4.58581 4.61106 4.62408 4.28747 4.29523 4.2917 4.2946 4.27463 4.31002 4.31866 4.29414 4.62734 4.57996 4.56023 4.5957 4.78975 4.59421 4.53859 4.57095 4.57276 4.55211 4.64233 4.58636 4.50787 4.50884 4.59162 4.52351 4.72844 4.64264
4.50041 4.56366 4.58939 4.57613 4.44775 4.46407 4.44053 4.43188 4.43811 4.42633 4.42201 4.42646 4.55992 4.51378 4.55852 4.54552 4.67735 4.51493 4.53022 4.55508 4.5252 4.55415 4.54141 4.49259 4.50953 4.54736 4.57217 4.511 4.6271 4.56435
4.50575 4.50028 4.51165 4.51363 4.4923 4.50597 4.49271 4.49058 4.48405 4.46081 4.46258 4.47127 4.54632 4.54107 4.58508 4.54385 4.56096 4.54902 4.54563 4.54709 4.55021 4.57483 4.5692 4.44097 4.5693 4.55473 4.55824 4.55328 4.63478 4.56093
7.64867 7.49225 7.67757 7.64753 7.95081 7.93295 7.89939 7.85458 7.74066 7.65835 7.62492 7.5968 7.71961 7.65323 8.30974 7.55856 7.96147 7.71381 7.66996 7.72519 7.52341 7.90796 7.80327 7.46435 7.68792 7.58462 7.68935 7.79228 8.52784 7.80472
5.62106 5.62792 5.61815 5.62331 5.61721 5.63441 5.62848 5.6083 5.6009 5.58226 5.58557 5.57298 5.65819 5.59554 5.57646 5.61067 5.62535 5.60837 5.60642 5.58669 5.59652 5.56964 5.62395 5.59843 5.5804 5.59011 5.32464 5.5776 5.55787 5.59472
4.40973 4.44025 4.43906 4.42943 4.47087 4.39887 4.44139 4.36089 4.2992 4.34039 4.30761 4.27602 4.34284 4.44154 4.40387 4.45539 4.44619 4.40581 4.34299 4.35458 4.45184 4.39968 4.40656 4.39541 4.40119 4.39882 4.39032 4.45159 4.52722 4.40876
4.51156 4.54511 4.55106 4.55173 4.51102 4.48643 4.5012 4.47429 4.48033 4.48606 4.49541 4.46694 4.63778 4.64426 4.62295 4.64003 4.65479 4.63688 4.61272 4.60547 4.63805 4.61317 4.64712 4.61944 4.64353 4.64333 4.59693 4.63127 4.55436 4.61546
4.41801 4.44875 4.44264 4.44878 4.41076 4.4325 4.41228 4.40521 4.39381 4.46491 4.4194 4.50742 4.48437 4.47405 4.46859 4.48142 4.47154 4.46034 4.46275 4.47168 4.47127 4.46391 4.47436 4.45364 4.48034 4.46537 4.46175 4.47412 4.51731 4.4959
5.17761 5.17891 5.24432 5.24572 5.12002 5.16351 5.14227 5.18308 4.90824 4.97186 5.05738 4.94727 5.09608 5.14966 5.15549 5.15713 5.47697 5.07325 5.19038 5.08849 4.91469 4.89526 5.13595 5.05232 5.36172 5.34633 5.31549 5.36081 5.18403 5.19245
7.74107 7.73723 7.77336 7.73201 7.70127 7.70666 7.75534 7.70071 7.74257 7.7046 7.69891 7.6645 7.67067 7.76882 7.65608 7.76518 7.58347 7.75829 7.71039 7.70914 7.684 7.6577 7.76798 7.72468 7.80418 7.8025 7.52187 7.76899 7.7546 7.78608
5.65618 5.65533 5.64862 5.64682 5.64718 5.67597 5.66898 5.66655 5.6625 5.66481 5.70453 5.66194 5.74071 5.6902 5.68608 5.69006 5.74801 5.70116 5.72184 5.72985 5.71768 5.7392 5.69154 5.73969 5.74179 5.76277 6.13106 5.74095 5.70004 5.68898
4.44097 4.48453 4.47554 4.49671 4.5602 4.50783 4.5537 4.22227 4.24611 4.23086 4.26046 4.27682 4.43252 4.49179 4.48803 4.47126 4.48365 4.49245 4.49673 4.4504 4.49536 4.46568 4.44089 4.66886 4.46127 4.45977 4.25515 4.54298 4.71533 4.51377
4.47708 4.53532 4.53931 4.53659 4.49535 4.51729 4.50528 4.52531 4.4772 4.50835 4.48251 4.47346 4.51697 4.54952 4.51848 4.52612 4.50682 4.50922 4.51573 4.50713 4.52078 4.51968 4.51386 4.61467 4.50386 4.52927 4.47459 4.52146 4.52741 4.50022
4.39662 4.41942 4.41506 4.41444 4.39036 4.40218 4.4038 4.4062 4.38493 4.40968 4.4345 4.41613 4.44609 4.46611 4.44771 4.45545 4.4574 4.46347 4.4514 4.45544 4.47101 4.45834 4.44304 4.45706 4.50439 4.50192 4.43666 4.50365 4.48753 4.4577
5.72194 5.67958 5.70819 5.7133 5.72374 5.74586 5.74795 5.69952 5.68032 5.58845 5.59707 5.64511 5.66733 5.62603 5.68808 5.62715 5.75131 5.60981 5.63849 5.63654 5.64508 5.5644 5.61103 5.57946 5.75344 5.68852 5.69895 5.71614 5.67518 5.68898
7.78088 7.78391 7.81376 7.81717 7.78497 7.83872 7.80554 7.90238 7.82362 7.85418 7.86636 7.91612 7.902 7.80324 7.82063 7.81805 7.80218 7.8332 7.86093 7.88298 7.77869 7.84937 7.82682 7.80936 7.77338 7.79095 7.70247 7.75635 7.769 7.82728
5.70853 5.72899 5.72942 5.73458 5.68889 5.68362 5.68178 5.70477 5.69552 5.70907 5.7153 5.70931 5.90985 5.90778 5.87232 5.92176 5.92387 5.91598 5.8778 5.91037 5.86777 5.9095 5.88157 5.85732 5.9039 5.92183 5.91413 5.92171 5.90988 5.90288
4.54875 4.49149 4.49648 4.48887 4.31025 4.27435 4.28252 4.28435 4.3366 4.2979 4.2772 4.2984 4.64198 4.60568 4.61559 4.69601 4.66193 4.62931 4.61252 4.61945 4.61403 4.63473 4.64 4.51505 4.68887 4.7134 4.55844 4.60095 4.63158 4.64068
4.54734 4.59243 4.5988 4.58795 4.56144 4.53207 4.54875 4.52758 4.56109 4.5388 4.55352 4.56481 4.5828 4.59611 4.55538 4.63647 4.61172 4.62033 4.56506 4.57369 4.56501 4.60539 4.60248 4.55322 4.62552 4.60811 4.53908 4.5924 4.6254 4.59713
4.50659 4.54409 4.54207 4.54382 4.49763 4.5074 4.50175 4.50143 4.48466 4.53149 4.52949 4.48401 4.5447 4.53541 4.54947 4.54673 4.54792 4.54533 4.55694 4.55396 4.55647 4.532 4.5553 4.57405 4.54529 4.54604 4.583 4.55224 4.55111 4.54658
7.59611 7.49743 7.51603 7.51547 7.61995 7.70082 7.74723 7.66881 7.63856 7.68335 7.53739 7.60653 7.68794 7.68854 7.70166 7.73891 7.71476 7.64526 7.65443 7.70145 7.61779 7.67392 7.74973 7.56626 7.70735 7.71802 7.86987 7.56938 7.54723 7.76814
5.55761 5.55267 5.55299 5.55007 5.55311 5.5299 5.54932 5.4967 5.51674 5.49484 5.49848 5.54896 5.62911 5.62544 5.58368 5.63175 5.63595 5.61744 5.59214 5.62234 5.59066 5.59988 5.61166 5.56182 5.61089 5.57753 5.53799 5.60615 5.62301 5.62454
4.34127 4.35501 4.34788 4.3649 4.28315 4.29402 4.30351 4.28853 4.30705 4.31491 4.28614 4.30538 4.4044 4.42934 4.3683 4.42576 4.46486 4.41913 4.40294 4.3978 4.38866 4.42923 4.32529 4.35716 4.46837 4.49468 4.39947 4.41721 4.44587 4.4931
5.34168 5.3302 5.3367 5.34723 5.27889 5.4408 5.26672 5.35531 5.29089 5.55498 5.45728 5.48182 5.0824 5.08788 5.08872 5.05015 5.14343 4.94891 5.24094 5.0564 5.0632 5.1032 5.09099 4.93253 5.16022 5.10386 5.3785 5.06548 5.06976 4.72638
7.62479 7.59768 7.60824 7.59767 7.59399 7.60343 7.61806 7.57344 7.6169 7.58955 7.63246 7.64238 7.61648 7.59304 7.63015 7.6139 7.62655 7.54035 7.6423 7.61149 7.61914 7.62541 7.64142 7.61676 7.67851 7.67597 7.59082 7.57188 7.60492 7.51619
5.56952 5.54384 5.5466 5.54739 5.55733 5.56223 5.56889 5.56746 5.57109 5.60198 5.56634 5.56487 5.52914 5.57732 5.55814 5.53901 5.57665 5.55667 5.56353 5.54606 5.5848 5.55089 5.44156 5.55504 5.58671 5.60661 5.54361 5.56676 5.58821 5.57214
4.38493 4.41805 4.41552 4.42473 4.38637 4.36419 4.37142 4.397 4.3381 4.37223 4.30086 4.2623 4.40291 4.37075 4.46593 4.3984 4.38874 4.43927 4.39389 4.40269 4.3898 4.41909 4.31226 4.40602 4.42701 4.44924 4.37251 4.43531 4.41544 4.45795
5.43346 5.45682 5.44752 5.49033 5.44677 5.45837 5.46029 5.44407 5.48193 5.44289 5.45648 5.41595 5.3906 5.37478 5.37087 5.40526 5.4091 5.35526 5.40013 5.37482 5.38649 5.35295 5.27799 5.34571 5.42108 5.50958 5.1614 5.34949 5.39625 5.3793
7.79937 7.81613 7.80079 7.83389 7.83011 7.82473 7.83401 7.83913 7.85254 7.82784 7.84894 7.8418 7.82918 7.80409 7.80597 7.8246 7.78883 7.8108 7.8213 7.82785 7.79481 7.82318 7.8154 7.8019 7.81214 7.93336 7.83827 7.80309 7.76349 7.80513
5.55526 5.52051 5.51424 5.53826 5.56487 5.55128 5.56026 5.56349 5.56427 5.64042 5.55472 5.56341 5.47212 5.5437 5.53317 5.50996 5.53846 5.53868 5.54343 5.52098 5.56369 5.52429 5.44822 5.55126 5.53266 5.61425 5.49479 5.52924 5.59261 5.55629
4.38517 4.39321 4.39638 4.39438 4.33042 4.34321 4.34914 4.34751 4.3484 4.40284 4.28608 4.34406 4.35417 4.42157 4.41998 4.36671 4.3912 4.42652 4.44822 4.37622 4.39801 4.38231 4.42486 4.43428 4.39627 4.41649 4.31097 4.43465 4.42922 4.38893
4.42017 4.47125 4.47695 4.4827 4.40036 4.42604 4.40469 4.41809 4.4006 4.43538 4.41698 4.46487 4.57979 4.53686 4.58142 4.56209 4.57735 4.57067 4.56743 4.59134 4.60134 4.58329 4.55843 4.57177 4.55518 4.56345 4.52164 4.56052 4.5515 4.58728
5.60696 5.65953 5.6792 5.62004 5.60866 5.62189 5.63516 5.63172 5.62599 5.63159 5.63629 5.67615 5.53551 5.60665 5.67079 5.55168 5.62092 5.59717 5.61356 5.59381 5.62158 5.57273 5.50216 5.56797 5.59839 5.71481 5.36494 5.60822 5.60592 5.74802
7.90296 8.01584 8.02416 7.96845 7.93515 7.94192 7.94933 7.94684 7.95454 7.96664 7.95362 7.96995 7.96622 7.97374 8.02529 7.96977 7.97924 7.96569 8.02522 8.00758 7.90956 7.97365 7.92732 7.91141 7.97347 8.00885 7.87891 7.97551 7.97126 7.9819
5.55807 5.53429 5.5157 5.52779 5.59114 5.58964 5.58184 5.59407 5.57841 5.67627 5.60512 5.64502 5.54442 5.61438 5.54885 5.51957 5.46203 5.58135 5.59168 5.53308 5.85429 5.52294 5.51858 5.50072 5.49396 5.54664 5.58929 5.54757 5.44884 5.60386
4.43526 4.52506 4.49684 4.4878 4.39401 4.46707 4.40495 4.38815 4.24572 4.43868 4.2444 4.23873 4.41866 4.54818 4.50741 4.50028 4.42334 4.47424 4.42318 4.36459 4.44716 4.31423 4.52148 4.37508 4.49655 4.46186 4.30183 4.54681 4.52745 4.43573
4.50681 4.54257 4.54778 4.55805 4.49126 4.49618 4.48683 4.48874 4.47956 4.52767 4.49492 4.57943 4.66951 4.60534 4.64007 4.61429 4.65442 4.61214 4.5722 4.65985 4.73979 4.62499 4.65345 4.63366 4.5822 4.61146 4.61223 4.61465 4.5453 4.68164
4.40799 4.42138 4.41959 4.42792 4.38118 4.42445 4.4156 4.4154 4.47373 4.37069 4.40752 4.42637 4.45194 4.45335 4.46067 4.45576 4.44677 4.45187 4.49713 4.44678 4.51749 4.44811 4.44802 4.47441 4.43103 4.44359 4.45257 4.45315 4.49017 4.49333
5.57254 5.44212 5.54722 5.6308 5.37496 5.48893 5.49429 5.50869 5.3957 5.50442 5.54406 5.57366 5.68592 5.71388 5.51981 5.61125 5.6883 5.60462 5.53363 5.56535 5.74289 5.6158 5.7122 5.66905 5.66478 5.72255 5.56713 5.55937 5.85759 5.73401
7.83539 7.8477 7.88183 7.91996 7.86017 7.83788 7.85119 7.89668 7.84116 7.93818 7.92045 7.92843 7.94356 7.90512 7.88544 7.84164 7.93459 7.91772 7.81125 7.97329 7.89019 7.8909 7.92837 7.93587 7.9134 7.95844 7.82281 7.8933 7.79838 7.82339
5.65078 5.65803 5.63419 5.72958 5.56111 5.45574 5.46044 5.57259 5.58223 5.7355 5.59243 5.77763 5.92662 5.82762 5.82851 5.82356 5.96768 5.8443 5.87662 5.9125 5.93232 5.83226 5.9616 5.92978 5.92544 5.99422 5.83864 5.80971 5.81579 5.93566
4.58036 4.72242 4.75162 4.52468 3.94399 3.90459 3.85513 3.86854 3.95742 3.97958 3.89181 4.20123 4.79121 4.57804 4.54516 4.69816 4.60521 4.67903 4.77005 4.61054 4.75803 4.66435 4.70412 4.49494 4.67651 4.97111 4.64203 4.74075 4.72505 4.45411
4.54686 4.59133 4.56393 4.55319 4.48251 4.48213 4.4786 4.48945 4.49334 4.45971 4.50734 4.44441 4.59485 4.58394 4.59156 4.60717 4.72659 4.61215 4.61254 4.48742 4.67221 4.54321 4.60742 4.64558 4.57703 5.14203 4.56102 4.6401 4.65346 4.66762
7.82302 7.78325 7.80788 7.8882 7.82006 7.82017 7.81084 7.84293 7.86453 7.98423 7.90146 8.05458 7.95073 7.85174 7.91984 7.69715 7.83891 7.90487 7.72343 7.70966 7.96634 7.09052 7.83844 7.58398 7.76106 7.9113 8.09261 7.77135 7.78337 7.82265
5.52446 5.58827 5.5013 5.48935 5.22476 5.34749 5.3612 5.38745 5.33883 5.33655 5.35012 5.34661 5.87776 5.69255 5.8315 5.63223 5.84447 5.75508 5.78345 5.89861 5.97863 5.94643 5.64002 5.8317 5.33755 5.72869 5.83483 5.77624 5.62411 5.83988
4.45472 4.54947 4.5239 4.55945 4.44635 4.46653 4.48029 4.47078 4.48999 4.48882 4.51936 4.49446 4.66398 4.47203 4.71934 4.58522 5.24671 4.6762 4.67766 4.55517 4.44943 4.70547 4.87561 4.62058 4.58388 4.65321 4.71025 4.5446 4.6355 4.68585
4.56144 4.6358 4.51485 4.55454 4.49016 4.48541 4.48193 4.46263 4.53584 4.38261 4.44913 4.4552 4.59137 4.55458 4.59625 4.63004 4.9235 4.42433 4.61778 4.49848 4.63886 4.58961 4.68228 4.59542 4.51182 4.5726 4.63202 4.63104 4.55457 4.70309
4.24268 4.08117 4.16469 4.19635 3.937 3.90437 3.90976 3.88247 4.03721 3.96141 4.02061 3.98425 4.4695 4.38889 4.45561 4.44309 4.40695 4.47777 4.4655 4.44122 4.51106 4.50882 4.32445 4.51286 4.42628 4.49194 4.48744 4.36434 4.35956 4.53827
7.79847 7.53101 7.66993 7.8345 7.45034 7.44907 7.46906 7.39877 7.51015 7.40755 7.49585 7.43602 7.30753 7.62972 7.53865 7.60239 7.91115 7.78267 7.24206 7.556 7.54312 7.30385 7.68607 7.06361 7.63657 8.02037 7.30618 7.46411 7.59288 8.06441
5.73172 5.82702 5.72461 5.85062 5.87561 5.88086 5.87909 5.85504 5.84387 5.87852 5.82022 5.86833 6.35887 6.37041 6.42815 6.44575 6.36397 6.27831 6.16835 5.40943 6.38508 6.33093 6.43546 6.15029 6.40642 6.39003 6.15201 6.44266 6.39966 6.41098
7.92673 7.8375 7.95064 7.90654 8.04084 8.03111 8.00345 8.05053 8.15538 8.04746 8.11953 7.95833 6.19711 7.84687 7.50473 7.47738 7.53728 8.42342 7.59043 6.99788 7.54086 7.52504 7.73904 7.84769 7.18151 7.63074 7.38068 7.59008 7.6038 7.4543
4.59972 4.68267 4.70303 4.6418 4.32113 4.25832 4.28929 4.31369 4.30717 4.19293 4.21852 4.26253 4.60004 4.66385 4.64815 4.65689 4.57617 4.62078 4.69655 4.6234 4.61784 4.66477 4.52979 4.52756 4.66785 4.6138 4.67842 4.65227 4.62689 4.60959
4.63992 4.78956 4.59633 4.74542 4.60108 4.60443 4.60068 4.60806 4.66007 4.64914 4.62831 4.64907 4.71054 4.94166 4.79087 4.81935 4.8719 4.71803 4.83346 4.68412 4.83488 4.9304 4.74403 4.63318 4.85495 4.85301 4.83914 4.80271 4.76106 4.75708
4.45482 4.49363 4.47594 4.47432 4.45872 4.47507 4.48125 4.47574 4.44889 4.44553 4.45483 4.47893 4.55974 4.61899 4.58233 4.57962 4.60186 4.36429 4.63691 4.4408 4.61647 4.70159 4.59928 4.96244 4.62219 4.59862 4.98666 4.59143 4.60051 4.60212
7.89147 8.024 7.77569 7.78121 7.69547 7.75399 7.69701 7.72276 7.24997 7.63743 7.33694 7.54352 7.70805 7.5766 8.25799 8.35736 7.76509 8.21288 7.83346 8.22417 8.41616 8.40789 8.41861 8.25035 8.09393 8.16279 8.32359 8.46595 8.55982 7.85524
5.75464 5.98838 5.60594 5.62724 6.17226 6.03843 6.05934 6.01566 6.33831 6.13974 6.15955 6.13109 5.56763 5.79896 5.5008 5.48079 5.38638 6.13886 6.30318 5.28073 4.70256 5.97141 5.35921 5.87327 5.5278 5.53386 5.25203 5.42976 5.54352 5.33682
4.29289 4.33026 4.31933 4.27266 4.40275 4.4045 4.40253 4.41769 4.19518 4.38643 4.18965 4.17912 4.29941 4.5098 4.44138 4.45366 4.37266 4.49276 4.47516 4.32063 4.47631 4.5341 4.47429 4.45504 4.34338 4.43741 4.50181 4.37328 4.40383 4.40069
4.46307 4.45023 4.56843 4.51706 4.41588 4.38106 4.34662 4.36132 4.39146 4.40613 4.36977 4.39444 4.42372 4.60065 4.6061 4.6445 4.50993 4.615 4.56938 4.49457 4.63282 4.61177 4.57775 4.43927 4.55696 4.54508 4.57485 4.57489 4.62354 4.5606
4.34595 4.34315 4.40681 4.58194 4.25606 4.26839 4.2627 4.24896 4.04674 4.24233 4.12256 4.28658 4.34096 4.41863 4.39875 4.39391 4.34512 4.34831 4.41723 4.25491 4.36176 4.42158 4.36788 4.21345 4.34556 4.40646 4.38417 4.36153 4.39849 4.37388
5.77016 5.8322 5.79912 5.76559 5.78217 5.80381 5.81328 5.79966 5.79559 5.81815 5.78241 5.79153 5.76178 5.74405 5.25058 4.94906 4.96039 5.80627 5.71795 5.38512 5.77506 5.76279 5.75292 5.24074 5.67438 5.76265 5.694 5.54164 5.73598 4.81544
4.20074 4.35846 4.34756 4.11739 4.4448 4.41502 4.40486 4.35196 4.14137 4.24159 3.99187 4.23641 4.48623 4.52488 4.34205 4.41572 4.31926 4.1575 4.61561 4.36378 4.29323 4.59107 4.47162 3.62534 4.24008 4.5834 4.62409 4.21873 4.97466 4.53831
7.81344 7.80129 7.75333 7.81751 7.792 7.81403 7.82096 7.81083 7.80879 7.796 7.82143 7.80852 7.72839 7.72619 7.5684 7.38726 7.37964 7.87915 7.71568 7.51581 7.61799 7.77775 7.76551 7.61325 7.6831 7.68807 7.51979 7.55601 7.74443 7.20227
5.75691 5.73603 5.76358 5.79548 4.66763 5.05973 5.0648 4.77382 4.64706 4.38423 4.38254 4.92898 6.45868 6.45335 6.42629 6.4223 6.46204 6.25074 6.26771 6.37303 6.46847 6.44907 6.40578 6.14486 6.41658 6.44022 6.39127 6.54965 6.53015 6.40781
7.95622 8.14876 8.18344 8.17098 8.11324 8.03725 8.04656 8.11143 8.26114 8.28445 7.85163 7.73527 7.59307 7.95687 7.59284 7.4376 7.47887 7.73053 7.48494 7.31069 7.05001 8.04682 6.94256 7.77348 7.52252 6.72562 7.24842 7.35699 7.47635 7.39091
4.55031 4.56825 4.57704 4.67218 4.22765 4.22856 4.21752 4.23436 4.16969 4.22406 4.16331 4.23544 4.64583 4.56416 4.72452 4.73277 4.70545 4.56092 4.53778 4.61358 4.64672 4.72431 4.73199 4.77466 4.59596 4.7134 4.73801 4.66658 4.5458 4.67366
4.64027 4.66706 4.65039 4.6295 4.64207 4.6453 4.66413 4.64059 4.66341 4.67709 4.62922 4.62381 4.79045 4.59185 4.9052 4.97884 4.83045 4.96885 4.79511 4.77561 4.8347 4.75825 4.86024 5.00124 4.84531 4.83736 4.86817 4.88901 4.69773 4.8504
7.98527 7.95748 8.17137 8.18879 8.15728 8.2124 8.2028 8.14415 8.0771 8.08065 8.00974 8.1156 8.14537 8.21888 8.32643 8.17359 8.14496 7.99327 8.34707 8.33029 8.08965 8.19121 7.98141 7.84251 8.47908 8.0184 8.16437 7.88547 8.09904 8.04556
5.6726 5.69365 5.61404 5.40012 5.46255 5.52989 5.44849 5.45928 5.61452 5.55998 5.7592 5.75077 5.83039 6.41326 5.49227 6.03948 5.23142 6.35578 6.41451 6.34618 6.34668 6.00209 6.30259 6.31597 6.24746 6.27138 6.08463 6.32496 6.1482 5.91392
7.6592 7.44361 7.67697 7.33739 7.24639 7.13188 7.13993 7.41856 7.26649 7.64218 7.45785 7.76629 7.14035 6.97614 6.87534 6.55213 7.21905 6.84549 6.95221 7.06892 6.77446 6.339 6.87465 6.70244 6.81284 7.04355 6.95027 6.5604 7.23224 7.78748
4.52453 4.53971 4.5406 4.5979 4.34991 4.38405 4.35787 4.37489 4.4303 4.23876 4.21177 4.20513 4.60175 4.55031 4.53512 4.66681 4.55762 4.69021 4.76262 4.67748 4.69958 4.63757 4.58781 4.77352 4.68277 4.64965 4.56981 4.68579 4.6196 4.57495
4.57765 4.6207 4.62758 4.58 4.59824 4.60095 4.60476 4.58996 4.56819 4.59526 4.56765 4.52201 4.77014 4.70667 4.78202 4.76429 4.73512 4.85284 4.83421 4.80005 4.7818 4.69505 4.78575 4.86597 4.81929 4.77368 4.73971 4.80794 4.80374 4.7425
7.97598 7.8767 7.9344 7.81868 8.13302 8.16306 8.17442 8.15108 8.04395 8.01815 7.80713 7.80753 8.11659 8.25443 8.10975 7.98962 8.13413 7.91493 7.77758 7.78697 7.70288 8.17912 7.82631 7.888 8.18028 7.67242 7.44434 7.99927 7.54466 7.52942
5.76817 5.80845 5.71461 5.7915 5.71818 5.74598 5.75409 5.7367 5.76347 5.79019 5.73111 5.73997 6.26776 6.2761 6.28726 6.32566 6.27415 6.23974 5.74929 5.70302 6.281 6.43134 6.19377 6.44116 6.27383 6.36467 6.28827 6.33428 6.12749 6.31943
7.3639 7.30886 7.19256 7.16153 7.29259 7.27587 7.34594 7.40074 7.26388 7.36649 7.25997 7.2893 6.76254 6.67841 6.76349 6.56888 6.7355 6.78884 6.73261 6.4808 7.05742 6.60761 7.0562 6.99593 6.80131 7.35029 6.55228 6.79831 6.77877 6.54953
4.54876 4.45577 4.4557 4.58136 4.4131 4.42206 4.383 4.41573 4.36671 4.41558 4.4017 4.42431 4.59663 4.64444 4.59113 4.63935 4.68244 4.65978 4.58371 4.57561 4.69033 4.69031 4.52555 4.68934 4.704 4.66974 4.57991 4.65914 4.72564 4.67264
7.91075 7.60057 7.68074 7.69435 7.75168 7.76865 7.7938 7.7278 7.76756 7.80002 7.72467 7.70411 7.66426 7.93461 7.64259 7.57177 7.38882 7.7931 8.02792 7.99236 7.6432 7.82996 7.90804 7.60217 7.60295 7.77641 7.51936 7.54442 8.14927 7.59852
5.90675 5.97075 5.96658 5.93954 5.88326 5.86392 5.85207 5.88776 5.85664 5.89488 5.85328 5.89005 6.38037 6.37002 6.37847 6.37497 6.35664 6.36754 6.40293 6.38089 6.39251 6.38876 6.39537 6.36908 6.36463 6.29653 6.40012 6.35252 6.52919 6.3458
7.77273 7.8035 7.77375 7.76231 7.61147 7.56488 7.62851 7.6566 7.60675 7.64063 7.58672 7.80031 7.1059 6.97239 6.9168 6.90375 6.9344 7.07458 7.01891 6.86626 7.23378 6.99354 7.39969 7.10593 6.92986 7.55479 6.99648 6.93236 7.09318 7.07749
4.63183 4.64022 4.6354 4.62761 4.25333 4.25662 4.28039 4.25647 4.26335 4.34304 4.37028 4.39859 4.59967 4.72103 4.74193 4.65735 4.68105 4.66937 4.71271 4.68172 4.70331 4.77767 4.64783 4.7237 4.73387 4.61186 4.69317 4.6603 4.70746 4.68515
4.60679 4.64715 4.6319 4.6248 4.63179 4.62803 4.639 4.61587 4.67656 4.66661 4.68586 4.65074 4.77109 4.78468 4.78593 4.76526 4.77959 4.79067 4.78719 4.78857 4.83655 4.82467 4.78718 4.81079 4.77707 4.83145 4.78813 4.79858 4.84377 4.78061
7.78341 7.52339 7.50129 7.54262 7.681 7.67008 7.69428 7.66342 7.69062 7.77264 7.85115 7.81804 7.55423 7.58015 7.48169 7.65432 7.58761 7.46927 7.49652 7.65111 7.66085 7.53497 7.50851 7.63506 7.58601 8.10516 7.71236 7.82481 7.7499 7.55235
5.56067 5.6044 5.61387 5.60639 5.50675 5.52805 5.51193 5.44973 5.55072 5.50351 5.48915 5.48318 5.73318 5.77858 5.77168 5.79443 5.77547 5.74478 5.8002 5.79286 5.36441 5.74806 5.72896 5.77463 5.76404 5.08418 5.77917 5.78336 5.81793 5.77204
4.52512 4.54032 4.55604 4.52683 4.22982 4.26078 4.23736 4.26731 4.19223 4.25964 4.30732 4.24954 4.66191 4.61347 4.60907 4.62246 4.6451 4.65127 4.61711 4.6658 4.63257 4.62744 4.62183 4.54137 4.64651 4.82774 4.63633 4.62314 4.66251 4.59774
7.38026 7.40777 7.39744 7.42225 7.39249 7.3847 7.40636 7.43104 7.29045 7.04394 7.19414 7.2214 7.515 7.32512 7.32851 7.13109 7.40252 7.39303 7.35746 7.27327 7.71108 7.97284 7.48484 7.4827 7.34089 7.71154 7.19385 7.33636 7.47559 7.21527
5.5975 5.61077 5.61162 5.6052 5.58578 5.59906 5.59166 5.5766 5.59056 5.59856 5.57587 5.58618 5.66512 5.63991 5.63757 5.64908 5.64089 5.63293 5.6508 5.63486 5.67538 5.62477 5.64126 5.61028 5.63203 5.61952 5.65113 5.62482 5.65217 5.63264
4.43918 4.52837 4.56958 4.59336 4.33663 4.27391 4.26071 4.24769 4.25649 4.25873 4.34199 4.25557 4.52389 4.48238 4.52049 4.49182 4.50651 4.5445 4.52475 4.54478 4.58556 4.43257 4.51399 4.4385 4.47855 4.5034 4.57057 4.49506 4.59202 4.5626
4.4918 4.52945 4.52761 4.51653 4.50492 4.49181 4.49723 4.52458 4.49584 4.53573 4.52482 4.53092 4.56915 4.51647 4.53427 4.51737 4.48897 4.53747 4.54155 4.5298 4.53818 4.52639 4.5406 4.49896 4.49976 4.49772 4.49576 4.48877 4.50687 4.53344
4.39844 4.41596 4.41215 4.41168 4.3859 4.38528 4.38669 4.39327 4.38481 4.39417 4.41164 4.42074 4.42691 4.43537 4.43875 4.43951 4.44728 4.44501 4.4453 4.42886 4.4457 4.4716 4.43653 4.44056 4.42162 4.43991 4.44301 4.42281 4.41902 4.45119
5.34205 5.24592 5.23291 4.74546 5.29907 5.26416 5.29327 5.16088 5.16401 5.06573 5.17123 5.15893 4.93431 5.12949 5.1022 5.12003 5.37487 4.87796 5.12764 5.12254 5.12401 5.18186 5.09259 5.21584 5.28023 5.31775 5.23714 5.26176 5.25478 4.90837
7.59712 7.58814 7.56962 7.56177 7.55466 7.53618 7.52928 7.53063 7.52199 7.50829 7.52225 7.54136 7.65508 7.59308 7.58093 7.58861 7.61468 7.52544 7.5427 7.64737 7.56406 7.61464 7.61808 7.54652 7.62849 7.71857 7.642 7.61823 7.60721 7.46578
5.69278 5.70961 5.71008 5.72136 5.66375 5.68016 5.67446 5.66532 5.65012 5.66028 5.67414 5.68362 5.8601 5.87757 5.84287 5.87722 5.87258 5.87241 5.86141 5.86984 5.66257 5.84715 5.84756 5.89431 5.87111 5.84214 5.92743 5.85123 5.87499 5.86835
4.54289 4.59812 4.61072 4.61074 4.30529 4.34891 4.31818 4.393 4.31006 4.46825 4.28496 4.31153 4.62913 4.69107 4.59862 4.6872 4.68319 4.61954 4.59785 4.59152 4.65543 4.60797 4.5922 4.71934 4.58427 4.62416 4.62497 4.62158 4.64733 4.63423
4.52456 4.53692 4.54473 4.54172 4.45999 4.49403 4.487 4.48189 4.4994 4.46618 4.49391 4.48674 4.52889 4.59076 4.5731 4.60541 4.55152 4.57157 4.55422 4.56211 4.65869 4.55463 4.56608 4.62407 4.58447 4.50577 4.62355 4.55194 4.56564 4.56492
4.51682 4.52087 4.5139 4.51101 4.52227 4.52808 4.52296 4.51865 4.5342 4.51337 4.54173 4.55928 4.59976 4.55654 4.57876 4.55542 4.55371 4.55111 4.5688 4.56699 4.55437 4.59998 4.5668 4.54452 4.55763 4.56642 4.58572 4.5495 4.58167 4.56855
7.58058 7.51026 7.50141 7.48587 7.56055 7.56407 7.57842 7.59087 7.52025 7.59593 7.61049 7.62974 8.00886 7.69983 7.70642 7.68236 7.60143 7.5898 7.62694 7.59496 7.5587 7.657 7.71135 7.50366 7.67105 7.7132 7.59932 7.77174 7.60371 7.58392
5.5729 5.55929 5.56194 5.55751 5.51804 5.56147 5.53923 5.5323 5.50316 5.46624 5.49171 5.46307 5.59265 5.59414 5.58783 5.61761 6.07119 5.61146 5.60259 5.60722 5.54547 5.58204 5.59401 5.21201 5.59649 5.59425 5.60291 5.62265 5.6077 5.61165
4.42213 4.41682 4.42705 4.41735 4.35921 4.37729 4.28569 4.39499 4.39381 4.46419 4.53262 4.31676 4.48531 4.45267 4.36506 4.43532 4.26826 4.42771 4.46091 4.4185 4.40737 4.37602 4.40369 4.20298 4.40458 4.46154 4.47185 4.4046 4.43701 4.4819
4.51647 4.55093 4.55403 4.54884 4.4785 4.49432 4.51685 4.48308 4.48451 4.48297 4.49282 4.45633 4.65391 4.66483 4.64618 4.66963 4.53221 4.6453 4.65741 4.66284 4.66832 4.70923 4.63918 4.5988 4.6321 4.67955 4.69902 4.65069 4.65254 4.63726
4.41836 4.43749 4.4367 4.43521 4.41711 4.42212 4.3933 4.44921 4.45224 4.37107 4.40833 4.3623 4.46106 4.48193 4.47391 4.47632 4.52756 4.47604 4.50149 4.47498 4.47194 4.49888 4.45296 4.44245 4.48272 4.4624 4.4892 4.46818 4.48752 4.46892
5.11094 5.03582 5.04185 5.05904 5.35561 5.20981 5.26271 5.39623 5.36413 5.40627 5.32423 5.38496 5.12611 5.20712 5.137 5.1645 5.78363 5.15995 5.07022 5.03414 5.09412 5.26566 5.16052 5.70494 5.07786 5.10356 5.44347 5.22431 5.16922 5.13284
7.71149 7.76253 7.75154 7.73968 7.73622 7.71856 7.714 7.74473 7.72109 7.746 7.75458 7.68351 7.75548 7.75356 7.66076 7.7319 7.84377 7.70202 7.73629 7.74529 7.92674 7.88222 7.68127 7.51279 7.77825 7.80935 7.78674 7.82976 7.75277 7.67219
5.60631 5.60896 5.61787 5.61219 5.58249 5.58511 5.60348 5.58142 5.56822 5.57311 5.57452 5.57989 5.66636 5.66225 5.64459 5.67031 5.6389 5.6411 5.66554 5.64421 5.60702 5.64927 5.63784 5.69954 5.63851 5.64986 5.70834 5.64763 5.80608 5.69984
4.32309 4.37889 4.37669 4.33534 4.29493 4.28557 4.28782 4.28349 4.26529 4.31199 4.25867 4.25229 4.3851 4.33685 4.36008 4.30913 4.26795 4.35479 4.34693 4.39473 4.30258 4.30455 4.3264 4.35048 4.37488 4.37616 4.40797 4.3651 4.31064 4.45086
4.39192 4.42322 4.42234 4.40668 4.40978 4.42005 4.41323 4.42212 4.42702 4.42463 4.4147 4.40645 4.46016 4.46404 4.46347 4.45175 4.43866 4.44965 4.46771 4.44432 4.44864 4.45391 4.40887 4.44807 4.44838 4.4643 4.45229 4.43852 4.43682 4.46748
5.67344 5.63889 5.64099 5.68117 5.69179 5.68019 5.67289 5.69532 5.68806 5.68375 5.68222 5.70436 5.53982 5.5535 5.62848 5.54385 5.58805 5.62824 5.58427 5.58605 5.61259 5.55977 5.6307 5.69086 5.6118 5.51989 5.52089 5.61401 5.60651 5.57292
7.77054 7.82809 7.79908 7.81271 7.74411 7.75237 7.74438 7.74904 7.74283 7.74486 7.77628 7.75264 7.75039 7.74909 7.81238 7.7717 7.7448 7.8003 7.77118 7.82784 7.762 7.74277 7.79204 7.83945 7.8746 7.76811 7.76892 7.8835 7.66705 7.7932
5.66173 5.65272 5.63844 5.63694 5.63877 5.62785 5.63624 5.6332 5.60442 5.61412 5.63107 5.61499 5.60627 5.59037 5.57244 5.582 5.58596 5.58731 5.59231 5.56745 5.58505 5.553 5.57248 5.60016 5.56922 5.57171 5.56784 5.59219 5.56394 5.56926
4.48922 4.57184 4.48883 4.56334 4.54523 4.61472 4.60062 4.63773 4.30664 4.35759 4.40059 4.64709 4.4401 4.45094 4.46101 4.32239 4.42565 4.4834 4.45188 4.43982 4.46506 4.44001 4.3168 4.48189 4.40473 4.4369 4.42489 4.39815 4.54242 4.42458
4.52824 4.58426 4.56617 4.54377 4.5233 4.53875 4.53425 4.53305 4.56228 4.51695 4.50077 4.4986 4.69636 4.69517 4.7014 4.67725 4.67326 4.70521 4.70854 4.69392 4.69209 4.68333 4.66522 4.71624 4.68911 4.70825 4.6924 4.66562 4.66196 4.71606
4.44281 4.45909 4.45615 4.46005 4.45072 4.46003 4.45495 4.43399 4.45667 4.41745 4.51046 4.50525 4.52289 4.51404 4.50101 4.5029 4.50521 4.50839 4.51057 4.50945 4.48855 4.51738 4.53115 4.49583 4.50863 4.51694 4.50113 4.48949 4.4843 4.51342
5.52404 5.435 5.48272 5.39043 5.54923 5.53967 5.52542 5.54347 5.53392 5.55053 5.56027 5.51153 5.47407 5.49046 5.50351 5.51485 5.60614 5.49757 5.48254 5.42975 5.5295 5.48942 5.56344 5.55637 5.46277 5.50929 5.47568 5.39461 5.79869 5.53063
7.76445 7.80145 7.80532 7.79031 7.82236 7.81207 7.79205 7.82897 7.80578 7.82235 7.8089 7.81345 7.81136 7.82352 7.81663 7.81325 7.85086 7.79254 7.80729 7.80212 7.81704 7.7915 7.8193 7.83598 7.76778 7.83067 7.83289 7.80518 7.87537 7.808
5.71882 5.81266 5.78448 5.82041 5.70728 5.68871 5.68499 5.6906 5.68493 5.67378 5.67281 5.66375 5.871 5.88073 5.85762 5.8888 5.88056 5.87633 5.87089 5.88674 5.88457 5.91188 5.90176 5.86744 5.89273 5.87907 5.89169 5.87383 5.93445 5.88206
4.50885 4.50297 4.55025 4.51922 4.23173 4.28924 4.2859 4.29176 4.23563 4.25789 4.29578 4.25787 4.61166 4.56832 4.61615 4.62231 4.61255 4.57973 4.60866 4.60392 4.57795 4.62366 4.66489 4.6254 4.65414 4.58424 4.62023 4.66083 4.59569 4.5945
4.55561 4.58022 4.58349 4.59304 4.54669 4.53074 4.54221 4.52577 4.52994 4.48668 4.55873 4.49182 4.59684 4.59305 4.59672 4.60735 4.61428 4.5788 4.59127 4.60965 4.60022 4.61044 4.58137 4.57063 4.60605 4.59738 4.60333 4.5818 4.60383 4.60977
7.67407 7.63079 7.63331 7.59324 7.73917 7.67806 7.68417 7.684 7.72149 7.7083 7.6361 7.71709 7.76371 7.76173 7.74704 7.73366 7.73263 7.73201 7.76382 7.7795 7.77516 7.63443 7.67057 7.7672 7.70473 7.73815 7.80775 8.04005 7.83813 7.74128
5.57446 5.59599 5.59839 5.60664 5.56537 5.59554 5.60332 5.57624 5.5843 5.59174 5.59803 5.59265 5.68381 5.6458 5.63659 5.66448 5.65375 5.6273 5.64579 5.65995 5.64312 5.65168 5.67075 5.65423 5.67103 5.66929 5.66512 5.6776 5.68351 5.63576
4.38003 4.39149 4.3873 4.37666 4.22613 4.23725 4.24019 4.22884 4.21657 4.23336 4.24516 4.23295 4.47264 4.44562 4.4778 4.42209 4.50871 4.48228 4.45799 4.46797 4.4574 4.45998 4.52145 4.45446 4.46999 4.4452 4.45733 4.48238 4.47953 4.48194
4.4586 4.49458 4.49771 4.49523 4.46106 4.47196 4.47794 4.47123 4.44634 4.48451 4.49449 4.47614 4.5146 4.50774 4.50693 4.50792 4.48476 4.51982 4.50348 4.51896 4.5059 4.50847 4.49192 4.4851 4.51735 4.53115 4.51262 4.52065 4.51966 4.50003
5.42078 5.33252 5.25014 5.35669 5.44455 5.40926 5.40359 5.43602 5.32925 5.41709 5.43642 5.36626 5.22484 5.11446 5.21478 5.08492 5.25435 5.10173 5.14397 5.14475 5.14328 5.15627 5.12585 5.34026 5.03937 5.22692 5.22847 4.86954 5.20747 5.05729
7.5576 7.50737 7.51716 7.49393 7.54268 7.55772 7.5582 7.55419 7.56007 7.57643 7.60915 7.5565 7.59311 7.58511 7.58042 7.58478 7.59796 7.5606 7.58376 7.5513 7.5851 7.57452 7.56474 7.60331 7.56595 7.60187 7.63081 7.58677 7.52223 7.55743
5.6654 5.69744 5.70178 5.69642 5.67457 5.6997 5.695 5.70819 5.68712 5.67655 5.7147 5.69407 5.86143 5.84901 5.84301 5.86437 5.86338 5.85239 5.84926 5.85296 5.83922 5.87702 5.86144 5.84262 5.8538 5.85386 5.84551 5.87833 5.86447 5.85022
4.56594 4.62524 4.6178 4.62977 4.44504 4.32318 4.32953 4.31863 4.29755 4.32833 4.32748 4.34582 4.64583 4.67892 4.67268 4.6851 4.70939 4.69208 4.67923 4.64821 4.68039 4.61209 4.69718 4.67688 4.67952 4.6752 4.69461 4.69719 4.68712 4.68947
7.55195 7.66782 7.67053 7.68165 7.40566 7.45443 7.43603 7.46771 7.29318 7.46417 7.54921 7.43631 7.58441 7.62575 7.67081 7.61224 7.54618 7.62003 7.64386 7.57826 7.65457 7.68225 7.60172 7.62072 7.64919 7.66328 7.67942 7.60643 7.57526 7.67628
5.97076 5.97397 5.96395 5.98647 5.9322 5.94464 5.95646 5.9494 5.95308 5.94851 5.92767 5.97426 6.46343 6.46984 6.46827 6.47895 6.48101 6.47453 6.46842 6.46534 6.46829 6.46508 6.48792 6.46259 6.4872 6.47849 6.45683 6.48732 6.48702 6.51498
7.91661 7.90942 7.90731 7.93732 7.72057 7.9078 7.85681 7.93321 8.06797 7.8417 7.94178 8.00049 7.36707 7.3274 7.29478 7.35336 7.29286 7.29752 7.30817 7.33687 7.29626 7.53999 7.28127 7.29858 7.24747 7.33004 7.34576 7.29479 7.14334 7.26736
4.54204 4.50636 4.50721 4.5119 4.20479 4.18245 4.17652 4.18615 4.16994 4.36085 4.19268 4.17438 4.65152 4.623 4.6238 4.60215 4.61287 4.63747 4.63896 4.57544 4.64001 4.5727 4.63336 4.65367 4.6071 4.65104 4.66476 4.66744 4.65645 4.57599
7.95167 7.82002 7.83392 7.84017 7.98399 7.76963 7.78824 7.75718 7.6758 7.84849 7.84096 7.75406 7.73782 7.77118 7.75589 7.66055 7.79236 7.73966 7.77058 7.82932 7.72787 7.93143 7.7358 7.7735 7.73305 7.72867 7.75739 7.77786 7.74774 7.67974
5.47958 5.52102 5.52052 5.51163 5.46677 5.40614 5.44878 5.41852 5.45506 5.36903 5.46975 5.42827 5.55655 5.52956 5.54602 5.54824 5.53214 5.54417 5.54322 5.49688 5.54326 5.57799 5.55729 5.53831 5.55777 5.54943 5.53151 5.56518 5.56255 5.56066
4.31438 4.34608 4.34149 4.33971 4.164 4.1686 4.17156 4.14332 4.14569 4.20992 4.14401 4.13233 4.36915 4.37216 4.38711 4.30216 4.37238 4.39174 4.38312 4.40181 4.38552 4.43178 4.39431 4.39148 4.36612 4.39985 4.37268 4.35061 4.4146 4.38107
4.34253 4.36068 4.36132 4.36051 4.33992 4.34207 4.35116 4.34225 4.33309 4.35531 4.34236 4.34302 4.39691 4.42061 4.39446 4.39151 4.41992 4.39446 4.39233 4.37303 4.3912 4.40055 4.39922 4.39387 4.38758 4.39507 4.39129 4.39506 4.39397 4.38359
5.31081 5.13894 5.13848 5.18231 5.27878 5.46418 5.45906 5.37792 5.49655 5.47225 5.4089 5.45501 5.11313 5.1874 5.06015 4.90534 5.22943 5.06718 5.07401 5.16552 5.07269 5.30984 5.10967 5.10492 5.03528 5.09836 5.18341 5.08933 5.11134 4.97715
7.50646 7.46705 7.46134 7.48503 7.50041 7.5513 7.53086 7.49695 7.57806 7.5199 7.53082 7.5218 7.43428 7.43949 7.44442 7.45828 7.45413 7.41434 7.43265 7.47878 7.45015 7.58505 7.45057 7.43574 7.44523 7.44053 7.45832 7.40937 7.45503 7.46078
5.64001 5.64951 5.64837 5.65722 5.62027 5.63191 5.63597 5.61697 5.63983 5.62881 5.63245 5.64242 5.68058 5.67113 5.66919 5.60972 5.6762 5.85461 5.67467 5.64212 5.67051 5.65967 5.6801 5.68372 5.68359 5.67962 5.67505 5.68651 5.68436 5.67036
4.14845 4.18914 4.17856 4.18199 4.04112 4.11173 4.09375 4.09851 4.08757 4.09737 4.11079 4.0922 4.18451 4.18545 4.20995 4.17319 4.18628 4.18418 4.18574 4.21934 4.18299 4.20139 4.19107 4.18701 4.20493 4.18394 4.30608 4.17823 4.19094 4.20615
4.29135 4.311 4.31022 4.31092 4.32556 4.31244 4.31453 4.29813 4.3039 4.31727 4.31145 4.32208 4.32948 4.32541 4.33865 4.30931 4.32523 4.31075 4.3278 4.33008 4.32786 4.33607 4.32466 4.3239 4.32955 4.32419 4.29482 4.33212 4.32464 4.32881
5.5435 5.50297 5.49792 5.51648 5.56147 5.57666 5.61141 5.56791 5.59264 5.58622 5.55508 5.60354 5.46406 5.45804 5.44877 5.43226 5.45417 5.45073 5.45431 5.47785 5.47141 5.47664 5.46082 5.4639 5.4423 5.46778 5.65249 5.49297 5.48188 5.41419
7.68202 7.68426 7.68297 7.68398 7.70682 7.69344 7.69625 7.69051 7.70941 7.69868 7.7058 7.69738 7.74983 7.74873 7.74201 7.73458 7.74847 7.727 7.73972 7.7346 7.7396 7.74427 7.7425 7.74346 7.73378 7.744 7.78115 7.74148 7.74703 7.72776
