91.9929 92.2062 91.9815 92.1106 92.119 92.1171 92.1278
75.4388 75.1355 75.7956 75.3459 75.2587 75.1942 75.5308
73.3463 73.429 73.0633 72.2672 73.0253 72.2817 72.0026
83.2041 83.1253 83.5693 83.0893 82.9558 83.1398 82.8044
66.3742 66.5029 66.3262 66.3766 66.4855 66.4243 66.4451
139.183 138.801 137.779 137.822 137.817 137.835 137.985
10.6847 12.2014 10.88 10.4008 12.1314 12.2223 11.6819
5.67199 5.61569 5.65639 5.60618 5.60713 5.54572 5.6354
4.31914 4.51168 4.23295 4.32711 4.51649 4.48385 4.4712
4.48137 4.49253 4.44845 4.44269 4.52255 4.44934 4.41778
4.41867 4.4068 4.40219 4.43764 4.39419 4.45801 4.45599
4.25363 4.2438 4.20706 4.23012 4.24196 4.22815 4.24833
7.83651 7.84314 7.71531 7.73145 7.83428 7.63618 7.78452
144.982 147.17 144.484 144.777 146.646 146.619 146.177
92.1424 92.5815 92.6796 92.4281 92.513 92.8321 92.5294
155.031 154.408 153.78 154.219 154.268 154.057 154.602
75.9808 75.8288 75.4802 75.3472 75.7819 75.5119 75.9845
73.0272 72.9575 72.8919 73.4327 72.7868 73.2807 72.8119
82.9637 82.6709 83.0065 83.1419 82.6311 82.734 82.6157
65.2567 65.3136 65.6902 65.9254 65.0858 65.4794 65.6866
141.258 140.204 138.642 139.767 140.284 139.63 140.318
5.88448 5.94956 5.67509 5.91581 5.95653 5.89485 5.953
8.22371 7.91947 7.92322 7.91563 7.92762 7.86412 7.95917
4.15891 4.27758 4.27658 4.42976 4.38395 4.25154 4.18808
4.55521 4.66274 4.59871 4.63116 4.6481 4.68968 4.67618
4.45003 4.47661 4.39308 4.48183 4.49214 4.448 4.46856
4.46824 4.51805 4.35435 4.4714 4.44609 4.39597 4.4702
4.21989 4.24503 4.20457 4.2409 4.2646 4.23206 4.21199
8.08269 7.89674 8.00544 7.92478 7.89091 7.87126 7.98283
93.0044 93.1646 92.5737 93.1905 93.1431 92.9226 93.1504
75.5078 75.6756 75.8179 75.6982 75.6076 75.7982 75.4718
72.5774 72.5117 73.1857 73.0895 73.0234 72.7832 72.3094
82.4419 82.347 82.8241 82.2474 82.3086 82.7231 82.3288
98.0981 97.8536 98.1284 98.8901 97.5348 97.3895 97.7306
64.999 65.0087 64.9692 65.0232 65.5174 65.3559 64.9234
141.623 141.115 140.569 140.471 140.817 140.461 141.112
5.3243 5.39433 5.48765 5.46269 5.36663 5.38062 5.38349
4.27082 4.42634 4.37577 4.44252 4.33247 4.31623 4.29884
4.38162 4.39725 4.42251 4.3844 4.42111 4.36378 4.36386
4.33248 4.36057 4.37208 4.3719 4.33522 4.35353 4.37345
5.55571 5.41937 5.5283 5.50606 5.43973 5.4171 5.45274
4.30705 4.28772 4.50183 4.28256 4.10938 4.34204 4.46671
4.13727 4.17849 4.14195 4.17433 4.17806 4.179 4.17475
7.56316 7.50133 7.5727 7.44182 7.50864 7.53248 7.54869
92.5605 92.1916 92.2533 92.3915 92.5022 92.0258 92.1467
75.4681 76.0231 75.8123 75.5351 75.4528 75.6665 75.7218
73.3209 72.9448 74.1224 72.8864 73.254 73.7389 73.2378
82.3224 82.5763 82.8097 82.583 82.537 82.9227 82.4758
66.0788 65.7288 65.8376 65.9523 65.9738 66 66.1317
136.794 136.969 137.943 137.748 136.688 136.769 137.207
11.7199 12.0338 11.6679 11.5514 11.9606 11.8074 11.8563
5.62655 5.64132 5.64401 5.65932 5.62605 5.62899 5.66057
4.3379 4.2343 4.26043 4.28956 4.29106 4.33123 4.3393
4.48874 4.55156 4.56825 4.51272 4.51634 4.58806 4.53876
4.41269 4.45502 4.45136 4.44224 4.44317 4.40776 4.47837
4.32425 4.44114 4.46159 4.37006 4.35927 4.31058 4.30967
4.21256 4.26616 4.17154 4.21428 4.24506 4.22929 4.26106
7.69663 7.6438 7.76243 7.7358 7.62699 7.6664 7.63497
145.343 145.94 145.672 145.085 145.826 145.589 145.587
93.1847 92.5835 92.81 92.5493 93.2909 92.8426 92.7893
153.232 153.849 153.757 154.077 154.064 153.727 153.625
74.8887 75.4715 75.138 74.8513 74.9835 75.3389 75.19
73.2342 73.0714 73.305 74.22 74.0211 72.5356 73.6666
82.8733 82.9678 82.7951 83.0795 82.7812 82.4628 82.9844
66.2791 65.9245 66.0263 65.8199 65.8812 65.6716 65.6756
139.615 139.448 139.729 139.909 139.67 139.346 140.022
5.8703 5.89316 5.8946 5.88947 5.89804 5.90074 5.92845
7.29832 7.56696 7.5572 7.62071 7.74301 7.71902 7.80633
4.37283 4.35614 4.35618 4.41817 4.27297 4.26422 4.33993
4.53624 4.56848 4.60005 4.58309 4.63561 4.51066 4.56747
4.44156 4.4875 4.45176 4.43781 4.47904 4.4646 4.48638
4.53634 4.51836 4.48364 4.45084 4.40855 4.53439 4.45945
4.28346 4.30022 4.3138 4.30393 4.31113 4.30827 4.28751
7.89524 7.75883 7.82267 7.90393 7.94896 7.55969 7.88737
93.1241 92.8241 92.961 93.2387 93.1687 93.3038 92.9684
75.4291 75.3118 75.6052 75.0797 75.0398 74.9908 75.1838
72.5785 72.9156 72.4777 72.6214 73.0627 72.8195 73.8084
104.194 103.875 104.183 103.853 103.839 103.927 103.306
65.201 65.0082 65.3531 65.439 65.5063 65.3223 65.5434
140.484 141.3 140.969 141.15 141.124 141.057 140.96
5.45618 5.43882 5.47434 5.45854 5.37635 5.39458 5.44539
4.41234 4.24436 4.23445 4.46265 4.44377 4.38957 4.48006
12.5825 12.9256 12.6432 12.8384 12.9783 13.616 13.3459
4.41257 4.4631 4.50262 4.50824 4.4335 4.466 4.39961
4.35207 4.3606 4.29127 4.32476 4.33783 4.31332 4.31508
5.32395 5.29179 5.26303 5.24506 5.39282 5.23499 5.05735
4.37956 4.40939 4.33044 4.19107 4.1709 4.29198 4.20636
4.2403 4.21499 4.20736 4.23118 4.24133 4.23267 4.17266
7.44766 7.64762 7.58635 7.42217 7.5119 7.46979 7.53281
162.95 163.071 162.785 163.258 161.176 162.242 163.489
92.5217 92.3692 92.4169 92.3042 92.1276 92.394 92.4996
154.11 153.436 153.471 154.118 153.912 153.387 153.013
75.6862 75.7025 75.5006 75.5767 76.0798 75.8749 75.8593
73.0167 72.8641 73.6911 73.3891 71.705 72.7295 72.4517
83.1094 82.772 82.874 82.9547 82.4246 82.8055 82.4458
66.8094 66.3417 66.2041 66.5318 65.8926 65.9697 66.3721
140.599 140.052 140.034 140.707 140.017 139.438 139.622
5.95548 5.91199 5.92785 5.93729 5.82556 5.91972 5.86666
7.46421 7.44546 7.22204 7.45088 6.86863 6.45189 6.56761
4.32376 4.33098 4.34543 4.27373 4.31564 4.3127 4.24664
4.50274 4.57832 4.54493 4.58658 4.63591 4.60838 4.63756
4.50325 4.50898 4.49552 4.47004 4.48763 4.49264 4.48283
4.61139 4.55065 4.57861 4.51791 4.60363 4.40356 4.50604
4.31249 4.33498 4.34279 4.28367 4.39046 4.41529 4.38057
8.26488 8.12178 8.24399 8.29904 7.93578 7.84222 7.96315
92.887 92.4892 92.7656 92.6229 92.5682 92.7167 92.5634
75.0878 75.6666 74.8766 75.1752 74.7975 74.6526 74.9029
73.6702 72.7094 73.0219 71.1757 73.1922 72.7289 73.664
82.7159 83.0172 82.9199 82.4472 83.1674 82.9908 83.0512
105.846 102.613 104.939 105.219 104.101 103.468 104.279
65.399 64.6205 65.2237 65.4566 64.6431 64.6443 64.5748
142.227 141.776 142.033 142.357 142.522 142.74 142.659
5.22879 5.46014 5.13583 5.13369 5.44948 5.42415 5.42741
4.21918 4.35049 3.9376 3.98286 4.32239 4.24461 4.25177
11.5337 13.8979 11.9142 11.4639 11.3703 11.0357 11.198
4.41245 4.43865 4.42418 4.52023 4.42951 4.45727 4.46299
4.33112 4.39931 4.41297 4.44596 4.38737 4.4223 4.43026
6.32299 5.38056 5.71658 5.85899 5.604 5.54267 5.61557
4.32066 4.56218 4.11388 4.14022 4.44042 4.57337 4.51047
7.59402 7.78702 7.77542 7.43986 7.96104 8.07147 7.98922
93.0176 92.4914 93.0631 92.6753 93.0873 93.1389 93.0777
75.58 76.0511 75.3053 75.701 75.8052 76.012 75.7301
72.6111 73.7689 72.7068 72.9187 73.4394 71.8216 72.5313
83.1796 82.9517 82.8259 82.7433 82.5525 82.4924 82.5387
97.4083 97.5677 96.1618 97.5133 98.0718 96.836 98.0496
64.6816 65.4271 65.0003 64.6257 65.1035 65.225 65.021
142.393 142.103 142.65 142.235 141.988 141.878 141.932
5.46312 5.48691 5.39621 5.43629 5.52149 5.40389 5.46587
4.55735 4.1977 4.48065 4.47143 4.40368 4.1663 4.1758
4.42199 4.39449 4.44496 4.469 4.45759 4.41894 4.44208
4.3749 4.32741 4.31709 4.36146 4.34331 4.35259 4.33954
5.80375 5.66814 5.73178 5.69819 5.67385 5.66594 5.61236
4.13127 4.44223 4.25564 4.20866 4.18489 4.33953 4.13481
4.22366 4.17255 4.23229 4.25938 4.21104 4.24898 4.22601
7.9551 7.87735 8.12295 8.14516 8.0917 8.12532 8.01967
91.8411 91.7754 92.1204 91.878 92.1425 92.3904 92.2085
75.6097 75.9489 75.9097 76.1937 75.5903 75.4533 75.3654
72.9668 73.6753 73.7134 73.486 73.1653 73.6042 73.6094
83.1963 83.1592 82.8251 82.7353 82.5556 82.5437 82.7071
65.9796 65.9267 66.2189 66.0462 66.1998 66.2061 66.2757
137.015 137.907 137.119 136.95 137.094 137.165 136.546
5.58259 5.55627 5.6107 5.62545 5.59299 5.60156 5.58811
4.47564 4.26425 4.24512 4.27013 4.46815 4.47814 4.44912
4.43656 4.4148 4.48488 4.46543 4.49131 4.47175 4.51274
4.4135 4.38836 4.44444 4.43026 4.45138 4.42319 4.39506
4.4707 4.34128 4.36224 4.44738 4.34408 4.41416 4.31188
4.26415 4.25119 4.20079 4.21697 4.26013 4.21875 4.22365
7.68144 7.72183 7.64326 7.60715 7.53427 7.53819 7.49277
92.5025 91.8051 92.0734 92.012 92.3963 92.8839 92.6035
154.993 155.775 155.266 155.169 155.008 155.308 155.447
75.5993 76.2054 75.8573 75.7307 76.0965 76.0188 76.1027
73.8194 73.7236 74.4787 74.048 73.4375 73.7602 73.6089
83.1328 83.4251 82.9369 83.0897 83.0177 82.9766 82.9776
66.2574 66.2966 66.2182 66.0041 65.8915 66.1851 65.9857
140.357 140.395 140.754 140.476 140.446 140.579 140.791
5.95208 5.97142 5.89984 5.87633 5.92932 5.90133 5.96094
7.95356 8.15454 8.07562 7.7975 7.96134 7.96929 7.99093
4.42503 4.26696 4.52689 4.52337 4.34733 4.34915 4.30457
4.6843 4.70918 4.65294 4.6258 4.63811 4.68595 4.67724
4.46528 4.47229 4.46514 4.44323 4.44468 4.4181 4.40875
4.37863 4.43009 4.52491 4.48153 4.38458 4.28063 4.4132
4.26238 4.27799 4.24974 4.23904 4.25772 4.28122 4.25875
7.77032 8.10437 7.81612 8.0177 7.99987 7.98641 7.8826
92.5894 92.191 92.2328 92.4997 92.9782 92.3758 92.6818
75.7145 75.5983 75.8136 75.3935 75.308 75.5792 75.616
73.0961 74.0316 73.1888 73.2846 73.6321 74.4331 73.4535
83.0008 83.334 82.9628 82.7533 83.3397 83.3294 83.0434
66.3 66.5906 65.9394 65.92 66.4198 66.2978 66.3044
135.863 137.784 136.876 136.128 137.55 138.04 138.048
5.55894 4.90844 5.60244 5.57553 5.38094 4.88712 5.06065
4.21885 4.2167 4.2217 4.29194 4.2549 4.23158 4.23694
4.37341 4.32933 4.34949 4.46158 4.29873 4.33197 4.29714
4.44974 4.48542 4.40411 4.42392 4.43272 4.423 4.49649
4.41714 4.53752 4.40128 4.3205 4.52475 4.51422 4.60206
4.1619 4.23259 4.17385 4.26455 4.26606 4.20701 4.22959
7.33442 7.73184 7.37649 7.39645 7.65288 7.69817 7.71362
93.563 93.0289 92.731 93.3315 93.2302 92.9774 92.8305
75.5794 75.4113 75.547 75.434 75.6896 75.4443 75.729
71.8248 72.1017 72.6987 72.3726 72.4488 71.8404 71.7973
82.6304 82.8254 82.8652 83.0445 82.8308 82.9397 82.697
96.5193 96.3683 97.013 98.52 96.0139 95.7783 95.2119
65.4759 65.0745 64.9523 65.5416 65.3587 65.2632 65.4378
142.02 141.538 141.999 142.264 141.816 141.58 142.21
5.46888 5.50308 5.51066 5.4732 5.54493 5.51404 5.53516
4.17783 4.17183 4.1173 4.15631 4.15802 4.18437 4.1153
4.41566 4.34877 4.38553 4.27002 4.40616 4.33812 4.37421
4.25741 4.29634 4.29455 4.24176 4.30351 4.30735 4.28321
5.53789 5.07851 5.30654 5.84435 5.10675 5.41348 5.2411
4.29008 4.29454 4.25522 3.88249 4.24324 4.30904 4.39014
7.46803 7.45906 7.46925 7.37139 7.4222 7.49139 7.48538
92.5092 92.9665 92.1944 92.3826 92.4903 92.3661 92.2031
154.436 153.668 154.501 153.672 154.509 154.515 154.303
74.7511 74.8476 74.5559 74.8616 74.4351 74.5556 74.9136
74.1822 73.8548 74.7599 73.8855 74.2312 74.3781 73.769
82.3955 82.2714 83.4565 83.7737 82.5006 82.45 82.6827
66.0741 65.6051 65.2964 66.1591 65.1097 64.8631 64.6584
139.409 139.189 138.669 140.343 139.136 139.504 140.147
5.91204 5.73419 5.70002 5.91741 5.78633 5.88013 5.84796
7.81363 7.82636 7.88033 7.98311 7.91407 7.88248 7.94569
3.98064 4.05143 3.87662 4.04844 3.97608 3.89165 3.9554
4.54942 4.57173 4.48854 4.61165 4.54455 4.55876 4.51792
4.37173 4.32621 4.24801 4.30236 4.07084 4.22736 4.28724
4.16439 4.22346 4.19634 4.13275 4.15377 4.02333 4.16574
4.33384 4.21888 4.11964 4.06352 4.16779 4.13267 4.12034
8.30943 8.15021 8.28654 8.1153 8.20893 8.22583 8.40706
92.3964 92.6113 92.6711 92.6912 92.6138 92.8562 92.8458
75.4673 75.8923 75.4617 75.6396 75.6829 75.3436 75.4704
75.9942 75.449 75.1446 75.5424 75.5867 75.2268 75.2673
84.4352 84.7823 84.2623 84.5984 84.5698 84.1068 84.1974
104.442 104.155 104.446 104.873 104.109 104.375 104.37
65.6372 65.3793 65.9859 65.6739 65.4875 65.2294 65.8114
142.552 142.377 142.473 142.863 142.345 142.684 142.71
5.50453 5.3598 5.45217 5.48473 5.41565 5.42849 5.40748
4.52482 4.30613 4.48282 4.47721 4.62667 4.4557 4.37826
4.32666 4.32758 4.28324 4.45201 4.33101 4.3469 4.33491
4.31724 4.22542 4.31771 4.34363 4.29665 4.25031 4.24056
5.11721 5.4809 5.22761 5.60323 5.0869 5.35147 5.45937
2.68231 2.60176 1.33318 3.33727 2.91439 3.22536 1.91405
3.82312 3.31716 3.59526 3.80784 3.67678 3.66057 3.8388
7.67218 7.71243 7.6234 7.79435 7.49097 7.64333 7.73786
91.4923 91.6178 91.0755 91.3222 91.602 91.9541 91.762
75.6989 75.5696 75.7693 75.4888 75.6231 75.507 75.5291
74.7969 74.7443 74.091 74.8588 75.5654 75.0163 74.6278
83.9279 83.8917 84.1825 85.2967 84.3381 84.0932 84.0292
101.207 100.927 100.588 100.632 101.389 100.549 100.98
66.585 65.2941 65.7328 65.5825 65.6677 66.0672 66.3712
142.164 141.736 141.519 142.536 142.001 142.165 142.113
5.47118 5.52023 5.53418 5.08163 5.43537 5.46374 5.51013
4.2545 4.22845 4.27441 4.24469 4.26127 4.23439 4.25385
4.40371 4.41613 4.45222 4.37783 4.4316 4.40911 4.39053
4.16903 4.11167 4.11811 4.08205 4.17002 4.16697 4.21456
5.85051 5.82357 5.83857 5.81033 5.81148 5.81154 5.84768
3.5826 3.43875 3.20665 3.54266 2.89349 3.40766 3.81381
3.41255 3.80186 3.65045 3.59402 3.43675 3.56931 3.59506
7.63896 7.63973 7.67553 7.72953 7.63468 7.6593 7.69362
90.9831 90.803 90.6447 91.4926 91.0307 91.2723 90.635
155.664 155.06 156.16 153.035 154.539 156.295 156.115
75.4372 75.8078 75.889 75.5433 75.2951 75.4176 75.5076
75.2834 75.7304 75.6236 73.8821 75.2073 74.9709 76.0023
84.1521 84.0716 84.0033 83.7947 83.9231 84.014 84.1622
66.3665 65.6516 66.2036 67.809 66.0158 66.233 66.2686
141.725 141.149 140.499 140.922 141.789 140.721 141.466
5.99377 5.93226 5.86154 5.93901 5.9738 5.95068 5.9158
8.5751 8.17506 8.39696 7.93682 8.22653 8.64989 8.53518
4.33445 4.36475 4.21076 4.30387 4.27518 4.18564 4.30116
4.56139 4.75515 4.7077 4.73823 4.51892 4.58629 4.65739
4.43444 4.42515 4.40943 4.40788 4.43357 4.43841 4.41364
4.47133 4.45682 4.41537 4.2323 4.43328 4.54801 4.39696
4.24354 4.1977 4.2074 4.2239 4.21374 4.21909 4.20365
8.42077 8.21931 8.1416 7.67858 8.41443 8.40406 8.35632
90.8374 90.9184 90.8844 90.9282 91.0952 90.5492 90.7906
159.081 155.477 158.499 156.049 157.11 158.455 158.432
75.8133 75.7373 75.6981 75.9293 75.7784 75.5863 75.5822
75.0783 75.2883 74.5259 75.1169 75.3124 75.2186 75.4471
83.8677 83.7988 83.0273 83.2089 83.9191 83.5921 83.8146
67.1637 66.8227 67.2738 66.9069 67.1382 67.2042 67.5802
143.304 144.017 142.045 141.626 142.447 143.174 143.151
5.62218 5.61548 5.53376 5.59107 5.57325 5.47957 5.44067
10.1929 8.19007 9.00323 8.6139 8.93265 9.43519 9.71073
4.52259 4.62062 4.4974 4.53138 4.57599 4.43656 4.57325
4.53847 4.56158 4.54912 4.54858 4.6099 4.57679 4.5499
4.31133 4.43298 4.27681 4.41353 4.4907 4.34779 4.32668
4.39542 4.43791 4.4498 4.64654 4.44027 4.43284 4.38076
4.18053 4.13301 4.14684 4.2136 4.17859 4.17001 4.14397
8.3358 8.64929 8.1516 8.19071 8.25838 8.42037 8.59769
91.6261 91.756 91.5358 91.6811 91.3608 91.5152 91.6771
75.1522 75.2656 75.4376 75.376 75.2605 75.3274 75.2031
74.5179 74.2505 73.8382 74.2677 73.3556 73.8375 73.5826
83.3249 83.4784 83.3423 83.737 83.3948 83.5246 83.4389
66.4514 66.517 66.4627 66.6736 66.3957 66.2575 66.2902
138.071 137.203 136.731 137.435 137.192 136.726 136.975
5.50402 5.48949 5.46501 5.52581 5.5161 5.52699 5.46854
4.46734 4.48514 4.41737 4.45522 4.43288 4.5114 4.54054
4.51361 4.4793 4.49495 4.42184 4.48535 4.47523 4.41389
4.3841 4.38957 4.42229 4.39721 4.40259 4.45793 4.44808
4.38203 4.24556 4.37572 4.38863 4.45043 4.29485 4.28813
4.20482 4.22148 4.28495 4.34047 4.21109 4.19624 4.19399
7.57058 7.43137 7.49076 7.42769 7.44447 7.41583 7.41247
91.7763 92.2698 92.0319 92.3701 92.1881 92.428 92.0806
155.182 154.779 155.252 155.83 155.844 155.369 155.547
76.0039 75.731 76.0872 76.2774 75.976 75.984 76.0647
74.2069 73.8976 74.2636 73.9211 74.0641 74.3021 73.7907
83.1127 83.2366 83.4002 83.142 83.3129 83.2991 83.0347
65.8265 65.9756 66.2188 66.2394 66.2373 66.2625 65.6187
140.776 140.647 140.779 140.951 141.188 140.529 140.479
5.88679 5.92573 5.95983 5.9493 5.92806 5.98372 5.95455
8.15584 7.76201 8.18565 8.24239 8.26233 8.01257 8.05326
4.32724 4.38402 4.30803 4.26655 4.39627 4.41686 4.29741
4.64184 4.6556 4.70583 4.69343 4.66184 4.62025 4.63833
4.4618 4.44034 4.48329 4.46405 4.43543 4.42926 4.43805
4.38042 4.40629 4.3618 4.37273 4.35497 4.32238 4.38645
4.29636 4.24274 4.28095 4.28217 4.22388 4.23474 4.2591
7.86295 7.80546 7.90931 7.96968 7.89613 7.77071 7.76452
92.6608 92.6564 92.3999 92.4567 92.0878 92.3791 92.7021
75.1995 75.9654 75.2546 75.2316 75.554 75.8268 75.2069
74.0067 72.856 74.6089 75.7479 74.6533 73.755 74.5779
83.3149 83.0253 83.1616 83.5995 83.5706 83.2207 83.3375
139.034 137.661 138.547 138.623 138.584 138.361 138.783
5.09018 5.55702 5.08511 4.64073 4.36102 5.06221 5.24477
4.25279 4.20844 4.2225 4.22299 4.15777 4.2022 4.26129
4.41835 4.36544 4.37847 4.38073 4.29012 4.34036 4.32668
4.34925 4.48851 4.46691 4.47999 4.4653 4.50328 4.44086
4.44498 4.51191 4.47855 4.47889 4.48715 4.51 4.43123
7.76587 7.7659 7.88029 7.82631 7.74179 7.77219 7.71584
92.9739 92.8865 93.004 93.0795 92.8664 92.6734 92.9842
75.4818 75.7207 75.4627 75.2751 75.8587 75.4701 75.7255
72.8628 73.7766 73.8756 72.7258 73.0679 73.3245 72.7709
82.5801 83.3919 83.0383 83.0115 83.2821 83.2177 82.8536
103.5 104.43 104.287 103.805 104.094 104.032 103.83
65.2792 65.2821 65.3511 65.1861 65.5014 65.2539 65.2628
141.308 142.29 141.838 141.142 141.713 141.48 141.443
5.50214 5.46715 5.51524 5.55681 5.5805 5.52859 5.5221
4.50838 4.55581 4.54457 4.43963 4.48553 4.61277 4.38383
4.43615 4.39523 4.44286 4.41817 4.43406 4.43301 4.4306
4.50659 4.3995 4.44181 4.36072 4.31751 4.40885 4.35092
5.08042 5.56509 5.5125 5.40029 5.2834 5.26367 5.52176
4.27624 4.01377 4.26776 4.22098 4.3401 4.30727 4.26641
4.21949 4.14068 4.20479 4.24536 4.25378 4.14569 4.19499
7.53141 7.69234 7.7824 7.75445 7.68952 7.62777 7.79961
91.9786 91.769 92.1 91.7981 91.8415 91.8119 91.6997
75.885 76.339 76.0105 76.007 75.8666 76.1718 75.9872
74.3217 75.5558 73.3673 74.4107 74.449 74.2034 73.7381
83.4195 83.7071 82.8596 83.2852 83.4067 83.3009 83.2187
66.139 65.9101 66.8167 66.216 66.1484 65.9893 65.9209
138.674 138.952 137.291 137.869 137.556 137.829 137.143
5.60939 5.74544 5.60645 5.62503 5.64937 5.68051 5.66977
4.44027 4.18905 4.27446 4.36423 4.35399 4.26399 4.28743
4.49936 4.59169 4.48711 4.52111 4.47705 4.47083 4.51309
4.41181 4.43051 4.45024 4.44528 4.48744 4.47224 4.40593
4.2172 4.13276 4.36106 4.24393 4.16817 4.2039 4.12499
4.14469 4.18809 4.21812 4.18296 4.25104 4.26018 4.22713
7.66125 7.55214 7.70777 7.64627 7.53345 7.61954 7.66033
92.0631 91.4699 92.4193 92.1884 92.3367 92.209 92.3991
154.575 153.782 154.172 153.83 154.532 154.492 154.778
75.5746 75.5557 75.5383 75.6758 75.274 75.4866 75.6802
73.9203 74.2212 73.8426 73.5585 73.4747 74.092 73.692
83.0523 83.1214 82.711 82.8301 82.8816 82.9134 82.7529
140.687 140.27 140.04 140.336 140.318 140.682 140.227
5.81836 5.88617 5.85723 5.88273 5.67469 5.87153 5.85427
8.01773 7.36401 8.03989 7.89797 7.86378 7.55544 7.53226
4.44534 4.36838 4.4588 4.38981 4.49191 4.53142 4.44357
4.65413 4.62656 4.62097 4.59734 4.65403 4.61216 4.60702
4.43323 4.45598 4.43905 4.40422 4.42758 4.42582 4.41648
4.40877 4.53483 4.4428 4.44444 4.39126 4.39633 4.37927
7.99271 8.07052 7.88809 7.8789 8.11679 8.04488 7.89975
92.1904 92.3376 92.4476 92.1064 92.3181 92.7208 92.3991
154.791 153.928 154.333 154.973 154.378 153.941 154.155
75.6905 75.2782 74.9623 75.4462 74.799 75.4466 75.2669
73.5944 73.6425 74.1483 74.0144 74.1996 73.5032 73.184
83.1812 83.0916 83.2669 83.4794 83.0461 82.9484 82.979
66.0937 66.2232 66.2928 66.2318 66.2874 66.4818 66.2893
140.489 139.761 140.687 140.826 140.367 140.617 140.384
5.8269 5.80168 5.82316 5.79378 5.86215 5.82972 5.79684
8.11391 7.95119 8.37034 8.58379 7.76496 7.71624 7.77561
4.33899 4.19151 4.35136 4.29726 4.27816 4.37437 4.36872
4.56996 4.52521 4.55818 4.54526 4.61139 4.59804 4.58559
4.42479 4.45211 4.4238 4.47643 4.46869 4.43631 4.43042
4.45061 4.39793 4.45236 4.41621 4.43941 4.37217 4.51822
4.26876 4.27296 4.26142 4.26535 4.29768 4.2839 4.27971
8.00111 7.93615 7.98822 8.09584 7.82051 7.88597 7.90219
92.3476 92.7129 92.6974 92.7951 92.8038 92.4476 92.4799
75.5464 75.1312 75.4318 75.309 75.4035 75.4903 75.6234
72.8328 72.2549 73.5285 73.4397 73.3262 73.4751 73.0661
83.403 82.7327 83.4181 83.1215 83.2003 83.2213 83.3936
104.334 103.775 103.955 103.854 102.757 102.74 103.571
65.5169 65.6513 65.4519 65.9354 65.4958 65.0933 65.378
141.847 141.174 141.204 141.52 141.711 141.854 141.46
5.22275 5.28949 5.37262 5.3424 5.48991 5.5049 5.46754
4.46063 4.45312 4.42283 4.42527 4.40228 4.41424 4.45024
12.7576 13.0667 13.0639 12.8103 12.137 12.4161 12.0984
4.47416 4.47853 4.4142 4.49307 4.48184 4.51422 4.51698
4.3218 4.35523 4.2939 4.28129 4.33668 4.34707 4.33879
5.5217 5.37483 5.39074 5.29105 5.18638 5.13515 5.2691
4.08327 4.06564 4.19 4.06194 4.29377 4.39721 4.38261
4.18097 4.22898 4.20833 4.17553 4.17375 4.21488 4.25025
7.6053 7.53899 7.52792 7.52463 7.84716 7.79224 7.6412
159.599 160.039 161.205 160.478 161.123 161.661 161.328
92.1994 92.655 92.2203 92.3328 91.2526 91.8055 91.4582
153.84 153.445 154.022 153.747 153.767 153.034 153.849
75.3964 75.1266 75.5332 75.4446 75.4957 75.0089 75.0963
74.2582 74.1008 74.2724 74.6392 74.4569 74.2889 74.7557
83.3857 83.1793 83.6374 83.6541 84.1365 83.6635 84.0579
66.1004 66.3389 65.9078 65.8173 65.2685 65.5112 65.4803
141.116 140.505 140.962 141.112 141.125 141.114 141.094
5.87804 5.84575 5.89411 5.86835 5.95693 5.83737 5.91678
7.41178 7.27379 7.46908 7.304 7.38978 7.20113 7.50838
4.24155 4.33223 4.33996 4.18891 4.32493 4.23216 4.32393
4.58024 4.60102 4.47491 4.58315 4.53851 4.54078 4.5524
4.4794 4.4986 4.50131 4.52081 4.4919 4.49403 4.50499
4.36898 4.36991 4.24179 4.30745 4.12608 4.18315 4.13231
4.27823 4.30965 4.27152 4.29165 4.30126 4.2918 4.30128
8.15998 8.16944 8.15316 8.24138 8.33824 8.33551 8.17684
93.7289 93.6179 93.4511 93.4172 93.3386 93.7224 93.5838
75.1063 75.2588 75.1012 74.9695 74.9721 74.7624 75.1247
71.9557 72.0675 73.3628 73.6623 73.6863 72.511 73.2605
82.2818 82.4716 83.1278 83.0162 83.0163 82.4677 82.8264
103.663 103.431 103.502 103.3 103.025 103.698 103.37
65.135 65.1976 64.7578 64.8477 65.7513 65.2429 65.4768
141.481 141.141 140.918 141.493 141.111 141.073 141.211
5.38405 5.42226 5.45005 5.45523 5.46898 5.41356 5.42851
4.21148 4.34742 4.21697 4.25815 4.33893 4.30783 4.30932
12.7274 13.8909 13.7404 13.9338 13.6887 13.6599 13.436
4.39478 4.40341 4.42691 4.39035 4.40689 4.44566 4.45994
4.4021 4.3934 4.41829 4.36291 4.42017 4.39198 4.37192
5.33453 5.36056 5.34387 5.30377 5.13865 5.3086 5.20212
4.17987 4.28158 4.27604 4.31608 4.20708 4.31793 4.24727
4.27541 4.18803 4.20551 4.15467 4.23618 4.27247 4.18202
7.55455 7.6793 7.56283 7.72948 7.53391 7.6957 7.51507
161.35 161.884 162.155 162.364 161.678 162.717 161.161
93.0475 92.5221 93.1584 93.1968 93.3383 93.5627 93.3429
76.1978 76.0149 75.9546 76.2762 75.8546 75.8575 76.2126
72.4995 73.4861 72.9899 73.1176 72.7157 73.2204 72.8892
82.7354 83.3242 82.6252 82.6884 82.6144 82.6341 82.723
97.7002 97.4717 97.4848 97.6224 97.4387 97.4952 97.778
65.446 64.6276 65.4614 65.6166 65.4386 65.6064 65.6486
141.813 141.135 141.86 141.518 141.647 141.195 141.143
5.55215 5.64977 5.57964 5.57643 5.58797 5.53226 5.59499
4.24604 4.45074 4.24425 4.23001 4.31076 4.25909 4.26376
4.47379 4.46306 4.49961 4.51171 4.48238 4.48203 4.48887
4.37944 4.37562 4.35013 4.3584 4.36797 4.36244 4.38692
5.62729 5.62538 5.6254 5.59758 5.64975 5.62678 5.54205
4.1482 4.04774 4.40235 4.25629 4.38518 4.36697 4.40537
4.16088 4.16914 4.25429 4.22469 4.1994 4.19279 4.19753
7.83749 7.82499 7.77789 7.75411 7.79568 7.76193 7.70984
93.0463 92.8607 92.7446 92.7801 93.3728 93.2109 93.1722
75.261 75.3001 75.8368 75.6963 75.3383 74.8233 75.4904
73.499 73.5911 72.625 72.3015 73.1824 73.5266 74.1501
82.1443 82.7081 82.0072 82.2064 82.2346 82.3759 82.6681
66.0898 65.9995 65.8021 65.9039 65.9412 66.0815 66.0898
136.918 136.823 136.281 136.641 135.54 136.863 136.669
12.4697 12.579 12.4998 12.0186 12.7647 11.8991 12.5909
5.64386 5.64859 5.66148 5.67725 5.62265 5.64124 5.63171
4.30529 4.19924 4.23674 4.33235 4.26643 4.23572 4.28667
4.51486 4.49744 4.49528 4.49704 4.49279 4.48135 4.4419
4.50856 4.51254 4.51953 4.50728 4.46174 4.49837 4.50498
4.28663 4.40232 4.41757 4.39792 4.43393 4.33823 4.46079
4.28826 4.30617 4.30443 4.27514 4.31528 4.26018 4.29
7.66271 7.65885 7.61543 7.66738 7.47265 7.68857 7.66459
145.241 146.055 146.55 145.987 146.873 146.268 145.465
93.7446 93.4532 93.1853 93.0883 93.5752 93.7386 93.6377
75.0653 74.933 75.4171 75.6107 75.5576 75.3937 75.5172
72.3835 73.092 72.1661 72.0693 72.2554 72.5217 72.1871
83.1492 83.2079 82.9838 83.1392 82.5525 82.5236 82.4032
103.632 102.471 103.204 104.797 102.648 102.521 102.798
65.0764 64.7314 65.0991 65.3131 64.8146 64.4688 64.9512
141.695 141.889 141.734 142.239 141.822 141.564 142.111
5.5549 5.56382 5.55803 5.58361 5.56986 5.57142 5.56667
4.67406 4.54633 4.61867 4.2896 4.20675 4.18436 4.49076
12.6362 14.2342 13.6296 13.5128 14.228 14.1089 14.1877
4.48927 4.5095 4.50148 4.54323 4.46327 4.48113 4.53689
4.46959 4.39348 4.36236 4.45438 4.4586 4.44752 4.3901
5.03456 4.78738 5.07589 5.23215 5.23098 5.11734 5.14813
4.2866 4.23748 4.36019 4.38058 4.31099 4.32198 4.35161
4.22545 4.22903 4.16832 4.23863 4.20342 4.24162 4.27111
7.70856 7.79985 7.76419 7.72286 7.78469 7.75133 7.79108
164.924 163.786 162.853 164.179 164.303 164.14 163.518
92.3582 92.7301 92.3742 92.5184 92.6321 90.8882 92.84
76.7842 76.8829 76.4999 76.4277 76.9491 76.8344 76.9561
70.5879 71.2062 71.0723 70.2795 70.5138 71.4767 70.4571
81.8844 82.4899 82.5456 81.8392 82.4248 82.7526 82.1351
99.7654 98.8604 99.8703 99.9586 99.0973 99.3247 98.9808
65.598 64.8424 65.6187 65.1899 65.0451 64.7625 65.4599
141.452 141.833 141.993 142.256 142.029 142.373 141.983
5.67443 5.62634 5.59885 5.65726 5.66479 5.90108 5.61581
4.0406 4.09305 4.15079 4.09348 4.0803 4.08296 4.0005
4.33222 4.33093 4.32241 4.31985 4.32686 4.29377 4.31121
4.38384 4.35673 4.22936 4.32136 4.35298 4.36182 4.37877
5.6808 5.59535 5.73739 5.79589 5.71256 5.69078 5.66044
4.60676 4.29845 4.63691 4.57479 4.32658 4.09368 4.39544
4.16411 4.14506 4.15233 4.17183 4.16653 4.0591 4.18755
7.76678 7.81883 7.81589 7.82115 7.77099 7.72745 7.82875
