91.8026 91.7584 91.7807 91.8202 91.7683 92.0725 92.1647 92.1484 92.0904 91.7607 91.7452 91.7628 91.8084 91.7239 91.7968 91.742 91.6913 91.5389 91.7718 91.6428 91.6663 91.6081 91.738 91.7996 91.7781 91.7734 91.7087 91.8353 91.64 91.7461
75.6911 75.5691 75.7714 75.6068 75.5891 75.4889 75.3189 75.326 75.2573 75.4835 75.3964 75.4616 75.3752 75.5487 75.4351 75.495 75.5629 75.5449 75.3989 75.659 75.5005 75.6145 75.4522 75.4122 75.4 75.4652 75.5136 75.3945 75.6513 75.5207
72.8865 73.6685 72.6617 73.1827 73.6651 73.2032 73.3438 73.0482 72.6906 74.156 74.0122 74.2042 73.9289 74.0586 73.794 74.1219 74.4342 74.4379 74.0999 74.1872 74.1584 74.1901 74.0527 74.4362 74.0289 73.9968 74.3642 73.9409 74.4705 74.2649
83.2183 83.5234 83.2352 83.3368 83.471 83.1346 83.1745 83.1027 83.0547 83.4841 83.5226 83.5404 83.3945 83.4775 83.4011 83.4681 83.5875 83.6 83.4461 83.6274 83.4667 83.4967 83.4753 83.6308 83.4147 83.4294 83.5553 83.4101 83.7212 83.577
66.4639 66.4539 66.4227 66.4788 66.4959 66.5853 66.4395 66.4515 66.4098 65.9178 65.9547 65.9109 65.9151 65.8556 65.8572 65.9618 65.9977 65.9121 66.0064 65.8042 66.0312 65.9576 65.9186 65.9292 65.9715 65.8862 66.0487 66.0288 65.9493 65.8017
138.699 139.641 138.761 139.117 139.423 138.466 138.627 138.284 137.877 138.885 138.851 139.072 138.662 138.813 138.675 138.771 139.013 139.178 138.617 139.066 138.65 138.677 138.747 139.199 138.666 138.824 138.823 138.585 139.332 139.106
5.68522 5.7039 5.6911 5.68659 5.69606 5.64247 5.63235 5.62321 5.60552 5.82677 5.83464 5.83166 5.82931 5.82181 5.8386 5.82255 5.8314 5.83729 5.81701 5.83109 5.813 5.82176 5.82018 5.83904 5.81924 5.82757 5.82932 5.82104 5.87951 5.85737
4.58834 4.58598 4.57742 4.59392 4.59485 4.49196 4.43715 4.42446 4.42848 4.67681 4.68218 4.68479 4.67562 4.68449 4.63523 4.67593 4.69369 4.68071 4.6765 4.71075 4.67074 4.69667 4.67958 4.72236 4.67887 4.66397 4.6963 4.67887 4.68078 4.61451
4.5313 4.5313 4.56936 4.56936 4.54067 4.54067 4.54187 4.54187 4.56599 4.56599 4.48883 4.48883 4.48581 4.48581 4.46126 4.46126 4.44102 4.44102 4.60286 4.60286 4.60676 4.60676 4.62479 4.62479 4.6149 4.6149 4.65763 4.65763 4.59742 4.59742
4.61569 4.61569 4.66982 4.66982 4.68696 4.68696 4.58969 4.58969 4.68483 4.68483 4.59324 4.59324 4.65092 4.65092 4.60986 4.60986 4.64922 4.64922 4.60387 4.60387 4.6088 4.6088 4.65717 4.65717 4.58621 4.58621 4.60694 4.60694 4.64633 4.64633
4.43274 4.43274 4.42318 4.42318 4.43161 4.43161 4.43144 4.43144 4.42502 4.42502 4.4142 4.4142 4.40857 4.40857 4.40499 4.40499 4.39736 4.39736 4.46747 4.46747 4.45762 4.45762 4.46859 4.46859 4.47853 4.47853 4.4589 4.4589 4.46351 4.46351
4.46671 4.46671 4.46148 4.46148 4.47761 4.47761 4.47383 4.47383 4.44941 4.44941 4.47829 4.47829 4.4757 4.4757 4.46516 4.46516 4.45299 4.45299 4.47446 4.47446 4.47125 4.47125 4.46795 4.46795 4.46918 4.46918 4.45433 4.45433 4.46358 4.46358
4.24801 4.23485 4.24054 4.23883 4.24848 4.2178 4.22534 4.22465 4.22278 4.68675 4.67893 4.68434 4.68497 4.68787 4.68522 4.6861 4.68667 4.67339 4.68393 4.67718 4.68404 4.67821 4.68803 4.69223 4.68393 4.68976 4.67964 4.6997 4.67802 4.67993
4.19131 4.17741 4.18262 4.1825 4.20262 4.19835 4.19393 4.20956 4.17963 4.2632 4.26839 4.26432 4.2733 4.26106 4.27347 4.26839 4.25965 4.25877 4.26497 4.24392 4.26672 4.26333 4.26354 4.25517 4.27135 4.26957 4.26763 4.26668 4.25726 4.26238
7.92201 7.90741 7.92311 7.91216 7.90267 7.82526 7.77897 7.79738 7.74877 8.01714 8.00786 8.01612 8.1233 8.13835 8.05257 8.04437 8.12268 8.22131 8.05307 8.11379 8.05792 8.21792 8.05699 8.0167 8.06525 8.0334 8.12187 8.02309 7.97484 8.0061
92.2371 92.2607 92.0265 92.3843 92.3353 92.6725 92.7421 92.7457 92.5981 92.2795 92.2687 92.4932 92.3658 92.1617 92.2326 92.1775 92.1106 92.0238 92.2935 92.0033 92.1938 92.0479 92.2423 92.4945 92.2348 92.1922 92.1022 92.3755 92.1677 91.9514
153.339 153.3 153.206 153.312 153.176 153.381 153.596 153.541 153.731 153.118 152.814 152.805 152.707 152.991 152.781 153.125 153.58 152.895 152.998 153.053 153.136 152.995 153.002 153.31 153.203 153.104 152.854 153.005 152.939 153.167
75.6936 75.7687 75.6175 75.7656 75.7869 75.4974 75.4719 75.4785 75.6161 75.7537 75.6237 75.5774 75.5974 75.6153 75.6474 75.6973 75.9376 75.6745 75.5681 75.6803 75.6008 75.7966 75.5686 75.7329 75.8274 75.6738 75.6074 75.8954 75.833 75.8582
73.5814 73.5351 73.6772 73.565 73.5838 73.8011 73.2974 73.3956 73.3124 73.5442 73.6634 73.3912 73.6587 73.3437 73.7902 73.5152 73.551 74.01 73.685 73.3719 73.4323 73.6994 73.6569 73.5022 73.6655 73.4781 73.8052 73.7328 73.3832 73.4074
82.8707 82.8857 83.0022 82.8528 82.8802 82.7934 82.7456 82.7916 82.7881 82.7485 82.8111 82.75 82.7714 82.757 82.8256 82.7566 82.845 82.9906 82.8025 82.7913 82.7659 82.8371 82.8342 82.616 82.7527 82.7049 82.8553 82.7394 82.8061 82.7356
65.764 65.8603 65.8241 65.8024 65.8537 65.9939 65.7402 65.8223 65.7198 65.7898 65.8523 65.8039 65.8786 65.6079 65.8499 65.7496 65.7911 65.9655 65.8526 65.6876 65.8493 65.8202 65.8354 65.8707 65.7297 65.6808 66.0155 65.7446 65.8685 65.8577
140.341 140.5 140.2 140.442 140.481 140.233 139.927 139.816 139.74 139.733 139.853 139.869 139.698 139.672 139.97 139.733 139.828 139.893 139.686 139.626 139.691 139.583 139.732 139.646 139.771 139.836 139.598 139.755 140.026 139.995
6.05095 6.04847 6.06328 6.05715 6.05771 5.9965 5.99139 5.98403 5.98829 6.49098 6.49278 6.49459 6.50734 6.48747 6.48984 6.477 6.49517 6.49368 6.47833 6.48905 6.47803 6.48637 6.47946 6.49883 6.47136 6.48816 6.48485 6.49676 6.50202 6.49279
7.59516 7.64342 7.58154 7.62532 7.59611 7.52314 7.55403 7.68639 7.69182 7.11581 7.04847 7.06008 7.05143 7.06904 7.06755 7.12437 7.21022 7.08984 7.09134 7.12096 7.13585 7.13546 7.12147 7.12103 7.14637 7.09071 7.12737 6.98449 7.15739 7.08543
4.61989 4.63774 4.60544 4.64349 4.65178 4.61354 4.5129 4.34568 4.26752 4.71319 4.73313 4.76771 4.74026 4.72176 4.72026 4.69657 4.65026 4.70071 4.73332 4.70786 4.76593 4.65719 4.74774 4.70162 4.67639 4.72032 4.74129 4.65921 4.67768 4.67163
4.67397 4.68987 4.66709 4.6926 4.69763 4.66345 4.64799 4.64829 4.63846 4.86337 4.86203 4.85682 4.85183 4.82375 4.85277 4.85784 4.87508 4.85857 4.84722 4.84292 4.84292 4.84896 4.848 4.87448 4.84358 4.86223 4.85071 4.81917 4.83248 4.80092
4.50374 4.50142 4.51134 4.50243 4.50369 4.47725 4.48185 4.47555 4.47181 4.60538 4.60268 4.60598 4.59935 4.59151 4.60737 4.60111 4.60404 4.61294 4.59475 4.61428 4.60327 4.61602 4.59907 4.617 4.60218 4.609 4.61224 4.59107 4.60628 4.60302
4.48362 4.48893 4.49526 4.48007 4.48858 4.3941 4.44801 4.42895 4.41874 4.64723 4.62433 4.63524 4.59689 4.7029 4.60966 4.65509 4.67261 4.60122 4.63518 4.71411 4.64896 4.6511 4.67028 4.6649 4.63507 4.633 4.64666 4.61201 4.61223 4.70616
4.28508 4.28702 4.28547 4.2882 4.29285 4.25105 4.23777 4.23863 4.23592 4.47283 4.46957 4.47445 4.4677 4.45963 4.46667 4.47863 4.48456 4.46886 4.4606 4.46324 4.45937 4.47865 4.46627 4.47798 4.47465 4.47893 4.4821 4.45971 4.47011 4.41601
8.00845 7.93714 7.98649 7.98 7.97276 7.97349 7.88526 7.92145 7.88639 7.71059 7.71911 7.69305 7.69967 7.67826 7.81739 7.71889 7.77154 7.74069 7.72299 7.6824 7.68449 7.64746 7.73684 7.70987 7.71822 7.70137 7.67028 7.70586 7.75708 7.82355
92.4864 92.5373 92.4611 92.4416 92.5013 93.0682 92.9164 92.8737 92.8917 92.6702 92.8406 92.773 92.9702 92.7114 92.6612 92.7125 92.7272 92.6028 92.6684 92.651 92.7232 92.6409 92.6527 92.7254 92.5241 92.6411 92.7027 92.6293 92.4964 92.5346
75.264 75.2029 75.4049 75.1534 74.9345 75.1613 75.5089 75.5928 75.3831 75.4404 75.2432 75.2908 75.2545 75.3162 75.1965 75.4695 75.3593 75.3201 75.3327 75.3344 75.2974 75.3587 75.22 75.4189 75.3993 75.2139 75.4436 75.1088 75.4898 75.2653
73.2565 73.2423 73.4173 73.5734 73.6909 73.3422 73.0671 73.004 72.9351 73.0688 73.1724 73.587 73.1931 73.3929 73.398 73.486 73.6661 73.3941 72.9498 73.148 73.2952 73.6693 73.4721 73.2326 74.2202 73.0397 73.4364 74.2656 73.1786 73.2043
82.7663 82.764 82.8355 82.833 82.8578 82.3927 82.4049 82.329 82.2477 82.485 82.4628 82.6858 82.4508 82.7205 82.5899 82.6388 82.7775 82.578 82.4732 82.6341 82.6922 82.6678 82.6394 82.7006 82.9798 82.5141 82.5885 82.9846 82.7 82.6358
65.9593 65.9566 65.9829 65.9317 65.992 66.2566 66.2534 66.2157 66.234 66.0411 66.1549 66.1495 66.2836 65.9962 66.1423 66.1807 66.3545 66.0857 66.1099 65.9432 66.0674 66.1751 66.175 65.9943 66.2567 66.1171 66.3029 66.1176 65.9441 65.7349
136.708 136.872 137.798 136.846 137.142 136.144 135.792 135.942 136.192 136.023 136.178 136.069 135.74 135.983 135.824 136.278 137.283 135.964 135.794 136.085 136.081 136.53 135.892 136.318 137.05 136.11 136.094 137.002 136.216 136.211
12.7665 12.8022 12.872 12.7475 12.7989 12.9676 12.9643 13.0243 13.1001 13.0531 13.0944 13.0894 13.1206 13.0867 13.131 13.0968 13.0493 13.1256 13.1418 13.161 13.0867 13.126 13.0574 13.0841 13.0312 13.0806 13.1212 13.1745 13.2805 13.1857
5.6256 5.61363 5.63784 5.60774 5.59881 5.56524 5.55139 5.5595 5.51637 5.79001 5.78685 5.78962 5.79069 5.78966 5.7888 5.78491 5.69119 5.79166 5.7738 5.80861 5.7747 5.77389 5.76454 5.81159 5.78351 5.79536 5.79182 5.78473 5.82291 5.79841
4.56448 4.5948 4.55086 4.54464 4.56712 4.24364 4.25093 4.23159 4.24956 4.563 4.6516 4.59343 4.5933 4.60637 4.63038 4.57984 4.6002 4.59507 4.65475 4.58887 4.61062 4.61308 4.6019 4.59458 4.63751 4.61692 4.5759 4.71284 4.60666 4.6207
4.49349 4.49778 4.52618 4.50143 4.5003 4.49105 4.453 4.43929 4.45713 4.45461 4.47842 4.54921 4.48329 4.45843 4.51389 4.49592 4.50109 4.52558 4.40165 4.51554 4.48479 4.53387 4.47556 4.52081 4.56213 4.51394 4.51159 4.50325 4.50775 4.52545
4.478 4.4783 4.47913 4.47376 4.47295 4.47247 4.45735 4.44779 4.43515 4.50149 4.48518 4.5054 4.50267 4.48177 4.50929 4.4941 4.50088 4.51142 4.48367 4.50067 4.48199 4.50607 4.49117 4.50298 4.50152 4.4993 4.51102 4.47663 4.51396 4.49966
4.45147 4.4468 4.43854 4.46802 4.43952 4.29871 4.34924 4.31822 4.20129 4.62295 4.49498 4.63122 4.50458 4.60779 4.57094 4.65515 4.81849 4.58007 4.50879 4.6411 4.51007 4.69576 4.54538 4.71052 4.70428 4.5469 4.51363 4.67835 4.72299 4.66732
4.22696 4.23285 4.23518 4.22068 4.22811 4.20972 4.2131 4.19101 4.1887 4.29924 4.29907 4.3039 4.30134 4.27237 4.30667 4.32348 4.37346 4.30162 4.25564 4.30437 4.27029 4.34057 4.28862 4.29941 4.35039 4.31224 4.30197 4.29349 4.29645 4.28655
7.3982 7.39462 7.4921 7.38444 7.38199 7.39767 7.33799 7.26314 7.37593 7.38789 7.35671 7.25104 7.33591 7.35422 7.34757 7.45305 7.71773 7.3429 7.35517 7.3532 7.38012 7.44762 7.36776 7.33748 7.44443 7.37725 7.37449 7.38456 7.31345 7.27538
147.686 148.099 147.765 147.983 147.916 148.207 148.351 148.374 148.323 148.318 148.416 148.347 148.729 148.354 148.466 148.434 148.247 148.719 148.359 148.472 148.445 148.384 148.423 148.252 148.319 148.227 148.325 148.224 148.461 148.525
93.8088 93.8347 93.8412 93.7975 93.8414 94.0165 93.6945 93.5701 93.4105 93.651 93.9422 93.8946 93.8294 93.4509 93.7198 93.6821 93.8843 93.1117 93.7466 93.8458 93.8681 93.7038 93.4225 93.6739 93.4453 93.7019 93.6977 93.6261 93.306 93.7545
75.6525 75.7109 75.8801 75.6576 75.7892 75.5134 75.3959 75.4196 75.5433 75.5888 76.1087 75.6692 75.9961 75.9535 75.5707 75.5786 75.8811 76.3652 75.9283 75.6624 75.8324 76.1325 75.7532 75.9437 75.6776 75.823 75.6174 76.0163 75.8689 75.5967
72.5494 72.6491 72.4023 72.5383 72.5012 72.7546 72.8633 72.9452 72.973 72.2639 71.7545 72.2123 72.1974 71.6839 72.5269 72.3865 71.584 73.4275 71.9833 71.9097 71.9082 72.4028 72.6674 71.8231 72.1849 71.8179 72.311 72.2277 72.5587 72.2251
82.7161 82.5704 82.4404 82.692 82.7093 82.4013 82.6778 82.5858 82.6436 82.632 82.274 82.4805 82.4369 82.5658 82.5859 82.5697 82.3576 82.7205 82.4523 82.4777 82.3351 82.3601 82.6871 82.4891 82.6127 82.4649 82.3993 82.3993 82.5567 82.5139
96.6162 97.0696 99.5785 96.668 96.3343 97.0732 97.3435 97.7254 96.9861 96.4882 98.2139 96.7668 96.231 96.5939 96.4498 96.7277 96.2353 96.7194 98.1184 96.5172 96.9982 96.6497 96.4275 98.1376 96.486 97.0597 97.3945 97.7116 97.0255 96.7694
65.215 65.2112 65.3819 65.2415 65.306 65.1211 65.1756 65.053 65.0802 65.135 65.2346 65.2254 65.2091 65.1887 65.3489 65.1594 65.2037 65.0872 65.3218 65.2058 65.1798 65.2001 65.3759 65.0037 65.2776 65.3279 65.2048 65.4161 65.4897 65.1733
140.451 140.464 140.37 140.565 140.565 140.007 140.459 140.489 140.119 140.539 140.902 140.76 141.07 140.189 140.564 140.622 140.305 141.279 141.223 140.509 140.164 141.161 140.427 140.988 141.123 140.995 140.193 141.242 141.14 140.48
5.59997 5.60184 5.58399 5.60357 5.59642 5.58549 5.57385 5.57701 5.58331 5.63538 5.65222 5.66815 5.66618 5.63859 5.64212 5.64422 5.66645 5.62983 5.65501 5.6642 5.66817 5.65684 5.62123 5.63861 5.58679 5.63576 5.66526 5.68137 5.69016 5.6581
4.52896 4.4873 4.45108 4.50808 4.48247 4.50964 4.48433 4.49453 4.25424 4.55093 4.45602 4.53027 4.35928 4.41732 4.55327 4.55031 4.53431 4.27454 4.50735 4.57219 4.53672 4.37475 4.4771 4.50321 4.4865 4.53353 4.57198 4.54545 4.65128 4.52201
4.4523 4.45191 4.40534 4.45954 4.45571 4.47738 4.44841 4.44934 4.45425 4.48585 4.46177 4.5114 4.49611 4.46957 4.48652 4.48915 4.49756 4.48823 4.49157 4.51044 4.51239 4.4923 4.47736 4.33634 4.49082 4.50345 4.51636 4.54727 4.59203 4.49375
4.341 4.33801 4.27147 4.33895 4.33731 4.32946 4.34201 4.33972 4.35292 4.40148 4.37303 4.4044 4.39836 4.39683 4.40235 4.40426 4.41437 4.38815 4.36648 4.40653 4.40163 4.40672 4.38498 4.35548 4.41434 4.40198 4.41359 4.39323 4.41406 4.40235
5.23549 5.31079 5.27236 5.18013 5.22479 5.26812 5.29544 5.32853 5.28634 5.04207 5.22735 5.08119 5.14725 4.8865 5.12332 5.13221 4.98622 5.19711 5.29677 5.04059 5.00998 5.20653 5.03682 5.23092 5.17259 5.14503 5.13715 5.15373 5.16685 5.11328
4.38635 4.40305 4.51338 4.33222 4.38203 4.33791 4.37093 4.36806 4.43855 4.52996 4.55007 4.47088 4.47501 4.5671 4.47863 4.52057 4.5356 4.45332 4.46953 4.48427 4.50412 4.43921 4.43546 4.65042 4.56085 4.58318 4.46065 4.51872 4.5543 4.46214
4.1698 4.15992 4.29968 4.17517 4.16982 4.13574 4.14981 4.15375 4.15552 4.50923 4.53578 4.53622 4.55488 4.49793 4.51173 4.51888 4.5059 4.47844 4.58779 4.53354 4.51318 4.54585 4.52259 4.47312 4.49293 4.51151 4.54138 4.58093 4.51703 4.5131
7.53773 7.54214 7.56108 7.54743 7.55642 7.47784 7.51732 7.51917 7.51265 7.55667 7.59458 7.56117 7.61949 7.50747 7.58119 7.57323 7.5374 7.64559 7.60055 7.5545 7.4784 7.67762 7.54123 7.53254 7.611 7.59233 7.51315 7.62162 7.55833 7.55593
92.0967 91.9895 91.8903 91.9632 91.846 92.4215 92.1326 92.23 92.2897 92.4226 91.7355 92.6699 92.3485 92.1514 92.3898 92.4658 92.4241 91.5379 92.1766 92.6744 92.3007 91.951 89.853 92.3542 91.3037 92.2745 92.2609 91.8677 91.9095 92.6854
76.4318 76.464 76.5927 76.5884 76.4184 76.3274 76.3184 75.9831 76.0128 75.861 75.7816 75.8648 74.2379 75.7934 75.6461 75.7416 76.3773 75.803 75.3747 75.7117 75.2958 75.8166 75.0398 76.4979 75.6299 75.6481 75.2921 75.5972 75.4145 76.0134
74.1982 74.3313 74.2088 74.0983 74.3245 74.2186 74.3531 74.6857 74.8219 74.0217 75.6906 74.0928 76.8155 74.623 74.3467 73.7262 74.0416 73.709 73.3574 73.7075 73.4699 74.5514 75.167 74.2318 73.8061 73.8172 73.9927 74.1241 73.3516 73.5349
83.251 83.2385 83.0331 83.3035 83.4881 82.8141 83.0972 83.163 82.9618 82.6482 83.8333 82.9411 83.936 82.899 82.9086 82.528 82.2803 83.5817 82.1481 82.3592 82.0305 83.4275 83.2642 82.5126 83.3465 82.8038 82.4295 82.7577 81.8177 82.4106
65.8053 65.8107 65.5941 65.7876 65.717 65.8692 66.1512 66.1741 66.314 65.9653 66.0745 66.1736 65.8891 67.1522 66.0854 66.0213 65.8214 65.8052 65.7093 66.164 65.8146 65.9652 66.182 65.3963 65.9833 65.7473 65.9534 65.6455 66.0429 65.9757
137.271 137.356 137.027 137.534 137.204 136.957 136.842 137.183 136.856 135.925 137.6 136.498 137.573 136.212 135.541 135.448 135.35 138.173 137.824 136.132 136.143 137.588 137.047 135.696 135.53 136.535 136.208 138.027 137.196 135.965
5.58013 5.60319 5.69784 5.61787 5.59041 5.76215 5.79932 5.81337 5.78459 5.78032 5.82664 5.84934 5.67196 5.68929 5.74579 5.72008 5.70744 5.76047 5.64153 5.84282 5.65618 5.82574 5.8045 5.8797 5.81089 5.88496 5.73539 5.67431 5.65431 5.78505
4.36029 4.344 4.35847 4.39394 4.33105 4.16875 4.16536 4.19644 4.20533 4.41891 4.7471 4.644 5.16117 4.34833 4.29943 4.49148 4.28454 4.61092 4.41015 4.50703 4.39487 4.73845 4.50936 4.7108 4.64183 4.50795 4.48975 4.46072 4.65967 4.41053
4.53262 4.54219 4.53139 4.54209 4.52191 4.51476 4.46259 4.48455 4.5062 4.5584 4.67789 4.63997 4.63514 4.56409 4.48952 4.52622 4.57704 4.57482 4.57729 4.60611 4.57971 4.67997 4.5926 5.11509 4.58081 4.6339 4.5703 4.60633 4.56397 4.56155
4.40839 4.41273 4.42992 4.42275 4.40475 4.43645 4.40214 4.40579 4.37661 4.47172 4.44192 4.44265 4.39339 4.3486 4.44072 4.46126 4.47104 4.44356 4.4475 4.47544 4.45862 4.44553 4.39948 4.40938 4.4671 4.47888 4.47732 4.4145 4.46433 4.48027
4.25122 4.22527 4.33751 4.28472 4.36687 4.31055 4.35983 4.35315 4.27037 4.53561 4.55192 4.58715 4.62744 4.46144 4.58363 4.51282 4.53798 4.5768 4.39256 4.53393 4.43949 4.56602 4.42163 4.62732 4.78421 4.76283 4.44012 4.28677 4.18026 4.4747
4.16999 4.17022 4.16954 4.17903 4.16913 4.18159 4.15829 4.15134 4.12618 4.25829 4.2527 4.29462 4.26722 4.25854 4.24622 4.2641 4.27151 4.33406 4.29765 4.31693 4.30031 4.28463 4.3066 4.30263 4.27552 4.30275 4.2943 4.2689 4.34045 4.29857
7.67459 7.66111 7.63796 7.73339 7.68595 7.62528 7.65251 7.61281 7.63533 7.61297 7.76685 7.53984 7.97924 7.77019 7.59505 7.59446 7.70767 7.94096 8.22453 7.61503 7.81624 7.74468 7.70817 7.22187 7.5032 7.5855 7.74569 8.08822 7.99286 7.64742
91.312 91.3749 91.3393 91.3594 91.3097 91.3888 91.294 91.3276 91.2955 91.231 90.7547 91.5919 91.0187 90.7874 91.4608 91.1434 91.1386 91.6831 91.4448 91.4541 91.1881 91.4246 91.5145 90.2571 91.775 90.9099 91.3496 91.1743 92.0061 91.0627
153.816 153.833 153.81 153.635 153.795 153.986 153.717 153.701 153.904 154.294 153.038 152.958 152.564 154.321 153.429 153.86 154.257 154.919 155.594 155.516 154.885 155.587 153.232 154.608 154.271 154.549 154.523 154.827 155.65 153.737
75.3807 75.3283 75.3484 75.273 75.3404 75.7184 75.6378 75.674 75.6646 75.8476 75.3358 75.8166 76.0782 75.7785 75.6407 75.7232 75.7796 75.5782 75.3688 75.9704 75.8346 75.6726 75.689 76.0552 75.5978 75.9099 75.6969 75.6895 74.935 75.619
74.1305 74.1581 74.1203 74.1215 74.1928 73.5779 73.5487 73.5197 73.5411 74.0276 75.9717 74.1951 75.7788 73.4705 73.9692 74.1738 74.0568 73.8479 74.4055 73.5881 74.5033 74.1658 74.1125 76.6513 74.0982 74.5002 74.6344 73.7814 74.1809 74.5681
83.4986 83.5163 83.4978 83.4495 83.5117 83.4364 83.4132 83.2929 83.3239 83.726 84.2189 83.6233 83.9388 83.3039 83.4326 83.7409 83.5759 83.3479 83.7891 83.1085 83.9073 83.3561 83.4568 84.2695 83.3159 83.8436 83.7958 83.8352 83.5956 84.0512
65.9765 65.9652 65.9352 65.9671 65.9348 65.6361 65.43 65.4332 65.3601 65.6084 66.1316 65.8818 65.9088 64.9969 65.2636 65.3842 65.8512 65.7097 67.5554 65.8804 65.7345 66.124 65.2883 68.6162 65.8348 65.6896 65.7571 65.92 68.0554 65.8683
141.46 141.49 141.426 141.591 141.403 140.81 140.376 140.261 140.266 141.157 140.267 140.031 141.337 140.696 141.156 140.519 141.544 139.453 140.255 140.068 140.838 139.395 141.319 142.856 139.67 141.488 140.487 141.708 139.785 141.035
5.86003 5.8431 5.84791 5.85788 5.84844 5.80437 5.84268 5.81521 5.83725 6.30413 5.93477 6.40646 6.35631 6.22883 6.24503 6.12461 6.35096 6.34105 5.9987 6.4038 6.37851 6.4344 6.28288 6.37208 6.34003 6.34588 6.28453 6.44001 5.53106 6.13239
7.42371 7.42995 7.42441 7.28605 7.38264 7.49259 7.43698 7.38011 7.4703 7.24252 7.10672 7.09306 7.42901 7.25353 6.93627 7.15635 7.38172 7.13549 7.86008 7.66187 7.44184 7.44635 6.9098 7.61272 7.213 7.40283 7.21419 7.33781 8.42681 6.94216
4.56033 4.58273 4.57869 4.56479 4.56787 4.40845 4.41517 4.4121 4.37776 4.61436 4.65235 4.66633 4.68487 4.55349 4.65959 4.54406 4.61568 4.67958 4.47286 4.68981 4.60409 4.50552 4.64333 4.72047 4.66185 4.64851 4.68208 4.6195 4.50794 4.57518
4.66682 4.67111 4.66852 4.67141 4.66483 4.57403 4.57505 4.57223 4.56752 4.8187 4.92497 4.83962 4.74317 4.83212 4.81872 4.82241 4.87175 4.80023 4.6877 4.8755 4.82481 4.65163 4.83279 4.98198 4.83642 4.86557 4.82678 4.81599 4.69131 4.85821
4.45348 4.45194 4.4516 4.45395 4.45199 4.42935 4.42796 4.43482 4.42066 4.53985 4.42941 4.51081 4.46964 4.61313 4.55904 4.54172 4.5464 4.53836 4.16188 4.58609 4.54137 4.5275 4.54982 4.59133 4.53294 4.58006 4.5208 4.53151 4.49435 4.53373
4.43284 4.43754 4.44055 4.43938 4.44519 4.36689 4.43885 4.40045 4.39732 4.48122 4.7115 4.50081 4.50307 4.34706 4.63427 4.56293 4.59993 4.64762 4.60105 4.77709 4.51967 4.60065 4.6237 4.5414 4.60666 4.61527 4.61368 4.50144 4.57992 4.52259
4.21596 4.2165 4.21281 4.22296 4.21205 4.13991 4.10872 4.11049 4.11087 4.38334 4.3381 4.39877 4.24829 4.07257 4.35841 4.34958 4.39707 4.40903 4.41527 4.4294 4.34489 4.33472 4.44555 4.49007 4.42366 4.34635 4.25247 4.36919 4.45189 4.29138
8.05864 8.06997 8.06826 8.12297 8.04537 7.77775 7.89688 7.81218 7.84172 8.0015 8.00536 7.74296 7.8754 8.00319 7.88552 7.76458 8.23976 7.73957 7.94393 7.96641 8.02419 7.65793 8.21514 8.188 7.74198 8.17834 7.95584 8.37774 7.65863 7.96149
92.3846 92.3936 92.3889 92.505 92.2843 92.1495 92.1965 92.1017 92.1178 91.7169 91.5803 91.8506 90.5763 91.8739 92.2451 92.0552 91.478 92.2534 91.5069 91.557 91.4642 91.6192 91.8819 90.5058 91.7353 91.5227 91.8092 91.6106 91.9675 90.4319
154.864 154.786 154.842 154.881 154.78 155.357 155.322 155.358 155.352 154.398 155.114 153.866 155.222 155.16 154.665 154.828 153.852 154.681 155.265 154.477 155.346 154.549 154.088 155.544 154.286 154.122 154.557 155.231 155.261 154.871
75.8933 75.8763 75.881 75.8513 75.825 76.0516 75.9967 76.0058 76.1262 75.6328 75.816 75.7914 76.657 76.1219 75.6246 75.8789 75.695 75.8901 75.9337 75.768 76.0332 76.0579 75.5211 76.1122 75.7149 75.6445 76.0217 76.1195 75.7471 75.8641
73.1139 73.1696 73.09 73.119 73.3158 73.3167 73.1664 73.112 73.3447 73.5257 73.6 73.7777 75.1685 73.4982 73.4758 73.4261 74.0478 74.0085 74.3121 73.7303 73.8991 73.9706 73.9853 76.2547 74.3331 73.8853 74.3431 74.5923 74.419 76.1399
83.0214 83.0177 83.0205 83.0064 83.0478 82.9404 82.9192 82.9173 82.9228 83.13 83.5512 83.2349 83.9656 83.104 83.066 83.1253 83.2892 83.1346 83.315 82.9844 83.0531 83.265 83.2248 84.0926 83.2546 83.2812 83.2473 83.0813 83.3635 84.5212
66.222 66.2834 66.2633 66.3175 66.1981 65.836 65.9839 65.9925 66.0188 65.6966 65.9231 66.0684 66.3948 66.2941 66.0951 65.8966 66.2107 66.3384 67.3764 66.6056 65.9271 65.7598 66.0161 67.0933 66.1481 65.6708 66.16 66.353 68.727 67.6181
139.213 139.297 139.273 139.075 139.12 140.905 140.297 140.287 140.441 139.661 140.96 140.215 142.362 139.98 139.919 140.591 140.294 140.029 140.479 140.031 140.203 140.697 139.921 142.045 139.616 139.757 139.958 140.348 140.436 141.567
5.8559 5.85421 5.85539 5.85459 5.84903 5.87894 5.85362 5.84926 5.85393 6.30465 6.38469 6.35036 6.43216 6.29918 6.3531 6.37228 6.30257 6.29763 6.30727 5.87276 6.2508 6.39492 6.33484 6.4605 6.32308 6.31778 6.26501 6.22929 6.22204 6.28287
8.03946 8.02809 8.03327 8.04721 8.00905 8.18284 8.1819 8.15674 8.16273 7.60396 7.54788 6.99365 7.56546 7.71653 7.5832 7.55381 7.42545 7.09441 7.81421 7.25199 7.57772 7.4157 7.39995 8.3575 7.21553 7.45772 7.40584 7.63449 7.53797 7.26977
4.66196 4.67241 4.66652 4.6822 4.65917 4.28038 4.27952 4.28736 4.26226 4.80791 4.67414 4.75188 4.57485 4.56168 4.81752 4.80184 4.72512 4.72601 4.68284 4.70768 4.69556 4.63023 4.76417 4.61366 4.69796 4.76336 4.67797 4.53469 4.77354 4.71488
4.63185 4.64267 4.63991 4.62752 4.64345 4.59345 4.57142 4.54804 4.57573 4.79573 4.75479 4.74426 4.69578 4.71794 4.82332 4.8714 4.79675 4.8 4.93736 4.73955 4.8258 4.75152 4.76224 5.00444 4.77761 4.77682 4.79821 4.74991 4.9246 4.88264
4.45926 4.46 4.45859 4.45667 4.45912 4.45029 4.46071 4.44743 4.44348 4.57049 4.5795 4.56047 4.65604 4.57356 4.57755 4.58757 4.57929 4.54955 4.58062 4.54011 4.5691 4.58556 4.57806 4.5981 4.57074 4.5716 4.54964 4.56268 4.5705 4.73447
4.37754 4.36231 4.36756 4.35655 4.37812 4.42719 4.3305 4.3537 4.36268 4.65242 4.63214 4.5751 4.5955 4.57103 4.46177 4.59273 4.6432 4.26449 4.6774 4.16672 4.50068 4.65373 4.3445 4.58438 4.41521 4.63005 4.43983 4.51098 4.6359 4.45046
4.23721 4.23817 4.239 4.23473 4.23151 4.2312 4.22041 4.21282 4.22005 4.42157 4.40601 4.40019 4.37108 4.4697 4.42387 4.43093 4.36702 4.40257 4.4073 4.42484 4.4128 4.41443 4.38782 4.46472 4.40287 4.39112 4.38678 4.40659 4.40557 4.42115
7.81192 7.82091 7.80731 7.78631 7.81311 8.20328 8.1107 7.99212 8.0768 7.62402 7.56302 7.67336 8.00717 7.5182 7.80862 7.99153 7.89013 7.73316 7.9767 7.83018 7.69526 7.77889 7.67952 8.419 7.65226 7.54879 7.66884 7.49606 7.56393 8.05583
91.5494 91.5952 91.5538 91.5636 91.6893 91.7556 91.7248 91.7457 91.7298 91.8634 91.7105 92.1433 91.3335 91.5721 91.8456 91.74 91.7762 91.8343 91.8478 91.8119 91.9201 91.8141 91.9691 91.7311 91.8402 91.8575 91.7371 91.7216 91.7852 92.1244
75.6988 75.6912 75.6521 75.68 75.5267 75.0928 75.1286 75.1467 75.1743 75.5265 75.5346 75.4168 75.4062 75.494 75.6451 75.5411 75.5723 75.4423 75.4948 75.4047 75.5316 75.4982 75.3117 75.3357 75.3725 75.3022 75.546 75.6698 75.7988 75.5493
73.5096 73.6738 73.6093 73.5908 73.6234 74.883 74.5324 74.1534 74.0376 73.8408 73.5623 73.401 73.6802 74.0139 73.9818 73.7793 73.3682 73.9584 74.4506 73.7256 73.9532 74.3501 73.6562 75.3946 73.5874 73.6355 74.2898 74.2294 74.1233 73.9749
83.1427 83.1881 83.163 83.1651 83.1636 83.3834 83.2242 83.1906 83.3393 83.0855 82.9696 82.9664 83.3409 83.1232 83.0977 83.0386 82.9828 83.2777 83.3458 83.1536 83.141 83.2862 83.0475 83.9287 83.1357 83.1161 83.3567 83.2739 83.4135 83.2092
66.3114 66.3832 66.3488 66.3342 66.4429 66.6985 66.7864 66.7076 66.7404 66.6198 66.1568 66.3587 66.3992 66.5022 66.5733 66.491 66.1295 66.1698 66.3088 66.3061 66.2707 66.4197 66.3816 67.8366 66.3346 66.2925 66.2926 65.728 66.2802 68.3558
136.06 136.147 136.105 136.065 135.763 137.155 136.628 136.524 136.375 136.456 136.072 136.398 137.573 137.377 136.272 136.239 136.003 136.958 137.798 136.365 137.602 137.278 135.9 138.779 136.304 136.32 137.782 138.644 137.745 137.075
12.2265 12.1576 12.0573 12.291 12.0045 12.0344 11.9154 12.0185 11.8456 12.0965 11.8627 11.8019 11.7673 11.7148 11.8204 11.7657 12.0573 11.7471 11.5408 11.8433 11.5126 11.7829 11.9501 11.4456 11.8097 12.1928 11.9459 11.7223 12.1364 11.6914
5.44034 5.44436 5.45294 5.42275 5.43647 4.00245 4.16548 4.12562 4.25408 5.5642 5.48126 5.66563 5.6315 5.12532 5.37799 5.4014 5.68183 5.67984 5.74922 5.67742 5.72764 5.57285 5.62818 5.64937 5.66858 5.64724 5.65543 5.7189 5.81786 5.6322
4.61279 4.62322 4.64438 4.61106 4.68028 4.38901 4.40857 4.37339 4.39087 4.6317 4.58031 4.6166 4.64836 4.61255 4.5725 4.6431 4.61775 4.62528 4.63757 4.66092 4.66755 4.6562 4.59285 4.70417 4.57781 4.53505 4.55155 4.68207 4.54836 4.67714
4.50856 4.51779 4.51585 4.5175 4.50885 4.48561 4.47835 4.45124 4.43485 4.52346 4.50341 4.51512 4.52498 4.51546 4.58119 4.53205 4.55743 4.49548 4.57146 4.49619 4.54187 4.55425 4.48154 4.60486 4.5466 4.53834 4.60067 4.59266 4.55747 4.54094
4.43813 4.43607 4.44079 4.43667 4.43521 4.35414 4.35029 4.3515 4.33694 4.42507 4.44917 4.44893 4.45863 4.44458 4.41843 4.44412 4.45992 4.46142 4.46422 4.44742 4.47065 4.44754 4.43641 4.57536 4.46082 4.45622 4.47344 4.45834 4.45881 4.45538
4.43349 4.41442 4.44149 4.41975 4.37909 4.05923 4.05461 4.07595 4.0806 4.32355 4.60256 4.48077 4.58943 4.65462 4.37974 4.39944 4.47379 4.71008 4.58982 4.50235 4.53407 4.58311 4.38194 4.39964 4.46009 4.2645 4.57101 4.78582 4.63802 4.69786
4.23423 4.23256 4.23812 4.23468 4.23172 4.17877 4.19141 4.20589 4.16633 4.28018 4.28186 4.30651 4.26779 4.34594 4.28719 4.27679 4.282 4.3085 4.29634 4.26973 4.28311 4.37314 4.2612 4.2967 4.28497 4.26378 4.43071 4.31519 4.27042 4.33002
7.34082 7.29493 7.3483 7.327 7.29692 7.53309 7.46086 7.44927 7.46057 7.34779 7.20015 7.54507 7.50689 7.7159 7.27652 7.3512 7.19681 7.48085 7.55893 7.37482 7.61979 7.51949 7.28745 8.07838 7.43841 7.42815 7.70709 8.05353 7.48141 7.66248
147.804 147.895 147.707 148.063 147.475 146.265 147.234 147.562 147.359 146.943 146.808 146.195 147.337 146.781 146.611 146.855 146.671 145.492 146.17 145.849 145.939 146.648 147.15 146.339 146.433 147.295 147.133 145.52 146.735 145.242
92.6146 92.6647 92.7589 92.5914 92.7327 92.6872 92.5986 92.5996 92.633 92.5648 92.4025 92.4793 92.5327 92.5771 92.1778 92.5828 92.6021 92.5248 92.5604 92.5914 92.7815 92.5552 92.4537 92.4814 92.3501 92.3051 92.1607 92.5778 92.0235 92.7097
154.191 154.158 154.124 154.123 154.279 154.2 154.026 154.248 154.265 154.23 154.417 154.369 154.574 154.205 154.581 154.294 154.789 154.244 154.247 154.297 154.194 154.115 154.335 153.888 154.418 154.45 154.588 154.294 154.387 154.285
75.2356 75.126 75.3562 75.1842 75.0968 75.2963 75.6789 75.713 75.5129 75.4693 75.389 75.3029 75.4187 75.4041 75.6294 75.523 75.4888 75.3423 75.6289 75.2964 75.4135 75.3358 75.2805 75.528 75.339 75.6074 75.544 75.4531 75.3568 75.3496
73.7875 73.9135 73.9059 74.0063 74.0774 73.914 73.6637 73.544 73.8791 73.2942 73.5246 73.3181 73.4044 73.0459 73.3174 73.2167 73.1387 73.3066 73.5018 73.8859 73.4647 73.3069 73.841 73.4279 73.62 73.5123 73.797 73.2386 73.9869 73.2739
82.946 82.9297 82.894 82.9871 82.927 82.9682 82.9384 82.9738 83.1013 82.7483 82.9058 82.8084 82.9001 82.7566 82.8364 82.7712 82.9807 82.8062 82.8153 83.0564 82.7916 82.7688 83.1589 82.7964 82.9163 83.0418 83.0042 82.834 83.1247 82.6719
65.6675 65.6705 65.6639 65.696 65.7271 65.9995 65.73 65.7396 65.7473 65.7046 65.648 65.5988 65.7543 65.7705 66.177 65.6929 66.0867 65.6861 65.871 65.7322 65.9001 65.6898 65.671 64.8264 65.7179 65.6348 65.8633 65.7742 65.7802 65.9768
139.444 139.362 139.553 139.398 138.96 139.524 139.869 139.849 139.831 139.435 139.317 139.461 139.544 139.52 139.39 139.459 139.217 139.608 139.912 139.376 139.449 139.314 139.304 139.758 139.652 139.649 139.99 139.572 139.926 139.405
5.92278 5.91877 5.93673 5.90911 5.91792 5.89941 5.88435 5.88414 5.8873 6.40609 6.36039 6.38124 6.3744 6.395 6.41768 6.38692 6.4438 6.38181 6.40235 6.39305 6.41204 6.39457 6.3773 6.37262 6.3686 6.38267 6.36842 6.42203 6.37501 6.40307
7.93597 7.95373 8.00432 7.96808 7.97156 7.95374 7.96387 7.99705 8.01833 7.38789 7.41004 7.37508 7.4641 7.30948 7.43737 7.40102 7.49384 7.42736 7.36207 7.3622 7.41194 7.42106 7.38409 7.23029 7.40314 7.34073 7.42557 7.33095 7.4382 7.38711
4.54266 4.55388 4.51876 4.54795 4.53488 4.20505 4.18503 4.18304 4.18287 4.61487 4.61326 4.63367 4.65526 4.6663 4.54861 4.62974 4.56427 4.66765 4.62722 4.63789 4.64327 4.64175 4.61798 4.6327 4.65419 4.56984 4.58683 4.65461 4.66584 4.64776
4.61969 4.62385 4.62279 4.62607 4.61883 4.5993 4.62219 4.61288 4.60555 4.78709 4.81017 4.82211 4.81554 4.77205 4.67971 4.79236 4.74256 4.80083 4.81104 4.75414 4.80905 4.79463 4.75046 4.84003 4.85665 4.84013 4.74695 4.77385 4.79139 4.80207
4.46782 4.46358 4.46689 4.46571 4.44385 4.44382 4.44497 4.44203 4.4247 4.57299 4.57358 4.5721 4.56698 4.57583 4.57393 4.56972 4.58084 4.56223 4.57309 4.54864 4.57068 4.57091 4.55078 4.67327 4.5732 4.57421 4.56439 4.56845 4.59536 4.57626
4.43122 4.41986 4.41834 4.41984 4.39111 4.38327 4.40884 4.43106 4.39543 4.65525 4.64777 4.63214 4.62746 4.65385 4.8785 4.652 4.65622 4.60884 4.63749 4.66279 4.62502 4.69871 4.63251 4.47688 4.56497 4.63217 4.76642 4.67955 4.55657 4.67692
4.25032 4.25246 4.25584 4.25061 4.24993 4.18635 4.17993 4.17978 4.17305 4.44313 4.4408 4.45473 4.42624 4.43767 4.38813 4.43946 4.43769 4.43771 4.42103 4.42453 4.44081 4.45163 4.40537 4.84751 4.44074 4.41381 4.3682 4.43107 4.41273 4.45149
7.85956 7.8477 7.85025 7.8378 7.75586 7.75765 7.81521 7.82346 7.78708 7.76999 7.77005 7.78503 7.78251 7.72847 7.83764 7.74057 7.66816 7.77538 7.88564 7.70343 7.74646 7.69135 7.71985 7.73533 7.83768 7.94831 7.86471 7.70764 7.77768 7.70179
93.1861 93.3383 93.2298 93.2898 93.3084 93.0167 93.2466 93.2132 93.4691 93.1387 93.2003 93.0878 93.1695 93.5043 93.1976 93.1852 92.9317 93.1924 93.311 93.263 93.3295 93.4074 93.233 92.7541 92.3413 92.457 93.4172 93.4081 93.1621 93.4685
75.8439 75.7832 75.7282 75.6879 75.783 75.8917 75.7355 75.7629 75.742 75.9074 75.7038 75.708 76.0236 75.6196 75.9004 75.6991 75.596 75.6889 75.8746 75.8659 75.8307 75.7121 76.1205 75.4162 76.3263 76.1047 75.9796 75.8305 75.6847 76.2477
73.097 73.0662 73.1665 73.1693 73.1376 73.2031 72.6765 72.9373 72.6297 72.6701 72.8933 72.8603 72.8139 72.4267 72.7166 72.8382 72.8317 72.7235 72.4316 72.3797 72.722 72.5793 72.0536 73.2412 73.8381 73.2842 71.8602 72.1693 72.6289 72.7309
82.8327 82.7856 82.7687 82.7897 82.7874 83.151 82.5837 82.6534 82.574 82.8993 82.923 82.9683 82.8228 82.6176 82.6982 82.8201 82.7236 82.8088 82.6633 82.806 82.792 82.7649 82.8286 82.8554 83.2248 83.0481 82.6462 82.6587 82.9299 82.8109
97.7581 97.8809 98.1732 98.0573 97.8481 97.1122 97.7212 97.5194 97.0411 97.2786 97.5342 97.2169 97.1826 97.45 97.7168 97.4668 97.3598 97.2157 97.5482 97.154 97.3646 97.4595 97.0195 99.2173 99.0109 97.0306 97.1983 97.4779 97.1206 97.3361
65.3805 65.4331 65.2907 65.4655 65.3905 65.324 65.2287 65.1824 65.3803 65.2934 65.4094 65.4468 65.6187 65.5756 65.0096 65.3864 65.0008 65.5485 65.3567 65.3436 65.5242 65.4827 65.3041 65.2313 65.6241 65.0418 65.218 65.3691 65.4038 65.4316
139.311 139.138 139.188 139.16 139 139.968 140.108 140.233 139.954 140.143 140.058 140.167 140.051 140.012 140.25 139.981 140.032 140.021 140.125 139.446 140.046 139.814 140.277 140.267 141.108 141.176 140.128 139.852 139.85 140.5
5.48428 5.49129 5.49537 5.49391 5.48974 5.49687 5.44685 5.43094 5.42868 5.54884 5.53548 5.54712 5.5186 5.5474 5.54729 5.53271 5.50254 5.53814 5.53886 5.53959 5.5512 5.54574 5.52835 5.48736 5.53529 5.4692 5.52689 5.50184 5.52484 5.54225
4.43147 4.44345 4.44853 4.44008 4.4376 4.15958 4.16679 4.16461 4.15577 4.40818 4.49341 4.5057 4.37256 4.51373 4.43934 4.47207 4.40949 4.46343 4.45066 4.37647 4.46781 4.4928 4.39305 4.4942 4.32033 4.35909 4.42014 4.45539 4.49846 4.37548
4.41445 4.4119 4.41767 4.40587 4.41306 4.41615 4.39939 4.41498 4.40776 4.4356 4.43554 4.43638 4.42245 4.42387 4.43972 4.42676 4.48718 4.41883 4.40884 4.42578 4.4344 4.43047 4.407 4.466 4.51816 4.41867 4.42341 4.43783 4.4096 4.4236
4.32332 4.31941 4.32032 4.31519 4.31894 4.33584 4.33655 4.33163 4.3352 4.38313 4.37859 4.37386 4.3742 4.37182 4.38413 4.37531 4.3805 4.37559 4.39765 4.36752 4.37751 4.37904 4.38116 4.38029 4.35583 4.37473 4.38584 4.37935 4.38362 4.37355
5.09447 5.10391 5.12112 5.16819 5.05001 5.16514 5.33364 5.27849 5.09235 5.1835 5.03566 4.90219 5.10566 5.13895 5.12905 5.17471 5.28137 5.05065 5.24258 4.74446 5.15319 5.0467 4.73936 5.35903 5.38121 5.08306 5.02469 5.23176 5.21114 5.18518
4.32095 4.29406 4.24027 4.17836 4.29543 4.28681 4.29799 4.29503 4.13562 4.37241 4.27662 4.28176 4.1317 4.30421 4.55034 4.29141 4.61684 4.23625 4.34643 4.26167 4.27523 4.27092 4.55382 4.65718 4.50897 4.58811 4.48481 4.53747 4.37835 4.28347
4.14102 4.13756 4.15104 4.14305 4.13397 4.13841 4.13409 4.12939 4.12863 4.48382 4.47575 4.47348 4.46721 4.47433 4.4907 4.46701 4.48847 4.46979 4.47897 4.4734 4.48341 4.47656 4.49037 4.457 4.48191 4.44786 4.48005 4.47296 4.47213 4.4801
7.33078 7.30849 7.30675 7.30086 7.29434 7.38363 7.39931 7.39713 7.27881 7.43218 7.36827 7.33284 7.36334 7.33994 7.36641 7.36626 7.38664 7.34591 7.39882 7.23546 7.37716 7.34222 7.32434 7.3941 7.49218 7.46273 7.29421 7.3561 7.3917 7.45112
91.5544 91.5935 91.572 91.5669 91.5904 91.6947 91.6419 91.6402 91.9323 91.7838 91.9798 91.8313 91.8363 92.2711 92.0045 91.8002 90.7344 91.9346 92.1953 91.7559 92.2373 92.2049 92.5105 91.1143 91.16 91.4554 91.531 91.6608 92.0906 91.6505
75.2067 75.2614 75.1998 75.2603 75.1827 75.3224 75.3194 75.2579 75.1747 75.9637 75.6336 75.653 75.5099 75.8378 75.5775 75.6277 76.071 75.6454 75.8676 75.5942 75.5464 75.7726 75.4184 76.3776 75.8054 76.0085 76.4071 76.0685 75.8794 75.9846
74.8205 74.6993 74.8596 74.4652 74.7441 74.829 75.0712 74.8691 74.8243 74.5152 74.52 74.6012 74.62 74.3948 74.7605 74.1105 75.3679 74.4038 74.4624 74.3019 74.1561 74.3691 73.7498 75.738 75.328 74.4267 75.5697 74.0844 74.2779 75.7777
83.9815 83.979 84.0209 83.8992 83.9797 83.4712 83.4861 83.4857 83.1932 83.5636 83.4464 83.5699 83.7071 83.1802 83.4995 83.4726 84.0809 83.4779 83.2536 83.4972 83.186 83.2304 82.7124 83.7781 84.488 83.686 83.5855 83.4412 83.1598 84.0841
65.9657 65.9882 66.0449 66.0431 65.9882 65.8888 65.782 65.7519 65.7451 65.8123 66.0097 66.0823 66.0066 66.6658 66.1066 65.9659 65.9213 66.074 66.2415 65.8623 66.0845 66.1538 66.2081 66.073 65.8672 66.1956 66.5456 65.9317 65.9873 65.9681
137.773 138.004 138.011 137.798 137.958 137.04 137.121 136.958 136.769 136.374 136.607 136.646 136.699 136.54 136.557 136.191 139.413 136.387 136.035 136.282 136.275 136.309 136.58 137.911 139.596 138.141 136.558 135.72 135.57 137.964
5.64258 5.69636 5.6407 5.68463 5.62389 5.66452 5.65709 5.6556 5.52613 5.82895 5.63502 5.62043 5.59079 5.77758 5.63265 5.85087 5.88405 5.80804 5.6574 5.65724 5.60726 5.70679 5.57129 5.84986 5.77248 5.86421 5.89133 6.03476 5.6066 5.80894
4.4867 4.4933 4.4857 4.49628 4.4983 4.38311 4.38565 4.39987 4.3748 4.43496 4.52792 4.50526 4.51469 4.57415 4.52574 4.46799 4.46477 4.49986 4.48259 4.48429 4.53458 4.48137 4.57917 4.317 4.73491 4.60332 4.58687 4.42102 4.42511 4.57547
4.5692 4.5702 4.5786 4.56702 4.57015 4.52194 4.54874 4.5165 4.52592 4.53258 4.61516 4.5933 4.56577 4.60615 4.5871 4.54668 4.74174 4.57234 4.55294 4.56176 4.56989 4.58357 4.53846 4.60945 4.55409 4.57181 4.63802 4.47561 4.50032 4.64392
4.36149 4.36632 4.36342 4.37634 4.36976 4.36199 4.31862 4.31822 4.32291 4.39179 4.41124 4.41685 4.39898 4.45534 4.40893 4.39944 4.40372 4.40765 4.42466 4.38484 4.39938 4.4272 4.4633 4.43196 4.47206 4.45685 4.47158 4.42692 4.4057 4.42884
4.13554 4.18148 4.09428 4.16617 4.16451 4.15528 4.26281 4.2757 4.2892 4.46029 4.43929 4.39827 4.51029 4.53626 4.52063 4.36462 4.57382 4.43402 4.53878 4.5266 4.43586 4.5309 4.6686 4.59291 4.30268 4.70606 4.69333 4.6132 4.41217 4.45989
4.13031 4.14042 4.13244 4.15418 4.13798 4.14659 4.15326 4.13544 4.17714 4.22479 4.25228 4.23532 4.24777 4.27657 4.24826 4.21144 4.23945 4.24178 4.27338 4.33167 4.25716 4.27094 4.33629 4.27018 4.12037 4.3021 4.29418 4.23623 4.23768 4.30879
7.61643 7.61859 7.60361 7.58648 7.6138 7.65075 7.65688 7.70351 7.68954 7.62892 7.64681 7.63802 7.70701 7.65397 7.62535 7.59229 7.78478 7.65065 7.65171 7.82796 7.60529 7.64913 7.92837 7.69662 8.01254 7.7859 7.7948 7.67135 7.57821 7.74644
91.1931 91.1576 91.204 91.2154 91.2001 91.4672 91.4 91.4276 91.463 91.3019 91.353 91.2553 91.1835 91.2037 91.2492 91.2744 91.2074 91.2403 91.247 91.3586 91.253 91.2007 91.4005 90.91 91.3832 91.4475 91.1958 91.1787 91.1924 91.2472
154.522 154.473 154.529 154.483 154.485 154.003 153.977 153.991 154.086 154.279 154.383 154.357 154.464 154.58 154.567 154.35 153.772 154.556 154.652 153.889 154.445 154.318 154.488 154.312 154.71 152.823 154.425 154.684 154.399 154.151
75.7743 75.7268 75.7638 75.7448 75.7611 75.4655 75.5506 75.5072 75.495 75.5471 75.7936 75.8021 75.8797 75.6018 75.8926 75.7366 75.5489 75.8753 75.8748 75.5643 75.8591 75.8711 75.6272 75.0493 75.5559 75.1309 75.43 75.8318 75.7378 75.6023
74.1319 74.197 74.1471 74.1828 74.2001 73.7986 74.0369 74.0104 73.6835 74.1714 73.7066 73.4995 73.4134 74.92 73.5201 73.7027 74.312 73.4816 73.4841 73.8348 73.9652 73.6412 74.8749 72.9886 74.2415 75.009 75.2682 73.7236 73.8144 73.7761
83.8423 83.8808 83.8382 83.8433 83.8328 83.6369 83.7521 83.6952 83.6266 83.8091 83.6565 83.7674 83.8411 84.5834 83.8071 83.7894 83.8393 83.8595 83.9193 83.6552 83.842 83.8301 83.7947 83.6707 83.6201 84.0545 83.9026 84.0486 83.9276 83.6488
66.0068 66.0399 65.9999 66.0325 66.0257 65.5553 65.7562 65.7636 65.645 66.119 65.953 65.938 65.9752 66.4118 66.0117 66.0069 65.8736 65.937 66.1063 66.1432 66.0443 66.019 67.3412 65.2714 65.7169 66.4962 66.7264 66.1804 65.9187 66.0022
141.971 141.965 141.998 141.925 141.976 141.925 141.835 141.812 141.707 141.976 141.48 141.739 141.705 142.125 141.731 141.882 142.026 141.578 141.687 141.959 141.584 141.839 141.761 141.38 139.359 140.763 142.272 141.556 141.691 142.004
5.90138 5.8985 5.90513 5.89695 5.90563 5.82228 5.84484 5.82126 5.81752 6.37024 6.34429 6.37003 6.38641 6.40796 6.37143 6.37193 6.34649 6.39485 6.3762 6.35863 6.37318 6.35823 6.28863 6.30088 6.32043 5.67368 6.37551 6.39356 6.34374 6.40205
7.78234 7.77585 7.77938 7.7662 7.76178 7.52151 7.51813 7.54898 7.53571 7.1811 7.28382 7.18586 7.24099 7.4981 7.32209 7.18185 7.08478 7.28752 7.37021 6.98082 7.35248 7.31586 7.50991 7.14496 7.31113 6.69906 7.46841 7.34271 7.27272 7.19004
4.57832 4.58396 4.5826 4.58396 4.58093 4.41748 4.35008 4.35249 4.41851 4.71902 4.67217 4.63743 4.59047 4.50222 4.59424 4.65474 4.70806 4.57865 4.55584 4.71872 4.59354 4.59176 4.52438 4.7517 4.7147 4.53376 4.578 4.56845 4.61441 4.7231
4.68913 4.68928 4.69178 4.68557 4.70048 4.5925 4.60889 4.60953 4.60743 4.82486 4.85598 4.81314 4.78966 4.78089 4.81161 4.80013 4.78683 4.79565 4.76695 4.82202 4.82776 4.7948 4.83658 4.5347 4.79713 4.62966 4.87869 4.77784 4.78994 4.87524
4.40859 4.40845 4.41039 4.40995 4.4106 4.38457 4.40374 4.39541 4.39277 4.51118 4.51203 4.50078 4.49613 4.30339 4.49649 4.4988 4.52828 4.49357 4.49237 4.50747 4.50754 4.49774 4.37198 4.51173 4.52986 4.3098 4.30344 4.48906 4.47839 4.53094
4.37853 4.37676 4.37862 4.38086 4.38083 4.38904 4.37407 4.35559 4.36969 4.55127 4.57065 4.4959 4.4714 3.85815 4.48103 4.49129 4.50004 4.46823 4.46325 4.54648 4.53508 4.51778 4.64425 4.13305 4.64834 4.40331 4.0134 4.43633 4.48229 4.55017
4.17708 4.17563 4.18615 4.1848 4.18357 4.14327 4.13546 4.14252 4.14128 4.33209 4.3769 4.35302 4.31798 4.24502 4.33905 4.29136 4.33425 4.28147 4.30907 4.29296 4.36613 4.33541 4.43071 4.21149 4.28179 4.3932 4.25419 4.19073 4.29185 4.39218
8.30223 8.33809 8.30319 8.28268 8.29149 8.23699 8.18428 8.18929 8.20474 8.47014 8.18942 8.34844 8.34306 8.35644 8.37819 8.41144 8.28975 8.35089 8.41118 8.50284 8.34374 8.39934 8.25408 8.16079 7.57466 8.13517 8.23346 8.37856 8.40772 8.23492
91.6673 91.6815 91.667 91.6778 91.6772 91.9153 91.7819 91.716 91.7729 91.6412 91.8097 91.7797 91.5951 91.1141 91.6442 91.765 91.643 91.6376 91.6427 91.8486 91.5714 91.617 91.99 91.6468 91.619 90.9021 90.1936 91.6041 91.6384 92.318
155.066 155.083 155.065 155.1 155.073 155.292 155.265 155.258 155.39 154.709 154.372 154.036 153.928 154.922 154.303 154.798 154.842 154.587 154.213 154.563 154.476 154.594 154.313 155.281 154.879 158.34 154.919 154.856 154.238 155.685
76.0526 76.0103 76.0678 76.0103 76.0628 76.0932 76.1103 76.0859 76.1357 75.8728 75.903 75.7221 75.7155 76.0777 75.8547 75.7349 75.5862 75.8889 75.8756 75.5912 76.0106 75.8192 75.2558 75.9136 75.5999 75.8668 75.9485 75.8271 75.6985 76.1116
73.6041 73.6292 73.6117 73.658 73.5535 73.2451 73.5135 73.4881 73.335 73.7513 73.4063 73.4565 73.5027 74.0988 73.4117 74.0691 73.4368 73.0851 73.5739 73.8032 73.2034 73.5018 74.3363 73.7944 74.2969 73.6939 75.3227 73.3107 73.652 73.2758
83.4836 83.5363 83.4859 83.5783 83.4457 83.3747 83.4082 83.4045 83.2515 83.202 83.1516 83.1518 83.1953 83.5271 83.2307 83.328 83.3819 83.2016 83.2306 83.258 83.222 83.3045 83.5888 83.2461 83.5769 83.7365 83.8908 83.1754 83.4994 82.817
66.133 66.184 66.198 66.1893 66.1325 66.1252 66.0008 66.1291 66.2188 66.2413 65.5086 65.7337 65.4824 65.8896 65.3854 65.9173 65.9855 65.4154 65.0076 66.2737 65.0028 65.1017 67.2543 66.4982 66.3391 66.6134 66.1921 65.2843 63.5859 66.0539
140.241 140.141 140.28 140.149 140.251 139.588 139.571 139.662 139.554 139.973 139.926 139.677 139.586 141.487 139.78 139.838 139.662 139.777 139.698 139.615 140.028 139.858 141.18 139.195 139.409 142.942 142.614 139.631 139.461 140.583
5.75627 5.75885 5.7541 5.76314 5.76505 5.75083 5.7793 5.75873 5.77168 6.20102 6.18049 6.18663 6.18126 6.37374 6.16922 6.20494 6.2585 6.14337 6.11907 6.22599 6.19567 6.25329 6.11487 6.25481 6.23189 6.54029 6.31396 6.07515 6.15708 6.30453
8.04227 8.05175 8.03532 8.0437 8.02231 8.03494 7.99508 8.05326 8.05663 7.3632 7.22822 7.04522 7.05481 7.37114 7.31004 7.44723 7.40149 7.28369 7.22017 7.2461 7.32468 7.24924 7.20814 7.59353 7.48416 8.07421 7.5516 7.33372 7.19083 7.96845
4.54948 4.55754 4.54723 4.55258 4.54169 4.22777 4.23745 4.257 4.24808 4.6604 4.71657 4.6921 4.69751 4.61646 4.6587 4.6797 4.66215 4.62534 4.64503 4.73284 4.65503 4.6734 4.75605 4.55717 4.74742 4.52166 4.72758 4.5942 4.65736 4.60785
4.62843 4.59729 4.63711 4.58372 4.65336 4.54573 4.56452 4.56476 4.53329 4.79726 4.87987 4.79574 4.7867 4.87702 4.81102 4.82155 4.77165 4.83736 4.75797 4.75858 4.8972 4.77475 4.82179 4.7345 4.79309 3.67425 4.90729 4.79449 4.79138 5.03325
4.4013 4.39638 4.3989 4.39209 4.40236 4.38073 4.38694 4.38534 4.38325 4.51176 4.49887 4.50612 4.51642 4.52834 4.50237 4.51353 4.502 4.50736 4.49286 4.50104 4.48766 4.49488 4.51037 4.51453 4.51714 4.52019 4.54331 4.50835 4.50319 4.52654
4.2995 4.2802 4.29231 4.27833 4.28876 4.28104 4.23935 4.26058 4.25817 4.28917 4.52651 4.55591 4.61485 4.59361 4.5909 4.49951 4.36427 4.54155 4.64848 4.33019 4.57689 4.61642 4.62449 4.27517 4.39716 4.32111 4.48014 4.54311 4.86234 4.39898
4.19009 4.16726 4.17881 4.13925 4.1884 4.15167 4.15597 4.15678 4.16442 4.36439 3.91774 4.25371 4.24364 4.27717 4.17478 4.34881 4.33116 4.27746 3.85106 4.3815 3.66989 3.98681 4.35045 4.38218 4.3597 4.41858 4.50056 4.36334 5.38103 4.43558
7.72676 7.72148 7.71856 7.71264 7.7161 7.72544 7.74826 7.73943 7.71873 7.57045 7.63469 7.4611 7.42117 8.19348 7.54814 7.52409 7.65698 7.53829 7.61756 7.58087 7.66649 7.614 8.24474 7.19148 7.56951 8.24863 8.50813 7.62256 7.47303 7.53242
92.359 92.3919 92.3439 92.3934 92.4059 91.8761 91.796 91.8377 91.7744 92.0031 92.2459 92.1148 92.3803 91.4581 92.0331 92.0955 91.7972 92.2961 92.007 91.8889 91.9549 92.2048 90.6549 91.6892 91.6529 92.2625 92.0259 92.2827 92.0412 90.9874
154.261 154.072 154.348 154.09 154.318 154.435 154.081 153.877 153.941 155.349 155.443 155.402 155.142 155.854 155.532 155.228 155.114 155.408 155.45 155.132 155.561 155.494 153.643 154.89 154.136 155.476 154.882 155.362 155.239 155.571
75.8079 75.7974 75.7975 75.8323 75.8101 75.596 75.601 75.6263 75.5747 76.0822 75.9884 76.0289 75.786 76.273 76.1703 76.0631 76.0244 75.9958 76.0597 75.9575 76.1775 75.9784 75.9873 75.6944 75.5987 75.0452 75.5818 75.9913 75.8713 76.3101
73.274 73.2536 73.3167 73.1769 73.2039 74.4709 74.1657 74.3006 74.3417 73.6753 73.5649 73.6821 73.3759 74.349 73.3585 73.7761 73.7702 73.2416 73.3819 73.8737 73.3466 73.613 75.7808 73.6085 74.6279 72.9089 74.0743 73.0073 73.8145 73.9708
83.0558 83.0373 83.0744 83.0202 83.0378 83.2665 83.2826 83.311 83.2138 83.0248 82.8995 82.9282 82.8617 83.2213 82.9912 83.1992 83.1282 82.926 82.9961 83.0063 82.9953 82.9741 82.8416 83.3104 83.3455 81.581 83.4227 82.9006 83.1442 83.1238
66.0946 66.1256 66.0414 66.1163 66.0631 66.0794 66.2216 66.2637 66.1562 65.9751 66.1382 66.107 66.0442 66.7073 66.0456 66.1748 66.3218 65.9427 65.8746 66.3017 65.9925 66.233 67.6684 66.731 66.7187 65.8657 66.4279 66.0857 65.7237 66.2787
140.123 140.035 140.328 140.157 140.222 140.423 140.035 140.097 140.094 140.805 140.608 140.589 140.244 141.453 140.815 140.731 139.504 140.408 140.61 139.872 140.646 140.818 140.505 140.075 139.871 138.982 141.403 140.066 140.489 142.35
5.77287 5.75821 5.78211 5.7525 5.76397 5.42738 5.29222 5.33667 4.97117 6.30869 6.30474 6.34691 6.33269 6.28656 6.32928 6.29936 6.11524 6.307 6.33507 6.26133 6.30897 6.26551 6.12538 5.48535 5.86438 6.40808 6.40705 6.25024 6.31138 6.44834
8.40056 8.39558 8.43225 8.38684 8.4181 8.0427 7.83387 7.78367 7.72358 7.8137 7.81496 7.75003 7.71783 8.00152 7.82254 7.78722 7.93552 7.80894 7.77692 7.69918 7.82882 7.82835 8.59225 7.74981 7.53172 7.92948 7.63033 7.75927 7.72852 7.65313
4.81525 4.82319 4.82072 4.80805 4.80151 4.5481 4.44095 4.4326 4.48491 4.69768 4.72308 4.73418 4.69437 4.52743 4.57737 4.69006 4.57083 4.6437 4.65927 4.61401 4.57072 4.64777 4.63832 4.73538 4.72269 4.70283 4.88427 4.63736 4.78317 4.62009
4.66175 4.66812 4.66175 4.67048 4.66151 4.61431 4.57361 4.58052 4.56913 4.81879 4.79507 4.80035 4.78211 4.80574 4.73805 4.81589 4.72747 4.73349 4.77705 4.75676 4.71709 4.77562 4.89126 4.81163 4.80478 3.61578 4.84778 4.73556 4.79048 4.89177
4.46767 4.46841 4.46917 4.46796 4.46903 4.43026 4.4128 4.42771 4.41966 4.56882 4.57514 4.57421 4.57391 4.59019 4.57844 4.56556 4.5626 4.58512 4.56394 4.55365 4.58005 4.56511 4.88435 4.57002 4.53964 4.42675 4.60786 4.57905 4.55126 4.60033
4.46038 4.46179 4.47306 4.46589 4.47618 4.35649 4.3261 4.33988 4.31134 4.48922 4.42579 4.39759 4.40728 4.65911 4.60572 4.50329 4.64902 4.62362 4.44623 4.30722 4.59905 4.40903 4.4223 4.61124 4.27245 4.3437 4.52321 4.56136 4.41644 4.71067
4.25023 4.25336 4.2494 4.25312 4.24852 4.2152 4.2139 4.19936 4.20557 4.44705 4.44598 4.44144 4.43678 4.52894 4.5342 4.44929 4.46518 4.48073 4.44956 4.42843 4.49165 4.43904 4.45522 4.42976 4.40254 4.62747 4.43407 4.47664 4.33014 4.69047
8.02815 8.00867 8.01601 8.0201 8.01589 8.03874 7.94501 7.94766 7.96969 7.82885 7.77047 7.84429 7.81619 8.01134 7.99098 7.78643 7.66698 7.6659 7.88405 7.53705 7.8223 7.90743 7.71906 7.94999 7.83871 7.53311 7.97433 7.64008 7.88718 8.00134
92.5161 92.5605 92.5276 92.5079 92.544 92.4034 92.762 92.8665 92.6998 92.378 92.1625 92.2943 92.4644 92.1427 91.9777 92.449 92.1673 92.3522 92.0906 92.4549 91.9459 92.2275 92.2084 92.4216 92.3248 92.0077 92.5058 92.29 91.993 91.9963
74.7178 74.7098 74.6741 74.6639 74.5941 75.3364 75.0361 74.9589 74.8349 74.8817 74.973 74.8152 75.1399 75.3614 74.8441 74.7735 75.7587 74.9254 74.7883 74.8866 75.1018 74.7188 75.017 75.8777 74.7618 74.6656 74.8795 75.1248 74.913 75.4143
74.0437 74.0702 73.785 73.9545 73.7255 72.8229 73.5303 73.8267 73.6041 73.509 73.9773 73.4752 73.8742 74.5896 74.1663 73.7063 74.6423 74.1177 74.0226 74.0643 74.257 74.1455 74.2297 74.3138 73.4236 73.0686 74.333 74.0342 73.9312 73.9408
83.3563 83.3473 83.2585 83.3095 83.2578 82.8474 83.0862 83.0543 83.1501 82.8832 83.1456 83.014 82.9943 83.5194 83.2647 82.9964 83.4754 83.1438 83.1285 83.2815 83.2857 83.2298 83.5688 83.3244 83.2085 83.2362 83.2514 83.1915 83.118 83.2971
66.74 66.7582 66.6765 66.675 66.5936 66.3601 66.5227 66.5501 66.5864 66.5224 66.5744 66.4364 66.5412 67.2243 66.6254 66.5452 66.3968 66.3444 66.4647 66.5264 66.5394 66.6371 67.7665 66.5264 66.5056 65.9657 66.592 66.2679 66.4581 67.6092
136.887 136.963 136.951 136.975 136.614 136.889 136.669 136.72 136.77 137.73 137.439 137.209 138.026 138.949 137.362 137.579 137.786 137.325 137.101 138.13 137.45 137.128 137.495 137.001 136.373 136.338 136.685 137.105 137.025 137.756
12.0839 12.123 12.031 12.0673 12.1063 12.3795 12.5877 12.5583 12.5079 12.4691 12.2685 12.2774 12.4056 12.3703 12.5184 12.417 12.9282 12.4587 12.4023 12.7292 12.4972 12.2798 12.8214 12.5921 12.3634 12.537 12.6055 12.4433 12.2565 12.1687
5.1966 5.19232 5.2161 5.19859 5.21945 5.40219 5.42149 5.42554 5.43787 4.94144 4.68078 4.92563 5.03919 4.08009 4.39895 5.02049 5.35606 5.13614 4.14567 5.21379 4.61702 4.55385 5.76871 5.54802 5.63622 5.68522 5.57493 5.2221 5.03759 5.57775
4.54815 4.55286 4.53887 4.55123 4.54079 4.35063 4.37648 4.35841 4.35815 4.50619 4.52045 4.50695 4.56206 4.53476 4.56346 4.53138 4.54237 4.55952 4.52207 4.54776 4.56922 4.54692 4.6073 4.54637 4.52425 4.52352 4.59672 4.5602 4.4885 4.56745
4.42387 4.43006 4.42702 4.43088 4.4166 4.40099 4.34112 4.35424 4.37687 4.38658 4.45841 4.41183 4.49509 4.4693 4.44133 4.42627 4.46783 4.45725 4.41187 4.43591 4.42964 4.42465 4.47286 4.45257 4.44307 4.41428 4.45662 4.43602 4.4492 4.4844
4.44661 4.44664 4.45502 4.45205 4.45687 4.46085 4.43227 4.42759 4.44264 4.50804 4.4672 4.45548 4.50413 4.46513 4.47333 4.48518 4.49124 4.48246 4.45305 4.47304 4.48011 4.46873 4.52086 4.50988 4.50353 4.50118 4.5038 4.48547 4.47265 4.40876
4.1726 4.15214 4.19494 4.19785 4.27422 4.30107 4.29369 4.28459 4.22167 4.63831 4.5367 4.49231 4.67964 4.55728 4.6616 4.65129 4.68108 4.68124 4.58123 4.6273 4.68294 4.57807 4.78069 4.4424 4.45604 4.79344 4.65709 4.70055 4.36487 4.4672
4.23608 4.23964 4.24897 4.24322 4.24223 4.29132 4.2226 4.20697 4.2151 4.39673 4.35412 4.35241 4.73111 4.37998 4.37396 4.39186 4.30701 4.35855 4.34844 4.42706 4.33175 4.32546 4.28817 4.3222 4.30634 4.36854 4.31206 4.35283 4.32047 4.33117
7.35239 7.35076 7.39066 7.35111 7.36142 7.4311 7.40986 7.3925 7.425 7.86189 7.79157 7.78223 7.89675 7.95667 7.80901 7.84756 7.57151 7.67282 7.80664 7.80638 7.73985 7.76941 7.61265 7.28932 7.53042 7.6154 7.18035 7.49473 7.67508 7.78372
148.389 148.557 148.449 148.637 148.909 147.966 147.007 147.276 147.421 146.727 147.005 146.739 146.986 145.527 146.554 146.927 147.46 146.977 146.489 147.024 147.103 146.682 146.926 147.314 147.699 146.248 147.525 147.298 147.038 146.557
93.7231 93.7584 93.7158 93.745 93.6741 93.6227 93.6866 93.7472 93.6633 93.6425 93.3196 93.4227 93.3693 93.5456 93.651 93.5737 93.1942 93.4518 93.6142 93.567 93.4612 93.6051 93.2528 93.1392 93.2692 93.3427 93.2388 93.6113 93.1464 93.2082
75.471 75.3156 75.3115 75.451 75.1003 74.6806 75.024 75.0417 75.1704 75.1407 75.0518 75.1424 75.1272 75.6716 75.1074 75.097 75.0606 75.3901 75.0208 75.3454 75.2548 75.3732 75.508 75.4144 75.1848 75.3476 75.3451 75.2811 75.1327 75.1769
72.8611 72.937 73.0254 72.7939 73.1264 72.8455 72.412 72.5677 72.1178 72.441 72.8711 72.9248 72.4554 72.3878 72.7243 72.7556 73.2012 72.7556 72.8627 73.2004 72.5632 72.8079 72.9971 73.3857 72.796 73.2039 72.8406 72.2562 72.6558 71.8464
83.2114 83.1842 83.1785 83.1551 83.258 83.1764 83.3462 83.3342 83.1412 83.0316 83.1471 83.0845 83.1807 82.9688 82.9592 82.9919 83.5176 82.7823 83.0156 83.1323 82.8197 82.9691 82.8065 83.8077 82.9085 83.3223 82.8006 82.8936 83.0589 82.8152
102.318 102.321 102.536 102.301 101.645 102.756 102.575 102.66 102.54 102.311 102.232 102.251 102.452 102.906 102.55 102.374 101.823 102.576 102.028 102.533 102.305 102.161 102.505 103.824 102.252 101.833 102.284 102.475 101.621 102.492
64.8378 64.8434 64.826 64.8976 64.8313 64.9548 64.9868 65.0324 64.8382 64.7404 64.8366 64.7206 64.5451 65.1592 65.0709 64.9512 64.4661 64.8492 64.9665 64.7308 64.8937 64.9262 65.0026 65.3067 64.7945 64.8961 64.9754 64.9273 64.8764 64.4782
141.078 141.075 141.17 141.065 140.837 141.582 141.284 141.15 140.992 141.095 141.066 141.196 141.122 141.848 141.246 141.248 141.093 141.521 141.19 141.373 141.515 141.138 141.621 141.328 141.2 141.144 141.486 141.406 141.467 141.276
5.51852 5.52174 5.50876 5.52578 5.49119 5.53294 5.52548 5.52423 5.5272 5.49445 5.4889 5.49524 5.52254 5.541 5.50625 5.49659 5.41814 5.51778 5.50287 5.523 5.51595 5.4941 5.5332 5.14525 5.48705 5.47518 5.53021 5.54815 5.50553 5.52733
4.40203 4.42108 4.41702 4.40952 4.42979 4.34289 4.21498 4.22097 4.22903 4.43645 4.36243 4.39414 4.3 4.35965 4.43575 4.42917 4.42031 4.38722 4.43479 4.38769 4.4271 4.4041 4.41605 4.3136 4.43743 4.37887 4.39252 4.44238 4.47356 4.4025
14.4603 14.4631 14.3579 14.512 14.346 14.5482 14.3013 14.4283 14.5011 14.0665 14.0063 14.004 14.2301 13.972 13.9922 14.1105 14.3748 14.0779 14.1251 14.1896 14.2074 14.0673 14.2283 13.7043 13.9864 14.1576 14.0988 14.3567 13.985 14.1924
4.4396 4.43524 4.4348 4.44955 4.40947 4.4561 4.4386 4.45033 4.45617 4.5675 4.59637 4.5624 4.52995 4.56316 4.59437 4.58752 4.51483 4.63665 4.59507 4.58628 4.6255 4.608 4.60363 4.54161 4.59841 4.52634 4.61216 4.6268 4.59832 4.63563
4.35188 4.34952 4.35114 4.35225 4.33527 4.37948 4.35997 4.38421 4.36718 4.40108 4.4109 4.40726 4.40842 4.41359 4.3999 4.41138 4.29506 4.43365 4.41057 4.40321 4.4328 4.41282 4.4268 4.48356 4.42746 4.39354 4.43257 4.42505 4.43086 4.43243
5.29293 5.29871 5.30828 5.28363 5.25756 5.26565 5.14008 5.10667 5.18128 5.09167 4.94248 5.05169 4.90334 5.2999 5.13538 5.08423 5.00464 5.09122 5.08595 5.08267 4.98078 5.05648 5.08526 5.63051 5.10505 4.76434 5.06652 5.09131 5.03965 5.01298
4.32677 4.32216 4.30405 4.31035 4.3366 4.32392 4.31161 4.30585 4.32804 4.55887 4.49545 4.53007 4.747 4.41041 4.53616 4.55323 4.69761 4.52957 4.48526 4.574 4.531 4.49552 4.55472 4.458 4.49927 4.58272 4.55767 4.55365 4.4744 4.6097
4.13768 4.14043 4.14943 4.15001 4.12713 4.14776 4.13211 4.15101 4.14796 4.26977 4.25615 4.27748 4.17303 4.19414 4.27281 4.26764 4.17937 4.31722 4.27537 4.27433 4.28695 4.25509 4.29585 4.1689 4.29074 4.21443 4.30726 4.31886 4.31032 4.31258
7.78114 7.7799 7.78052 7.7888 7.78512 7.85527 7.71486 7.73611 7.77683 7.75059 7.71956 7.74961 7.67839 7.73321 7.74153 7.75122 7.75167 7.74028 7.75564 7.74208 7.72043 7.72418 7.68482 7.58993 7.73439 7.68754 7.71993 7.74485 7.84886 7.65567
163.775 163.466 162.579 164.03 162.554 164.288 163.859 163.944 163.502 161.616 161.48 161.065 162.416 160.817 162.138 162.118 163.385 161.73 162.045 161.378 162.686 161.605 162.163 158.725 160.691 161.221 161.555 162.534 161.595 161.885
93.1666 93.1657 93.1265 93.162 93.1714 93.2417 93.2933 93.346 93.3907 93.4605 92.6663 93.0925 92.3667 93.098 93.332 93.2721 93.4247 92.9052 93.3147 93.1564 93.3056 93.2239 92.9612 92.8598 92.8446 92.7566 92.4296 92.9577 93.3996 93.2086
75.657 75.6963 75.7056 75.6227 75.5757 75.7761 75.6535 75.6205 75.5 75.9828 76.1327 76.1341 76.3805 75.8458 75.473 75.5526 75.7959 76.0153 75.6753 75.7874 75.7328 75.7213 76.12 75.5883 76.1252 76.0352 76.5552 75.8334 75.9125 75.7533
73.2833 73.2698 73.4968 73.2715 73.4812 72.8758 72.3437 72.3792 72.4026 72.3876 73.7572 73.2329 73.3995 72.7583 73.1964 73.1467 72.5977 73.6572 72.6486 72.7524 72.8337 73.1518 73.2426 72.7851 72.9945 73.0192 74.1783 72.6347 73.115 72.5762
83.0016 83.1011 83.1875 82.9058 83.0639 83.2092 82.6558 82.5373 82.5667 82.8839 83.424 83.2444 83.2246 83.0115 83.1405 83.1021 82.9775 82.9671 82.9053 82.8447 82.7864 82.779 82.9769 82.9111 83.203 83.2671 83.2629 82.8521 83.0574 82.8878
96.8202 96.4154 96.5278 97.2661 96.3289 96.687 96.7627 96.855 97.1789 96.5731 96.3826 96.9128 95.7843 97.3562 96.8965 96.7076 96.8658 97.9301 96.6842 97.6834 97.5373 97.2675 98.8826 97.95 97.2064 96.6545 97.1884 97.2373 97.2276 97.0736
65.6541 65.6676 65.682 65.8538 65.6435 65.6192 65.6503 65.6962 65.618 65.7321 65.1412 65.3237 64.4706 65.0102 65.4047 65.5069 65.3379 65.6239 65.4822 65.2924 65.6354 65.8294 65.6521 64.9059 65.2689 65.1011 65.1854 65.3422 65.5769 65.3757
140.468 140.522 140.641 140.696 140.372 140.497 140.7 140.384 140.38 141.159 141.969 141.535 141.743 141.266 141.04 141.122 141.015 141.816 141.56 140.996 141.324 141.087 141.574 141.505 141.566 140.898 141.871 141.591 141.131 141.72
5.58443 5.5658 5.55328 5.58636 5.55156 5.51059 5.52583 5.51498 5.51972 5.60848 5.60062 5.61549 5.65388 5.62746 5.60393 5.60319 5.61931 5.60083 5.58956 5.61323 5.6086 5.59169 5.62598 5.60805 5.58572 5.63471 5.60991 5.65286 5.62427 5.62572
4.46719 4.42959 4.37579 4.46129 4.41031 4.32922 4.29058 4.27264 4.302 4.44682 4.26694 4.34338 4.35088 4.49262 4.52191 4.50881 4.53974 4.34833 4.58688 4.54865 4.51965 4.44411 4.44472 4.52536 4.33559 4.43946 4.2374 4.59628 4.54382 4.51545
4.38044 4.37634 4.37522 4.38776 4.35946 4.32037 4.33837 4.33255 4.32469 4.46885 4.58922 4.468 4.52323 4.48135 4.42101 4.45893 4.48562 4.50153 4.48633 4.50131 4.46812 4.46339 4.45276 4.41438 4.46824 4.48388 4.47547 4.48987 4.47667 4.48712
4.34853 4.33757 4.33366 4.34904 4.32826 4.35287 4.36333 4.36104 4.35735 4.39713 4.38927 4.38719 4.40973 4.4052 4.38238 4.38781 4.39023 4.41148 4.40499 4.40944 4.42398 4.41018 4.36 4.3778 4.41245 4.40677 4.41224 4.41487 4.41522 4.4097
5.36392 5.38481 5.4682 5.49207 5.32423 5.67943 5.66036 5.64409 5.66541 5.33977 5.52567 5.43946 5.68816 5.55673 5.49672 5.48549 5.33451 5.63409 5.60451 5.40035 5.56008 5.47764 5.39851 5.68027 5.58352 5.30516 5.6112 5.63188 5.44031 5.57465
4.44842 4.43363 4.42826 4.4963 4.45794 4.397 4.42606 4.45994 4.44189 4.50563 4.39581 4.41604 4.37889 4.23929 4.44101 4.4547 4.48886 4.48079 4.47598 4.40041 4.47143 4.58229 4.61361 4.57634 4.53882 4.46983 4.38766 4.48805 4.46834 4.40498
4.07605 4.06847 4.06007 4.08442 4.05883 4.07532 4.08757 4.08223 4.06956 4.46984 4.39411 4.46511 4.43338 4.49238 4.41712 4.43737 4.44689 4.485 4.46308 4.4944 4.47958 4.45638 4.53616 4.43225 4.42696 4.47693 4.42896 4.49232 4.46457 4.51309
7.65074 7.66479 7.67134 7.68194 7.64061 7.73201 7.78904 7.75519 7.73407 7.7667 8.03906 7.81376 8.01555 7.80978 7.76502 7.77563 7.71694 7.83505 7.82469 7.69441 7.78753 7.77332 7.69846 7.82656 7.77712 7.66719 7.81765 7.84324 7.70703 7.86832
91.1372 91.1245 90.9886 91.011 91.2278 91.859 91.9741 91.9578 92.0558 92.1831 91.6284 91.8319 91.2276 91.7616 92.169 91.9262 92.1003 91.6432 92.3946 89.3345 92.5492 91.8157 91.7481 92.0797 91.2125 91.5382 91.3098 92.2436 92.5925 92.2993
76.3488 76.3971 76.3263 76.3687 76.3375 76.3142 76.2409 76.4033 76.2038 76.3136 75.5679 75.7815 75.842 76.287 76.6274 76.5457 76.1629 75.4675 75.5834 75.5286 75.6657 75.7724 76.1098 76.7917 75.6895 76.6959 75.6879 75.6313 75.7813 75.8048
73.9605 73.806 74.0452 74.0894 74.0516 74.9299 74.3747 74.464 74.6211 75.0237 73.3289 74.9981 73.9258 74.6368 75.072 75.4329 74.0073 74.1075 73.2782 74.881 73.5788 74.0558 75.296 72.9245 74.1755 74.9498 73.8379 73.4669 73.958 74.4134
83.076 83.0527 83.2781 83.1616 83.1703 83.2621 83.0226 83.1315 83.112 82.8726 83.3014 83.2298 83.5764 83.1401 82.8653 83.1426 82.7467 83.3588 82.4729 83.1465 82.6132 83.2085 83.4836 82.8528 83.5392 83.3362 83.5658 82.0016 82.7808 82.7262
66.229 66.1281 66.1868 66.0161 66.1473 66.3271 66.27 66.3183 66.3594 65.7916 65.5276 65.9517 65.5848 66.3832 65.842 65.6747 65.8507 65.8014 65.9912 66.1868 66.3502 66.0177 65.8742 65.6543 65.6676 66.0392 65.6955 66.1939 66.2288 66.0793
136.649 136.518 136.703 136.626 136.391 136.206 135.64 135.748 136.039 135.92 136.026 137.257 137.263 135.85 135.366 135.908 136.199 137.105 135.786 137.163 135.972 136.608 137.708 135.517 136.27 136.823 137.692 135.759 136.844 136.486
5.42615 5.45335 5.44449 5.37831 5.48302 5.56781 5.59961 5.66157 5.63997 5.59818 5.76956 5.71123 5.39752 5.81315 5.77025 5.77094 5.66428 5.81224 5.75236 5.59476 5.78451 5.72854 5.94524 5.77475 5.7894 5.79975 5.72768 5.74597 5.80758 5.83442
4.36138 4.37832 4.38934 4.31601 4.37598 4.248 4.3002 4.28264 4.27892 4.20882 4.65895 4.17937 4.58271 4.38001 4.1471 4.04366 4.37531 4.56227 4.62137 4.55121 4.49705 4.64335 4.35436 3.82895 4.62341 4.36804 4.62004 4.46079 4.63732 4.48737
4.60724 4.61139 4.61424 4.59675 4.58919 4.50757 4.48918 4.489 4.50102 4.48185 4.47304 4.63217 4.59528 4.55545 4.40709 4.56315 4.61898 4.59992 4.60557 4.69565 4.62046 4.64854 4.63057 4.01193 4.61187 4.58359 4.55898 4.61827 4.58354 4.63368
4.49114 4.4891 4.48375 4.5151 4.47584 4.40077 4.41603 4.41679 4.39707 4.45844 4.46833 4.46842 4.43594 4.43878 4.44891 4.46402 4.46712 4.48024 4.48253 4.40104 4.47985 4.43658 4.43721 4.42442 4.46088 4.46314 4.46498 4.5004 4.48649 4.47605
4.10238 4.12275 4.18846 4.06455 4.13927 4.122 4.19862 4.17326 4.19879 4.60775 4.72014 4.66867 4.59371 4.4972 4.48846 4.5151 4.51865 4.74593 4.52324 4.36969 4.53155 4.48807 4.39573 4.60223 4.80936 4.51757 4.6164 4.43565 4.62831 4.57555
4.20094 4.20768 4.21088 4.20321 4.18873 4.11322 4.17588 4.12796 4.13098 4.21201 4.23412 4.52339 4.25166 4.25335 4.17472 4.20627 4.27439 4.28668 4.31152 4.31946 4.3276 4.27187 4.21887 4.20308 4.26128 4.28722 4.25043 4.33867 4.31059 4.32797
7.5011 7.52677 7.54611 7.53619 7.52032 7.48249 7.34452 7.34311 7.37453 7.8032 7.80804 8.13032 8.00435 7.65298 7.53018 7.65302 7.79713 7.84399 7.69338 7.83022 7.63727 7.65686 7.75066 7.54682 7.57735 7.79219 7.94796 7.51065 7.65561 7.58102
92.2172 92.1652 92.2363 92.3615 92.0348 91.805 91.8661 91.6992 91.64 91.5225 92.3927 91.5879 91.7269 91.1264 91.6223 91.2738 91.3156 92.0857 92.0747 90.9243 91.1059 91.9118 91.8219 91.4615 91.9826 90.794 92.2084 91.5779 92.1375 91.5262
154.378 154.406 154.346 154.228 154.296 154.203 154.51 154.587 154.676 154.717 154.8 154.99 154.691 154.501 154.554 154.907 154.32 155.034 154.071 153.933 153.662 154.108 153.355 154.841 154.449 154.57 153.999 153.702 153.926 154.997
75.9958 76.0031 76.0034 76.0301 76.0836 75.9439 75.9939 75.9882 75.953 76.1617 75.6694 75.9556 75.7107 75.9603 76.1252 76.2293 75.8538 75.7525 75.7004 76.3393 75.8832 76.0381 75.4448 76.5716 75.5904 75.8195 75.5998 75.6088 75.916 76.2087
73.3571 73.3502 73.3561 73.2856 73.4354 74.355 74.5224 74.4015 74.4888 74.1114 73.3817 73.3069 73.3346 74.0476 73.9984 72.8232 73.6763 73.6673 73.8876 74.5016 74.5889 74.2022 73.6016 74.2 73.755 76.1742 73.6986 73.7341 74.3259 73.2737
83.122 83.1101 83.1456 82.927 83.0763 83.7252 83.805 83.789 83.7604 83.5343 82.8845 83.2443 83.1068 83.8523 83.6474 82.8729 83.349 83.2335 82.9422 83.2642 83.5346 83.0541 83.3917 83.0919 83.0634 84.3326 83.0527 83.1195 82.9182 82.9769
65.8469 65.7452 65.8567 65.6651 65.7715 65.916 65.9714 65.9822 65.9056 65.66 65.8401 65.8078 65.8083 66.01 65.3609 64.9804 65.8169 65.7943 65.8476 65.7483 66.0396 65.8038 65.5911 66.0273 65.6612 66.9449 65.8318 65.6785 66.1245 65.6909
141.029 141.116 140.974 140.885 140.805 141.991 141.875 141.978 141.9 142.917 139.164 140.999 138.662 141.072 142.716 140.769 141.279 140.176 139.689 142.633 140.33 139.385 141.15 143.279 139.492 142.122 139.508 141.045 140.146 140.666
5.93343 5.93558 5.93431 5.90624 5.91427 5.70756 5.72463 5.72835 5.71192 6.35041 6.41765 6.44477 6.40223 6.1427 6.31747 6.31561 6.42332 6.38755 6.38315 6.31605 6.37971 6.37281 6.25625 6.44917 6.41076 6.415 6.42905 6.41217 6.434 6.40094
7.78409 7.82309 7.79183 7.65082 7.73415 7.7604 7.97678 8.00751 8.03613 7.54551 7.54741 7.60321 7.54118 7.56042 7.47016 7.43438 7.58628 7.26913 7.4971 7.03899 6.95598 7.15488 7.24431 7.7614 7.4549 7.43292 7.27565 7.50469 7.28131 7.51832
4.64455 4.64951 4.64339 4.59297 4.58093 4.29473 4.29761 4.2855 4.26334 4.56418 4.76607 4.71596 4.75271 4.66084 4.6189 4.65634 4.70805 4.63868 4.67099 4.46572 4.61958 4.6428 4.78176 4.59503 4.68811 4.70818 4.77335 4.7214 4.65782 4.73537
4.72492 4.71008 4.72543 4.73708 4.74189 4.6193 4.65295 4.61841 4.64487 4.8736 4.84439 4.87841 4.87475 4.83822 4.92838 4.97459 4.87241 4.84226 4.86733 4.8713 4.85537 4.85784 4.85839 4.93598 4.83355 4.8442 4.85216 4.85202 4.83556 4.9995
4.51321 4.51137 4.51067 4.51104 4.51736 4.46695 4.46442 4.46578 4.45429 4.60915 4.57811 4.6171 4.59868 4.58915 4.59723 4.63087 4.6105 4.58664 4.5856 4.55869 4.55152 4.58945 4.60088 4.6191 4.60472 4.70987 4.59109 4.61478 4.57668 4.65765
4.49776 4.49922 4.50309 4.50803 4.51782 4.31929 4.31847 4.30478 4.33861 4.52167 4.59135 4.61396 4.65468 4.48008 4.50579 5.20245 4.59932 4.58097 4.59388 4.72126 4.69841 4.68191 4.57055 4.5535 4.65974 4.55136 4.64917 4.70671 4.51885 4.87847
4.31535 4.30822 4.31314 4.31006 4.30929 4.20658 4.2144 4.19765 4.20563 4.44264 4.44786 4.47288 4.43517 4.39265 4.36123 4.27303 4.4404 4.45489 4.4659 4.43221 4.31233 4.44468 4.40875 4.49801 4.44419 4.40379 4.44581 4.46043 4.46145 4.43297
8.22516 8.16304 8.2132 8.23285 8.17566 8.38748 8.39666 8.35553 8.3661 8.54226 7.71273 8.1266 7.78023 8.36659 8.36157 8.15536 8.15316 7.93113 7.69339 8.32431 7.91004 7.53719 8.04046 8.51573 7.70555 8.14769 7.77321 8.02052 7.75101 7.95874
92.0824 92.0904 92.0569 92.1469 92.2012 92.5434 92.657 92.5249 92.6508 92.2247 92.4072 92.2814 92.6049 92.3328 92.2403 92.1158 92.2682 92.2546 92.3028 92.5682 92.1781 92.5475 92.5733 92.0367 92.4816 92.8759 92.6548 92.3545 92.4152 92.2343
75.4873 75.436 75.516 75.4281 75.5899 75.6036 75.5425 75.5455 75.4771 75.4898 75.1409 75.3105 74.5955 75.172 75.515 75.34 75.3541 75.3166 75.4637 75.3429 75.3311 75.4573 75.2492 75.5009 75.2439 75.2922 75.1661 75.312 75.3485 75.4144
74.4641 74.567 74.5495 74.0926 74.1084 73.8359 74.1243 74.0269 73.7249 74.1523 73.4991 73.6613 73.0581 73.5362 73.9828 73.5251 73.8366 73.3201 73.2834 73.5811 73.7714 73.5756 72.9884 74.7735 73.5026 73.5388 73.4689 73.7164 73.6703 73.2231
83.2855 83.2898 83.2372 83.0939 83.1486 82.8775 83.1244 83.054 83.0317 83.2619 82.7246 82.8984 82.6652 82.8007 83.0297 82.8599 82.9195 82.9406 82.848 83.1904 83.2216 82.9247 82.6079 83.5646 82.8204 82.9696 82.8329 83.0147 82.9052 82.6947
66.7271 66.6779 66.6447 66.3833 66.5112 66.4359 66.4543 66.2012 66.282 66.3283 66.3934 66.6305 66.0273 66.3874 66.273 66.3561 66.2379 65.8702 65.966 66.0939 65.8059 66.2008 66.2392 66.1363 66.04 66.6982 66.1934 66.1273 66.1346 66.0391
137.148 137.407 137.095 137.402 137.304 137.885 138.012 137.921 137.809 138.006 136.207 136.508 136.208 137.868 138.167 136.77 137.213 136.517 136.621 138.513 136.996 137.267 136.121 138.595 136.124 138.602 136.344 136.707 136.794 136.806
12.8834 12.8396 12.5789 12.8391 12.4939 12.5815 12.5661 12.6789 12.4434 12.4639 12.8401 12.5001 13.1263 13.0759 12.4226 12.5152 13.0409 12.6655 13.1041 12.5775 13.0829 12.8727 12.7625 12.687 12.4469 12.5024 12.9483 13.0487 13.1502 12.6504
4.33671 4.18022 4.35852 5.05245 5.09801 3.71936 4.38189 4.25897 4.08152 4.46887 5.4694 5.26553 5.64675 4.8645 4.61695 5.27593 5.45086 5.70113 5.79264 5.48289 5.69745 5.74889 5.58364 5.7074 5.70772 5.67552 5.72475 5.76419 5.78925 5.51662
4.65572 4.71012 4.63479 4.59035 4.61385 4.21114 4.19062 4.18807 4.19806 4.58518 4.57984 4.60916 4.65608 4.57185 4.5816 4.62344 4.60044 4.58977 4.61207 4.59484 4.61352 4.61683 4.56968 4.68911 4.57843 4.58473 4.58122 4.62825 4.62008 4.63165
4.53285 4.5426 4.5392 4.5219 4.53336 4.4754 4.48198 4.46885 4.4593 4.5555 4.50787 4.51768 4.42752 4.49941 4.54086 4.52371 4.5192 4.5106 4.4788 4.50831 4.5217 4.5001 4.49094 4.60209 4.5312 4.52114 4.5155 4.53117 4.51566 4.50839
4.52812 4.51154 4.52613 4.48891 4.50432 4.38727 4.45355 4.43496 4.40973 4.43866 4.46197 4.46216 4.49199 4.46808 4.47372 4.4701 4.47485 4.49449 4.50134 4.50342 4.47982 4.51756 4.48459 4.49933 4.4969 4.48753 4.47772 4.49808 4.4972 4.48416
4.54944 4.52521 4.53375 4.45247 4.44025 4.4722 4.5237 4.50482 4.51018 4.69825 4.30392 4.38267 4.61753 4.68342 4.66487 4.61534 4.49771 4.788 4.6892 4.70425 4.67838 4.66418 4.36517 4.79569 4.55715 4.66932 4.43709 4.5368 4.61045 4.64601
4.30155 4.27742 4.30591 4.3492 4.3609 4.30116 4.23094 4.25331 4.25307 4.33499 4.27009 4.27539 4.28415 4.35606 4.42405 4.30695 4.28358 4.31555 4.29605 4.35287 4.24609 4.42134 4.28371 4.30502 4.28777 4.36696 4.27547 4.28361 4.28246 4.28091
7.89687 7.84718 7.89616 7.69282 7.84666 7.802 7.83115 7.80073 7.79425 7.87554 7.29545 7.59626 7.3488 7.85225 8.00874 7.79517 7.55887 7.38562 7.44167 7.93334 7.40372 7.64116 7.37792 7.9541 7.32456 7.92219 7.35004 7.3962 7.45225 7.69416
147.932 147.803 147.803 148.076 147.583 148.563 148.515 148.614 147.756 147.456 148.188 147.05 148.521 148.198 147.56 147.961 148.687 148.689 147.671 147.598 148.013 147.378 148.543 145.841 147.914 147.023 147.859 147.837 147.722 148.075
93.8246 93.8898 93.877 93.8381 93.9048 93.9285 93.8707 93.788 93.6233 93.7796 94.0093 94.2185 93.8838 94.0133 94.1056 94.1337 93.9903 94.0241 93.9498 94.1557 93.9926 94.1793 93.9662 93.7503 93.9793 94.0142 94.0142 94.1475 94.0645 94.2367
75.4602 75.4133 75.3938 75.451 75.4263 74.8393 74.8666 74.928 74.884 75.1469 75.1779 75.168 75.2503 75.1169 75.0816 75.107 75.2419 75.0916 75.5388 75.2291 75.1199 75.351 75.2295 75.2886 75.1575 75.0989 75.0827 75.1183 75.1922 75.0718
72.0643 72.0184 72.1778 72.1073 72.0706 72.8619 72.9389 72.9751 72.8262 72.4782 72.4754 72.1769 72.4859 72.3603 72.3682 72.4561 72.306 72.3298 72.1497 72.1202 72.3866 72.3984 72.4655 72.1961 72.5177 72.3151 72.2834 72.2912 72.5115 72.3416
82.9567 82.8901 82.9072 82.971 82.8488 82.871 82.7479 82.7746 82.7719 82.9949 82.9491 82.8582 82.8852 82.8465 82.9869 82.9288 82.9026 82.8426 82.8463 82.8034 82.8913 82.7184 82.8971 82.8947 82.8726 82.8695 82.9208 82.7733 82.8797 82.8604
96.1847 96.1229 96.9892 96.3142 96.7046 98.1261 97.3224 97.2735 96.5444 96.5008 96.3899 95.6821 96.4096 96.528 96.4077 96.4225 96.4762 96.2359 96.2776 96.1757 96.2639 96.5757 96.3517 96.8032 96.4133 96.3472 96.2788 96.6351 96.5259 96.4706
65.244 65.253 65.1501 65.2341 65.1013 65.0192 64.9266 64.8893 64.9161 65.0425 65.0632 65.2873 65.1181 65.0878 65.1408 65.1515 65.1156 65.0461 65.0877 65.1859 65.0765 65.0566 65.0616 64.964 65.0412 65.193 65.082 65.0879 65.1988 65.1675
141.453 141.532 141.455 141.439 141.447 141.118 140.965 140.896 140.92 141.321 140.95 141.077 141.15 141.169 141.153 141.152 141.146 141.012 141.161 141.172 141.229 141.149 141.022 141.255 140.92 141.223 141.021 140.981 141.068 141.132
5.53758 5.54684 5.5468 5.53284 5.53852 5.49211 5.47475 5.47974 5.45922 5.56451 5.57193 5.56327 5.58571 5.56144 5.55402 5.56111 5.58688 5.56549 5.61984 5.58119 5.58016 5.62272 5.56568 5.5773 5.54857 5.56656 5.57926 5.60313 5.59694 5.57251
4.43857 4.43957 4.4087 4.39827 4.41959 4.20238 4.14014 4.10072 4.11605 4.4165 4.3941 4.42454 4.42095 4.37608 4.39528 4.38274 4.39583 4.38101 4.41565 4.40685 4.39237 4.43323 4.4024 4.41385 4.36712 4.39296 4.41155 4.38705 4.39322 4.38554
4.41002 4.41795 4.41843 4.40673 4.41541 4.38446 4.39286 4.41122 4.41215 4.42596 4.42392 4.43288 4.41342 4.42139 4.43022 4.42491 4.4224 4.42443 4.42752 4.42494 4.43148 4.42685 4.42183 4.43545 4.41583 4.41663 4.42425 4.43033 4.4297 4.42103
4.34741 4.34698 4.34804 4.34456 4.35153 4.36062 4.33715 4.35629 4.35544 4.39602 4.39611 4.38273 4.39221 4.4006 4.38745 4.38778 4.40932 4.39489 4.40994 4.39273 4.39916 4.39805 4.3927 4.40063 4.39058 4.38877 4.40393 4.40628 4.40917 4.39244
4.99549 4.9944 5.07053 4.98972 5.23951 5.37507 5.25041 5.27471 5.2419 5.07354 5.04692 4.89403 4.99123 5.10342 5.10416 5.1198 5.14561 5.04697 5.10072 4.99336 5.07475 5.0673 5.08153 5.07522 5.06492 5.0327 4.94301 5.09762 5.11014 5.1395
4.43636 4.42599 4.39665 4.40841 4.45995 4.42216 4.40774 4.37621 4.3927 4.53694 4.49291 4.46809 4.62019 4.47245 4.43405 4.45456 4.48362 4.50693 4.54313 4.49907 4.48602 4.52348 4.49869 4.55504 4.48309 4.50029 4.4876 4.47485 4.49481 4.47158
4.20077 4.19934 4.20508 4.20336 4.20891 4.15065 4.15969 4.16548 4.15588 4.50749 4.52612 4.51911 4.49212 4.54034 4.51878 4.50716 4.5266 4.52035 4.53898 4.52331 4.52284 4.52596 4.52798 4.51011 4.51977 4.51302 4.53425 4.53686 4.54695 4.51855
7.58695 7.61266 7.59975 7.60515 7.59562 7.57105 7.5467 7.57779 7.60135 7.61098 7.60001 7.55673 7.57447 7.64217 7.62071 7.62679 7.64544 7.60567 7.64296 7.62738 7.62876 7.64403 7.60235 7.60559 7.62134 7.61031 7.61439 7.6409 7.63491 7.63728
93.8772 93.8649 93.8853 93.7754 93.851 93.9152 93.8919 93.8189 93.8369 93.6731 93.8523 93.8736 93.8756 93.8498 93.96 93.779 93.709 93.9119 93.7134 93.9017 93.8246 93.8034 93.6841 93.6462 93.6587 93.7651 93.9449 93.9904 93.9374 93.9871
76.1822 76.0983 76.1708 76.0764 76.0243 75.3024 75.3165 75.293 75.2362 75.6665 75.6838 75.7426 75.6603 75.656 75.6999 75.5874 75.7157 75.5461 75.6043 75.6341 75.6228 75.5529 75.6448 75.6966 75.7058 75.6768 75.6834 75.6517 75.9556 75.6924
72.2823 72.2145 72.3682 72.4258 72.2465 73.2582 73.1109 72.7177 73.5421 71.9117 71.9147 71.804 71.7938 72.0773 71.8984 72.0107 71.4043 72.2042 72.0351 72.2546 71.9605 71.9538 72.0542 72.2652 71.9444 72.1159 72.2388 71.712 71.8084 71.7946
82.6982 82.7004 82.7411 82.8373 82.7593 82.8452 82.7927 82.964 83.0254 82.3971 82.3768 82.3231 82.3427 82.3595 82.2008 82.4323 82.4209 82.3612 82.4308 82.3369 82.3884 82.3167 82.3668 82.7309 82.4337 82.3626 82.3097 82.2183 82.1726 82.1516
104.442 104.395 104.659 104.638 104.434 104.523 104.091 104.123 104.113 103.274 103.054 103.242 103.325 103.141 102.981 103.297 102.965 103.146 103.234 103.262 103.319 103.05 103.271 103.694 103.236 103.275 102.984 103.234 102.909 103.188
64.6281 64.6623 64.6712 64.6242 64.6349 64.8762 64.6838 64.7107 64.7736 64.6532 64.6712 64.7661 64.6208 64.6774 64.6796 64.6852 64.6571 64.7104 64.5427 64.7296 64.6151 64.6077 64.6733 64.6325 64.6568 64.6905 64.7238 64.6386 64.629 64.717
142.196 142.151 142.161 142.22 142.119 142.12 142.07 142.075 142.154 141.97 141.871 141.97 141.962 141.921 141.904 141.945 141.933 141.912 142.039 141.961 141.973 142.02 141.966 142.409 141.896 142.003 141.963 141.85 141.844 141.903
5.63314 5.62878 5.644 5.63219 5.63159 5.59628 5.58876 5.5905 5.57855 5.57856 5.58889 5.58015 5.59414 5.57439 5.57598 5.56531 5.58102 5.57464 5.58367 5.58094 5.56929 5.59126 5.57871 5.54059 5.56474 5.57216 5.5839 5.58646 5.59057 5.58548
4.38006 4.38662 4.37888 4.38357 4.39428 4.23796 4.25638 4.26186 4.23461 4.42226 4.39945 4.40851 4.41924 4.40908 4.3945 4.41614 4.39166 4.40086 4.38513 4.38385 4.39346 4.40938 4.40947 4.39038 4.4316 4.41415 4.38092 4.44479 4.39362 4.41414
14.2828 14.28 14.2135 14.1861 14.3209 14.2843 14.5402 14.2445 14.4743 14.005 13.8985 13.9695 13.9636 13.9351 13.8429 13.8847 13.9651 13.8749 13.8627 13.9566 13.9226 13.9624 13.9059 13.8521 13.9317 13.9709 13.906 14.0771 14.0321 13.9276
4.50508 4.50304 4.50213 4.49832 4.50426 4.47951 4.47901 4.48356 4.47521 4.61281 4.61982 4.62096 4.62495 4.60585 4.61781 4.61276 4.63306 4.60877 4.63246 4.61145 4.61966 4.62519 4.61762 4.59227 4.60725 4.60962 4.62025 4.60238 4.61749 4.60882
4.41101 4.40878 4.41376 4.41062 4.40731 4.39322 4.40518 4.39921 4.39958 4.4461 4.44374 4.44502 4.44845 4.44541 4.45404 4.44067 4.43533 4.45028 4.44743 4.44886 4.44689 4.45355 4.45308 4.43234 4.43953 4.44581 4.45035 4.44181 4.44957 4.45084
5.54616 5.54151 5.54471 5.54686 5.53699 5.41695 5.36386 5.33141 5.33046 5.36493 5.35611 5.40076 5.37974 5.35985 5.36384 5.36793 5.36387 5.3516 5.37825 5.3537 5.3685 5.34271 5.3677 5.39167 5.36439 5.36012 5.34685 5.35869 5.36026 5.36897
4.43471 4.4211 4.42295 4.44804 4.4416 4.21847 4.20532 4.20292 4.22167 4.53756 4.5095 4.53507 4.53923 4.50414 4.46448 4.51073 4.5193 4.50546 4.60736 4.53915 4.51922 4.54203 4.52515 4.4329 4.51843 4.52046 4.4947 4.50976 4.47979 4.47886
4.19539 4.19695 4.19652 4.19126 4.19728 4.22445 4.20986 4.20867 4.20407 4.30589 4.31352 4.30597 4.32097 4.31155 4.30816 4.30677 4.3176 4.31273 4.31379 4.30813 4.3121 4.32312 4.31145 4.27724 4.30548 4.30888 4.31624 4.31481 4.3178 4.3128
7.88732 7.90048 7.89383 7.89501 7.90221 7.89409 7.90095 7.89725 7.89267 7.86562 7.85905 7.87115 7.86503 7.8513 7.86593 7.85847 7.87323 7.86668 7.8612 7.84424 7.86095 7.865 7.86131 7.82086 7.85832 7.85864 7.84967 7.85083 7.83984 7.86082
162.642 162.91 162.445 162.331 163.082 162.757 162.384 162.52 162.858 161.896 161.381 162.017 161.957 161.04 161.069 161.507 162.202 161.037 161.463 161.332 161.459 161.732 161.443 161.008 161.363 161.368 161.215 161.306 160.537 160.85
93.0963 93.0958 93.105 93.0198 92.9736 92.8688 92.8677 92.9037 92.8656 92.8701 92.8711 92.8232 92.9753 92.8714 92.8556 92.8223 92.7438 92.8743 92.8482 92.8049 92.8067 92.875 92.8335 92.9704 92.8328 92.827 92.8744 93.0958 92.9017 92.8645
77.1303 77.1307 77.1256 77.1848 77.2048 76.9876 76.9319 76.9835 77.0362 76.8823 76.9584 76.9989 76.9248 76.9568 76.9863 76.9799 76.993 76.9221 77.0279 76.937 76.9869 76.9205 76.9429 76.8711 76.9808 76.9879 76.9963 76.6665 76.9421 76.9654
70.2889 70.2576 70.2605 70.3526 70.3813 70.7768 70.4628 70.5257 70.5061 70.1071 69.9834 70.119 69.9649 70.1652 70.0526 70.085 69.7704 70.21 70.0317 70.1489 70.1032 70.0906 70.2225 69.9252 70.2076 70.2605 70.128 69.6248 70.1311 70.2143
82.2347 82.28 82.2818 82.5019 82.6198 82.7196 82.7857 82.7038 82.6548 82.5546 82.623 82.532 82.5023 82.5057 82.5533 82.5515 82.624 82.5961 82.5697 82.5556 82.5739 82.5707 82.6234 82.38 82.5153 82.4725 82.5035 82.3552 82.2166 82.5649
99.2792 98.9714 99.2196 98.8743 98.5537 98.669 98.5968 98.585 98.7665 97.8347 97.6682 97.9827 97.9114 98.1129 98.0978 97.9404 97.4706 97.7154 97.94 98.0189 97.9597 97.7656 97.8479 97.9681 98.1468 98.3783 98.2857 99.2622 98.6322 97.8952
65.31 65.3893 65.2838 65.1198 64.9163 65.1115 64.8536 65.0246 65.1061 65.2391 65.2115 65.2952 65.2952 65.1863 65.2363 65.2447 65.0561 65.1911 65.3019 65.1227 65.3383 65.2403 65.1734 65.2633 65.2274 65.1743 65.2353 65.0144 65.4066 65.1869
142.213 142.197 142.206 142.262 142.172 142.165 141.979 141.953 141.944 142.164 142.187 142.199 142.186 142.153 142.04 142.139 142.166 142.234 142.149 142.132 142.15 142.179 142.196 142.166 142.145 142.145 142.059 142.671 142.002 142.233
5.65857 5.64786 5.64783 5.6503 5.6536 5.63949 5.63035 5.63177 5.64454 5.64787 5.64886 5.65577 5.65042 5.64687 5.64919 5.647 5.65194 5.64673 5.64493 5.65309 5.64799 5.64394 5.64621 5.63091 5.64293 5.65191 5.64395 5.6506 5.64314 5.6499
4.18456 4.16515 4.1954 4.16688 4.16413 4.09359 4.09022 4.07715 4.08785 4.17821 4.17958 4.17554 4.19038 4.1745 4.16698 4.17405 4.18894 4.17753 4.17357 4.16739 4.16577 4.18294 4.17532 4.1893 4.17151 4.16831 4.1705 4.3106 4.15954 4.17709
4.32167 4.32067 4.32089 4.32539 4.3183 4.33045 4.32444 4.32543 4.32383 4.33366 4.33446 4.33868 4.33301 4.32717 4.33319 4.33165 4.32754 4.33328 4.33316 4.33607 4.33621 4.33324 4.32995 4.3267 4.3265 4.32893 4.33595 4.29312 4.33353 4.33037
4.36232 4.35663 4.35826 4.35475 4.34949 4.31661 4.32021 4.32626 4.33362 4.38038 4.38167 4.38177 4.38753 4.38258 4.3907 4.38533 4.38848 4.37851 4.38862 4.38017 4.38463 4.38246 4.37885 4.38262 4.38369 4.3852 4.3929 4.3441 4.39264 4.3761
5.74801 5.74399 5.74814 5.74432 5.74214 5.7475 5.7368 5.72318 5.71106 5.62454 5.62837 5.63139 5.61634 5.61917 5.62088 5.62204 5.60634 5.64006 5.62667 5.64054 5.62508 5.62337 5.64118 5.6064 5.61994 5.61829 5.62631 5.64789 5.60107 5.62115
4.32649 4.35558 4.308 4.22957 4.18697 4.2427 4.2844 4.31432 4.29196 4.45376 4.43652 4.4566 4.46043 4.4515 4.47272 4.456 4.39922 4.42586 4.47604 4.42964 4.48944 4.45287 4.43907 4.45612 4.47193 4.4643 4.46608 4.47135 4.58042 4.42995
4.17499 4.16928 4.17192 4.17339 4.16786 4.1297 4.13959 4.14099 4.12847 4.49821 4.50804 4.50144 4.5047 4.49616 4.4995 4.49678 4.51113 4.49722 4.50412 4.50259 4.50168 4.501 4.49533 4.50583 4.49012 4.48691 4.50305 4.56954 4.50633 4.49032
7.84698 7.85859 7.85495 7.87344 7.88306 7.81498 7.80366 7.80935 7.80829 7.87841 7.89196 7.87629 7.88863 7.86801 7.86338 7.87036 7.89939 7.88457 7.88087 7.87209 7.87071 7.88466 7.87635 7.89389 7.8633 7.85706 7.86334 7.91235 7.84823 7.87661
