12.1338 12.2283 12.2585 12.1371 12.5288 12.3918 12.3121 12.3621 12.3236 12.3748 12.2831 12.3183 12.2604 12.286 12.327 12.304 12.2869 12.3285 12.3316 12.3414 12.4042 12.265 12.3175 12.3115 12.3656 12.4183 12.3526 12.3473 12.36 12.3257
5.7302 5.72736 5.72611 5.75346 5.7049 5.88652 5.89761 5.90316 5.90076 5.89143 5.90795 5.89782 5.89654 5.89361 5.90135 5.89976 5.89959 5.92168 5.89713 5.89539 5.90432 5.89656 5.90415 5.91366 5.88736 5.88423 5.88118 5.8995 5.92068 5.90128
4.66205 4.6448 4.65707 4.76103 4.35814 4.62846 4.72606 4.64503 4.72936 4.6331 4.69192 4.70134 4.7216 4.69636 4.66277 4.69172 4.71606 4.59531 4.67822 4.71499 4.67821 4.74524 4.70793 4.68214 4.68156 4.65883 4.68603 4.66013 4.60502 4.64089
4.59283 4.58611 4.57694 4.58659 4.49943 4.60092 4.62082 4.58874 4.64106 4.61874 4.59316 4.62143 4.65143 4.60645 4.62374 4.61273 4.63985 4.62573 4.62086 4.67716 4.65278 4.68047 4.59329 4.61766 4.6846 4.64953 4.62255 4.64684 4.61108 4.63185
4.51516 4.5156 4.52238 4.52551 4.47001 4.52767 4.53891 4.52778 4.53771 4.52075 4.55138 4.53907 4.54443 4.5318 4.52339 4.52291 4.53036 4.51496 4.53404 4.52881 4.49784 4.52868 4.53138 4.52258 4.53318 4.51893 4.54014 4.5266 4.52001 4.52459
4.30893 4.30977 4.30084 4.23745 4.26354 4.72509 4.73162 4.72569 4.73475 4.71914 4.71913 4.72952 4.73295 4.72755 4.72159 4.72291 4.72927 4.70865 4.71276 4.72553 4.7192 4.7355 4.71919 4.71615 4.73159 4.73084 4.73838 4.71295 4.71224 4.70736
4.3414 4.37071 4.23468 4.33415 4.2338 4.30579 4.31121 4.31266 4.31351 4.30782 4.31192 4.30507 4.32041 4.30671 4.30549 4.30987 4.30865 4.31442 4.30065 4.30627 4.29743 4.28924 4.30931 4.30793 4.36117 4.29556 4.3168 4.29581 4.30542 4.30042
8.12826 8.12986 8.19136 8.17819 7.84633 8.02825 8.1036 7.94318 8.08354 8.03553 8.03722 8.00852 8.24198 7.98963 8.01476 8.04061 8.03389 8.04224 8.15936 8.1103 7.98971 8.07732 8.03669 7.99343 8.07478 8.0362 8.16408 8.08444 7.95969 8.08007
13.4793 13.4169 13.3634 13.4672 12.9601 13.0053 12.96 12.956 12.9236 13.07 13.0321 12.9204 12.9652 12.991 13.0128 12.9575 12.9737 13.0278 13.0676 13.0364 13.0078 12.9222 12.9846 13.0316 12.9884 12.9738 12.9442 13.0979 13.0314 13.0189
5.74142 5.72117 5.72161 5.83712 5.69242 5.87589 5.8871 5.88311 5.87828 5.90009 5.90198 5.88499 5.8823 5.88466 5.88302 5.87848 5.88936 5.85358 5.93813 5.8869 5.87563 5.89128 5.88805 5.90553 5.9115 5.86879 5.87815 5.9202 5.85425 5.89494
4.58353 4.58209 4.53039 4.62161 4.25153 4.56949 4.58298 4.55606 4.58932 4.62463 4.64539 4.59227 4.61245 4.63077 4.62383 4.61013 4.61577 4.63261 4.735 4.60585 4.63601 4.58702 4.62242 4.62878 4.6259 4.61239 4.58799 4.63356 4.56693 4.65255
4.60211 4.5958 4.60395 4.60629 4.52034 4.54166 4.59387 4.58304 4.58507 4.60619 4.55736 4.60003 4.60575 4.60224 4.58463 4.58737 4.594 4.57819 4.64545 4.60393 4.58312 4.6161 4.5877 4.60034 4.61889 4.59121 4.59825 4.62056 4.56666 4.59018
4.49493 4.49017 4.50176 4.49147 4.44879 4.51746 4.52039 4.49651 4.52786 4.5231 4.50787 4.52455 4.52132 4.51518 4.52764 4.5182 4.51819 4.50844 4.5133 4.52774 4.52362 4.53468 4.51689 4.52798 4.51221 4.5278 4.52966 4.52202 4.53498 4.52103
4.47838 4.46313 4.46555 4.46265 4.41861 4.70611 4.70191 4.71649 4.70084 4.74441 4.70104 4.72031 4.68802 4.72116 4.73272 4.69763 4.72969 4.7789 4.6856 4.70899 4.73406 4.72878 4.69856 4.73467 4.78487 4.70666 4.71942 4.76446 4.65546 4.72721
7.33082 7.35857 7.35677 7.32576 7.41232 7.59795 7.49402 7.56386 7.48256 7.60977 7.49866 7.4871 7.50843 7.49476 7.51243 7.51729 7.45862 7.75522 7.45796 7.47458 7.52349 7.56109 7.49264 7.47298 7.45515 7.68362 7.49517 7.51383 7.82577 7.56621
5.49902 5.49326 5.47879 5.52464 5.52408 5.57983 5.56944 5.57289 5.59524 5.59134 5.60492 5.5857 5.58585 5.60683 5.58231 5.5937 5.57259 5.63976 5.623 5.57362 5.59196 5.61619 5.61405 5.62434 5.6024 5.57551 5.57018 5.64566 5.58499 5.6879
4.46315 4.47617 4.46264 4.4692 4.20346 4.47499 4.46398 4.44758 4.38593 4.45813 4.46537 4.44148 4.45764 4.42463 4.46406 4.42344 4.48946 4.3895 4.48516 4.51522 4.48876 4.394 4.47765 4.42352 4.49022 4.46692 4.46993 4.42399 4.441 4.43551
4.467 4.45256 4.46958 4.46295 4.50929 4.51067 4.49759 4.50464 4.50866 4.52012 4.49331 4.48484 4.50475 4.49666 4.50861 4.49371 4.51389 4.51689 4.51672 4.33527 4.50785 4.52427 4.49903 4.51296 4.47769 4.51467 4.50686 4.54895 4.50462 4.50696
4.32244 4.32006 4.31624 4.32494 4.30598 4.35676 4.36309 4.38235 4.35913 4.36842 4.33505 4.36419 4.37279 4.36101 4.3597 4.36069 4.35939 4.38532 4.35331 4.31128 4.36061 4.36083 4.36251 4.36636 4.36004 4.36319 4.36162 4.37826 4.36889 4.38128
4.96628 5.06761 4.99646 5.05347 5.19753 5.00862 5.05755 5.16663 5.06841 5.08479 5.22393 5.01412 5.15772 5.13635 5.06144 5.10599 5.04594 5.13916 5.14589 5.20106 5.0318 4.98865 5.15272 5.10731 5.05214 5.09381 5.00577 5.07954 5.11089 5.27225
4.19083 4.1642 4.20601 4.17485 4.1624 4.50228 4.51267 4.53662 4.51997 4.52945 4.49633 4.50788 4.51617 4.51361 4.51013 4.50847 4.5183 4.51844 4.4889 4.6041 4.50517 4.5109 4.50146 4.52127 4.46141 4.52337 4.51199 4.5049 4.51539 4.50154
7.55404 7.55404 7.52318 7.57051 7.57386 7.55969 7.56214 7.5782 7.54429 7.583 7.59265 7.54247 7.57214 7.56471 7.56923 7.56793 7.55454 7.63273 7.66035 7.61295 7.58001 7.54351 7.5938 7.60162 7.49351 7.58317 7.5475 7.57035 7.58833 7.64438
5.98246 5.99176 5.97671 6.00097 5.94512 6.47664 6.46599 6.45254 6.4765 6.46052 6.48662 6.48513 6.45461 6.46698 6.45999 6.48467 6.45863 6.48105 6.52679 6.4575 6.46833 6.49092 6.47486 6.45688 6.48959 6.46703 6.46663 6.47971 6.4588 6.36382
7.3496 7.34547 7.35089 7.33297 7.20799 6.69456 6.68234 6.81575 6.76131 6.7647 6.70053 6.75435 6.72559 6.87561 6.77912 6.71063 6.69582 6.52023 6.83034 6.87153 6.63851 6.81257 6.70213 6.72551 6.65271 6.75345 6.73959 6.94553 6.77948 6.62258
4.74599 4.7456 4.74413 4.74757 4.5046 4.71827 4.74559 4.6418 4.66591 4.72062 4.70431 4.64519 4.73366 4.64048 4.73269 4.71232 4.71674 4.69601 4.71629 4.74283 4.73851 4.60759 4.64829 4.64771 4.71967 4.77052 4.73799 4.66178 4.72445 4.67556
4.68773 4.68322 4.69209 4.67567 4.62971 4.82063 4.83551 4.85102 4.81812 4.84029 4.82534 4.75608 4.84372 4.81632 4.84599 4.82581 4.8488 4.78373 4.89004 4.87315 4.83107 4.79033 4.83872 4.79563 4.81904 4.83817 4.85344 4.85933 4.85038 4.85117
4.49597 4.49632 4.49456 4.50073 4.47273 4.60075 4.603 4.5998 4.61169 4.60677 4.60867 4.61013 4.61114 4.61215 4.60972 4.6112 4.60938 4.61274 4.61783 4.60992 4.60725 4.60846 4.6041 4.61486 4.6098 4.60798 4.6108 4.61865 4.60073 4.65515
4.28387 4.28492 4.27843 4.29226 4.26341 4.48398 4.47894 4.47831 4.45891 4.4854 4.4872 4.48151 4.48908 4.48671 4.48391 4.47546 4.48822 4.50991 4.50041 4.47804 4.48974 4.45861 4.48261 4.51599 4.47983 4.49575 4.48708 4.46572 4.48211 4.46439
8.16903 8.23825 8.12236 8.21623 7.89927 7.87156 7.92601 7.907 8.00659 7.91778 7.8902 8.04293 7.88814 7.98007 7.91137 8.01849 7.92526 7.83753 7.95983 7.84814 7.89639 7.92589 7.87733 7.96387 7.83559 7.91456 7.92643 7.84575 7.94649 8.02058
12.6432 12.6456 12.6544 12.6804 12.485 12.2314 12.2507 12.2421 12.3194 12.327 12.297 12.2728 12.2364 12.2899 12.3068 12.2919 12.4119 12.1948 12.2589 12.3067 12.2691 12.6563 12.2685 12.392 12.2797 12.3105 12.2711 12.3122 12.2989 12.4404
5.51974 5.51543 5.52029 5.52034 5.52137 5.74587 5.74005 5.69844 5.78356 5.75753 5.7762 5.75029 5.73958 5.7511 5.75174 5.75946 5.75506 5.74414 5.61561 5.75744 5.74717 5.78143 5.74 5.76943 5.75422 5.73597 5.78323 5.76511 5.7435 5.78267
4.63962 4.63727 4.62657 4.6346 4.40772 4.65482 4.6481 4.66027 4.58734 4.64849 4.62085 4.66996 4.65187 4.65081 4.66327 4.66534 4.65634 4.6687 4.61687 4.65323 4.65909 4.6348 4.66804 4.70686 4.6411 4.66516 4.58296 4.64642 4.62208 4.67523
4.59775 4.59747 4.60014 4.59413 4.48884 4.53861 4.57161 4.61558 4.59108 4.56127 4.52512 4.56161 4.55331 4.60349 4.56484 4.56904 4.57755 4.58597 4.5568 4.57621 4.55803 4.62217 4.63566 4.61169 4.55893 4.57465 4.57682 4.60968 4.56022 4.60771
4.46933 4.46682 4.46792 4.46779 4.44092 4.46814 4.47836 4.47728 4.47857 4.47708 4.48943 4.48102 4.47289 4.47255 4.47033 4.47582 4.47418 4.47694 4.58052 4.48023 4.46776 4.47944 4.4603 4.48319 4.47679 4.47822 4.47541 4.49575 4.46525 4.48226
4.32035 4.31853 4.32074 4.3211 4.28568 4.34228 4.35312 4.47504 4.33538 4.34639 4.34403 4.32849 4.35452 4.33939 4.34549 4.33204 4.34691 4.40595 4.56185 4.34144 4.35265 4.39061 4.40423 4.46316 4.34853 4.35407 4.34189 4.58053 4.33266 4.40135
7.51784 7.4669 7.53379 7.48431 7.30676 7.25793 7.34642 7.58512 7.19166 7.31853 7.29669 7.13008 7.3468 7.1278 7.33769 7.22126 7.32205 7.26218 7.87152 7.36203 7.31086 7.26838 7.49262 7.36916 7.30048 7.3347 7.33817 7.52991 7.35818 7.35051
5.94433 5.94881 5.94351 5.96147 5.88051 6.45288 6.40891 6.42247 6.47009 6.42895 6.43608 6.43498 6.3996 6.42574 6.40075 6.41877 6.39173 6.44574 6.41499 6.39698 6.41244 5.88599 6.41641 6.42785 6.40853 6.39553 6.45288 6.47213 6.41684 6.41121
7.6572 7.64458 7.69835 7.62176 7.80519 7.28533 7.22481 7.33923 7.24174 7.29314 7.29977 7.20849 7.28213 7.30274 7.26491 7.36828 7.299 7.23749 7.24628 7.28008 7.25432 7.18811 7.30902 7.29093 7.22292 7.30707 7.32331 7.43322 7.42127 7.54984
4.58342 4.58359 4.55887 4.58357 4.33323 4.6348 4.60586 4.64616 4.61281 4.64765 4.64558 4.63913 4.64137 4.63265 4.63536 4.62732 4.64104 4.6473 4.65066 4.62847 4.64497 4.62591 4.63481 4.64382 4.66002 4.64504 4.57683 4.52635 4.57757 4.65309
4.60823 4.60556 4.61541 4.60153 4.59866 4.76335 4.80305 4.75463 4.75266 4.76679 4.75089 4.78153 4.7961 4.7614 4.78968 4.74999 4.80164 4.8041 4.76064 4.78764 4.7717 4.82293 4.75923 4.74339 4.79945 4.78823 4.75515 4.74101 4.76578 4.79443
4.36528 4.36301 4.36269 4.36814 4.33958 4.55032 4.55126 4.53684 4.50881 4.56014 4.55555 4.55374 4.55278 4.54516 4.54615 4.56012 4.54469 4.57683 4.53707 4.53953 4.55192 4.50036 4.56022 4.51692 4.54797 4.55531 4.49515 4.58976 4.55933 4.53408
7.69692 7.7136 7.68185 7.73463 7.90617 7.75164 7.7671 7.66129 7.84389 7.71294 7.72435 7.68871 7.75092 7.67149 7.74269 7.70898 7.73665 7.68688 7.7083 7.75062 7.73112 8.12673 7.6282 7.58095 7.7446 7.72908 7.8324 7.67858 7.75663 7.83021
5.44484 5.44892 5.43784 5.45665 5.47178 5.47102 5.4587 5.44579 5.4856 5.46971 5.45713 5.47665 5.45054 5.46418 5.45303 5.39783 5.44656 5.47228 5.46553 5.46816 5.47639 5.48898 5.4767 5.45416 5.4804 5.45514 5.45637 5.48789 5.46257 5.24965
4.39787 4.38009 4.38535 4.3844 4.3556 4.39721 4.38606 4.32904 4.40704 4.38774 4.3975 4.39204 4.40269 4.39841 4.4011 4.31894 4.40334 4.43147 4.38525 4.39802 4.37692 4.43684 4.40249 4.38955 4.47228 4.32228 4.27609 4.33002 4.44258 4.34568
14.3725 14.4036 14.4001 14.3948 13.6252 13.6905 13.5923 13.7421 13.7211 13.7059 13.6012 13.6115 13.5148 13.5717 13.5763 13.495 13.5765 13.6058 13.5722 13.5404 13.585 13.4543 13.6557 13.7363 13.9014 13.6581 13.543 13.6439 13.647 13.711
4.45025 4.45053 4.45124 4.45703 4.41397 4.53163 4.55099 4.52531 4.54478 4.54319 4.54742 4.55493 4.54192 4.54405 4.53828 4.53277 4.53221 4.55412 4.5453 4.52685 4.55805 4.50408 4.54731 4.52156 4.52223 4.54146 4.55084 4.51727 4.5017 4.50505
5.20598 5.1832 5.26461 5.15069 5.30371 5.11379 5.12605 5.16317 4.99683 5.11214 5.14478 5.07025 5.0534 5.06345 5.06422 5.3421 5.0849 5.05432 5.11826 5.04539 5.13217 5.50896 5.22006 4.9994 5.01642 5.20675 4.99959 5.38014 5.59878 5.53171
4.29632 4.30045 4.29604 4.30613 4.27642 4.40193 4.39935 4.39108 4.39689 4.3906 4.38308 4.3865 4.38824 4.39113 4.38843 4.35879 4.38898 4.38964 4.39077 4.38744 4.40344 4.27412 4.46559 4.38306 4.39552 4.38964 4.42102 4.40149 4.30926 4.38155
7.73122 7.73119 7.76128 7.70606 7.60965 7.51563 7.53054 7.50641 7.46793 7.52001 7.53049 7.47131 7.52765 7.501 7.49365 7.58281 7.51453 7.53273 7.48507 7.50063 7.5236 7.62571 7.60126 7.45748 7.5525 7.50032 7.43698 7.83808 7.8371 7.69385
5.50683 5.51291 5.50429 5.50732 5.64214 5.56326 5.72253 5.5591 5.55447 5.55748 5.54877 5.57528 5.55438 5.55156 5.55555 5.61901 5.54881 5.56074 5.57404 5.56453 5.85501 5.57955 5.58379 5.54555 5.66159 5.5691 5.56087 5.58529 5.60646 5.54943
4.37714 4.37946 4.36695 4.37579 4.34182 4.41061 4.0324 4.39501 4.44568 4.37426 4.40085 4.40303 4.43047 4.40492 4.37624 4.37612 4.45034 4.38695 4.40022 4.393 4.21925 4.46221 4.38353 4.43347 4.27512 4.37699 4.35539 4.49462 4.32639 4.44377
13.9221 13.7549 13.8977 13.8292 13.5327 13.5599 13.0799 13.5445 13.611 13.4762 13.5029 13.5787 13.517 13.4797 13.4416 13.5773 13.5243 13.5692 13.4918 13.3915 13.2508 13.7719 13.5005 13.7125 13.3308 13.2392 13.3193 13.3466 13.5069 12.5701
4.50001 4.48928 4.49259 4.49861 4.4883 4.62627 4.63341 4.59525 4.63485 4.61191 4.63366 4.62948 4.62827 4.6297 4.63728 4.63224 4.63343 4.63427 4.63319 4.62579 4.55951 4.62284 4.65066 4.62906 4.58823 4.60555 4.62076 4.59975 4.59991 4.60299
4.44917 4.44852 4.44698 4.44577 4.46095 4.46415 4.49525 4.5008 4.47918 4.48082 4.48479 4.47298 4.46127 4.4716 4.49415 4.47576 4.49766 4.48639 4.47792 4.46823 4.49945 4.46761 4.47279 4.46757 4.54635 4.45026 4.46029 4.45512 4.45052 4.5292
5.47926 5.50228 5.51695 5.46529 5.60024 5.51735 5.60653 5.4974 5.49878 5.53148 5.5368 5.55905 5.55204 5.5612 5.55755 5.48835 5.56549 5.53941 5.55564 5.53977 5.5811 5.55274 5.47761 5.55865 5.57261 5.70268 5.61337 5.66657 5.6203 5.37863
4.31155 4.30311 4.30241 4.31162 4.29536 4.3847 4.30504 4.37157 4.40736 4.36301 4.37871 4.36423 4.37778 4.38646 4.38207 4.33421 4.38293 4.39646 4.39153 4.37102 4.40966 4.37495 4.41912 4.37372 4.34677 4.34431 4.33676 4.34475 4.3124 4.38135
7.94975 7.94573 7.95209 7.95899 7.96845 7.97007 8.02342 7.90125 7.95017 7.91545 7.97536 8.00135 7.9937 7.98798 7.98123 7.91939 7.95699 7.97001 7.98967 7.96636 7.98432 7.95361 7.84036 7.94299 7.79298 7.98212 7.96613 7.96632 7.93822 7.89259
5.49658 5.50006 5.4986 5.50441 5.60984 5.58269 5.62702 5.62245 5.55158 5.60024 5.59949 5.57133 5.57076 5.60192 5.65628 5.58812 5.57223 5.56541 5.56365 5.73559 5.7006 5.62356 5.61672 5.54482 5.67274 5.68968 5.56371 5.59888 5.65727 5.66545
4.46864 4.47811 4.4668 4.48011 4.1732 4.38471 4.6505 4.57366 4.40939 4.45062 4.4191 4.42853 4.39937 4.43422 4.424 4.39298 4.31744 4.38268 4.42055 4.41112 4.41478 4.57044 4.41609 4.38659 4.27969 4.86421 4.32163 4.43468 4.53681 4.76993
4.38098 4.3802 4.37988 4.35072 4.35937 4.40913 4.30991 4.38494 4.42586 4.4205 4.43312 4.38321 4.41098 4.42273 4.43732 4.37866 4.36494 4.37676 4.42626 4.38182 4.36103 4.40141 4.40437 4.3641 4.42358 4.42274 4.34794 4.27549 4.38535 4.38467
4.36813 4.3687 4.36518 4.36459 4.37185 4.41618 4.37972 4.40307 4.43634 4.42316 4.42396 4.41604 4.41958 4.42612 4.43955 4.41716 4.43274 4.41622 4.43875 4.2453 4.39853 4.40594 4.41144 4.34351 4.43505 4.413 4.33362 4.38675 4.40393 4.42485
5.68204 5.68038 5.68085 5.66694 5.61928 5.60167 6.00428 5.64064 5.59629 5.64506 5.70962 5.69981 5.62319 5.62543 5.74552 5.69743 5.93247 5.70949 5.60912 5.70966 6.27684 5.77079 5.61616 5.9364 5.67768 5.85138 5.80594 6.00814 5.8538 5.84187
4.38917 4.38393 4.38774 4.39174 4.25988 4.52757 4.42806 4.59995 4.61878 4.55854 4.53838 4.63412 4.58115 4.53513 4.44732 4.69501 4.64084 4.59522 4.51522 4.70124 4.646 4.63001 4.77117 4.83322 4.60886 4.4675 4.75238 4.55682 4.57196 4.47287
4.2471 4.24972 4.25073 4.2296 4.22058 4.58232 4.64048 4.65803 4.59699 4.59105 4.59811 4.6051 4.58908 4.59908 4.60612 4.61272 4.6149 4.56989 4.60423 4.54163 4.6421 4.65522 4.55144 4.58673 4.6432 4.5527 4.77365 4.52918 4.56828 4.5888
7.85618 7.86103 7.86875 7.83934 7.85026 7.85255 7.80085 7.896 7.81404 7.83288 7.85806 7.91239 7.85459 7.83952 7.86145 7.86309 7.87994 7.85816 7.83776 7.8303 7.92011 7.88413 7.76524 7.7414 7.70549 7.79964 7.79035 7.78664 7.87792 7.77516
5.49312 5.49854 5.51879 5.51561 5.57521 5.56913 5.65468 5.58958 5.46578 5.56195 5.61585 5.60462 5.61741 5.64453 5.83613 5.47178 5.47582 5.32375 5.45745 5.66065 5.60266 5.63587 5.30463 5.68822 5.68621 5.57786 5.6355 5.85675 5.60997 5.65483
4.62345 4.61634 4.59451 4.61967 4.45487 4.63199 4.50921 4.53409 4.31686 4.48005 4.59276 4.52961 4.49227 4.55384 4.46779 4.59997 4.4759 4.30307 4.39668 4.55015 4.45262 4.4028 4.3137 4.60062 4.67629 4.53254 4.59691 4.50969 4.50154 4.52412
4.63491 4.53351 4.46298 4.61272 4.78123 4.59056 4.90644 4.64288 4.65277 4.6997 4.7213 4.71032 4.64264 4.6571 4.64871 4.58782 4.62713 4.63927 4.67434 4.62206 4.53758 4.63335 4.6181 4.70186 4.61212 4.75018 4.5607 4.57032 4.60955 4.65723
4.38464 4.37857 4.36654 4.39149 4.52903 4.43745 4.48103 4.44943 4.46956 4.45949 4.44026 4.47385 4.4675 4.47395 4.47442 4.47898 4.46569 4.48271 4.45891 4.45029 4.43941 4.45064 4.47257 4.46891 4.46228 4.44318 4.46226 4.43047 4.45768 4.46299
5.60201 5.5935 5.57051 5.55863 5.70364 5.5532 5.75104 5.82577 5.6164 5.77686 5.71479 5.74238 5.43722 5.52327 5.7376 5.72002 5.6817 5.57347 5.6172 6.13151 5.78673 5.80811 5.86715 5.51841 5.80157 5.8344 5.61531 5.70041 5.76005 5.76397
3.63528 3.60316 3.50147 3.6505 4.3028 4.33569 4.51156 4.37826 4.39304 4.38989 4.36887 4.36013 4.40173 4.39338 4.3597 4.35435 4.46789 4.33285 4.38419 4.37037 4.40598 4.40156 4.35399 4.36025 4.31024 4.37083 4.66027 4.36232 4.2938 4.38954
7.91376 7.89856 7.89723 7.79036 8.00248 7.82034 7.95389 7.72512 7.76242 7.78799 7.76204 7.7873 7.69858 7.72622 7.73002 7.86277 7.73907 7.83241 7.77215 7.82165 7.74748 7.77864 7.82037 7.62139 7.92004 7.91605 7.70807 7.84142 7.86062 7.81283
5.88978 5.89313 5.88497 5.89765 5.97969 5.87065 5.88651 6.07053 5.94384 5.93415 5.93932 6.03796 6.19748 6.24506 5.96983 6.02207 5.98864 5.98313 5.92377 5.99795 5.96892 5.97986 5.87953 5.994 5.91304 5.97067 5.97806 5.9568 6.04134 5.99593
4.70842 4.72659 4.71249 4.69092 4.56981 4.85394 4.60714 4.61258 4.75017 4.69222 4.79122 4.54336 4.69224 4.69174 4.72953 4.76213 4.78039 4.61368 4.75076 4.77059 4.65947 4.92823 4.54332 4.76348 4.66256 4.72358 4.78161 4.61594 4.72891 4.61723
3.53276 3.42289 3.54256 3.51905 4.66433 4.55609 4.63243 4.72859 4.64974 4.65067 4.66668 4.76867 4.61465 4.60671 4.61548 4.566 4.74162 4.63876 4.67012 4.69562 4.51043 4.66816 4.58202 4.67911 4.57904 4.65897 4.70215 4.6711 4.61988 4.7197
4.26472 4.26287 4.25971 4.26667 4.37081 4.55616 4.52777 4.57788 4.56374 4.55054 4.56683 4.64282 4.58642 4.58184 4.53872 4.5358 4.56051 4.5335 4.54529 4.53602 4.50787 4.53277 4.35489 4.5514 4.56152 4.52943 4.54357 4.61197 4.52707 4.52447
4.6727 4.68378 4.71534 4.68414 4.43587 4.62582 4.65665 4.73706 4.84953 4.79179 4.77672 4.67002 4.77323 4.7691 4.75218 4.63743 4.72979 4.55173 4.81569 4.94343 4.81517 4.2807 4.48311 4.86005 4.84799 4.68383 4.88944 5.12682 4.51186 4.69115
4.32947 4.29757 4.34275 4.34996 4.30763 4.40674 4.45 4.384 4.37861 4.46801 4.50894 4.45284 4.47043 4.44091 4.36107 4.41498 4.33668 4.66721 4.51193 4.75138 4.0864 4.4212 4.36954 4.38916 4.42282 4.28945 4.39024 4.99738 4.3233 4.43136
6.84529 6.81221 6.68635 6.82724 7.80293 7.72689 7.7316 7.75237 7.95852 8.0369 7.9426 8.04146 7.78588 7.73432 8.00106 7.71122 8.00703 8.03057 7.95594 7.78912 7.66535 8.04772 7.99537 7.881 7.85687 7.83804 7.69511 7.63818 7.56635 7.96195
5.92868 5.92976 5.93004 5.92907 5.84434 5.93337 5.84721 5.88454 5.90093 5.90096 5.93735 5.94795 5.99079 6.00701 5.91704 5.97391 5.97972 5.70812 5.9005 5.85313 5.1679 5.77977 5.95472 5.80917 5.85828 5.86639 5.84184 5.89061 5.76699 5.71191
4.94636 4.96613 4.95116 4.93093 4.26919 4.68279 4.53128 4.63077 4.57006 4.62466 4.62286 4.4277 4.58656 4.58594 4.61269 4.67334 4.60589 4.66076 4.60841 4.55848 4.4768 4.39413 4.79907 4.54612 4.61075 4.53938 4.57411 4.57921 4.66373 4.50113
4.71804 4.71393 4.72517 4.71753 4.80172 4.50225 4.53685 4.57071 4.54579 4.53505 4.52191 4.54012 4.57624 4.57675 4.54247 4.47008 4.60235 4.49373 4.53872 4.54379 4.48831 4.42423 4.53261 4.47957 4.59075 4.55923 4.5327 4.56784 4.5175 4.51493
4.49842 4.49577 4.50761 4.50722 4.45513 4.56718 4.54577 4.52987 4.51388 4.53949 4.5251 4.588 4.5639 4.62311 4.52586 4.53679 4.55211 4.43308 4.54064 4.52028 4.47281 4.44783 4.56487 4.58725 4.49967 4.45349 4.52099 4.55555 4.4549 4.53673
4.76301 4.73263 4.77241 4.80672 4.7072 4.72336 4.66125 4.87571 4.8964 5.08051 4.93085 4.93851 4.62913 4.62828 4.76524 4.75266 4.90236 4.70484 4.89848 4.83563 4.79499 5.07697 4.74522 4.62879 4.74334 4.61169 4.80436 4.83937 4.71568 4.68818
4.44485 4.43143 4.49886 4.47334 4.63572 4.4051 4.32881 4.38193 4.4106 4.67243 4.45118 4.99107 4.4079 4.54813 4.39987 4.48169 4.4769 4.41718 4.45679 4.40411 4.53735 4.42178 4.52337 2.74637 4.42408 4.51882 4.40067 4.38969 4.44572 4.27217
7.7774 7.7737 7.78224 7.77523 7.86216 7.2051 7.03148 8.12141 7.52563 7.3908 7.27526 7.87975 7.88676 8.04278 7.57819 7.78247 7.58202 7.71643 7.3623 7.53721 8.12904 7.7266 7.59899 7.33615 8.07242 7.17998 7.45028 7.5245 7.51987 7.31656
6.18443 6.21244 6.16596 6.16076 6.2156 5.69926 5.62871 5.57927 5.3394 5.68585 5.6733 5.57215 5.66735 5.6907 5.44266 5.75044 5.48464 5.44363 5.67794 5.09506 5.52765 5.60919 5.67417 5.58296 5.37472 6.13742 5.62239 4.98345 5.68799 5.61127
4.7759 4.76905 4.7713 4.76048 4.6346 4.34248 4.61752 4.46134 4.3642 4.52811 4.42565 4.35788 4.55273 4.58779 4.43832 4.41622 4.51094 4.40417 4.45364 4.35748 4.46244 4.41555 4.49979 4.49572 4.41405 4.41637 4.26448 4.20536 4.57189 4.56175
4.69813 4.69472 4.69896 4.69749 4.5713 4.66818 4.5957 4.69208 4.64878 4.67171 4.63966 4.69548 4.64754 4.65069 4.6147 4.69679 4.64053 4.55847 4.63695 4.63776 4.57584 4.71937 4.66804 4.70228 4.63893 4.6175 4.53165 4.49771 4.67123 4.7778
4.44495 4.44547 4.4454 4.44529 4.38946 4.50605 4.45207 4.44966 4.36901 4.46276 4.4427 4.49802 4.46042 4.46769 4.43427 4.34483 4.41123 4.56619 4.42767 4.36145 4.43632 4.47241 4.45851 4.49594 4.5964 4.50514 4.37641 4.20637 4.45071 4.50011
5.46284 5.49856 5.46267 5.4753 5.35856 5.72095 5.75488 5.23329 5.55006 5.27689 5.02283 5.70144 5.71151 5.69704 5.5103 5.84467 5.69095 5.72359 5.17559 5.83689 5.51197 5.68223 5.03017 5.93288 5.76878 5.68078 5.50849 5.78177 5.01264 6.01674
4.33432 4.33931 4.33925 4.33644 4.34756 4.56659 4.31182 4.51459 4.60333 4.70849 4.69727 4.95429 4.64781 4.64307 4.41851 4.31711 4.62649 4.48798 4.63622 4.60984 4.57459 4.68556 4.55908 4.28966 4.5874 4.70658 4.6079 4.53658 4.55347 4.45243
4.29982 4.30224 4.30042 4.30098 4.28044 4.529 4.64109 4.59972 4.34315 4.3925 4.3846 5.08629 4.34903 4.33264 4.33441 4.4175 4.38158 4.32534 4.37353 4.31365 4.28848 4.34965 4.37801 4.78483 4.36031 4.4003 4.28084 4.25564 4.37789 4.41876
7.63973 7.65541 7.63446 7.64388 7.58291 7.84935 7.47559 7.53961 7.49565 7.49918 7.54215 7.73051 7.8499 7.75695 7.42859 7.95414 7.51785 7.75323 7.52151 7.48089 7.68169 7.7293 7.57987 6.88546 7.67006 7.76008 7.64722 7.72601 7.64344 7.57395
12.1862 12.2496 12.4586 12.4909 12.2032 12.2487 12.154 12.279 12.3501 12.5514 12.3932 12.5083 12.5514 12.444 12.0869 12.2923 12.0311 10.3376 12.4373 11.891 10.1922 12.0415 11.0597 11.0141 11.2318 10.4106 12.5028 12.0767 10.2737 11.1961
5.80499 5.80244 5.82131 5.82057 5.76067 5.88923 5.99129 5.97143 5.94215 5.95661 5.9644 5.64258 5.88695 5.90573 5.89839 5.91362 5.9225 5.88172 5.97489 5.73578 5.87176 5.47905 6.0627 5.94144 5.94857 5.85452 5.82737 5.88463 5.95859 5.99364
4.78599 4.79604 4.77511 4.76632 4.34226 4.67216 4.43417 4.59522 4.72235 4.58487 4.66491 4.80405 4.66165 4.6987 4.68023 4.68401 4.68491 4.70299 4.70671 4.53487 4.70582 4.80806 4.80988 4.5425 4.49157 4.69507 4.61709 4.49868 4.61145 4.96955
4.6516 4.64374 4.65963 4.66492 4.55696 4.62224 4.52898 4.62427 4.65473 4.64483 4.65806 4.59356 4.56618 4.58772 4.60556 4.62209 4.63998 4.57852 4.5949 4.55448 4.57401 4.61836 4.66296 4.57199 4.62693 4.588 4.64444 4.59959 4.62977 5.21743
4.54193 4.54285 4.53281 4.52494 4.48447 4.50019 4.4939 4.58252 4.54381 4.53857 4.51268 3.56365 4.53789 4.51355 4.49851 4.61251 4.51686 4.46569 4.52396 4.42956 4.47269 4.45373 4.5589 4.50443 4.50908 4.48459 4.50208 4.46078 4.59573 4.49977
4.22935 4.22497 4.24163 4.25671 4.23155 4.59868 5.07205 4.4017 4.59033 4.5999 4.71271 4.75244 4.65381 4.66189 4.32071 4.55189 4.66601 4.60658 4.65267 4.61892 4.62687 4.69045 4.60497 4.71812 4.73823 4.4408 4.54595 4.57799 4.56521 4.5622
4.32902 4.33102 4.327 4.32493 4.26101 4.58256 4.5233 4.4024 4.54816 4.36448 4.51408 4.21798 4.59357 4.42011 4.33332 4.87878 4.52986 4.38821 4.39764 4.3563 4.35868 4.3395 4.44461 4.53241 4.40993 4.37071 4.43527 4.39189 4.44243 4.45315
8.08385 8.10516 8.04 8.02053 7.91729 8.0603 7.76107 7.71622 8.17415 7.94548 8.14285 7.34102 7.84663 7.77156 7.60438 8.47886 7.96913 7.88602 8.05163 7.50101 7.80365 8.02104 8.21143 7.68172 7.78638 8.07897 7.53725 7.28784 7.97587 7.94553
6.13437 6.1466 6.11455 6.09753 5.91119 6.40721 6.24007 6.41875 6.43315 6.37908 6.42368 6.42087 6.38243 6.43292 6.41602 6.4219 6.41068 6.41012 6.46105 6.49894 6.4506 6.31771 6.38352 6.38493 6.42102 6.43896 6.35218 6.46781 6.40387 6.50463
6.7367 6.72587 6.74913 6.68246 7.44934 6.79975 6.88521 6.59194 6.72618 6.81243 6.91302 6.99646 6.92515 6.98455 6.92778 6.9419 6.85936 6.96507 6.52073 7.16818 6.80401 6.98672 6.86722 6.8652 6.59256 7.08458 7.16917 7.27419 7.29893 7.28903
4.66094 4.64696 4.64794 4.65325 4.42743 4.74125 4.68196 4.68299 4.70093 4.59008 4.67209 4.69142 4.74907 4.67535 4.69619 4.67008 4.7232 4.71486 4.73093 4.76193 4.72631 4.68115 4.71736 4.69697 4.58347 4.68574 4.77247 4.53687 4.72273 4.67475
4.68247 4.66725 4.67138 4.67118 4.67948 4.87151 4.82902 4.82141 4.84385 4.80225 4.8571 4.86451 4.87913 4.85753 4.86402 4.89329 4.85816 4.84315 4.84006 4.94274 4.92458 4.94799 4.89401 4.86256 4.74434 4.8848 4.91812 4.9449 4.94793 4.75286
4.48628 4.48437 4.48744 4.48626 4.43271 4.55955 4.58846 4.57684 4.57741 4.55408 4.57475 4.56138 4.56529 4.57431 4.57045 4.56763 4.57187 4.54141 4.56981 4.58087 4.55252 4.57593 4.58909 4.52899 4.65814 4.54897 4.57624 4.59012 4.58304 4.6364
4.34754 4.35468 4.3398 4.33561 4.27788 4.49574 4.57652 4.49969 4.51837 4.45469 4.52718 4.47742 4.51777 4.51634 4.52942 4.50649 4.52177 4.47949 4.52715 4.5305 4.49492 4.63034 4.5774 4.52691 4.42909 4.48332 4.49208 4.48723 4.51775 4.57714
7.81424 7.82593 7.79351 7.75667 7.9241 7.76973 8.03245 7.89383 7.68291 7.94549 7.6779 7.77002 7.72906 7.6525 7.62857 7.76724 7.66384 7.71356 7.67636 7.95711 7.80692 7.76605 7.85717 7.95558 8.159 7.77666 7.66966 8.05007 7.76587 8.23057
5.90933 5.9176 5.90812 5.90906 5.80218 6.34531 6.33394 6.36517 6.35463 6.3589 6.33171 6.34328 6.33304 6.33973 6.33704 6.35833 6.33984 6.35363 6.33661 6.31271 6.24218 6.33493 6.34203 6.36947 6.28685 6.32405 6.27177 6.33174 6.01333 6.49415
7.76444 7.73166 7.76075 7.70493 7.76439 7.10326 7.10881 7.17628 7.18645 7.15164 7.13203 7.11932 7.14923 7.13601 7.144 6.96393 7.15853 7.19301 7.02837 7.19521 7.13273 7.36355 7.0841 7.25737 7.20284 7.24368 7.23727 7.38068 7.29653 6.80316
4.52388 4.51947 4.53159 4.51661 4.35725 4.63144 4.61668 4.61401 4.60611 4.61422 4.61563 4.58538 4.62289 4.62439 4.62336 4.60015 4.62139 4.59541 4.60613 4.63239 4.58552 4.66869 4.61331 4.6078 4.54914 4.6134 4.61783 4.65329 4.63595 4.6624
4.53389 4.55228 4.54193 4.52851 4.54449 4.7094 4.77007 4.71645 4.70289 4.70512 4.7178 4.72529 4.72998 4.72389 4.71424 4.70802 4.73329 4.74171 4.69053 4.74609 4.69629 4.72027 4.74066 4.72238 4.70939 4.71015 4.76823 4.8383 4.74851 4.78705
4.50926 4.51089 4.51163 4.50697 4.46695 4.60467 4.60752 4.61162 4.60578 4.60946 4.59833 4.6022 4.60983 4.61235 4.60548 4.58927 4.60669 4.59493 4.60386 4.60808 4.58196 4.59853 4.60274 4.60173 3.67986 4.59778 4.60247 4.60582 4.64388 4.75867
4.33896 4.35181 4.33726 4.34028 4.28091 4.51388 4.51646 4.54052 4.52638 4.52431 4.52359 4.52435 4.5131 4.5152 4.51898 4.50561 4.51668 4.50777 4.52785 4.4947 4.47692 4.52255 4.5225 4.52312 4.23204 4.49247 4.49853 4.49665 4.52745 4.12628
7.46651 7.52304 7.47718 7.43752 7.85992 7.54604 7.85416 7.58665 7.59491 7.59408 7.63751 7.75227 7.61884 7.59807 7.63411 7.77668 7.65679 7.70378 7.58155 7.71184 7.93054 7.89635 7.75389 7.65309 7.77768 7.69829 7.88364 8.11225 7.96191 8.23807
5.4271 5.44513 5.43905 5.43212 5.4413 5.48532 5.46959 5.49588 5.46193 5.49062 5.47332 5.46334 5.47272 5.48072 5.47175 5.50924 5.47799 5.45563 5.48109 5.47685 5.45649 5.28217 5.48801 5.46698 5.45998 5.4723 5.44932 5.38214 5.43935 5.52048
4.35845 4.3493 4.36086 4.34555 4.1793 4.42592 4.42805 4.38478 4.39439 4.44234 4.43187 4.38297 4.40627 4.40727 4.42793 4.36074 4.41447 4.44758 4.37209 4.38674 4.34822 4.33873 4.38229 4.39442 4.47372 4.38589 4.42755 4.37579 4.46346 4.44612
14.2984 14.4081 14.2338 14.3605 13.5747 13.721 13.7686 13.7494 13.6605 13.7355 13.6946 13.7663 13.5638 13.6565 13.6632 13.7658 13.6564 13.6957 13.6571 13.6065 13.6367 13.5972 13.8483 13.692 13.7404 13.74 13.5998 13.8258 13.682 13.8208
5.40195 5.34147 5.35577 5.359 5.27172 5.03041 5.01256 5.02621 5.14374 5.07258 5.04006 5.07773 5.05583 5.03469 5.09691 4.97561 5.02798 5.13184 5.11571 5.01675 4.99244 5.57219 4.96182 5.06683 5.12206 5.13997 4.94575 5.1282 5.41314 4.99542
4.24086 4.2497 4.23808 4.2491 4.19698 4.34699 4.34207 4.34553 4.34052 4.34935 4.34677 4.31509 4.33637 4.34764 4.35092 4.33527 4.34241 4.30907 4.3588 4.33037 4.33591 4.2945 4.35099 4.33863 4.28888 4.3299 4.32422 4.28441 4.29006 4.22589
7.65014 7.60956 7.69132 7.61833 7.59883 7.44275 7.50799 7.51651 7.52164 7.55817 7.52738 7.52347 7.55245 7.51802 7.53321 7.46688 7.52101 7.57312 7.53728 7.51999 7.43999 7.76974 7.49573 7.53772 7.54882 7.53384 7.52231 7.47913 7.65929 7.73307
5.50434 5.50584 5.50487 5.51055 5.5538 5.57155 5.57586 5.59698 5.56794 5.56053 5.55357 5.60648 5.56647 5.55382 5.56102 5.58988 5.58173 5.57489 5.61976 5.57505 5.57564 5.61659 5.59493 5.5566 5.57486 5.57249 5.5691 5.56462 5.60025 5.60741
4.46525 4.47871 4.45713 4.47565 4.1875 4.41047 4.4293 4.40857 4.38852 4.36606 4.35378 4.46168 4.38205 4.34681 4.37757 4.43197 4.37837 4.45222 4.45385 4.35191 4.38403 4.43878 4.43189 4.38965 4.43353 4.39522 4.37539 4.38295 4.40907 4.38638
4.39248 4.38768 4.39907 4.38782 4.41802 4.41477 4.39935 4.42065 4.42045 4.41288 4.41155 4.39464 4.41709 4.41876 4.41673 4.40157 4.38847 4.38767 4.38308 4.41686 4.41758 4.41819 4.41807 4.42035 4.39338 4.41114 4.41635 4.41559 4.41166 4.39699
4.3764 4.37751 4.37549 4.37495 4.38528 4.44269 4.4232 4.43739 4.43226 4.43784 4.43473 4.44008 4.42939 4.42703 4.43389 4.43516 4.43464 4.40778 4.41626 4.44653 4.43413 4.43965 4.44219 4.42892 4.41485 4.43334 4.43552 4.43134 4.43978 4.44231
5.68813 5.69741 5.68589 5.70779 5.59382 5.57007 5.56042 5.61274 5.58328 5.55509 5.55015 5.5943 5.58301 5.57561 5.55316 5.57561 5.60281 5.61284 5.67806 5.56623 5.57783 5.65786 5.52762 5.5818 5.58381 5.58709 5.54485 5.52885 5.58315 5.70085
4.22734 4.22313 4.22673 4.22907 4.22738 4.57404 4.55427 4.57126 4.56656 4.5698 4.56613 4.55909 4.56284 4.55971 4.56689 4.5507 4.56615 4.55947 4.60961 4.57963 4.57763 4.58563 4.57294 4.5782 4.54656 4.5599 4.56157 4.58036 4.54996 4.55105
7.90221 7.90623 7.90267 7.90699 7.83825 7.87069 7.83586 7.88462 7.87018 7.8527 7.85191 7.85447 7.86096 7.85641 7.85082 7.85916 7.83978 7.86574 7.91529 7.85947 7.89925 7.87645 7.84969 7.88445 7.855 7.86823 7.84261 7.8502 7.8253 7.87162
5.60033 5.60101 5.59554 5.61477 5.57675 5.56335 5.56596 5.57742 5.55718 5.55482 5.56002 5.57862 5.57398 5.54826 5.55664 5.57061 5.57772 5.55586 5.56615 5.56891 5.56377 5.60437 5.5811 5.56056 5.58288 5.55866 5.57787 5.6034 5.5876 5.5939
4.6043 4.66293 4.62259 4.68412 4.55189 4.51384 4.48038 4.5167 4.50146 4.45025 4.45653 4.50456 4.52668 4.42378 4.45192 4.48637 4.48759 4.42971 4.48016 4.39572 4.50777 4.52774 4.52474 4.51929 4.51812 4.5085 4.50455 4.44855 4.51443 4.40335
13.0234 13.0014 13.0871 13.0104 13.5172 13.3263 13.2797 13.3137 13.3289 13.255 13.2312 13.2745 13.1112 13.2296 13.2577 13.2897 13.2026 13.1605 13.2804 13.0634 13.1963 13.4864 13.3093 13.2567 13.2275 13.3065 13.2325 13.3891 13.2525 13.4229
5.46587 5.47273 5.47069 5.51635 5.51635 5.45791 5.48267 5.44465 5.45119 5.4484 5.44893 5.48858 5.4519 5.46172 5.4449 5.4434 5.49169 5.48305 5.61693 5.45796 5.43341 5.46849 5.42095 5.45257 5.47232 5.461 5.44285 5.43267 5.4694 5.50933
4.28109 4.28187 4.27793 4.28472 4.27589 4.36976 4.36066 4.36774 4.36491 4.36705 4.36221 4.36094 4.36628 4.35187 4.36809 4.37309 4.38716 4.3503 4.29859 4.37006 4.36428 4.36757 4.3701 4.37251 4.36661 4.36055 4.36933 4.38711 4.36468 4.34893
7.85871 7.8625 7.85136 7.88242 7.86843 7.82727 7.81923 7.81981 7.81807 7.82543 7.82355 7.82024 7.81961 7.80924 7.82804 7.83488 7.82442 7.84543 7.82945 7.86494 7.808 7.8329 7.7952 7.81325 7.81553 7.82262 7.82053 7.7832 7.82495 7.80048
12.3579 12.2771 12.3425 12.2365 12.4137 12.2484 12.2405 12.2549 12.2308 12.3214 12.2893 12.2062 12.3021 12.2736 12.3315 12.2159 12.2338 12.3374 12.3471 12.5629 12.2503 12.2835 12.2318 12.3309 12.2227 12.2771 12.256 12.8114 12.2627 12.5513
5.74294 5.7328 5.72729 5.7718 5.66255 5.8565 5.87396 5.84853 5.86189 5.8676 5.88194 5.85613 5.85326 5.85959 5.87749 5.8624 5.84586 5.85976 5.85804 5.88126 5.84603 5.88334 5.83755 5.84108 5.84301 5.84812 5.84946 5.94679 5.84763 5.87853
4.56671 4.55833 4.55951 4.5611 4.23922 4.58024 4.59166 4.58705 4.58161 4.60506 4.60194 4.5688 4.60306 4.61123 4.60353 4.59435 4.60322 4.66469 4.61916 4.57189 4.59286 4.57111 4.58291 4.6043 4.58837 4.59503 4.58361 4.62423 4.57685 4.65779
4.60118 4.59878 4.59546 4.60087 4.51542 4.5618 4.59554 4.58208 4.58546 4.59809 4.60068 4.59673 4.58828 4.5774 4.60098 4.55531 4.54597 4.58183 4.5966 4.57619 4.59945 4.60981 4.56182 4.57812 4.59087 4.59021 4.58425 4.58678 4.56235 4.6067
4.27806 4.26099 4.25202 4.27889 4.25137 4.33658 4.35006 4.34011 4.33414 4.41476 4.42253 4.34597 4.34303 4.39942 4.42831 4.32468 4.33853 4.38127 4.35769 4.48037 4.34916 4.33616 4.34288 4.34347 4.34872 4.34139 4.34781 4.43694 4.33609 4.42012
7.92086 7.89551 7.87621 7.90729 7.75165 7.81825 7.85489 7.84483 7.81678 7.86145 7.84885 7.8567 7.78973 7.87565 7.88371 7.76063 7.73891 7.77981 7.76291 7.92998 7.83372 7.80449 7.82247 7.80685 7.85944 7.83009 7.84002 7.74379 7.8214 7.54274
5.55385 5.55066 5.5563 5.561 5.54404 5.60238 5.61647 5.60236 5.59856 5.60246 5.60666 5.5891 5.58846 5.59084 5.59291 5.60632 5.58424 5.62413 5.61591 5.55945 5.59429 5.6043 5.60332 5.60573 5.58639 5.59231 5.58719 5.60626 5.59462 5.65979
4.30737 4.3248 4.30518 4.3368 4.14408 4.38844 4.39674 4.29686 4.39127 4.37353 4.44006 4.39313 4.40669 4.40905 4.39267 4.34357 4.39344 4.40097 4.40465 4.41137 4.38527 4.38858 4.39825 4.39829 4.38697 4.37944 4.38019 4.41402 4.37694 4.35651
4.4578 4.45125 4.45842 4.44702 4.4454 4.46909 4.43236 4.47472 4.46532 4.47607 4.46326 4.46563 4.46173 4.46029 4.47312 4.46311 4.46179 4.44488 4.46608 4.45708 4.47002 4.46864 4.4634 4.46455 4.4683 4.47181 4.46275 4.48492 4.46169 4.47919
4.36392 4.35693 4.36156 4.35701 4.34051 4.39 4.37145 4.39841 4.39988 4.40707 4.39775 4.39669 4.40192 4.39766 4.40272 4.40965 4.39767 4.39904 4.39559 4.39858 4.39438 4.40001 4.39395 4.39585 4.39177 4.39397 4.3993 4.41954 4.39429 4.41228
5.02791 5.17644 5.07634 5.1016 5.1895 5.06229 5.23955 5.07276 5.13791 5.12647 5.07277 5.07419 5.10992 5.07765 5.10396 5.1874 5.11609 5.16546 5.12038 5.06528 5.16803 4.9962 5.17235 5.15438 5.06024 5.12201 5.11258 5.02067 5.15484 5.17321
4.22982 4.22436 4.22834 4.23263 4.14605 4.50764 4.56702 4.49842 4.52175 4.52538 4.52277 4.52433 4.51115 4.50581 4.51771 4.50917 4.50754 4.47279 4.5157 4.50107 4.52393 4.50502 4.52391 4.51787 4.50677 4.514 4.51394 4.5389 4.51824 4.52292
7.68594 7.66701 7.68043 7.67429 7.6214 7.64853 7.66684 7.64388 7.66601 7.68938 7.66112 7.65181 7.67113 7.68238 7.68331 7.68148 7.67239 7.68692 7.64756 7.67353 7.67309 7.62562 7.67172 7.66864 7.65153 7.66467 7.66717 7.66159 7.67749 7.69259
5.62324 5.62577 5.62386 5.6267 5.65223 5.66444 5.69159 5.67968 5.66778 5.67128 5.67667 5.66699 5.66971 5.67581 5.67063 5.67469 5.66683 5.69853 5.68332 5.66864 5.66382 5.68008 5.67397 5.675 5.66868 5.66185 5.66995 5.68081 5.67707 5.68787
4.14314 4.14978 4.14549 4.17054 4.11409 4.19895 4.19072 4.13984 4.17332 4.17896 4.32086 4.17239 4.18431 4.19862 4.1713 4.17773 4.17294 4.23065 4.19913 4.18489 4.16616 4.17737 4.18907 4.19333 4.17784 4.16414 4.1757 4.17852 4.18835 4.17835
4.33809 4.3359 4.33713 4.31839 4.31009 4.32637 4.34645 4.33349 4.32721 4.33465 4.30522 4.32694 4.32883 4.32784 4.33177 4.33046 4.32866 4.33513 4.33558 4.32933 4.32926 4.3309 4.3279 4.32992 4.32903 4.33085 4.32501 4.32809 4.3268 4.338
4.32408 4.32949 4.32432 4.33185 4.3428 4.37382 4.38172 4.32618 4.3894 4.38148 4.36169 4.39149 4.38544 4.38216 4.38368 4.38698 4.38388 4.38319 4.38153 4.38482 4.37964 4.38518 4.38407 4.38132 4.37554 4.37927 4.39215 4.38836 4.38799 4.37656
5.54623 5.51805 5.54303 5.55567 5.55121 5.41204 5.53095 5.59167 5.45728 5.44722 5.45642 5.45637 5.45955 5.43966 5.45788 5.46374 5.46282 5.48314 5.43935 5.44941 5.46184 5.44216 5.45899 5.44869 5.4496 5.46008 5.46491 5.44121 5.44003 5.47048
7.74205 7.7264 7.73261 7.73098 7.73055 7.73785 7.79046 7.84673 7.75189 7.7554 7.75382 7.74462 7.74836 7.74647 7.7544 7.75532 7.75352 7.77097 7.75357 7.75371 7.7425 7.75181 7.74816 7.74838 7.74113 7.74499 7.74281 7.74714 7.74419 7.76468
