5.69813 5.71523 5.69754 5.68132 5.68842 5.68782 5.68815 5.71318 5.6924 5.69445 5.70384 5.6997 5.69047 5.69793 5.88044
4.66285 4.32608 4.33558 4.29926 4.52376 4.31163 4.47059 4.3234 4.32381 4.68189 4.66953 4.71444 4.66624 4.70229 4.69993
7.94249 7.92436 7.81285 7.85142 7.82848 7.86925 7.81729 7.85528 7.87658 7.95889 7.93329 7.97217 7.92586 7.96106 8.06186
12.5095 12.2754 11.7312 11.8165 12.2154 11.9088 11.6225 11.7623 12.2171 12.218 11.9596 12.2184 12.2881 12.2334 12.1262
5.66029 5.65867 5.60297 5.60401 5.59697 5.60795 5.59846 5.61111 5.62362 5.65975 5.65945 5.66349 5.67399 5.65716 5.85535
4.63776 4.46714 4.47211 4.44534 4.48873 4.4987 4.42328 4.4615 4.31678 4.63418 4.67251 4.64612 4.64192 4.66625 4.65474
7.67909 7.37351 7.37692 7.35377 7.33833 7.37521 7.41778 7.45069 7.42524 7.66733 7.65362 7.59026 7.60171 7.62508 7.40235
147.156 147.623 146.692 146.74 146.677 147.072 146.379 147.209 146.8 147.41 146.432 147.397 147.542 146.64 147.616
153.753 153.549 153.529 153.384 153.572 153.726 153.614 153.654 154.153 153.641 153.79 153.546 153.561 153.86 153.146
5.94371 5.81021 5.82656 5.8588 5.83302 5.86408 5.84305 5.87117 5.90111 5.94106 5.92 5.95425 5.94812 5.91812 6.40388
7.59688 7.47505 7.54555 7.54522 7.64563 7.64302 7.56446 7.63041 7.74991 7.6845 7.5263 7.66377 7.62481 7.52973 6.80369
4.62675 4.58813 4.43119 4.43152 4.45733 4.47794 4.2859 4.41312 4.25962 4.59482 4.61959 4.60865 4.60028 4.61506 4.70521
7.73166 7.88059 7.87893 7.89651 7.89614 7.84738 7.95046 7.88584 7.98273 7.74205 7.63758 7.77366 7.82174 7.63642 7.72951
153.543 153.622 153.738 153.666 153.762 153.603 153.55 153.743 153.705 153.642 153.466 153.555 153.604 153.472 153.524
5.81222 5.8001 5.79172 5.78811 5.81289 5.74227 5.80321 5.76221 5.73821 5.83671 5.88021 5.85019 5.82954 5.85377 6.30425
7.71556 7.98737 7.95147 7.94722 7.92269 7.92958 7.95685 7.91363 7.86763 7.8203 7.76051 7.74921 7.77285 7.76075 7.09428
4.69514 4.19395 4.18379 4.19327 4.20219 4.19602 4.19076 4.18046 4.36816 4.55016 4.56881 4.58142 4.59739 4.56157 4.62585
7.74371 7.91288 7.87368 7.85786 7.84872 7.8669 7.78112 7.86959 7.77081 7.87459 7.87543 7.7186 7.69016 7.84256 7.63201
5.46361 5.3797 5.33884 5.35325 5.35936 5.363 5.37433 5.34933 4.97998 5.43099 5.42009 5.44883 5.43983 5.43182 5.44137
4.43491 4.37745 4.36058 4.37279 4.37524 4.36007 4.36849 4.34595 4.35045 4.41311 4.47235 4.43833 4.42521 4.42172 4.42776
13.9938 13.5301 13.6407 13.5599 13.4813 13.4145 13.4325 13.579 11.5209 13.7859 13.6354 13.9143 13.8347 14.0116 13.2844
7.46139 7.58735 7.59902 7.5737 7.59155 7.54826 7.54055 7.58004 7.63824 7.62368 7.5077 7.56086 7.60375 7.51009 7.47814
162.779 160.892 160.026 160.813 160.787 161.019 160.881 160.712 159.254 162.938 162.296 162.535 162.779 162.911 162.366
5.53129 5.50734 5.50057 5.50347 5.50943 5.50686 5.52072 5.50815 5.49166 5.52358 5.51898 5.52692 5.52206 5.52972 5.51541
4.4289 4.30653 4.35761 4.3455 4.36743 4.31569 4.32829 4.35956 4.31898 4.4539 4.40809 4.45759 4.45332 4.48566 4.38197
10.925 10.9112 11.0053 11.0133 11.0731 10.875 11.0761 11.0927 10.8621 10.777 10.8289 10.9458 10.8951 11.039 10.9931
5.63007 5.6422 5.61053 5.60889 5.66759 5.64905 5.63927 5.62869 5.59458 5.68615 5.65026 5.69454 5.63576 5.66465 5.60669
7.87959 7.87121 7.8387 7.84242 7.85475 7.87266 7.85377 7.85188 7.83096 7.90049 7.89407 7.89161 7.87839 7.85959 7.89912
158.504 158.368 158.143 158.693 158.461 158.855 159.463 159.231 158.83 158.332 158.601 158.236 158.309 158.794 159.434
5.53608 5.53094 5.49465 5.50039 5.51365 5.51402 5.52243 5.49062 5.52016 5.53631 5.54209 5.5355 5.53571 5.55223 5.50467
4.55786 4.2946 4.39836 4.44525 4.44249 4.44643 4.43032 4.44855 4.25568 4.56919 4.54256 4.53246 4.53851 4.5377 4.5021
12.4169 12.9087 13.125 12.9754 12.933 12.7071 12.7104 12.897 12.5806 12.2408 12.2358 12.4186 12.4776 12.4361 12.4836
5.51574 5.62162 5.59666 5.5921 5.67623 5.62945 5.63094 5.6362 5.68725 5.51354 5.50677 5.55015 5.52508 5.53107 5.63356
7.8421 7.82163 7.8257 7.81323 7.85954 7.84644 7.8308 7.84473 7.86444 7.84148 7.85254 7.84694 7.85367 7.84578 7.86812
163.565 161.148 162.249 161.564 161.561 161.295 161.43 161.966 161.724 165.125 163.538 164.306 163.597 164.74 161.168
153.633 153.94 153.776 153.743 153.712 153.673 153.68 153.82 153.9 153.638 153.654 153.681 153.6 153.58 153.673
5.96216 5.91027 5.89585 5.88359 5.89236 5.86676 5.86197 5.86476 5.86332 5.97465 5.97086 5.98489 5.96004 5.97447 6.36093
7.52311 7.5418 7.35547 7.39175 7.36046 7.38591 7.30234 7.37954 7.4657 7.53559 7.53122 7.55781 7.56033 7.48099 6.88214
4.54908 4.32474 4.32551 4.33135 4.21082 4.19422 4.20526 4.2048 4.22092 4.55511 4.55498 4.55825 4.54047 4.63361 4.63426
8.2132 8.19554 8.13424 8.19798 8.13645 8.15195 8.15084 8.16011 8.2329 8.18731 8.21543 8.18247 8.23334 8.19269 8.08746
103.485 104.895 104.561 104.66 104.324 104.057 104.214 104.044 103.894 103.123 103.424 103.131 103.267 103.084 103.73
5.46347 5.12655 4.98161 5.09533 5.20822 5.25663 5.30615 5.2752 5.35854 5.42488 5.45989 5.42626 5.45101 5.4439 5.45116
4.45548 4.55469 4.55127 4.53731 4.45126 4.44917 4.39711 4.55566 4.54135 4.46964 4.43395 4.4644 4.43264 4.47594 4.40167
13.0787 12.065 12.7531 12.6007 12.994 12.7373 12.7968 12.9478 12.7591 13.0865 13.0864 12.9608 12.8525 13.1374 12.8092
5.40437 5.82095 5.78089 5.79473 5.72729 5.68671 5.66202 5.68003 5.60641 5.27868 5.37819 5.28358 5.37727 5.12038 5.22122
7.5336 7.7303 7.70552 7.71728 7.66519 7.62307 7.66291 7.68814 7.58255 7.50287 7.53015 7.50391 7.51665 7.46888 7.47285
162.713 160.334 160.35 160.431 160.76 160.374 160.924 160.78 161.049 161.094 162.656 161.056 162.28 161.992 162.36
10.0434 10.2296 9.85741 9.90922 9.80544 9.72361 9.74553 9.86558 10.3316 9.44659 10.0057 9.49953 10.0625 9.57819 9.76005
5.5973 5.59435 5.6026 5.60271 5.60441 5.60238 5.60571 5.62527 5.63786 5.61189 5.58524 5.61823 5.58413 5.60978 5.81936
4.68464 4.32834 4.30356 4.31333 4.32973 4.32027 4.32532 4.31573 4.2675 4.72225 4.71234 4.7231 4.69804 4.69704 4.69379
7.5908 7.49385 7.58972 7.55197 7.53765 7.618 7.54381 7.53434 7.53004 7.57256 7.58725 7.55537 7.58226 7.58189 7.81224
143.912 144.125 143.575 143.711 143.403 142.779 143.383 142.933 143.908 142.629 143.983 142.5 144.062 142.839 143.688
154.136 154.245 154.203 154.064 153.343 153.281 153.29 153.636 152.847 153.902 154.155 153.706 154.324 153.922 153.028
5.99585 5.90063 5.91934 5.94374 5.93792 6.00375 5.94128 5.96968 5.85248 5.87557 6.01302 5.89773 5.98099 5.88249 6.45548
7.72927 7.6775 7.69521 7.6739 7.53958 7.4393 7.55271 7.52741 7.49586 7.36731 7.74071 7.34002 7.76416 7.39846 7.03097
4.71359 4.37408 4.38375 4.36513 4.3713 4.3885 4.3473 4.36686 4.34939 4.62416 4.68668 4.61473 4.6783 4.62257 4.65251
7.90058 7.67601 7.76207 7.75166 7.68501 7.58986 7.7599 7.67484 7.75344 7.64888 7.92108 7.6789 7.90611 7.68722 7.65108
136.874 137.301 137.059 136.961 136.743 137.116 136.775 136.972 136.566 136.395 136.929 136.641 136.865 136.247 137.575
12.3445 11.339 12.0255 11.7926 12.4971 12.4265 12.6836 12.4799 12.7032 12.9156 12.4318 13.1049 12.5753 12.8819 12.781
5.46752 5.52035 5.44288 5.45405 5.51831 5.51932 5.50676 5.50851 5.55953 5.56372 5.49582 5.58512 5.47901 5.57185 5.751
4.65578 4.31214 4.20886 4.22367 4.25117 4.24685 4.23882 4.24906 4.28198 4.55594 4.66273 4.60244 4.60102 4.59043 4.69067
7.20807 7.29062 7.19694 7.16883 6.94202 7.14776 7.14948 7.11669 7.13768 7.54787 7.19267 7.34924 7.22674 7.47983 7.42702
148.431 147.834 148.293 148.311 148.194 147.665 147.898 148.359 148.147 148.237 148.907 148.193 148.736 148.137 146.875
5.50281 5.46231 5.47936 5.48436 5.50867 5.4954 5.50079 5.48657 5.52947 5.47623 5.49163 5.47756 5.48561 5.47426 5.5236
4.49701 4.27863 4.24927 4.26726 4.26602 4.26288 4.27893 4.2746 4.31606 4.47245 4.50677 4.53722 4.5426 4.52007 4.44329
13.3465 13.0087 12.7667 13.0633 12.4613 12.4489 12.5775 12.9826 12.2655 13.9019 13.4607 13.109 13.7347 13.081 13.2688
7.6543 7.62314 7.60088 7.62465 7.63194 7.62938 7.66924 7.6481 7.57237 7.60641 7.64648 7.62855 7.63818 7.6352 7.5725
165.212 164.505 165.661 165.378 163.798 164.941 164.819 164.853 163.78 165.044 165.54 163.173 166.094 163.393 163.284
5.89652 5.8716 5.85409 5.87494 5.90544 5.85958 5.88261 5.84306 5.9087 5.94381 5.94729 5.92111 5.92948 5.87329 6.40531
7.17383 7.64406 7.67919 7.5428 7.51131 7.58438 7.50728 7.48631 7.43019 7.68395 7.66271 7.58209 7.65409 7.0979 6.92273
4.5579 4.19564 4.26698 4.24688 4.27667 4.32356 4.35339 4.27646 4.35147 4.57466 4.58824 4.5619 4.58925 4.6122 4.69913
8.06239 8.06246 8.14437 8.11363 8.0217 8.07779 8.04414 8.09558 8.10383 8.06673 8.0989 8.07432 8.14423 8.03429 8.05859
5.12403 5.36443 5.37694 5.3782 5.41511 5.40326 5.38376 5.32137 5.24206 5.30343 5.28762 5.32532 5.30971 5.2007 5.50249
4.33709 4.55984 4.48666 4.48957 4.51887 4.52438 4.47641 4.48589 4.39778 4.32698 4.41459 4.32411 4.3707 4.40021 4.56345
5.69027 5.48655 5.34536 5.35551 5.36248 5.4301 5.45608 5.43895 6.11104 5.60966 5.57891 5.54362 5.60229 5.53226 5.27351
7.48471 7.47006 7.39437 7.38159 7.4804 7.46512 7.42895 7.40045 7.3711 7.48702 7.47738 7.40456 7.46571 7.31063 7.46993
5.61779 5.58992 5.57514 5.58048 5.58313 5.56769 5.58881 5.59254 5.57513 5.61798 5.62476 5.6064 5.62398 5.61991 5.77993
4.64211 4.26604 4.26789 4.26653 4.26548 4.25403 4.25923 4.25981 4.43259 4.60788 4.61397 4.60433 4.57691 4.65651 4.60546
7.6083 7.72461 7.71586 7.69019 7.74753 7.6773 7.70591 7.73153 7.54431 7.61762 7.46388 7.48949 7.50948 7.64763 7.4741
5.21283 5.36078 5.17986 5.2051 5.10933 5.14036 5.14825 5.15669 5.06484 5.10483 5.36968 5.19227 5.43271 5.50853 5.51221
4.49175 4.57814 4.57647 4.58346 4.51298 4.58978 4.58802 4.50585 4.42755 4.46598 4.46543 4.48909 4.49588 4.48161 4.38906
5.44278 5.34534 5.39111 5.36146 5.32263 5.44984 5.3697 5.47486 5.10817 5.40301 5.18695 5.36052 5.10718 5.35476 5.13959
7.45551 7.54445 7.53759 7.5258 7.49688 7.50446 7.5302 7.47404 7.55117 7.49417 7.42841 7.46093 7.46884 7.45856 7.58724
5.94011 5.81937 5.90426 5.86917 5.85603 5.9223 5.89911 5.88216 5.88797 5.93163 5.71478 5.91259 5.94634 5.29977 6.44056
4.63103 4.43085 4.45331 4.47329 4.43949 4.46047 4.45925 4.45333 4.49259 4.64213 4.559 4.64489 4.77751 4.59737 4.57715
8.0882 8.18296 8.22611 8.21233 8.18549 8.19399 8.19106 8.19756 8.2324 8.06964 7.98809 8.08102 7.82984 8.0823 7.95821
4.41762 4.50833 4.54217 4.51959 4.56763 4.57247 4.54297 4.57968 4.07528 4.98882 5.54644 4.85535 4.95036 5.54212 5.76982
4.59808 4.57914 4.43897 4.45115 4.44405 4.4158 4.45365 4.45061 4.49234 4.45658 4.42827 4.51184 4.48709 4.38802 4.71225
7.25143 6.92977 7.26003 7.2968 7.31774 7.17441 7.40847 7.20595 6.82106 7.50155 7.07217 7.64035 7.50081 6.80519 7.42753
152.613 153.369 153.538 153.189 153.572 153.386 153.312 153.068 153.907 152.65 153.198 152.202 152.786 152.168 153.594
6.01953 5.97033 6.04964 6.03115 6.04392 6.07601 6.02382 6.02751 6.08662 5.97623 6.00497 6.0221 6.00517 6.03953 6.41288
7.7429 7.2703 7.15528 7.13658 7.20449 7.12842 7.1539 7.10015 7.2925 7.71568 7.89158 7.7768 7.89717 7.72586 7.20583
4.698 4.40642 4.39101 4.36824 4.34298 4.31198 4.34768 4.37135 4.39231 4.69287 4.59079 4.7008 4.67921 4.65844 4.73985
8.12138 8.11903 8.16003 8.15087 8.15183 8.16992 8.17006 8.17659 8.15174 8.39865 7.94503 8.23373 8.23112 8.14664 7.62277
12.8696 12.3364 12.9076 12.9522 13.0344 13.0905 12.9343 13.0378 11.8894 12.9002 12.8525 12.9901 13.0286 13.0691 12.8403
5.62008 5.54065 5.58613 5.57664 5.56453 5.58588 5.57846 5.56252 5.57106 5.60017 5.59607 5.60833 5.57695 5.60213 5.73798
4.69524 4.28402 4.31034 4.30635 4.30751 4.29409 4.29435 4.31656 4.34605 4.68886 4.74063 4.74161 4.68045 4.79512 4.60323
7.16227 7.45704 7.46685 7.48615 7.50357 7.43654 7.44681 7.4029 7.41638 7.10166 7.14451 7.03259 7.15649 6.999 7.34333
148.05 147.191 147.167 146.813 147.172 147.306 146.754 147.156 147.286 147.558 148.642 148.216 148.721 148.307 147.1
5.53031 5.44371 5.47358 5.44443 5.45471 5.46015 5.4701 5.46046 5.49451 5.51485 5.5066 5.515 5.49775 5.5067 5.48812
4.56279 4.26315 4.27685 4.26906 4.2787 4.2888 4.26581 4.40679 4.38065 4.58709 4.53772 4.554 4.52009 4.57264 4.51308
13.028 12.8288 12.7601 12.6002 12.5439 12.602 12.4576 12.5432 12.4427 13.4326 12.8101 13.1166 13.1208 12.8079 12.8208
7.67776 7.6904 7.6476 7.65221 7.67408 7.66233 7.66506 7.6619 7.64803 7.63135 7.63483 7.67384 7.6491 7.64167 7.62609
166.06 163.411 163.628 163.675 163.869 163.727 163.418 164.046 164.424 168.541 167.495 168.019 167.423 168.622 162.873
5.91419 5.84092 5.87569 5.86351 5.87657 5.89571 5.85912 5.91517 5.88765 5.92368 5.92023 5.90303 5.8766 5.92669 6.34471
7.36801 7.70033 7.68724 7.76148 7.74068 7.71478 7.7506 7.77831 7.64056 7.52243 7.54947 7.51119 7.49732 7.43611 6.83772
4.55341 4.17116 4.1911 4.19607 4.18285 4.20263 4.19285 4.17271 4.29977 4.58277 4.58152 4.58475 4.57946 4.56675 4.62192
8.24218 8.22253 8.08961 8.12818 8.15073 8.08565 8.12677 8.18227 8.25256 8.26681 8.25698 8.23508 8.17746 8.23882 8.07933
5.3229 5.24415 5.24778 5.21506 5.08832 5.25437 5.13419 5.07027 4.92968 5.27603 5.25841 5.28106 5.27916 5.30519 5.35859
4.4085 4.46004 4.48471 4.46554 4.46529 4.46367 4.41564 4.51716 4.40779 4.36854 4.41546 4.38016 4.46743 4.41997 4.46013
13.2737 11.519 12.5007 12.5753 11.2716 12.2191 11.4149 11.3141 10.7115 12.9582 12.662 12.5752 12.1416 12.6971 12.3724
7.46876 7.55188 7.63325 7.59784 7.55163 7.55672 7.59137 7.62238 7.63259 7.44975 7.42806 7.46724 7.43213 7.45524 7.42299
161.755 160.684 161.568 161.39 160.039 161.504 159.727 159.747 160.68 162.907 161.387 162.881 163.296 162.595 162.589
152.791 153.767 153.726 153.594 153.723 153.563 153.849 153.531 152.796 152.522 151.93 152.408 152.617 152.38 153.321
5.90999 5.82638 5.80914 5.80515 5.79436 5.84361 5.83032 5.83499 5.79603 5.87535 5.90642 5.89591 5.86948 5.89319 6.37298
6.72029 7.11007 6.90428 6.87189 7.05856 6.82378 7.04621 6.87469 6.75367 6.61496 6.44443 6.72691 6.94559 6.60825 6.8276
4.6655 4.33461 4.24739 4.24814 4.26181 4.2464 4.2366 4.22993 4.44726 4.65981 4.69789 4.68697 4.68766 4.69418 4.61184
7.95363 8.08011 8.0106 7.99652 8.01152 8.01688 7.99815 7.99056 7.9126 7.93664 7.9669 7.92734 8.10065 7.97524 8.12268
152.361 152.737 152.721 152.651 152.628 152.867 152.615 152.752 153.542 152.215 151.764 152.193 151.897 152.096 154.239
5.80368 5.63936 5.62841 5.67252 5.70027 5.6385 5.67239 5.71434 5.77047 5.82776 5.82264 5.81312 5.80163 5.80106 6.29541
7.11087 7.27199 7.16548 7.03928 7.06175 7.10909 6.9449 7.22995 7.68686 7.06337 7.46306 7.15994 7.06561 6.93743 7.31177
4.56927 4.37492 4.31822 4.32998 4.32364 4.32821 4.31005 4.3699 4.19229 4.60113 4.59149 4.61859 4.63363 4.58611 4.59369
7.56429 7.87842 7.98262 7.95062 7.96937 7.8906 7.89667 7.92621 8.13983 7.50756 7.389 7.51431 7.67414 7.54613 7.51068
104.421 104.449 105.096 105.268 105.3 105.441 105.023 104.952 106.953 105.014 105.094 104.97 104.883 104.524 104.485
5.45213 5.17268 5.13086 5.10311 5.16114 5.1935 5.18785 5.09645 4.68099 5.08256 5.20451 5.00279 5.07975 5.28086 5.50408
4.51395 4.38048 4.41066 4.40758 4.39805 4.43677 4.41268 4.40092 4.40105 4.47881 4.50976 4.49658 4.50477 4.51821 4.40991
5.41389 5.38681 5.72519 5.774 5.82643 5.75577 5.65464 5.67027 6.49434 5.90122 5.84407 5.90623 5.741 5.50802 5.55649
7.50345 7.47703 7.66791 7.67857 7.67321 7.63148 7.6581 7.58284 7.8184 7.55406 7.56035 7.54561 7.52335 7.50716 7.75136
5.57145 5.56141 5.5392 5.55438 5.54004 5.55236 5.55538 5.51423 5.51318 5.50127 5.53094 5.48958 5.54973 5.56024 5.47044
4.44262 4.37196 4.30505 4.29295 4.43768 4.40685 4.4742 4.47837 4.42898 4.49247 4.44398 4.48994 4.43095 4.42469 4.35817
10.7733 10.3294 10.3966 10.3568 10.5493 10.6235 10.4254 10.7982 10.4134 11.1676 10.8104 11.2611 10.7651 10.8085 10.5489
5.62433 5.43312 5.63981 5.68259 5.70807 5.68776 5.70508 5.7754 5.65506 5.64991 5.74534 5.66681 5.66519 5.66086 5.75699
7.7172 7.71143 7.77073 7.79523 7.80212 7.7729 7.80119 7.80321 7.78061 7.73372 7.77857 7.73724 7.72185 7.72395 7.79145
153.175 152.242 152.802 152.797 153.041 153.224 152.846 153.154 153.229 153.117 153.061 153.209 153.258 153.256 154.577
6.06279 6.01889 6.03186 6.02785 6.02714 6.044 6.03297 6.0239 6.04594 6.04903 6.0767 6.05349 6.06599 6.07456 6.4979
7.59543 7.55788 7.64601 7.61103 7.63373 7.59969 7.61986 7.54578 7.60421 7.67104 7.64144 7.69558 7.61206 7.61351 7.41538
4.71393 4.55388 4.26415 4.28052 4.2744 4.25769 4.28213 4.34874 4.26871 4.83048 4.71126 4.76777 4.70734 4.72907 4.82655
8.37761 8.20019 8.16556 8.17159 8.05029 8.09477 8.12213 8.05134 8.02779 8.23981 8.35544 8.26081 8.31367 8.34006 8.26784
12.9892 12.8885 12.7615 12.9238 12.8929 12.9353 12.8675 13.0273 13.0008 12.7288 13.3692 12.7975 13.3567 13.0696 11.0256
5.59256 5.56418 5.51037 5.53016 5.50865 5.49131 5.51582 5.52275 5.51511 5.4933 5.59464 5.5271 5.59182 5.57892 5.61929
4.5586 4.30249 4.338 4.37908 4.38927 4.39021 4.3771 4.3745 4.36068 4.61795 4.60448 4.63405 4.57015 4.59226 4.56942
7.5371 7.40826 7.48567 7.4688 7.56239 7.54908 7.53338 7.46789 7.59098 7.34954 7.56012 7.34004 7.56144 7.56557 7.40194
148.07 147.707 148.497 148.579 148.412 148.049 147.684 148.253 148.072 148.47 148.187 148.283 147.838 147.64 145.97
5.59972 5.58549 5.5788 5.58332 5.57991 5.57222 5.59373 5.5719 5.57208 5.58267 5.59323 5.57788 5.58843 5.59416 5.59718
4.34599 4.22721 4.22481 4.22615 4.24108 4.23852 4.25991 4.21971 4.21632 4.38571 4.34414 4.34659 4.38301 4.32706 4.41261
13.8051 13.7742 13.9896 13.8896 13.9696 13.8919 13.8946 14.1513 13.8246 14.3007 14.09 14.1877 14.0583 13.8084 11.4727
7.69889 7.72911 7.72285 7.72194 7.72735 7.72793 7.72744 7.70921 7.73075 7.76922 7.6406 7.77428 7.67927 7.64123 7.5849
162.242 161.841 162.712 162.174 162.298 162.568 162.454 162.827 162.133 164.254 161.954 164.373 162.671 161.448 160.354
97.5104 97.7684 97.5747 97.7084 97.5743 97.5176 97.371 97.501 96.9808 97.6151 97.9181 97.8033 98.4995 97.8477 98.2554
5.57323 5.53961 5.54751 5.54673 5.52255 5.53024 5.5165 5.52932 5.52343 5.56785 5.56759 5.57203 5.57445 5.58239 5.65787
4.38647 4.15998 4.17316 4.16378 4.17989 4.17799 4.17769 4.17726 4.17121 4.41694 4.39082 4.36994 4.39096 4.38087 4.43498
5.67284 5.57364 5.57693 5.585 5.61403 5.60376 5.58914 5.56954 5.54194 5.62129 5.6589 5.65441 5.59327 5.67871 5.63678
7.83491 7.81137 7.80515 7.80547 7.81889 7.82231 7.80724 7.8219 7.86968 7.80429 7.79699 7.82661 7.78285 7.81294 7.78142
103.447 103.52 103.137 103.548 103.417 103.128 102.866 103.095 102.778 103.033 103.742 103.613 103.606 103.479 105.007
5.6193 5.51706 5.52981 5.54404 5.39469 5.35906 5.38542 5.41794 5.44005 5.62101 5.63198 5.70965 5.64126 5.6216 5.62847
4.10166 4.3288 4.18461 4.17806 4.14673 4.14561 4.04456 4.11623 4.25354 3.67676 4.1843 4.17841 4.18926 4.0321 4.4948
11.866 11.5605 11.6445 11.585 11.5387 11.5414 11.4797 11.5186 11.6213 11.6156 11.6715 11.638 11.7716 11.8702 12.2791
5.55211 5.5699 5.55188 5.58776 5.57023 5.56175 5.56346 5.56153 5.44595 5.56112 5.59314 5.58717 5.57465 5.56631 5.45668
7.87553 7.95078 7.92381 7.94408 7.90619 7.88512 7.91531 7.90629 7.88517 7.83494 7.85116 7.88483 7.84082 7.85134 7.7025
167.907 163.832 161.429 163.029 162.274 161.887 161.562 161.314 161.71 159.513 161.716 161.767 161.721 166.287 166.109
105.637 105.224 105.138 105.228 105.533 105.157 105.314 105.362 105.439 105.018 105.671 106.675 105.636 105.69 105.028
144.334 144.328 144.384 144.321 143.95 144.147 143.849 144.081 144.531 144.357 144.291 145.22 144.283 144.277 143.166
5.79366 5.91859 5.86183 5.85052 5.91079 5.95803 5.95286 5.92737 5.86154 5.84982 5.79753 5.71566 5.81297 5.79141 5.88962
4.75915 4.10646 4.00662 4.04377 4.29036 4.19527 4.25326 4.22815 4.20912 4.66552 4.79583 4.73757 4.73725 4.75846 4.39518
11.6194 11.5618 11.5201 11.597 11.4418 11.4499 11.5753 11.5521 11.475 11.4507 11.602 11.4868 11.5964 11.6229 11.3079
5.88214 5.92352 5.86554 5.8654 5.83866 5.8858 5.82365 5.876 5.92295 5.99084 5.90175 5.97043 5.88414 5.8846 5.75672
8.0527 8.04283 8.00605 7.99077 7.94527 7.99164 7.94273 8.01462 8.01443 8.12272 8.07639 8.22276 8.05921 8.04697 7.95775
159.043 158.255 157.578 157.797 158.662 158.396 158.528 158.697 158.59 160.251 159.418 159.46 159.32 159.225 161.026
98.2787 99.4982 99.2845 99.3033 99.7244 100.256 99.6851 99.2796 99.2157 99.7952 98.1878 98.8326 98.3881 97.904 101.725
5.81526 5.87846 5.88806 5.85028 5.879 5.91566 5.87699 5.9024 5.82695 5.8253 5.77631 5.80885 5.78927 5.80339 5.67698
4.23854 4.149 4.19773 4.18813 4.19743 4.18689 4.20802 4.206 4.1782 4.2947 4.24887 4.23109 4.24589 4.24001 4.32741
5.91742 6.07126 6.02662 6.00001 5.99939 6.00073 6.01078 6.09246 6.25092 5.87595 5.88922 5.96728 5.87418 5.93314 5.98006
7.87303 7.8822 7.92359 7.90437 7.87945 7.85602 7.90895 7.88189 7.89026 7.6776 7.88213 7.86765 7.8743 7.88121 7.74904
9.14922 8.8745 8.67786 8.77383 9.03391 8.6185 8.63669 8.70655 9.04926 10.4254 9.30248 9.4242 9.32176 9.42453 10.8859
5.89072 5.92298 5.94686 5.93275 5.88266 5.88173 5.88357 5.8961 5.87664 5.88572 5.88726 5.89129 5.89272 5.89353 6.00678
4.70094 4.66889 4.67026 4.61384 4.29442 4.27333 4.25889 4.26572 4.26318 4.75936 4.72177 4.72888 4.74771 4.74237 4.77826
5.02477 4.87296 4.84121 4.82132 5.07314 5.01665 4.99145 5.07522 4.97104 5.01344 5.03034 5.02412 5.0378 5.06352 4.6697
7.9139 7.90574 7.88098 7.88889 7.79527 7.83373 7.77879 7.82408 7.85474 7.83227 7.90532 7.99023 7.89493 7.93728 8.71722
142.886 142.531 142.796 142.711 142.598 142.052 141.993 142.173 142.929 145.366 143.028 143.525 143.107 143.124 146.032
12.6507 12.4627 12.4687 12.363 12.3082 12.807 12.66 12.6535 13.0009 12.6049 12.449 12.4458 12.533 12.4124 10.8037
5.58197 5.60809 5.59118 5.59443 5.20678 5.17472 5.23601 5.00546 5.13862 5.56026 5.56726 5.59292 5.59259 5.5698 5.82651
4.64214 4.48882 4.5308 4.52737 4.30875 4.33674 4.33003 4.31941 4.29553 4.64661 4.72865 4.64645 4.69821 4.71396 4.52072
7.69582 7.54008 7.60671 7.62686 7.6416 7.63371 7.58254 7.64904 7.68483 7.5365 7.66931 7.57166 7.57445 7.65142 7.54089
147.382 146.117 146.397 146.353 146.218 146.686 146.608 146.714 146.89 146.875 146.412 147.022 146.761 146.398 144.953
154.365 154.775 154.666 154.62 154.555 154.36 154.512 154.23 154.377 154.246 154.467 154.219 154.438 154.657 154.933
5.98435 5.97522 5.92262 5.92683 5.95966 5.9178 5.94476 5.92686 5.91348 5.96761 5.98189 5.96375 5.97152 5.99166 6.29506
7.96172 7.9103 7.90198 7.92717 7.98744 7.83304 7.85203 7.86804 7.83123 7.94574 7.81383 7.92702 7.86328 7.91098 7.6902
4.57128 4.21074 4.22966 4.22768 4.22744 4.23641 4.23029 4.21352 4.19356 4.56018 4.49614 4.56892 4.49037 4.53012 4.7192
7.95529 7.93221 7.93065 7.88882 7.88859 7.9226 7.82895 7.88875 7.97109 7.8747 7.75091 7.85113 7.82056 7.82133 8.40676
98.7025 97.6313 97.2083 97.4297 97.8778 97.6597 98.0104 97.9098 97.7742 98.6728 97.4469 98.5125 96.9035 98.3821 99.7606
5.45017 5.46695 5.44457 5.44848 5.44194 5.449 5.44265 5.45969 5.43842 5.41582 5.50314 5.43264 5.49777 5.49818 5.61793
4.46694 4.29015 4.28031 4.28219 4.33949 4.27637 4.27551 4.27657 4.29413 4.4259 4.48029 4.41923 4.43581 4.48092 4.43504
5.45196 5.25416 5.28713 5.35155 5.35454 5.35436 5.3815 5.24936 5.27489 5.53009 5.08344 5.52275 5.13188 5.36251 5.67783
7.42585 7.3784 7.43853 7.4609 7.38074 7.44184 7.41344 7.40218 7.36796 7.43158 7.38151 7.43622 7.38898 7.40793 7.54399
5.59125 5.5692 5.54285 5.54391 5.55815 5.56219 5.55912 5.58589 5.56487 5.58796 5.57565 5.57769 5.58429 5.59053 5.28948
4.50318 4.23677 4.23375 4.23518 4.24745 4.52596 4.23644 4.46288 4.4951 4.46519 4.51227 4.45744 4.49987 4.5118 4.39613
13.8503 13.4858 13.3387 13.4669 13.3977 13.4252 13.6355 13.4921 13.4486 13.2046 14.0489 13.0828 13.8701 13.856 10.4304
7.80971 7.79774 7.82077 7.82894 7.83614 7.84132 7.85211 7.90003 7.84774 7.73061 7.89769 7.73503 7.86188 7.83151 7.6617
104.347 104.357 104.276 104.238 104.641 104.533 104.797 104.755 105.669 103.927 104.244 103.941 104.376 104.298 104.357
5.69125 5.73842 5.78353 5.7574 5.79972 5.7583 5.71395 5.79915 5.69137 5.64648 5.67361 5.64538 5.67049 5.70103 5.62273
4.40658 4.30282 4.30682 4.34262 4.40613 4.3133 4.39107 4.25306 4.2764 4.43492 4.45579 4.44179 4.39832 4.40871 4.41518
10.7037 10.6732 10.728 10.5951 10.5445 10.6422 10.7395 10.6208 10.488 10.407 10.6526 10.3592 10.622 10.6884 9.94281
5.54237 5.52339 5.43948 5.42153 5.42833 5.46116 5.44906 5.41991 5.49451 5.65242 5.62989 5.61815 5.58583 5.56734 5.71924
7.86105 7.87231 7.7902 7.80206 7.80894 7.79446 7.78178 7.81237 7.72741 7.90362 7.86428 7.91289 7.85383 7.86365 7.88223
167.804 163.265 164.904 163.553 163.107 163.171 163.646 161.571 161.708 165.051 168.985 166.009 166.945 169.54 159.984
99.1054 98.5924 98.7094 98.4653 98.3379 98.3087 98.5137 98.4175 98.4079 98.8126 97.6922 98.7934 98.4917 98.9707 98.4473
5.73878 5.69795 5.67833 5.64931 5.66243 5.64353 5.68807 5.60661 5.62896 5.626 5.72291 5.63319 5.69001 5.71456 5.64245
4.32061 4.49076 4.48648 4.5154 4.53302 4.51539 4.48098 4.53929 4.40348 4.2583 4.33135 4.23059 4.42691 4.31931 4.47091
5.75673 5.60425 5.54049 5.52103 5.61838 5.60269 5.55936 5.60686 5.71291 5.65836 5.65331 5.68158 5.66007 5.74086 5.68147
7.8085 7.75396 7.77297 7.79536 7.82582 7.82298 7.7984 7.80446 7.77879 7.71385 7.7945 7.67685 7.84529 7.79132 7.77912
5.62648 5.68064 5.68309 5.71499 5.67269 5.68699 5.68445 5.70008 5.60632 5.58254 5.59555 5.54217 5.55509 5.59121 5.5926
4.29008 4.18723 4.19422 4.21277 4.18501 4.18568 4.18456 4.20127 4.21741 4.27868 4.32627 4.29309 4.28004 4.29472 4.42951
5.66838 5.52406 5.54822 5.52429 5.42692 5.44623 5.44121 5.43796 5.47927 5.64897 5.77454 5.63555 5.69204 5.64642 5.5503
7.6965 7.66571 7.64322 7.64282 7.67043 7.64847 7.64069 7.66068 7.62549 7.66778 7.65954 7.6731 7.64431 7.68597 7.62751
105.319 106.86 106.691 106.365 106.977 106.518 106.684 106.689 104.553 106.416 104.181 106.351 104.603 105.041 104.396
5.55059 5.53733 5.51745 5.52401 5.48271 5.4894 5.49353 5.49025 5.50375 5.57815 5.78796 5.59816 5.55049 5.54098 5.55083
4.38859 4.4508 4.43574 4.40812 4.24099 4.24651 4.24695 4.24745 4.23365 4.37731 4.4414 4.39262 4.37968 4.39139 4.41892
5.65957 5.77471 5.70914 5.69301 5.82469 5.72866 5.7155 5.82343 5.6471 5.84681 5.53657 5.90382 5.66371 5.65124 5.46032
7.89478 7.89364 7.8498 7.85896 7.8965 7.87544 7.87418 7.888 7.80259 7.93627 7.76861 7.92365 7.96967 7.92883 7.70721
103.428 104.761 104.548 104.63 104.825 104.568 104.763 104.861 104.931 103.568 103.31 103.384 103.34 103.44 103.261
5.50326 5.55438 5.54114 5.53667 5.53152 5.53892 5.5254 5.53927 5.54494 5.49914 5.50595 5.49408 5.49491 5.5137 5.53124
4.50962 4.21541 4.2438 4.2344 4.22876 4.23702 4.22634 4.32929 4.2347 4.50376 4.53107 4.47855 4.46065 4.5497 4.42783
11.7237 11.7855 11.1624 11.3476 11.6122 11.267 11.9428 11.5994 10.8874 10.4388 9.34952 10.4429 10.4948 9.51995 12.4448
5.67928 5.60743 5.72234 5.65658 5.69515 5.73155 5.6773 5.68705 5.86151 5.7727 5.72547 5.82703 5.72998 5.63583 5.69141
7.90005 7.8559 7.85401 7.8622 7.87089 7.86891 7.84696 7.86257 7.84568 7.91961 7.9422 7.91977 7.87454 7.87942 7.89056
165.739 164.111 163.821 164.213 165.272 164.816 165.299 164.839 165.211 166.978 168.086 166.932 167.09 167.535 162.567
5.858 5.79327 5.82059 5.86385 5.81243 5.81319 5.84102 5.78845 5.81816 5.88906 5.9226 5.87368 5.91229 5.91448 6.43544
6.89178 7.30637 7.42483 7.43395 7.56468 7.19635 7.52298 7.21161 7.51063 6.90143 7.02834 7.02433 7.33749 6.99437 6.83472
4.61098 4.34923 4.35663 4.35502 4.35016 4.32933 4.34753 4.36783 4.34891 4.62116 4.62308 4.64142 4.55204 4.62636 4.63284
8.11248 8.10045 8.10754 8.1236 8.03695 8.07254 8.00673 8.05995 8.15813 8.13169 8.23904 8.13508 8.33426 8.16427 8.05842
5.40371 5.34877 5.33973 5.34676 5.34461 5.31411 5.34405 5.32493 5.38254 5.37528 5.38619 5.4048 5.35502 5.38267 5.39191
4.43809 4.3482 4.39468 4.34683 4.36043 4.35686 4.3204 4.33066 4.3245 4.35162 4.4243 4.39763 4.35714 4.41975 4.46808
13.7262 13.4839 13.2121 13.1955 13.3947 13.0295 13.0754 13.1708 12.711 13.8227 13.5344 13.6079 13.3412 13.638 12.4149
7.44471 7.50854 7.45561 7.47807 7.51732 7.47151 7.52291 7.50443 7.47834 7.48326 7.4307 7.48752 7.48734 7.39866 7.46416
162.659 163.044 162.956 162.901 163.014 163.231 163.121 162.781 164.04 164.326 163.696 164.108 163.881 164.231 162.213
5.96358 5.9076 5.88675 5.87624 5.86963 5.89238 5.87326 5.87574 5.91953 5.92436 5.95825 5.92339 5.91324 5.94781 6.37617
7.76561 7.36205 7.29246 7.33235 7.31161 7.31022 7.3284 7.33889 7.56176 7.59482 7.7645 7.67655 7.58672 7.58769 6.93421
4.54064 4.22317 4.26406 4.26391 4.23421 4.25446 4.26092 4.34114 4.2892 4.53452 4.5425 4.52733 4.55203 4.58809 4.62765
7.94071 8.05853 8.17687 8.09921 8.09381 8.12519 8.13779 8.07696 8.21626 8.18855 8.20166 8.1114 8.16451 8.01046 8.09427
97.4499 96.9168 96.8871 96.6125 96.5435 96.6979 96.6357 96.9432 100.432 96.5577 97.9487 96.9249 97.8195 97.8286 96.658
5.2242 5.29013 5.34364 5.33832 5.34705 5.34307 5.35245 5.32471 4.06994 5.35556 5.23147 5.22901 5.22276 5.18132 5.43219
4.34584 4.16959 4.16323 4.16014 4.15651 4.15546 4.15457 4.14346 4.06489 4.40902 4.37294 4.3706 4.37803 4.39482 4.39987
5.33618 5.38842 5.27344 5.27992 5.27862 5.24877 5.26538 5.34202 6.19343 5.3469 5.45739 5.35708 5.7015 5.51693 5.10907
7.37342 7.46278 7.42154 7.43031 7.44891 7.4205 7.41724 7.43941 7.75802 7.40874 7.28898 7.35687 7.37177 7.326 7.35773
5.34311 5.2828 5.19587 5.27989 5.30284 5.23407 5.25997 5.22585 5.33758 5.43023 5.39641 5.32823 5.47532 5.3912 5.50238
4.41752 4.21395 4.23356 4.19948 4.23335 4.13924 4.19151 4.1825 4.41134 4.38036 4.41249 4.42926 4.42075 4.42419 4.40295
7.82644 7.79928 7.7996 7.78796 7.79274 7.80041 7.79082 7.76867 7.75254 7.83905 7.77652 7.85423 7.79937 7.78246 7.72187
5.62818 4.71943 4.89505 4.91297 4.85076 4.5449 4.82626 4.92793 4.21747 5.4746 5.57779 5.74347 5.42498 5.7531 5.5135
4.42695 4.4225 4.36735 4.35403 4.33093 4.35162 4.31315 4.37601 4.55974 4.44592 4.39334 4.38002 4.43043 4.37751 4.50508
5.62985 5.72667 5.77019 5.78174 6.11235 6.01805 6.0368 5.98293 6.39976 5.56073 5.48318 5.50541 5.51647 5.50895 5.6258
7.89089 7.83434 7.85002 7.86271 7.8443 7.84498 7.83497 7.84441 7.80898 7.86502 7.87507 7.91605 7.97018 7.87948 7.89926
5.61568 5.60577 5.57824 5.5584 5.66656 5.59656 5.55284 5.55825 5.77244 5.41287 5.29351 5.67858 5.87005 5.86523 6.27171
7.64652 7.58481 7.48559 7.50816 7.46518 7.52889 7.51326 7.50283 7.57119 7.77382 7.45584 7.71806 7.70577 7.50352 6.75507
4.61514 4.41899 4.3446 4.33985 4.34558 4.3235 4.34737 4.33837 4.33771 4.60843 4.57625 4.64378 4.64541 4.58587 4.64356
8.12716 7.96043 7.95517 7.93443 7.90148 7.93541 7.92795 7.93871 7.86666 8.07339 8.17897 8.05076 8.18627 8.16429 7.98751
5.34445 5.25863 5.33569 5.33229 5.34366 5.34189 5.3123 5.35 5.39812 5.14065 5.00348 5.32894 5.11622 5.19032 5.31916
4.46812 4.45994 4.47442 4.49771 4.47603 4.52862 4.50453 4.53567 4.40257 4.46768 4.42806 4.45809 4.44482 4.46761 4.31394
7.39826 7.60297 7.48673 7.50227 7.50018 7.49837 7.466 7.45975 7.47309 7.51703 7.53306 7.50283 7.49265 7.4428 7.37997
6.03865 5.88564 5.86055 5.86695 5.87611 5.88843 5.87107 5.84446 5.84123 6.00247 5.9596 6.01133 5.9506 5.96882 6.49246
7.40203 7.53304 7.7573 7.74949 7.85965 7.83038 7.83232 7.75865 8.0143 7.29623 7.08575 7.68612 7.50104 7.46049 6.81922
4.54518 4.19412 4.20192 4.19768 4.19292 4.19575 4.19128 4.2007 4.18276 4.55979 4.52537 4.58462 4.57809 4.56867 4.62857
7.99774 8.11655 8.10805 8.16192 8.13065 8.21408 8.18555 8.18478 8.19244 8.02148 7.8951 7.925 7.97819 7.97945 7.98501
5.32941 5.02904 4.79341 4.76824 4.88531 4.99266 5.05531 5.16785 4.98339 5.16942 5.16683 5.11794 5.08081 5.28486 5.41763
4.38948 4.58266 4.48844 4.47523 4.42279 4.48841 4.40082 4.42957 4.36352 4.42935 4.40188 4.43898 4.44044 4.42577 4.5018
13.2799 13.0789 13.005 13.0515 12.58 12.6811 12.5665 12.579 12.0933 13.2817 12.9211 13.049 12.9891 13.1065 12.7878
7.55913 7.61566 7.64366 7.64478 7.66293 7.71423 7.69836 7.56578 7.4294 7.49104 7.58544 7.55001 7.55449 7.53377 7.48673
160.304 159.957 160.64 160.603 160.166 160.01 161.173 161.145 160.704 159.592 159.573 159.111 159.336 159.882 162.887
6.02206 5.8677 5.83742 5.82686 5.80602 5.83621 5.81105 5.8291 5.86574 5.92497 5.97367 5.96216 5.9073 5.99778 6.38063
7.84104 7.61143 7.30622 7.3382 7.25644 7.1085 7.16896 7.15228 7.22769 7.58045 7.69255 7.52599 7.51169 7.73632 6.95334
4.50814 4.19164 4.20915 4.2168 4.20918 4.22022 4.18306 4.33433 4.26761 4.54084 4.55787 4.55902 4.56718 4.52423 4.66692
8.0464 8.02065 7.97384 8.02226 7.99394 8.00542 8.06404 8.07908 8.08287 8.16055 7.96944 7.88031 8.0135 7.99919 8.07962
98.0837 98.7494 98.4556 98.2354 97.7909 97.4025 97.5567 97.3226 97.6515 97.1048 97.6114 95.9179 97.221 95.4063 97.0137
5.37296 5.19897 5.26988 5.27461 5.28637 5.32877 5.28424 5.30633 5.365 5.35144 5.27283 5.41064 5.36675 5.39866 5.43964
4.43651 4.20056 4.20591 4.26572 4.14389 4.14108 4.13175 4.13718 4.16178 4.38494 4.43445 4.3976 4.43709 4.37772 4.38411
5.77628 5.8384 5.62702 5.60457 5.50662 5.47142 5.46166 5.47532 5.4837 5.47217 5.53874 5.23674 5.40245 5.30862 5.16143
7.44391 7.58027 7.5439 7.50814 7.42834 7.44967 7.44358 7.42655 7.4511 7.42314 7.38878 7.45238 7.41021 7.44911 7.38024
5.53839 5.50152 5.51932 5.50936 5.52354 5.52178 5.51625 5.51844 5.53144 5.51382 5.52607 5.53793 5.52496 5.51106 5.51135
4.48352 4.42547 4.37271 4.39437 4.23979 4.26664 4.2434 4.24788 4.27655 4.46086 4.45793 4.43259 4.45722 4.44343 4.42544
13.6261 13.4003 13.356 13.5039 13.3618 13.4558 13.5638 13.3379 13.2328 13.5304 13.8277 13.2654 13.9247 13.5023 13.237
5.42693 5.48287 5.49637 5.47924 5.43569 5.40611 5.44536 5.496 5.41353 5.54573 5.3947 5.48451 5.41533 5.53723 5.40101
7.73284 7.80074 7.8364 7.8054 7.80086 7.77263 7.81665 7.80836 7.79295 7.85522 7.71714 7.74532 7.73996 7.8316 7.76168
164.047 165.004 163.832 163.943 163.652 163.148 164.081 163.686 162.784 163.177 164.066 161.7 164.062 162.786 161.651
5.60954 5.51375 5.57787 5.56507 5.5172 5.51082 5.50609 5.53825 5.57062 5.48467 5.58066 5.49915 5.57338 5.50548 5.49138
4.45932 4.4224 4.37582 4.36387 4.20585 4.20766 4.19545 4.21375 4.20565 4.46686 4.45787 4.45155 4.4618 4.4434 4.4183
10.1991 10.4259 9.93757 9.97758 9.5919 10.0633 9.95306 9.74196 9.74567 10.8889 10.1603 11.013 9.98363 10.8573 10.8975
5.71128 5.66093 5.60373 5.59825 5.63924 5.65132 5.58084 5.65292 5.5794 5.59177 5.73767 5.59894 5.74411 5.61807 5.64339
7.91601 7.82127 7.79162 7.78464 7.87938 7.9001 7.86296 7.88924 7.89333 7.77088 7.9452 7.76793 7.94139 7.78641 7.86009
159.225 160.561 161.303 161.835 160.779 160.735 159.853 161.04 161.508 158.529 159.268 158.506 159.419 158.351 158.702
151.888 153.638 153.17 153.149 152.883 152.892 152.844 152.802 153.069 154.161 152.07 154.183 152.063 153.736 153.749
5.8549 5.83527 5.78105 5.81692 5.77401 5.8255 5.77157 5.80045 5.77584 5.95509 5.84814 5.95112 5.86653 5.95685 6.4252
6.83007 7.23613 6.82482 6.90552 6.8242 6.7274 6.87107 6.91711 7.00522 7.22168 6.92011 7.18548 6.89842 7.2436 6.88499
4.6797 4.3313 4.35114 4.33437 4.32247 4.33878 4.32886 4.34522 4.30569 4.62261 4.67142 4.60021 4.68349 4.60002 4.63671
7.99016 7.9137 7.96495 7.99421 8.0728 8.08343 8.08655 8.02071 8.10349 8.15048 7.98564 8.12358 8.00946 8.14032 8.04618
5.41623 5.40504 5.41014 5.42326 5.42519 5.40921 5.40065 5.43008 5.42384 5.30059 5.40925 5.33768 5.40491 5.31569 5.43373
4.46102 4.51973 4.27179 4.26882 4.27397 4.26059 4.25727 4.29353 4.25419 4.46292 4.47485 4.46412 4.47505 4.46315 4.51305
13.4377 12.9142 12.7874 12.6359 12.6637 12.5075 12.7491 12.615 12.8171 13.1035 13.4024 13.0731 13.2624 13.1207 12.8323
7.34125 7.56657 7.475 7.49724 7.50747 7.42915 7.45778 7.49379 7.58035 7.44379 7.35603 7.44692 7.32459 7.42417 7.4536
162.593 161.76 162.371 162.503 162.838 162.995 162.847 162.735 162.269 160.634 162.094 160.684 161.94 160.71 161.957
153.517 153.248 153.059 152.792 152.968 152.877 152.915 152.742 153.133 152.967 153.338 153.319 153.404 153.047 152.457
5.98527 5.89308 5.90238 5.88969 5.89599 5.89785 5.91162 5.93672 5.94374 5.97051 5.98957 5.97673 5.97608 6.00567 6.43288
7.39733 7.19415 7.20103 7.12707 7.18097 7.15321 7.11149 6.98756 7.1826 7.26315 7.3917 7.3834 7.43654 7.25361 6.57349
4.69082 4.4336 4.44866 4.47866 4.4707 4.4398 4.4939 4.44413 4.26376 4.70077 4.68129 4.69956 4.71459 4.69336 4.73621
7.9938 8.08251 8.05436 8.10763 8.06891 8.0548 8.07615 8.08182 8.12396 8.01607 7.95177 7.9916 7.96354 7.98443 7.97602
136.465 136.777 136.478 136.098 136.556 136.239 136.263 136.276 136.051 136.148 135.937 136.405 136.147 136.184 136.245
10.8951 10.7999 10.7623 10.7701 10.7933 10.899 10.7492 10.6516 10.7121 10.7896 10.9059 10.7915 10.8494 10.9077 10.7187
5.55507 5.48865 5.48685 5.49983 5.52363 5.49479 5.50992 5.52509 5.54407 5.53867 5.55972 5.55262 5.52947 5.54566 5.73446
4.65979 4.25754 4.29393 4.29082 4.25596 4.22175 4.27038 4.27083 4.26624 4.67008 4.69 4.65309 4.65318 4.68775 4.68866
7.21869 7.3374 7.34369 7.26666 7.31718 7.264 7.33641 7.34615 7.20037 7.19015 7.1895 7.19815 7.19213 7.19299 7.30581
144.851 144.769 144.553 144.375 144.356 144.555 144.453 143.996 144.114 144.952 144.705 145.051 145.157 144.986 144.635
154.115 154.197 154.284 154.287 154.272 154.147 154.281 154.181 154.199 153.984 154.06 154.052 154.122 153.909 154.086
5.90163 5.86165 5.86121 5.83938 5.85758 5.87758 5.82296 5.86736 5.8202 5.89637 5.86702 5.88445 5.90114 5.90345 6.41532
7.68649 7.73186 7.76426 7.76605 7.755 7.73548 7.72705 7.71876 7.72917 7.72147 7.6572 7.68382 7.71179 7.63286 7.23775
4.57902 4.32668 4.33033 4.33008 4.33234 4.35851 4.33328 4.34249 4.35827 4.5848 4.59416 4.58367 4.57708 4.61916 4.64063
7.75311 7.79928 7.79031 7.7909 7.89553 7.87643 7.92771 7.81463 7.96226 7.71894 7.65766 7.75849 7.71734 7.72066 7.69248
5.45009 5.43964 5.41233 5.41018 5.43111 5.42387 5.40707 5.45889 5.48361 5.45979 5.46576 5.46043 5.45002 5.47849 5.44001
4.39672 4.44084 4.22189 4.22281 4.20367 4.22649 4.23112 4.21694 4.32915 4.38457 4.40139 4.39455 4.37567 4.40364 4.40424
14.5158 13.821 13.6352 13.6201 13.6327 13.646 13.5193 13.295 13.6699 14.3366 14.4961 14.3399 14.3434 14.6324 13.3563
7.57751 7.55293 7.59489 7.56751 7.52381 7.64445 7.58229 7.51205 7.71728 7.61837 7.60145 7.59862 7.62312 7.57798 7.4598
163.429 161.439 162.318 162.291 162.108 162.102 161.358 161.961 161.31 163.356 164.129 163.035 163.139 164.242 162.289
103.169 103.168 102.818 102.883 103.005 102.766 102.7 103.246 102.828 102.975 102.97 103.013 103.103 102.963 103.218
5.58214 5.56077 5.55082 5.53598 5.55116 5.52829 5.53807 5.56536 5.5418 5.55622 5.56273 5.55741 5.55137 5.59078 5.5375
4.35408 4.24134 4.21947 4.21711 4.22838 4.18486 4.17352 4.16881 4.23418 4.38153 4.39062 4.38282 4.37055 4.36071 4.41959
13.5356 13.5312 13.8295 13.6572 13.5393 13.9037 13.6189 13.5951 13.2836 13.5093 14.1789 13.6151 13.5458 13.8113 13.2782
5.55327 5.52266 5.52472 5.54273 5.54788 5.5357 5.52009 5.52277 5.41749 5.61316 5.58772 5.61294 5.58986 5.53432 5.53056
7.90322 7.96166 7.97451 7.98415 7.97199 7.97469 7.96744 7.97164 8.02321 7.98429 7.95892 7.97721 7.96506 7.9031 7.99306
98.1928 97.9836 97.745 97.8847 97.9899 98.0258 97.6936 97.681 98.4016 98.5685 98.6979 98.6674 98.5736 98.0231 97.1009
5.57179 5.5255 5.5145 5.52218 5.53758 5.51009 5.50548 5.53435 5.60852 5.57368 5.56668 5.57685 5.57186 5.55104 5.55738
4.3053 4.16329 4.17852 4.1868 4.18068 4.19838 4.16168 4.18338 4.23535 4.29569 4.28653 4.28634 4.29165 4.30768 4.39337
5.7235 5.6623 5.68624 5.67354 5.67816 5.68626 5.67801 5.68693 5.7974 5.68648 5.69081 5.69282 5.68398 5.74011 5.5836
7.83584 7.84234 7.84187 7.83258 7.84331 7.83928 7.84852 7.87064 7.81173 7.82781 7.81549 7.82598 7.82648 7.84372 7.87663
100.124 99.0168 99.2603 99.5433 99.3307 99.3992 99.2619 99.0764 99.6838 100.23 100.501 100.323 100.228 100.2 98.1323
5.63001 5.57223 5.5808 5.57963 5.58789 5.57414 5.58009 5.58368 5.60387 5.61806 5.62468 5.62201 5.62062 5.62976 5.62814
4.13159 4.08944 4.10931 4.11193 4.11011 4.09404 4.09647 4.12567 4.09868 4.13529 4.13297 4.13699 4.13039 4.13111 4.17825
5.68845 5.60265 5.60541 5.61754 5.65854 5.61139 5.58517 5.62433 5.61541 5.69073 5.69136 5.6883 5.68679 5.68499 5.5039
7.69377 7.70277 7.72055 7.71813 7.71028 7.71436 7.71248 7.7443 7.70744 7.69685 7.68717 7.6986 7.69155 7.69267 7.73395
