11.941 12.0914 12.1517 12.0818 11.838 11.7581 11.8388 11.8364 11.7513 12.1811 11.8655 11.7298 12.0841 11.3101 11.8256 11.8266 11.7594 11.8702 11.7935 12.1507 11.8828 11.8276 11.8185 12.2952 10.8331 11.8583 11.9139 11.7741 11.7882 9.86226
5.70596 5.65072 5.66443 5.89723 5.86026 5.86584 5.85621 5.8534 5.8626 5.89039 5.87802 5.87121 5.81357 5.86536 5.85312 5.86335 5.86973 5.85539 5.86558 5.84636 5.86567 5.8644 5.86678 5.85591 5.86267 5.84832 5.87052 5.83466 5.84649 5.89703
4.66953 4.36187 4.23171 4.74002 4.71368 4.69285 4.68936 4.64134 4.71119 4.69132 4.7327 4.69096 4.59685 4.63196 4.69734 4.73488 4.68495 4.69055 4.63598 4.61078 4.78046 4.62396 4.69636 4.72331 4.79076 4.67243 4.72629 4.64459 4.62261 4.73314
7.77872 7.80193 7.70245 8.0013 8.0022 8.00447 8.03046 8.08952 8.03142 7.96645 8.04858 7.9894 8.05876 8.02377 8.06477 8.06174 7.97148 8.07917 7.96916 8.06237 8.10369 7.99314 8.04947 8.13708 8.00833 8.0189 8.07918 8.06273 8.00833 7.99302
13.0251 12.747 12.9091 12.9279 12.8847 12.8506 12.8737 12.9545 12.894 13.0501 13.1774 12.8975 12.8008 13.1241 12.9823 13.0159 13.1316 13.0227 12.9818 12.9397 13.0345 13.0564 12.8153 12.8001 12.4929 13.0394 12.8736 12.912 12.7177 11.8774
5.65813 5.65409 5.46691 5.87223 5.82444 5.84644 5.82306 5.86796 5.83231 5.8241 5.82666 5.8335 5.82635 5.84873 5.82765 5.82368 5.79441 5.88031 5.87303 5.78163 5.83922 5.84378 5.83101 5.82729 5.87675 5.81958 5.83444 5.83644 5.83167 5.86432
4.57486 4.27965 4.36038 4.63209 4.57928 4.60369 4.58081 4.67487 4.5857 4.51076 4.53293 4.59553 4.63049 4.67454 4.58283 4.58697 4.51311 4.6623 4.67761 4.59062 4.58014 4.63154 4.57086 4.59501 4.56483 4.60401 4.59299 4.66354 4.64232 4.522
4.46816 4.48523 4.47863 4.57749 4.56594 4.55599 4.55197 4.60411 4.55717 4.52582 4.51204 4.56877 4.55472 4.61717 4.54969 4.57904 4.51987 4.59119 4.57869 4.54773 4.56259 4.56277 4.5717 4.5747 4.55767 4.57204 4.58126 4.60109 4.55284 4.53134
7.58681 7.58681 7.451 7.451 7.69095 7.69095 7.36626 7.36626 7.48221 7.48221 7.50214 7.50214 7.48624 7.48624 7.54524 7.54524 7.4759 7.4759 7.52665 7.52665 7.49184 7.49184 7.48808 7.48808 7.66105 7.66105 7.61919 7.61919 7.47298 7.47298
7.42313 7.42313 7.51641 7.51641 7.50936 7.50936 7.59486 7.59486 7.54467 7.54467 7.39911 7.39911 7.62238 7.62238 7.47275 7.47275 7.46487 7.46487 7.4856 7.4856 7.49702 7.49702 7.48886 7.48886 7.47022 7.47022 7.52633 7.52633 7.5269 7.5269
5.59382 5.58839 5.59369 5.59279 5.5807 5.58731 5.56987 5.58861 5.58148 5.58421 5.5752 5.57208 5.57579 5.61062 5.58245 5.58018 5.58896 5.60365 5.58096 5.58868 5.59524 5.62404 5.54199 5.6596 5.58485 5.59371 5.57385 5.5283 5.55824 5.4971
4.47799 4.5135 4.26345 4.50792 4.51916 4.4997 4.50035 4.47606 4.50443 4.45071 4.39936 4.44117 4.4609 4.44087 4.45701 4.44553 4.42985 4.37556 4.4522 4.46317 4.49385 4.49476 4.4459 4.37747 4.50501 4.44602 4.48999 4.37412 4.47143 4.45773
13.3963 14.1401 13.9229 13.7463 13.5931 13.5895 13.6892 13.8727 13.6704 13.2902 13.4298 13.6731 13.7322 13.7345 13.7847 13.7363 12.9828 13.6635 13.7472 13.6356 13.7451 13.7898 13.9254 13.8592 13.5616 13.6729 13.6999 13.777 13.7947 12.2294
4.56378 4.55516 4.59208 4.69955 4.68502 4.68719 4.67815 4.71692 4.67623 4.64835 4.60355 4.67945 4.6855 4.7166 4.67374 4.67444 4.66488 4.6463 4.68676 4.69499 4.68216 4.72941 4.67191 4.66286 4.67045 4.69814 4.68203 4.69852 4.64601 4.60625
5.00248 5.13979 5.13433 5.06874 5.06777 5.07857 5.06115 5.09722 5.10082 5.35139 5.39812 5.15884 5.11883 5.17704 5.16861 5.16664 5.21151 5.28676 5.08827 5.04056 5.24695 5.21024 5.15231 4.99481 5.17001 5.11314 5.02807 5.04129 4.84632 5.34244
7.67598 7.74247 7.72621 7.70073 7.69466 7.686 7.71048 7.68817 7.70746 7.74392 7.71561 7.66766 7.74756 7.72748 7.73201 7.69588 7.66984 7.68569 7.69197 7.71491 7.73253 7.76492 7.76368 7.7179 7.68971 7.69853 7.67852 7.83162 7.64684 7.73398
11.6781 11.8048 12.0645 11.4927 11.6779 11.6643 11.7125 11.9958 11.7814 11.7745 12.32 11.5873 11.5674 12.2195 11.6004 12.8333 12.2025 11.7626 11.7457 12.3336 12.3056 12.461 12.359 12.4285 11.7156 12.217 11.8259 12.2509 12.3983 9.54126
5.63909 5.6338 5.64803 5.79437 5.82638 5.79516 5.79015 5.84047 5.79447 5.79603 5.80829 5.81984 5.83657 5.84695 5.86078 5.86493 5.88346 5.8529 5.8973 5.80839 5.91421 5.8226 5.91668 5.78588 5.83506 5.80745 5.80586 5.84108 5.88705 5.89521
4.60172 4.47154 4.49903 4.63772 4.53913 4.67316 4.59155 4.54784 4.63976 4.62649 4.51995 4.60363 4.64617 4.55676 4.70481 4.54065 4.44065 4.58504 4.56904 4.60719 4.54852 4.52212 4.52894 4.61633 4.56091 4.62234 4.58648 4.65293 4.67046 4.6079
4.56568 4.6016 4.55835 4.63537 4.65491 4.61724 4.6394 4.64301 4.63285 4.62244 4.53889 4.61777 4.67718 4.60912 4.6497 4.68396 4.63873 4.61182 4.69159 4.63378 4.73345 4.64808 4.61477 4.70458 4.63459 4.62712 4.62656 4.65123 4.61358 4.59689
7.59606 7.6935 7.73149 7.76297 7.77397 7.75204 7.78246 7.7642 7.75521 7.66587 7.60896 7.67183 7.84301 7.80962 7.83476 7.77267 7.61055 7.65173 7.76354 7.80448 7.83997 7.82419 7.81536 7.76162 7.76412 7.81858 7.73409 7.80863 7.82376 7.5889
5.93835 5.88179 5.86182 6.37264 6.40702 6.34462 6.36183 6.40093 6.33775 5.94111 6.36866 6.38514 6.40076 6.41065 6.38123 6.40053 6.39183 6.35304 6.34237 6.40891 6.35683 6.41186 6.39429 6.43158 6.38535 6.39005 6.37864 6.44151 6.38802 6.44514
8.01278 8.0148 7.97578 7.40859 7.55802 7.4953 7.43214 7.5301 7.61998 7.63602 7.45236 7.42831 7.45256 7.64056 7.48753 7.58753 7.48701 7.51724 6.76957 7.64902 7.74287 7.54216 7.60276 7.57261 7.68225 7.45924 7.65358 7.50136 6.66836 7.78972
4.52491 4.16994 4.18199 4.61229 4.57448 4.61522 4.6388 4.56154 4.64442 4.76355 4.45285 4.63136 4.62893 4.59459 4.6347 4.58436 4.56223 4.64388 4.78387 4.54157 4.72314 4.58919 4.62653 4.56917 4.53128 4.63985 4.50395 4.59517 4.62244 4.54005
4.63277 4.64746 4.65148 4.86423 4.82825 4.85578 4.83929 4.80758 4.87258 4.89529 4.93822 4.8594 4.83428 4.78331 4.82152 4.92186 4.84784 4.84625 5.0134 4.84422 5.04523 4.80424 4.9057 4.79911 4.79763 4.85299 4.81183 4.8393 4.82302 4.75451
7.7985 7.89163 7.87103 7.77062 7.83528 7.7953 7.84633 7.97839 7.86499 8.09367 8.09011 7.75042 7.75391 7.90014 7.72534 8.22633 7.78545 7.94629 8.42949 7.92202 8.42302 7.99709 8.12702 7.63594 7.90759 7.84722 7.79313 7.84907 8.07686 7.88075
5.3425 5.19075 5.18721 5.47207 5.4067 5.47977 5.49912 5.49441 5.45853 5.45165 5.56062 5.44265 5.46683 5.54343 5.46085 5.2331 5.4786 5.48888 5.48079 5.46262 5.50286 5.37857 5.43793 5.45791 5.26563 5.5046 5.49032 5.17265 5.1765 5.49526
4.39035 4.15133 4.09672 4.34621 4.35366 4.3154 4.39512 4.39342 4.30708 4.34328 4.34812 4.34191 4.44218 4.23891 4.39345 4.41377 4.37652 4.40558 4.76825 4.36537 4.448 4.40122 4.52059 4.39334 4.3168 4.43532 4.39487 4.44047 4.43991 4.34398
4.37596 4.39327 4.39397 4.42861 4.4243 4.43452 4.42848 4.43254 4.43397 4.42001 4.45556 4.4289 4.40764 4.4599 4.42451 4.42427 4.39977 4.427 4.37934 4.37181 4.49597 4.3803 4.42647 4.41542 4.41934 4.40693 4.43658 4.35486 4.35328 4.38377
5.23962 5.57972 5.53216 5.12132 5.13731 5.3147 4.92898 4.98709 5.31698 5.10431 6.09483 5.09565 5.07 5.29154 5.01893 6.18627 5.20913 4.98144 5.23352 5.43339 5.46652 5.51215 5.2497 5.29119 5.22499 4.92468 5.05421 5.67233 5.38827 5.09347
7.4747 7.60215 7.58534 7.53318 7.47276 7.62716 7.4631 7.41952 7.68051 7.5108 7.58176 7.45232 7.48283 7.72166 7.41274 7.83446 7.541 7.55489 7.79384 7.69169 7.9504 7.62457 7.48988 7.56396 7.37518 7.40732 7.62906 7.70975 7.55775 7.49331
5.45338 5.46294 5.52079 5.51864 5.50659 5.51593 5.53803 5.53389 5.52114 5.52445 5.49743 5.53252 5.54643 5.42314 5.50473 5.5031 5.5216 5.53649 5.47676 5.55548 5.44226 5.57935 5.52614 5.56966 5.44314 5.56882 5.52037 5.54838 5.26407 5.58005
4.33127 4.15455 4.23231 4.38342 4.36379 4.35917 4.37736 4.39522 4.36439 4.34831 4.38811 4.37807 4.42975 4.40183 4.34062 4.40676 4.37029 4.33392 4.4041 4.38278 4.55844 4.41214 4.30858 4.34882 4.35863 4.4301 4.37683 4.42603 4.46618 4.38321
4.38591 4.37764 4.43553 4.41978 4.40656 4.42227 4.40327 4.41109 4.43127 4.39363 4.41644 4.41546 4.41526 4.41846 4.40635 4.39914 4.4033 4.42202 4.402 4.39531 4.38258 4.40927 4.40441 4.42557 4.40523 4.402 4.41116 4.41997 4.3643 4.40947
5.45827 5.43424 5.44234 5.30369 5.31534 5.35682 5.35882 5.33936 5.35191 5.46067 5.2857 5.32619 5.3812 5.39772 5.42518 5.42742 5.42825 5.42587 4.87192 5.46829 5.37841 5.43308 5.4816 5.4408 5.4011 5.42067 5.36469 5.44238 5.4846 5.39608
7.74609 7.70399 7.7217 7.72715 7.75732 7.74273 7.71095 7.69053 7.75511 7.70846 7.81605 7.72654 7.72386 7.77191 7.81232 7.72953 7.71017 7.74933 7.72151 7.7236 7.85624 7.74267 7.787 7.72844 7.85841 7.70848 7.7069 7.79985 7.72774 7.74075
5.53391 5.52092 5.53722 5.53592 5.50666 5.51573 5.53912 5.52404 5.51163 5.51647 5.51974 5.52333 5.53118 5.54826 5.51705 5.56551 5.56686 5.46975 5.54887 5.57372 5.52248 5.60566 5.55955 5.56481 5.53452 5.58627 5.54425 5.57905 5.60157 5.59397
4.35871 4.23859 4.23935 4.37081 4.20433 4.41017 4.19811 4.14215 4.28065 4.34858 4.3878 4.30134 4.39744 4.39975 4.2683 4.37438 4.30934 4.28814 4.40475 4.33027 4.32789 4.40415 4.3353 4.34353 4.22995 4.39296 4.30467 4.48304 4.19008 4.40034
12.1208 11.4736 11.1981 11.5694 11.3378 11.4912 11.3871 11.3638 11.4866 11.5893 11.5959 11.5398 11.5085 11.4924 11.6708 11.664 11.3867 11.503 11.6803 11.6739 11.8358 11.7922 11.5444 11.6052 11.3535 11.6964 11.4139 11.57 11.7308 12.743
4.47603 4.44318 4.45367 4.59265 4.55812 4.6047 4.55844 4.56017 4.58984 4.59296 4.57659 4.59694 4.57461 4.58447 4.56666 4.59927 4.57918 4.55631 4.58341 4.59481 4.58093 4.5868 4.57351 4.61351 4.59448 4.58985 4.58853 4.5435 4.54585 4.61128
5.45883 5.49666 5.50728 5.42935 5.46055 5.42817 5.44728 5.43665 5.41448 5.46581 5.37854 5.40928 5.50986 5.40997 5.47547 5.44837 5.46989 5.49923 5.30765 5.44434 5.4537 5.45535 5.51793 5.45971 5.50281 5.45581 5.42913 5.43094 5.4715 5.43747
7.87246 7.87598 7.91893 7.8239 7.84066 7.88003 7.81343 7.79825 7.84424 7.85172 7.86425 7.81451 7.83418 7.83265 7.8403 7.86921 7.85074 7.85896 7.91042 7.85717 7.84353 7.85438 7.86138 7.88167 7.83157 7.84876 7.84401 7.87317 7.80112 7.85087
5.61787 5.6137 5.62028 5.68554 5.6637 5.6301 5.66692 5.68484 5.6524 5.65877 5.64693 5.67514 5.65551 5.67329 5.67595 5.63541 5.67109 5.6478 5.65189 5.64881 5.67009 5.6651 5.68965 5.65241 5.6591 5.64177 5.66279 5.60515 5.75399 5.6509
4.37388 4.18097 4.17013 4.40004 4.39476 4.38262 4.40894 4.39297 4.4152 4.38039 4.41282 4.37921 4.44466 4.42965 4.40884 4.37514 4.56604 4.44704 4.3564 4.31548 4.36614 4.41507 4.40287 4.30601 4.38573 4.24905 4.36019 4.40666 4.44067 4.42375
4.42058 4.41067 4.4218 4.43858 4.45815 4.44423 4.46445 4.46789 4.44081 4.44259 4.42171 4.42562 4.46108 4.42051 4.44314 4.44926 4.44482 4.43699 4.42612 4.45697 4.43642 4.40865 4.43862 4.44852 4.47461 4.45541 4.45814 4.34752 4.45042 4.47223
5.64296 5.66256 5.67542 5.61892 5.65701 5.54969 5.67277 5.70267 5.64887 5.61175 5.63901 5.61761 5.61742 5.69071 5.63709 5.61466 5.68324 5.62891 5.63393 5.61138 5.62655 5.62752 5.62333 5.64549 5.71394 5.65731 5.68031 5.69081 5.7345 5.61643
7.85833 7.84594 7.85629 7.87552 8.00595 7.91359 8.01083 8.06757 7.92235 7.91783 7.92827 7.92568 7.97142 7.94238 7.97935 7.90313 7.96593 7.91354 7.90254 7.9009 7.89067 7.8601 7.90534 7.90127 7.96448 7.9088 7.90982 7.93189 8.05326 7.92304
5.58658 5.5807 5.58521 5.63382 5.6239 5.59702 5.63082 5.62721 5.62552 5.60919 5.62143 5.61882 5.64276 5.64657 5.61869 5.60394 5.66768 5.63826 5.63351 5.61772 5.64105 5.62362 5.62918 5.63231 5.60974 5.60756 5.62299 5.60819 5.64836 5.63931
4.40658 4.19419 4.19719 4.44889 4.41743 4.42195 4.42422 4.4126 4.42021 4.40501 4.44429 4.45951 4.37087 4.45736 4.43505 4.36899 4.3046 4.45173 4.38057 4.3186 4.17973 4.2463 4.47042 4.3791 4.42873 4.33172 4.33246 4.4415 4.47841 4.43082
4.40484 4.40044 4.4272 4.44827 4.45148 4.43828 4.45211 4.46031 4.45611 4.4238 4.44091 4.436 4.40762 4.45834 4.43974 4.44804 4.53468 4.43899 4.45156 4.46483 4.46154 4.43007 4.43713 4.48519 4.48788 4.48284 4.39169 4.36774 4.45699 4.47606
5.54292 5.57977 5.5481 5.49316 5.47512 5.44192 5.45285 5.48048 5.50499 5.4621 5.48048 5.50428 5.58545 5.54224 5.48162 5.47844 5.58724 5.51616 5.55178 5.47593 5.51361 5.51753 5.48332 5.52881 5.63297 5.56957 5.81715 5.53256 5.55012 5.46122
7.7691 7.7583 7.77962 7.79492 7.78298 7.77515 7.78377 7.79042 7.77154 7.77494 7.81387 7.79631 7.81133 7.8396 7.78923 7.78702 7.80142 7.8034 7.81645 7.79637 7.77282 7.80167 7.80177 7.82261 7.83279 7.86318 7.83429 7.77646 7.86018 7.79728
5.59921 5.58872 5.59289 5.65356 5.65159 5.63201 5.67867 5.6345 5.66156 5.64654 5.64625 5.63275 5.65276 5.67342 5.66281 5.58208 5.64917 5.69618 5.66106 5.61279 5.63415 5.66119 5.62199 5.61046 5.52794 5.59591 5.66644 5.71029 5.51787 5.64535
4.46276 4.2717 4.24244 4.42161 4.48087 4.45998 4.50578 4.47108 4.5276 4.44162 4.47945 4.54047 4.36828 4.49761 4.5139 4.54189 4.2545 4.52816 4.42249 4.46247 4.45207 4.55438 4.46094 4.37768 4.40499 3.97609 4.37834 4.36055 4.37848 4.51301
4.36501 4.41057 4.43083 4.46681 4.49684 4.48009 4.49683 4.5019 4.52127 4.42713 4.48078 4.47209 4.48462 4.49559 4.47681 4.48811 4.54139 4.48751 4.48971 4.51455 4.54997 4.50371 4.4575 4.53386 4.62776 4.4186 4.4809 4.5566 4.4917 4.51281
4.35961 4.31645 4.33485 4.36227 4.40328 4.3882 4.40505 4.40249 4.41157 4.38158 4.39539 4.39777 4.37969 4.41119 4.40833 4.40495 4.40442 4.39778 4.39774 4.41087 4.34853 4.40458 4.40725 4.40307 4.18098 4.38576 4.38926 4.464 4.42754 4.38939
5.51206 5.58024 5.56772 5.59115 5.53619 5.49536 5.49293 5.55575 5.54939 5.49594 5.50191 5.49388 5.72079 5.52547 5.52666 5.47375 5.95309 5.59184 5.55654 5.46842 5.84631 5.45428 5.57128 5.61866 6.33164 5.55739 5.70568 5.22564 6.22199 5.47471
4.3083 4.32152 4.30792 4.62023 4.46712 4.40948 4.36865 4.44693 4.46575 4.47057 4.43948 4.56422 4.5495 4.55821 4.43133 4.39672 4.37459 4.636 4.41075 4.31392 4.58294 4.5763 4.53613 4.42355 4.69568 4.43295 4.38423 4.55142 4.76392 4.4192
4.18195 4.11008 4.13749 4.49361 4.48139 4.46837 4.49863 4.49403 4.49963 4.44978 4.47764 4.45905 4.48669 4.49448 4.48691 4.47766 4.48946 4.48684 4.50196 4.48763 4.54511 4.47958 4.45955 4.48296 3.77199 4.43961 4.42864 4.45002 4.48103 4.50182
7.71184 7.71584 7.74351 7.74236 7.72894 7.7211 7.73758 7.74473 7.72072 7.72845 7.75505 7.75147 7.92634 7.74875 7.75091 7.71085 7.82898 7.79141 7.80092 7.70457 7.89557 7.77441 7.78765 7.72807 7.44213 7.80326 7.74154 7.80093 7.47046 7.65407
11.8232 12.1145 12.0779 12.6454 12.2094 12.1234 10.89 12.3739 12.2605 12.7467 12.0312 12.0281 10.7676 12.6014 12.1419 10.2701 10.6842 14.1586 10.4643 11.0842 11.0982 10.4158 11.7128 10.8637 12.6012 10.8312 12.7675 10.831 11.2206 11.1505
5.93199 5.76562 5.76465 5.92248 5.924 5.90459 5.92842 5.84677 5.92383 5.91877 5.89292 5.94871 5.79289 5.8893 5.77619 5.90711 5.91602 5.9186 5.85865 5.91882 5.90607 5.95823 5.93988 5.84172 5.9677 5.89424 5.94237 5.55223 5.95005 5.72766
4.65642 4.18241 4.18197 4.7198 4.63556 4.65153 4.47486 4.53017 4.70622 4.65672 4.63127 4.71226 4.63498 4.71747 4.63444 4.70111 4.61992 4.71873 4.67345 4.54797 4.52113 4.71477 4.72555 4.55812 4.5087 4.61167 4.4666 4.67693 4.62645 4.59526
4.6511 4.58948 4.63408 4.6542 4.63242 4.60998 4.62759 4.60123 4.63402 4.59286 4.59561 4.55994 4.59234 4.58885 4.52059 4.61869 4.6401 4.71092 4.63461 4.61024 4.63543 4.60496 4.64162 4.58755 4.54138 4.56427 4.59503 4.60079 4.60023 4.64997
4.46451 4.45384 4.47267 4.53698 4.51709 4.50596 4.53277 4.46553 4.51892 4.51109 4.50358 4.51579 4.54556 4.4689 4.46057 4.51164 4.49953 4.54029 4.51526 4.48871 4.5319 4.5504 4.51946 4.51409 4.59621 4.49296 4.5206 4.40941 4.51212 4.47634
4.38585 4.36497 4.40435 4.78177 4.67161 4.66226 4.55599 4.71024 4.6344 4.74741 4.66008 4.77101 4.64724 4.75891 4.62539 4.69374 4.69528 4.70689 4.66455 4.59214 4.72204 4.61818 4.73234 4.81993 4.72167 4.68916 4.73073 4.54008 4.68991 4.4943
7.61512 7.72199 7.66412 7.73708 7.69542 7.61581 7.65391 7.68544 7.64647 7.64955 7.65469 7.57431 8.09322 7.6025 7.55292 7.6183 7.82846 7.84997 7.59303 7.69399 7.97198 7.60104 7.83696 7.86609 7.53335 7.84692 7.82396 7.95587 7.87711 7.64455
5.42347 5.27844 5.14715 5.69649 5.76195 5.84292 5.86522 5.94309 5.91692 5.19718 5.92863 5.93329 5.94036 5.95182 5.95011 5.52608 5.92714 5.64915 6.02465 5.92153 5.95638 5.86486 5.96759 5.91552 5.97478 5.91959 5.7143 5.85589 5.92249 5.90569
4.49623 4.48887 4.52826 4.91247 4.61224 4.747 4.92484 4.45821 4.51441 4.7231 4.74505 4.88743 4.53376 4.56192 4.54165 4.589 4.73127 4.22317 4.79948 4.70987 4.73856 4.61418 4.68522 4.75751 4.55015 4.55642 4.71936 4.45169 4.44331 4.63593
4.4916 4.46911 4.498 4.64408 4.642 4.63523 4.7069 4.58628 4.59475 4.63245 4.55458 4.59535 4.64626 4.6374 4.60999 4.5382 4.61732 4.59748 4.84678 4.62173 4.66369 4.58081 4.64255 4.57528 4.53975 4.63422 4.59775 4.60021 4.7317 4.61974
4.41036 4.45552 4.50523 4.41788 4.45887 4.43397 4.49855 4.46789 4.50713 4.30285 4.50544 4.46638 4.47907 4.49725 4.51947 4.42162 4.50976 4.46622 4.74249 4.49885 4.5464 4.51021 4.48831 4.5278 4.65079 4.48555 4.45106 4.47125 4.51588 4.49914
7.40141 7.63829 7.72176 7.48918 7.80192 7.62485 8.01337 7.18639 7.65127 7.64044 7.60975 7.40008 7.56972 7.50633 7.51369 7.50098 7.50021 7.24426 7.93774 8.06443 7.99648 7.59555 6.91326 7.87299 8.14315 7.60022 8.01005 7.48714 7.56262 7.98628
5.64021 5.63263 5.54642 6.05372 5.82802 5.84599 5.89085 5.83695 5.84581 6.0647 5.47715 5.69318 5.90402 5.87481 5.65395 5.88783 5.87419 5.95436 5.91222 5.88735 5.34934 5.6996 5.72857 5.87728 5.89727 5.57348 5.89591 5.89147 5.86926 5.85865
4.58579 4.52147 4.56539 4.53287 4.62434 4.71577 4.8956 4.7611 4.67869 4.57319 4.58265 4.58146 4.90853 4.45809 4.68337 4.69787 4.55625 4.49988 4.65685 4.66736 5.01068 4.57106 4.63855 4.63628 4.47988 4.48139 4.46265 4.66653 4.50535 4.71942
4.59062 4.62373 4.63673 4.67128 4.63618 4.58297 4.91689 4.54686 4.56737 4.69843 4.572 4.5706 4.63813 4.61002 4.6198 4.69676 4.61017 4.63377 4.65754 4.65393 4.87757 4.67687 4.5944 4.59457 4.60532 4.54949 4.58015 4.69008 4.60422 4.71681
4.3821 4.36027 4.34872 4.32875 4.41311 4.44882 4.46201 4.45365 4.45613 4.38036 4.29411 4.15267 4.39909 4.48028 4.36924 4.45583 4.468 4.52054 4.45972 4.44927 4.25565 4.486 4.44334 4.47597 4.60324 4.42242 4.39392 4.49517 4.46549 4.45487
4.34372 4.29188 4.29117 4.46113 4.62805 4.52884 4.67652 4.61355 4.69446 4.47036 4.65362 4.97756 4.69881 4.68003 4.61256 4.67326 4.63758 4.63665 4.64176 4.64584 4.67355 4.54912 4.65473 4.62737 4.58716 4.55832 5.48052 4.6274 4.66789 4.69923
4.1674 4.18336 4.19386 4.46188 4.13001 4.46218 4.50654 3.96852 4.19565 4.1613 4.28269 4.25848 4.1497 4.34706 4.32438 4.31634 4.30941 4.39512 4.31524 4.2378 4.22203 4.27862 4.33653 4.27132 4.48393 4.36163 3.80908 4.30382 4.28852 3.57082
7.46633 7.40838 7.29897 8.13416 8.13651 7.87509 8.12199 7.9818 8.04094 7.80252 7.62325 7.50565 7.76059 8.04563 7.67694 7.97968 7.4897 7.39642 8.11254 7.3975 7.82722 7.29094 7.81386 7.44866 8.16851 7.58383 7.53934 8.15224 7.34954 7.44604
6.01712 5.86937 5.85361 6.62559 6.50152 6.50307 6.44268 6.34245 6.50344 6.52836 6.50609 6.49733 6.42759 6.51763 6.49049 6.53204 6.48351 6.38254 6.40999 6.49875 6.35163 6.39749 6.46232 6.28011 6.37228 6.50625 6.50481 6.5701 6.39516 6.5204
7.88483 8.01446 7.95082 7.42382 7.48815 7.64012 7.47699 7.65255 7.58693 7.61792 7.72789 7.64635 7.53219 7.69652 7.58471 7.9162 7.59193 7.56228 7.58836 7.69147 7.51997 7.6117 7.53607 7.60109 7.64278 7.82864 7.68156 7.89605 7.62545 7.73724
4.70231 4.34979 4.36317 4.72297 4.77509 4.64022 4.81224 4.57214 4.59574 4.60807 4.63786 4.65363 4.73152 4.61126 4.66175 4.63392 4.60257 4.61191 4.65675 4.65255 4.73724 4.8762 4.71093 4.68991 4.83027 4.82315 4.62206 4.70369 4.74823 4.6364
4.73019 4.69 4.68374 4.0501 4.87706 4.8776 4.98413 4.80523 4.82363 4.8445 4.84135 4.86309 4.85316 4.75545 4.84637 4.85837 4.82444 4.92548 4.89605 4.87831 4.999 5.00516 4.89312 4.861 4.92739 4.87182 4.82885 4.8987 4.95912 4.86653
4.42489 4.40929 4.42071 4.62211 4.59881 4.58205 4.60604 4.58251 4.62003 4.61268 4.56083 4.57541 4.24588 4.62593 4.58443 4.5899 4.55677 5.5543 4.6017 4.58156 4.59398 4.83276 4.56254 4.52191 4.70921 4.6147 4.62286 4.60164 4.68718 4.59186
4.24483 4.19819 4.18402 4.45575 4.69315 4.64903 4.61455 4.74521 4.65766 4.60201 4.5929 4.58986 5.79176 4.62475 4.58139 4.61876 4.65695 4.44775 4.50898 4.63049 4.64294 5.03015 4.62214 4.58046 4.28836 4.60101 4.66306 4.58518 4.63148 4.64801
4.21956 4.16809 4.15658 4.66944 4.3001 4.43796 4.51526 4.46668 4.27959 4.49464 4.36943 4.52737 4.33552 4.65824 4.43956 4.46123 4.26527 4.54377 4.36833 4.45298 4.43821 4.798 4.39655 4.42403 4.55154 4.44523 4.52367 4.50825 4.47272 4.45669
7.93503 7.71011 7.62155 8.27394 7.72953 7.70711 8.09948 7.48962 7.63866 8.40107 8.34069 8.29147 8.46979 8.54271 8.46531 7.81965 7.79741 8.17237 8.47191 7.87344 8.13971 7.65623 8.4038 7.89416 8.19635 8.10617 8.39925 8.03757 8.50238 7.84661
5.44353 5.42584 5.43911 5.41477 5.7085 5.09004 5.79285 4.82786 5.26237 5.5456 5.52838 5.47729 5.77837 5.20087 5.64129 5.48116 5.36781 6.01195 5.85203 5.08109 5.56394 5.84594 5.70116 5.5802 5.88225 5.22299 5.64227 5.431 5.9642 4.29932
4.56173 4.25049 4.19759 4.48379 4.50059 4.54975 4.56207 4.55599 4.56698 4.55388 4.50413 4.49381 4.53497 4.51271 4.55118 4.59272 4.46699 5.13191 4.52993 4.50213 4.60765 4.55657 4.5168 4.61122 4.64616 4.56438 4.57406 4.70165 4.62336 4.53956
4.43193 4.43499 4.40076 4.59156 4.55025 4.52628 4.57348 4.54106 4.52272 4.52262 4.59112 4.57004 4.54903 4.58467 4.59409 4.51267 4.53809 4.71752 4.568 4.49941 4.6363 4.56805 4.76837 4.53506 4.57081 4.49607 4.55736 4.61815 4.61529 4.52907
4.42875 4.43975 4.44946 4.46646 4.49725 4.47346 4.51249 4.47409 4.44855 4.50859 4.50117 4.48918 4.5401 4.48823 4.50067 4.48986 4.49554 4.45967 4.50693 4.50653 4.55509 4.43739 4.52068 4.47871 4.92638 4.35868 4.50766 4.5922 4.63486 4.48463
4.49489 4.46367 4.49924 4.51985 4.48145 4.75817 4.48273 4.76194 4.73347 4.82483 4.75347 4.67659 4.63915 4.68877 4.70684 4.62054 4.66602 4.77341 4.70328 4.65617 4.74825 5.16986 4.72058 4.74504 4.80006 4.33886 4.68819 4.79515 4.75355 4.64004
4.18091 4.19816 4.13732 4.33943 4.29563 4.33459 4.2708 4.27199 4.28322 4.38337 4.53629 4.36298 4.13428 4.30697 4.36015 4.6374 4.40902 4.19178 4.40083 4.47171 4.28005 4.38931 4.27646 4.41032 4.43446 4.31798 4.37403 4.2983 4.26194 4.46544
7.60088 7.54366 7.55664 7.72734 7.84637 7.88047 7.69612 7.55569 7.3614 7.78599 7.90485 7.59596 7.41109 7.58821 7.43777 8.12401 7.83361 8.01087 7.61632 7.94121 7.56959 7.74528 7.57245 7.64283 7.89357 7.89508 7.63361 7.95069 7.382 7.92818
5.51929 5.42594 5.42996 5.26537 5.01568 5.56786 5.18743 5.61133 5.37432 5.38977 5.16421 5.35456 5.56893 5.1577 5.09754 5.61447 5.48623 5.74818 5.61391 5.65808 5.40999 5.69785 5.19731 5.54724 5.83753 5.61929 5.68305 5.74631 5.51149 5.58604
4.45279 4.35345 4.34714 4.54733 4.48119 4.48305 4.2369 4.41357 4.53338 4.49506 4.45093 4.50312 4.20874 4.54972 4.49866 4.42633 4.73183 4.47898 4.43478 4.56922 4.22697 4.43915 4.47265 4.48576 4.58265 4.43311 4.44471 4.32542 4.40816 4.41445
4.43185 4.39157 4.41344 4.49692 4.46405 4.48811 4.45645 4.49385 4.43258 4.46645 4.46238 4.48551 4.45274 4.45102 4.4543 4.51918 4.45229 4.52664 4.46653 4.52867 4.4134 4.50531 4.44049 4.5107 4.5695 4.47319 4.52834 4.48776 4.44849 4.52069
4.30373 4.2983 4.28836 4.33106 4.30264 4.37298 4.20886 4.34933 4.33414 4.35474 4.31457 4.25086 4.41094 4.08029 4.03223 4.38962 4.3384 4.39306 4.3995 4.42217 4.21039 4.41474 4.09662 4.40627 4.17718 4.39068 4.40441 4.37487 4.25117 4.38927
5.39852 5.44857 5.50088 6.05988 5.73457 5.21706 6.28004 4.91527 5.58777 5.43577 5.72885 5.68933 6.17906 5.79838 5.86121 5.3321 5.18005 5.0913 5.75725 5.17095 5.77362 5.00955 5.62826 5.18237 5.71676 5.27974 5.34767 6.06465 5.74642 5.23301
4.31077 4.34908 4.3144 4.40908 4.49844 4.49478 4.40404 4.49179 4.61037 4.52305 4.48996 4.53729 4.82926 4.50116 4.51292 4.49556 4.46185 4.64513 4.50441 4.4901 4.82345 4.39109 4.49447 4.60569 2.9434 4.47413 4.44273 4.342 4.40885 4.41922
7.58616 7.60039 7.59364 7.36358 7.58691 7.56081 7.63046 7.80938 7.4553 7.5318 7.70607 7.8193 7.49297 7.58459 7.65455 7.67375 7.65805 7.75555 7.57613 7.60905 7.27468 7.55275 7.94593 7.59426 7.82992 7.69873 7.64423 7.88711 7.73897 7.63211
12.1171 12.2827 12.3618 12.1806 12.1537 12.1214 12.0056 12.2021 12.1087 12.1485 12.1438 11.9835 12.8611 12.1254 12.0532 12.5635 13.282 12.4504 12.0809 12.5969 12.8177 12.6012 12.3996 12.461 13.2702 13.22 12.66 12.4154 12.6919 12.5177
5.7133 5.72869 5.71096 5.92143 5.89607 5.88993 6.0662 5.87306 5.87238 5.91319 5.88967 5.92083 5.94975 6.18362 5.93686 5.90673 6.03169 5.66165 5.97698 5.86059 5.92349 5.62968 5.84231 5.90866 6.04203 5.89662 5.9402 5.95851 6.14717 5.87548
4.68224 4.3286 4.3637 4.70487 4.71009 4.67737 4.70602 4.73252 4.71471 4.64648 4.69364 4.73527 4.58189 4.79281 4.79532 4.69486 4.86552 4.6159 4.64764 4.62164 4.50398 4.65917 4.69506 4.71 5.15903 4.57474 4.62778 4.71192 4.56743 4.72324
4.52815 4.54613 4.54942 4.61902 4.60277 4.61171 4.61468 4.6382 4.65455 4.58603 4.63861 4.63375 4.63925 4.60994 4.66815 4.61761 5.52011 4.59873 4.55291 4.59128 4.64992 4.62874 4.61886 4.64034 4.93235 4.57024 4.65548 4.61998 4.48788 4.60369
4.485 4.46905 4.46597 4.52076 4.49905 4.52003 4.52705 4.53554 4.48187 4.51702 4.51813 4.53406 4.53212 4.41716 4.48798 4.56532 4.45493 4.39662 4.55624 4.53573 4.52242 4.55821 4.47633 4.54767 4.47913 4.53356 4.53389 4.55285 4.79726 4.54419
7.61516 7.68614 7.59258 7.64476 7.61355 7.66678 8.08303 7.83003 7.60671 7.61297 7.65962 7.70629 8.24619 7.59613 7.6457 7.88105 7.96355 7.79973 7.78203 7.56858 7.77302 7.87704 7.75047 7.45064 8.03152 7.44145 7.59854 7.79865 7.31108 7.64969
12.5124 12.9664 12.4604 12.508 12.547 12.6056 12.5332 12.5621 12.6279 12.6034 12.5938 12.5584 12.6326 12.8285 12.5728 12.5191 12.2174 12.6417 12.5844 12.5403 12.6618 12.6158 12.5289 12.5366 13.6225 12.4191 12.8753 12.5274 12.2784 11.3946
5.74453 5.70551 5.72106 5.9449 5.92537 5.89439 5.94761 5.91246 5.92255 5.9118 5.90661 5.92311 5.90563 5.95069 5.91815 5.91824 5.94905 5.91024 5.93533 5.91108 5.84288 5.9349 5.88467 5.89278 5.92256 5.89138 6.09731 5.9123 5.58959 5.93398
4.70215 4.62766 4.38628 4.74352 4.74356 4.7035 4.72646 4.74213 4.71426 4.66011 4.76846 4.69229 4.69117 4.6365 4.68595 4.68487 4.71913 4.77947 4.7261 4.64967 4.69241 4.72555 4.73376 4.67195 4.66019 4.69875 4.51804 4.60747 4.71569 4.63055
4.56847 4.56421 4.52613 4.64589 4.63608 4.63054 4.65336 4.66515 4.66075 4.62019 4.65912 4.68972 4.64251 4.65632 4.64786 4.61852 4.67389 4.66599 4.63812 4.60816 4.61768 4.65877 4.61984 4.65136 4.65029 4.62636 4.57873 4.61691 4.5431 4.66319
7.24023 7.4212 7.27127 7.38404 7.41692 7.40161 7.37283 7.28649 7.38819 7.46292 7.44373 7.36624 7.64144 7.42769 7.26741 7.38274 8.20499 7.41763 7.42385 7.4877 7.84592 7.34822 7.35239 7.42261 8.12162 7.62568 7.53187 7.62697 7.6918 7.41574
12.4897 12.2831 12.7601 12.5284 12.4245 12.4922 12.4121 12.3709 12.4889 12.5156 12.4692 12.5024 12.6717 12.4319 12.5178 10.9293 10.6526 12.5227 12.5092 10.8449 12.6983 10.7743 12.5119 11.0666 12.6141 10.9667 12.3258 10.9274 10.5885 12.5698
5.76827 5.73585 5.74458 5.97915 5.92553 5.91286 5.94535 5.91774 5.92143 5.93366 5.92151 5.92561 5.9492 5.79447 5.924 5.92776 5.94453 5.95595 5.9311 5.93483 5.89175 5.95864 5.92938 5.90658 5.90997 5.93098 5.98202 5.94057 5.9574 5.95284
4.68961 4.37004 4.53665 4.71585 4.61874 4.70091 4.6327 4.64237 4.72207 4.72602 4.69997 4.70683 4.7331 4.67807 4.73536 4.66988 4.74114 4.7687 4.68241 4.71912 4.65515 4.75165 4.69369 4.65238 4.68338 4.74846 4.68081 4.74518 4.63959 4.76031
4.57247 4.59202 4.53362 4.6922 4.64599 4.62407 4.64355 4.66392 4.66346 4.67866 4.64358 4.63402 4.68635 4.60851 4.73505 4.6407 4.67397 4.6798 4.60618 4.58687 4.64807 4.63423 4.61816 4.66571 4.64095 4.65809 4.66409 4.62654 4.63642 4.65522
7.24332 7.29104 7.293 7.32151 7.41251 7.3787 7.40672 7.37284 7.60659 7.44853 7.3802 7.30086 7.45344 7.68894 7.40085 7.387 7.4491 7.2973 7.35959 7.34174 7.42631 7.3982 7.34988 7.39166 7.64652 7.3908 7.80982 7.43845 7.33773 7.49207
11.0426 10.4063 10.7618 10.5898 10.7332 10.731 10.6042 10.6634 10.7116 10.7158 10.7479 10.6421 10.6215 10.7433 10.783 12.6696 12.5066 10.6383 10.8008 12.6827 11.0265 12.5943 10.7161 12.7321 10.9463 12.6789 10.7671 12.7763 12.6167 12.3361
5.75997 5.73355 5.71798 5.94851 5.91886 5.92478 5.93016 5.9179 5.93227 5.94591 5.92942 5.92596 5.91719 5.93037 5.92542 5.93594 5.94245 5.92294 5.91907 5.94595 5.93951 5.9812 5.92491 5.91877 5.94421 5.94269 5.92759 5.95691 5.96467 5.90936
4.68787 4.36791 4.29812 4.70894 4.73323 4.74552 4.73067 4.75561 4.71296 4.73076 4.723 4.69725 4.69457 4.75703 4.63671 4.73102 4.66724 4.69693 4.63627 4.67969 4.62121 4.72741 4.64252 4.654 4.74553 4.6862 4.78066 4.66097 4.72994 4.60208
4.58177 4.57694 4.5919 4.65387 4.63583 4.67992 4.62101 4.67749 4.64227 4.65604 4.65408 4.64988 4.64189 4.70816 4.6738 4.75225 4.62228 4.66528 4.60545 4.63675 4.67328 4.70791 4.62203 4.60286 4.68767 4.65181 4.68661 4.62669 4.60821 4.64182
7.28183 7.35471 7.33864 7.39907 7.60274 7.37408 7.64199 7.56842 7.40059 7.38717 7.36824 7.36802 7.52591 7.52449 7.30311 7.57128 7.39354 7.3879 7.3917 7.44836 7.41319 7.46271 7.3977 7.46051 7.38537 7.35426 7.48821 7.39856 7.70108 7.39374
12.5147 12.9859 12.5516 12.5742 12.6266 12.5153 12.6276 12.5333 12.5355 12.783 12.5157 12.4427 12.6439 13.0528 12.8545 12.8309 12.667 12.524 12.5876 12.4984 12.9127 12.6049 13.2079 12.7153 12.9498 12.6678 12.6465 13.0817 12.7431 9.53032
5.6993 5.6743 5.67873 5.85601 5.87645 5.86754 5.86036 5.85725 5.86625 5.89573 5.86518 5.84737 5.88765 5.95762 5.88287 5.86894 5.88162 5.84412 5.89231 5.83997 5.87059 5.821 5.92836 5.91481 5.9285 5.86015 5.86573 5.92424 5.93155 5.8309
4.60934 4.44763 4.45781 4.60534 4.60471 4.61456 4.65008 4.68072 4.6127 4.596 4.61055 4.65157 4.627 4.72011 4.64828 4.63684 4.49787 4.66175 4.72384 4.64004 4.73469 4.5889 4.607 4.38244 4.59937 4.63656 4.66952 4.67754 4.67799 4.66043
4.58032 4.60415 4.5851 4.61767 4.66993 4.65348 4.63065 4.68032 4.64243 4.63834 4.65175 4.66108 4.68686 4.68105 4.69017 4.69271 4.66371 4.66641 4.68589 4.6385 4.64659 4.57677 4.6247 4.71278 4.64924 4.63291 4.67434 4.65415 4.72841 4.57996
7.30764 7.24906 7.20593 7.41851 7.39667 7.3166 7.41416 7.32542 7.42339 7.40608 7.37808 7.40112 7.35369 7.46335 7.4573 7.4699 7.38536 7.39635 7.42702 7.44326 7.59125 7.73775 7.45215 7.45327 7.65338 7.39664 7.28692 7.57505 7.10505 7.5574
5.98304 5.92994 5.92793 6.41743 6.42398 6.42903 6.40467 6.41865 6.41371 6.44113 6.40785 6.39732 6.45089 6.49861 6.4481 6.45175 6.45003 6.42757 6.45951 6.41045 6.38184 6.37099 6.34462 6.38515 6.44254 6.18288 6.42869 6.33211 6.5017 6.41184
8.08081 8.29783 8.25485 7.53395 7.59005 7.62235 7.64481 7.7099 7.51049 7.56391 7.43505 7.54129 7.69659 7.75442 7.65934 7.75834 7.74156 7.71694 7.57025 8.53974 7.43619 7.80576 7.64616 7.76765 7.69936 8.07264 7.76657 7.84542 7.73065 7.71126
4.5097 4.28026 4.32016 4.59592 4.59988 4.61231 4.56281 4.57828 4.62099 4.60841 4.58515 4.62842 4.56881 4.52567 4.61896 4.5456 4.55012 4.47054 4.65091 4.56388 4.77868 4.54498 4.7564 4.50082 4.58653 4.56753 4.43779 4.54085 4.6269 4.62223
4.64089 4.62225 4.62931 4.85245 4.86133 4.86696 4.84968 4.86323 4.86201 4.81887 4.86972 4.86113 4.83482 4.79981 4.84193 4.83079 4.82797 4.85884 4.83664 4.86886 4.8441 4.7777 5.02435 3.37966 4.82897 4.77734 4.86236 4.97988 4.79142 4.81747
7.81476 7.84641 7.89997 7.78713 7.77752 7.79787 7.78974 7.71245 7.79864 7.90061 7.74119 7.74638 7.81811 7.7278 7.85589 7.74315 8.05461 7.7337 7.72112 7.96577 7.74996 7.87234 8.22297 7.88819 7.83661 7.88478 7.75852 7.93413 8.62343 7.79369
5.3863 4.93523 4.95007 5.40421 5.41803 5.29324 5.50103 5.3435 5.45738 5.25675 5.46211 5.13549 5.43027 5.4635 5.15092 5.3259 5.06853 5.4987 5.1895 5.50161 5.68584 5.38944 5.36171 5.52958 5.45402 5.48376 5.50796 5.4973 4.7192 5.38394
4.38283 4.24489 4.24827 4.35509 4.32691 4.35113 4.38458 4.19041 4.37387 4.41079 4.36937 4.218 4.31015 4.3778 4.32076 4.20369 4.38445 4.32958 4.27086 4.31871 4.08676 4.32102 4.39126 4.59484 4.36963 4.28159 4.38711 4.23608 4.24397 4.34662
4.38143 4.38066 4.3843 4.42144 4.41605 4.40808 4.4275 4.42347 4.41868 4.40493 4.42763 4.41893 4.43097 4.41488 4.45867 4.4271 4.36262 4.43816 4.41577 4.42208 4.49117 4.37141 4.37629 4.35402 4.41604 4.39224 4.43833 4.4129 4.38107 4.38383
4.98357 6.80131 6.73687 5.20232 5.15205 5.41772 4.82297 5.31445 5.06195 5.4848 4.91956 5.55596 5.201 5.22724 5.53941 5.84365 6.02309 4.95129 5.32073 4.77796 5.25913 5.50127 5.55641 6.19994 5.02988 5.22761 4.89935 4.6687 5.78721 5.42262
7.44532 7.65661 7.68728 7.49732 7.5093 7.47812 7.51389 7.51018 7.48653 7.5963 7.49255 7.58689 7.5841 7.47623 7.54907 7.59511 7.5819 7.62023 7.40941 7.51318 7.50293 7.68963 7.61665 7.8409 7.44813 7.65319 7.61107 7.65915 7.74256 7.61059
5.43308 5.46051 5.45134 5.49735 5.47675 5.5029 5.50192 5.47389 5.4929 5.51168 5.48196 5.48692 5.47949 5.48892 5.48255 5.46146 5.55576 5.51104 5.52915 5.51737 5.54673 5.53278 5.48781 5.5303 5.50233 5.54316 5.50071 5.5478 5.56604 5.55419
4.31786 4.40033 4.39691 4.46532 4.40551 4.45336 4.43439 4.41191 4.42236 4.44091 4.42479 4.43443 4.45005 4.36205 4.38763 4.36746 4.47982 4.44086 4.46801 4.45985 4.40329 4.38908 4.34434 4.50082 4.446 4.50904 4.4312 4.51189 4.1325 4.39066
4.44367 4.46406 4.44789 4.49686 4.49528 4.49338 4.49149 4.51428 4.4879 4.49098 4.49528 4.47768 4.48502 4.4718 4.45596 4.47825 4.54531 4.49366 4.49722 4.49932 4.49751 4.4795 4.45682 4.48378 4.49309 4.50077 4.48965 4.47675 4.49071 4.52429
4.32937 4.32077 4.31977 4.35955 4.36252 4.36113 4.36509 4.35652 4.36742 4.36781 4.3766 4.36588 4.37755 4.34738 4.30879 4.35956 4.30704 4.36239 4.36916 4.36109 4.53769 4.36786 4.30599 4.35895 4.36428 4.35798 4.36352 4.34216 4.25841 4.35564
5.43315 5.39721 5.45565 5.32309 5.29692 5.35714 5.3251 5.30157 5.352 5.45342 5.37715 5.35472 5.32477 5.53155 5.57978 5.51913 5.81645 5.30226 5.42425 5.32774 5.65992 5.38698 5.5954 5.21628 5.32318 5.33698 5.33663 5.25004 5.68195 5.40523
7.73181 7.67508 7.66045 7.68036 7.6812 7.65487 7.6685 7.67632 7.67 7.68575 7.64531 7.73687 7.74121 7.73886 7.80018 7.66944 7.64367 7.64438 7.65792 7.60051 7.71349 7.67514 7.68353 7.71444 7.64312 7.63239 7.6593 7.6647 7.6013 7.63625
5.96578 5.83942 5.83999 6.38316 6.37555 6.39148 6.39008 6.39377 6.38794 6.38582 6.40323 6.36881 6.36688 6.4138 6.40727 6.41649 6.32752 6.38421 6.42531 6.40126 6.42385 6.41188 6.40839 6.3755 6.39286 6.3602 6.3881 6.37293 6.38117 6.45684
7.33551 7.35491 7.50134 6.99535 6.9489 6.94594 7.01375 7.06464 6.93319 6.8361 6.86165 6.89255 7.12201 7.06701 7.031 7.21545 7.0375 6.97274 7.14361 7.22852 7.21436 7.24168 7.25792 7.2464 6.92266 7.19289 6.96814 7.28234 7.2282 7.7453
4.43861 4.16709 4.1739 4.61183 4.61154 4.61327 4.61375 4.60114 4.66754 4.64828 4.63323 4.62128 4.53613 4.5511 4.5864 4.62059 4.59676 4.63905 4.62894 4.65307 4.59298 4.63142 4.66808 4.6765 4.64723 4.62386 4.63057 4.62404 4.61128 4.54887
4.56612 4.65849 4.64757 4.79482 4.81889 4.80271 4.82237 4.82609 4.811 4.79124 4.82025 4.80779 4.85495 4.79039 4.81083 4.8355 4.84169 4.81893 4.81181 4.84601 4.80811 4.82442 4.86319 4.82588 4.80599 4.81035 4.81912 4.79117 4.82455 4.82619
4.48835 4.47378 4.45337 4.60385 4.60278 4.5951 4.59894 4.60396 4.59281 4.6058 4.61313 4.59813 4.60254 4.60576 4.60339 4.59988 4.60376 4.60047 4.60063 4.59512 4.62501 4.59528 4.59171 4.57973 4.59543 4.59115 4.60068 4.58098 4.59435 4.61781
8.10377 8.07957 8.09077 7.97868 7.98783 7.99436 8.03371 8.04045 7.97626 7.97774 7.99463 7.97267 8.09197 8.13753 7.99269 8.1295 8.26076 7.98803 8.04572 8.04901 7.97762 8.09435 8.05267 7.97737 7.99269 8.05442 7.99279 8.0388 8.67728 8.06996
5.44175 5.39168 5.37521 5.47759 5.49672 5.50373 5.48811 5.47977 5.48115 5.51453 5.53201 5.49897 5.46321 5.52614 5.48178 5.51153 5.546 5.49555 5.48537 5.49241 5.50556 5.49776 5.46314 5.40475 5.49589 5.50797 5.49464 5.48785 5.4801 5.49985
4.34948 4.19419 4.16896 4.35633 4.37904 4.37246 4.38098 4.36274 4.38811 4.35636 4.39751 4.39179 4.316 4.37828 4.46653 4.37744 4.38337 4.37423 4.37946 4.36537 4.39491 4.38074 4.37431 4.3389 4.41715 4.37541 4.38633 4.3716 4.40753 4.3566
4.37145 4.37479 4.3729 4.38539 4.40151 4.39674 4.38878 4.39069 4.38574 4.41327 4.38254 4.39318 4.40219 4.40124 4.37093 4.40806 4.41509 4.37292 4.38735 4.39306 4.39955 4.3785 4.38311 4.38272 4.35491 4.39847 4.39091 4.37841 4.40416 4.39584
4.33093 4.34155 4.3328 4.37376 4.37262 4.37875 4.38197 4.38249 4.3635 4.38469 4.39479 4.37843 4.31409 4.39134 4.37885 4.38184 4.40168 4.38613 4.38043 4.39565 4.38056 4.3945 4.37737 4.35923 4.36035 4.38499 4.37744 4.38152 4.34847 4.38356
5.02545 5.37237 5.42835 5.19942 5.00104 5.0305 5.11965 5.10106 5.18959 5.12543 5.02551 4.94391 5.51118 5.09519 5.1367 4.92261 4.94695 5.16684 5.16299 5.10908 4.98369 5.10304 5.16516 5.20342 5.09502 5.05601 5.01513 5.1998 6.11048 5.00251
7.39292 7.57598 7.57535 7.41577 7.43299 7.42515 7.42558 7.44448 7.48972 7.45408 7.41237 7.40057 7.63567 7.40773 7.45912 7.38989 7.39988 7.44133 7.45372 7.453 7.42993 7.40595 7.41999 7.48989 7.45803 7.41056 7.41911 7.42781 7.54818 7.44947
5.57136 5.52773 5.52969 5.58037 5.56628 5.57711 5.56552 5.57401 5.59009 5.60422 5.57975 5.57933 5.5337 5.5554 5.59333 5.57773 5.57783 5.58088 5.58324 5.55416 5.57908 5.59145 5.56955 5.21967 5.56659 5.57253 5.54019 5.56683 5.59723 5.46549
4.3838 4.27758 4.27562 4.33535 4.44944 4.485 4.44725 4.47295 4.48746 4.30553 4.50651 4.46584 4.50245 4.39416 4.48797 4.45342 4.47835 4.47498 4.47442 4.40536 4.48293 4.47848 4.47319 4.25704 4.50614 4.4482 4.31643 4.46752 4.47249 4.44463
4.44782 4.40914 4.42768 4.48013 4.46976 4.46984 4.46991 4.46901 4.47287 4.18741 4.47485 4.47287 4.47712 4.50312 4.48852 4.48436 4.48612 4.46702 4.46205 4.45603 4.46672 4.46607 4.45452 4.3827 4.43957 4.48868 4.46041 4.45599 4.48572 4.49016
5.47539 5.52481 5.48013 5.33445 5.39391 5.35693 5.3808 5.34744 5.429 5.296 5.34118 5.36176 5.61432 5.41116 5.41019 5.39029 5.40463 5.35677 5.37804 5.44129 5.34852 5.38182 5.35892 5.48048 5.33998 5.36397 5.39592 5.36359 5.41184 5.08064
7.67254 7.62365 7.63383 7.63146 7.66918 7.66181 7.67726 7.67201 7.70852 7.83493 7.6701 7.68384 7.70626 7.68155 7.70405 7.68589 7.69176 7.68046 7.69295 7.69678 7.69137 7.70017 7.67899 7.70914 7.58812 7.68193 7.61144 7.70306 7.71764 7.62708
6.04084 5.97691 5.96616 6.44139 6.45868 6.45281 6.4508 6.46648 6.4699 6.54011 6.46058 6.46263 6.45727 6.46766 6.48188 6.46028 6.45952 6.45714 6.46688 6.48163 6.45462 6.48877 6.44846 6.53111 6.38033 6.45583 6.48586 6.44916 6.47953 6.35367
7.52219 7.54959 7.65932 7.38819 7.22637 7.21083 7.21236 7.14726 7.15143 6.45718 7.22036 7.19623 7.20373 7.38448 7.13034 7.17199 7.14656 7.20949 7.13114 7.47778 7.18916 7.11128 7.21598 8.01501 7.35254 7.20255 7.32127 7.14245 7.04207 7.33694
4.32262 4.1233 4.1205 4.44928 4.43925 4.43443 4.44101 4.43781 4.4413 4.50521 4.44174 4.44169 4.46394 4.46429 4.43866 4.44216 4.44678 4.43836 4.43639 4.46129 4.43964 4.43487 4.43538 4.53133 4.44746 4.44718 4.46315 4.4353 4.43509 4.44165
7.92538 8.09498 8.02671 8.00854 7.90303 7.87813 7.88546 7.86626 7.9033 7.61113 7.92122 7.87696 7.89038 7.95149 7.82342 7.86987 7.89026 7.87102 7.8596 8.10711 7.90233 7.83971 7.8886 8.49098 8.33852 7.88445 7.92091 7.82029 7.78989 8.14361
