92.1439 92.1516 92.1437 92.1395 92.1409 92.1489 92.4401 92.3907 92.4704 92.3531 92.3351 92.3847 92.2528 92.323 92.2128 92.4581 91.8776 91.8943 92.2574 91.9933 91.8862 91.9796 92.0242 91.9428 92.0181 92.0438 91.9182 92.0441 91.9418 92.0099
75.2637 75.2595 75.2641 75.2675 75.2676 75.2575 75.4459 75.7286 75.4606 75.4918 75.609 75.503 75.5306 75.6641 75.4943 75.5013 75.5595 75.6445 75.5419 75.5267 75.6991 75.6262 75.5607 75.7173 75.4966 75.5642 75.5034 75.5079 75.638 75.7574
73.0707 73.0538 73.0818 73.093 73.0918 73.0556 73.2291 72.86 72.8195 72.1572 73.6865 73.4181 73.0012 73.351 72.9845 73.1727 73.4015 74.2439 73.9013 73.744 74.2294 73.8165 73.7979 74.4032 74.2654 74.0651 73.6193 74.1275 74.0054 74.2583
82.8609 82.8524 82.8644 82.8618 82.8614 82.8613 82.8534 83.2498 82.6461 82.5719 82.8961 82.7211 82.7083 82.6039 82.8749 82.6996 82.9577 83.3163 83.3805 83.0411 83.2346 83.0634 83.0313 83.3458 83.24 83.1297 83.0566 83.0704 83.1506 83.2552
65.8701 65.8681 65.8705 65.8674 65.8689 65.8688 66.439 66.4102 66.3384 66.4088 66.5107 66.4014 66.4076 66.4057 66.4666 66.4214 65.8448 65.9627 66.014 65.9064 65.8744 65.9219 65.9081 65.9909 65.9283 65.9186 65.8662 66.1106 65.856 65.9153
138.28 138.303 138.289 138.271 138.281 138.273 138.566 139.064 138.372 138.007 139.198 138.702 138.474 138.801 138.276 138.897 138.126 139.331 139.166 138.687 139.198 138.848 138.725 139.276 139.235 139.005 138.474 138.866 138.917 139.208
5.75171 5.75278 5.75148 5.75213 5.75169 5.7516 5.72536 5.762 5.73763 5.72936 5.74383 5.72498 5.72724 5.74297 5.7379 5.74745 5.90112 5.93072 5.9354 5.90284 5.90787 5.89776 5.8937 5.92462 5.90576 5.89793 5.91076 5.89374 5.90273 5.91365
4.73982 4.74152 4.74011 4.73992 4.73929 4.73844 4.45612 4.336 4.50121 4.43207 4.47126 4.52245 4.53078 4.31032 4.50881 4.36566 4.6462 4.68057 4.7153 4.68197 4.63299 4.63735 4.67647 4.68557 4.68392 4.70275 4.69286 4.66827 4.62016 4.64509
4.59777 4.59628 4.59848 4.59769 4.59779 4.59593 4.51997 4.55201 4.48532 4.43591 4.49877 4.52203 4.47176 4.52925 4.46872 4.48828 4.60877 4.64901 4.62657 4.61881 4.63612 4.61141 4.63028 4.66282 4.67017 4.66335 4.64215 4.65094 4.63722 4.6624
4.52099 4.52088 4.52001 4.52028 4.52072 4.52042 4.44339 4.44753 4.4637 4.49095 4.45652 4.46687 4.47496 4.45753 4.46992 4.44973 4.54059 4.51534 4.49678 4.52664 4.53329 4.52787 4.53558 4.4994 4.52477 4.52486 4.53022 4.52746 4.52959 4.52136
4.49251 4.49251 4.49446 4.49277 4.49393 4.49156 4.27366 4.21401 4.27712 4.26743 4.25379 4.26838 4.26537 4.25631 4.25696 4.2481 4.74058 4.72398 4.71391 4.73414 4.73468 4.73781 4.73708 4.72984 4.73554 4.74219 4.74452 4.71698 4.73472 4.72789
4.25579 4.253 4.25572 4.25724 4.25704 4.25614 4.23538 4.15752 4.21478 4.21445 4.19771 4.2515 4.20563 4.22281 4.20072 4.20685 4.31659 4.30345 4.29393 4.30575 4.29718 4.31064 4.30347 4.29795 4.29944 4.29959 4.31854 4.30701 4.30055 4.3058
8.34089 8.34619 8.33962 8.34771 8.34544 8.34107 7.9009 7.8385 7.87232 7.82882 7.89796 7.90589 7.85802 7.90305 7.78612 7.99825 8.16739 8.04164 7.98965 8.06985 8.01983 8.01844 8.06202 7.99681 8.02991 8.06599 8.28325 8.03983 8.06268 8.07718
93.0859 93.0996 93.0707 93.0626 93.0766 93.0977 93.0157 92.8263 92.9676 92.9564 92.9711 92.9587 93.0557 92.7907 92.7968 93.1496 92.6709 92.7942 92.846 92.7627 92.7128 92.6368 92.7139 92.6924 92.7346 92.655 92.8113 92.7659 92.7008 92.9307
75.4354 75.4414 75.4226 75.4208 75.4275 75.4414 75.5339 75.075 75.4692 75.4082 75.6253 75.4406 75.5869 75.556 75.595 75.1001 75.1581 75.5566 75.3603 75.2342 75.2797 75.2288 75.2271 75.3911 75.2877 75.3548 75.3952 75.1879 75.3336 75.8239
72.7796 72.7681 72.7859 72.7854 72.7898 72.7857 73.0089 72.4686 73.0719 72.7805 72.7092 73.2824 73.0872 73.6005 72.9383 73.1046 73.0693 73.2949 73.5937 73.2713 73.6711 73.701 73.1788 72.9474 73.1537 73.1848 73.0997 73.2483 73.5365 73.6389
82.5269 82.5213 82.5225 82.5253 82.5256 82.5274 82.4236 82.5126 82.6011 82.3649 82.3082 82.6228 82.2707 82.5119 82.3414 82.218 82.7336 82.634 82.9278 82.7446 82.8509 82.9074 82.7199 82.5284 82.7704 82.7723 82.5977 82.686 82.7764 82.6742
65.6287 65.6317 65.6268 65.626 65.6266 65.621 65.7344 65.6608 65.7742 65.6255 65.6394 65.6753 65.7204 65.613 65.6257 65.7467 65.7128 65.7101 65.8168 65.7719 65.8816 65.9496 65.7517 65.6618 65.8176 65.762 65.7764 65.8217 65.8881 66.0094
137.325 137.31 137.305 137.294 137.324 137.341 136.768 136.21 136.794 136.619 137.053 137.248 136.774 136.873 136.622 136.198 136.606 137.72 137.246 136.772 137.151 137.002 136.736 136.825 137.123 136.872 136.846 136.734 136.833 137.815
11.3587 11.367 11.3632 11.3538 11.352 11.3527 11.3795 12.8267 11.3399 11.3046 11.2931 11.0044 11.2461 11.2586 11.5509 11.6204 11.3681 11.1289 12.6391 11.324 11.2889 11.3572 11.3628 11.2792 11.2886 11.3472 11.2484 11.3073 11.3786 11.3062
5.74031 5.74155 5.73985 5.74066 5.73954 5.74116 5.74451 5.68512 5.72193 5.72613 5.75201 5.73064 5.7383 5.71892 5.71495 5.73231 5.89555 5.91524 5.96107 5.90417 5.91226 5.91299 5.89839 5.90783 5.91225 5.91252 5.90999 5.89596 5.91624 5.93393
4.5781 4.57838 4.57896 4.5795 4.57996 4.57763 4.24986 4.29715 4.24844 4.22442 4.24334 4.26896 4.25574 4.23454 4.25683 4.25965 4.59739 4.62326 4.61141 4.61978 4.63872 4.64342 4.61566 4.62324 4.62144 4.5995 4.62485 4.61812 4.64268 4.65595
4.59321 4.59374 4.59332 4.59336 4.59293 4.59408 4.52025 4.47122 4.50046 4.51842 4.50848 4.53706 4.55037 4.5644 4.48434 4.51702 4.58836 4.63044 4.61216 4.62868 4.62996 4.64301 4.61256 4.569 4.61872 4.63147 4.60773 4.61181 4.60472 4.63227
4.50854 4.50993 4.50822 4.50849 4.50831 4.50884 4.46497 4.52786 4.47164 4.48824 4.49097 4.47539 4.4727 4.47488 4.47443 4.50736 4.51626 4.51376 4.51683 4.51657 4.52581 4.51592 4.52897 4.52839 4.54165 4.52766 4.52272 4.51488 4.52971 4.53218
4.4229 4.42378 4.42595 4.42325 4.42292 4.42157 4.481 4.4356 4.44712 4.46449 4.50936 4.45829 4.45501 4.39294 4.48837 4.42221 4.71051 4.71495 4.74127 4.72704 4.76343 4.76142 4.73423 4.74223 4.73497 4.75335 4.71639 4.71347 4.76956 4.8297
4.28379 4.28675 4.2841 4.28283 4.28359 4.2851 4.25686 4.28878 4.25847 4.23081 4.25044 4.23932 4.27351 4.20792 4.23672 4.24553 4.33223 4.33889 4.33396 4.33944 4.35731 4.3549 4.33013 4.32185 4.3381 4.33175 4.34158 4.33635 4.36328 4.461
7.54457 7.55058 7.5435 7.5418 7.5434 7.55017 7.53239 7.31992 7.4872 7.49947 7.59088 7.51643 7.46998 7.40368 7.55781 7.52833 7.51691 7.56614 7.5614 7.48897 7.54742 7.53393 7.48461 7.45937 7.49972 7.48991 7.50868 7.47332 7.52459 7.64462
94.1691 94.2043 94.1541 94.1407 94.1595 94.1841 94.1913 94.0339 93.97 94.0073 93.9092 94.0488 94.0404 93.8768 93.9136 93.8781 93.8634 93.9891 94.1023 93.969 94.0492 94.0041 93.9916 93.8261 94.082 93.9696 94.0548 94.0958 93.8845 93.9079
75.37 75.3652 75.3665 75.3652 75.3801 75.3787 75.5206 75.2475 75.7982 75.687 75.6964 75.6402 75.8879 75.7639 75.86 76.0378 75.4979 75.8623 75.6694 75.5534 75.7239 75.5453 75.4681 75.5564 75.4979 75.6508 75.7072 75.412 75.6718 75.769
72.1479 72.1131 72.1471 72.1777 72.1708 72.1405 71.9758 72.3084 71.7145 71.7882 71.9572 72.2855 71.8105 72.0829 72.0197 72.1844 71.8532 71.8454 71.8292 71.922 72.0788 71.9445 72.048 72.0332 71.9557 71.9748 71.8225 72.0948 71.926 71.4502
82.2223 82.2067 82.246 82.2569 82.2328 82.2189 82.196 82.827 82.2012 82.3873 82.2745 82.3336 82.4016 82.3152 82.1877 82.7002 82.6086 82.3244 82.1729 82.4196 82.397 82.4112 82.4495 82.5341 82.3929 82.4081 82.3638 82.4448 82.4785 82.3454
97.3022 97.2602 97.2385 97.2475 97.2881 97.2659 97.1163 97.0104 96.0242 95.6457 96.4354 96.67 96.6028 97.1209 96.2387 96.6572 95.5155 99.0536 96.1849 96.0361 96.189 95.8973 95.875 96.3903 96.2424 96.1019 96.4257 95.974 97.3149 98.9243
64.7278 64.734 64.7365 64.7357 64.7266 64.7229 64.9168 65.0875 64.9774 64.9363 64.7516 64.907 64.8159 64.5879 64.8134 65.3421 64.8765 64.9908 64.8211 64.8959 64.9285 64.9309 64.8764 64.8774 64.8643 64.8428 64.8943 64.8705 64.9983 65.27
141.383 141.383 141.389 141.386 141.385 141.383 141.043 141.164 140.922 140.836 141.096 141.181 141.108 141.104 140.885 140.973 141.027 141.445 140.836 140.992 141.137 141.049 141.002 141.216 140.887 141.086 141.037 141.034 141.555 141.821
5.62893 5.63348 5.6241 5.62466 5.62906 5.6302 5.63972 5.56394 5.65703 5.64123 5.62942 5.62192 5.64966 5.60149 5.60778 5.60246 5.6284 5.69436 5.66389 5.66868 5.68095 5.67342 5.65792 5.65041 5.71563 5.66571 5.69013 5.63497 5.66532 5.71525
4.39409 4.39905 4.39107 4.38783 4.38954 4.39419 4.18072 4.46369 4.15125 4.15332 4.13776 4.16716 4.13826 4.1738 4.13444 4.16191 4.42568 4.41086 4.39234 4.40717 4.39487 4.40393 4.39657 4.39527 4.41027 4.39448 4.40041 4.39226 4.41234 4.4161
4.45366 4.45441 4.45364 4.4547 4.45467 4.45389 4.44979 4.40399 4.47873 4.48583 4.48124 4.48829 4.47204 4.48225 4.47922 4.50708 4.46688 4.42089 4.47915 4.47288 4.47824 4.4798 4.47121 4.44532 4.47642 4.48434 4.46966 4.46594 4.44933 4.42603
4.36322 4.36345 4.36386 4.36338 4.36281 4.364 4.3337 4.29396 4.35806 4.34988 4.35202 4.35998 4.36881 4.34448 4.3757 4.3529 4.39885 4.3466 4.40018 4.40269 4.41014 4.40815 4.39899 4.39787 4.40337 4.40216 4.41127 4.40485 4.37709 4.36254
5.43054 5.43112 5.42248 5.42111 5.42961 5.43303 5.074 5.17056 5.09052 4.93823 5.16314 5.2065 5.18717 5.04489 5.10613 4.99195 4.96209 5.42077 4.98638 5.04264 5.07095 5.0278 5.00423 5.1342 5.06397 5.04509 5.15821 5.02157 5.03118 5.35787
4.43901 4.44121 4.43779 4.43628 4.43633 4.43935 4.37482 4.5129 4.35687 4.36401 4.39421 4.35683 4.41232 4.41953 4.38728 4.36452 4.52394 4.6918 4.52771 4.54289 4.54934 4.54854 4.54233 4.60216 4.58118 4.54237 4.54462 4.52647 4.63892 4.73963
4.18974 4.19246 4.18672 4.18822 4.19064 4.18929 4.16101 4.09746 4.18357 4.19244 4.1578 4.17506 4.16817 4.13552 4.1783 4.15015 4.50336 4.54347 4.50705 4.50717 4.50267 4.50195 4.49156 4.45822 4.5038 4.51962 4.50553 4.50663 4.50492 4.61364
7.65081 7.65105 7.65219 7.65327 7.65343 7.651 7.58834 7.69844 7.65159 7.62619 7.60514 7.65392 7.6583 7.61431 7.67823 7.6827 7.64986 7.67018 7.63089 7.64245 7.66407 7.64231 7.63348 7.67246 7.59895 7.63356 7.66712 7.63916 7.66666 7.66395
93.8564 93.9176 93.9369 93.8506 93.9004 93.9692 93.8026 93.8308 94.0548 94.0849 94.1485 94.0216 93.9763 94.0223 94.197 93.783 93.9623 94.1201 94.1345 93.9594 94.218 93.9001 93.7809 93.7904 93.9137 93.9989 93.8353 93.8312 93.7935 93.8962
75.8207 75.8223 75.7969 75.8277 75.8162 75.8125 76.359 76.2196 76.206 76.1431 75.8376 75.9659 75.9941 76.2948 76.3746 76.2969 76.0218 76.3346 75.9869 75.9945 76.2376 76.0392 75.9574 75.9516 75.9862 75.9719 76.4127 75.9828 76.0064 76.4431
72.5936 72.5524 72.4864 72.5948 72.551 72.4813 72.3058 71.8315 72.0594 72.4702 72.1299 72.1486 72.4019 72.4285 72.2407 72.4845 72.1511 72.4263 71.2497 72.1521 72.1668 72.091 72.3443 72.135 72.0292 72.198 72.5525 72.2224 72.2332 71.9748
82.6025 82.5788 82.6149 82.6596 82.6353 82.6013 82.4094 81.8946 81.6204 81.6319 81.9411 82.1147 82.2367 81.5055 81.5937 81.6618 82.0092 81.8395 81.4401 82.23 82.0069 82.2266 82.2901 82.2987 82.2162 82.0207 82.1577 82.2088 82.0435 82.337
98.262 98.154 98.249 98.2765 98.2932 98.23 98.4184 98.6359 97.4249 96.8128 98.0383 98.043 98.02 98.177 97.0729 95.5206 97.3714 98.1385 97.5213 97.4363 98.0459 97.1603 97.298 97.3975 97.2601 97.711 97.612 97.5073 97.7953 97.6598
65.2905 65.3145 65.2788 65.2909 65.2738 65.278 64.9003 64.781 65.0437 65.1681 64.9478 64.9958 64.9345 65.2513 65.3161 65.0224 64.9921 64.7489 64.8055 65.0604 64.8569 64.9325 64.9734 64.9598 65.0357 64.8822 65.1313 64.8485 64.7647 64.9442
141.885 141.894 141.877 141.865 141.854 141.85 141.507 141.261 141.471 141.39 141.428 141.357 141.35 141.557 141.528 141.45 141.255 141.742 141.293 141.349 141.223 141.347 141.362 141.392 141.447 141.261 141.793 141.323 141.424 141.441
5.63453 5.63623 5.63434 5.63271 5.63618 5.63931 5.63335 5.57832 5.65544 5.62276 5.6414 5.64136 5.64041 5.52375 5.61052 5.47422 5.66151 5.72911 5.71425 5.69199 5.67276 5.65064 5.64662 5.6621 5.69056 5.65606 5.71041 5.63679 5.68551 5.71992
4.4996 4.50343 4.51635 4.5029 4.51115 4.52334 4.34398 4.15956 4.52814 4.65471 4.5156 4.48505 4.49205 4.49787 4.49302 4.46559 4.49758 4.46645 4.5043 4.50288 4.46746 4.44748 4.47827 4.51108 4.5226 4.49341 4.45821 4.46662 4.47047 4.44292
4.47034 4.47075 4.47117 4.4703 4.47102 4.47154 4.46075 4.40193 4.44342 4.46346 4.44764 4.44867 4.47492 4.43258 4.4527 4.43679 4.49497 4.48351 4.50563 4.50873 4.48117 4.48635 4.51207 4.50209 4.50362 4.50009 4.54252 4.48695 4.48615 4.52188
4.37839 4.37928 4.37787 4.37719 4.37838 4.38021 4.36002 4.40296 4.38781 4.37049 4.38288 4.38373 4.36703 4.42435 4.40676 4.43512 4.42526 4.42804 4.45228 4.43029 4.44643 4.4257 4.41975 4.42089 4.4294 4.44364 4.43426 4.42369 4.4299 4.43081
5.60114 5.59781 5.60046 5.6037 5.60499 5.60291 5.59111 5.58075 5.5103 5.41976 5.53628 5.54679 5.54874 5.67064 5.53198 5.25715 5.42268 5.55085 5.39858 5.43766 5.49709 5.41315 5.39832 5.43158 5.42162 5.46134 5.54479 5.43015 5.47899 5.50254
4.37584 4.37444 4.37437 4.3733 4.37227 4.37122 4.4601 4.39563 4.32826 4.23554 4.30961 4.33256 4.39319 4.23194 4.26415 4.2782 4.43464 4.53513 4.49761 4.4394 4.48036 4.45865 4.45878 4.50005 4.50155 4.46539 4.41801 4.45408 4.5617 4.65298
4.19152 4.19693 4.19517 4.19168 4.18963 4.19521 4.1545 4.16908 4.17437 4.18351 4.16894 4.17772 4.15926 4.19406 4.19869 4.18545 4.5051 4.50232 4.54258 4.52515 4.51504 4.51115 4.51051 4.51095 4.52254 4.51531 4.52777 4.50838 4.50897 4.54195
7.77013 7.77496 7.77029 7.77123 7.77036 7.77042 7.74548 7.71067 7.74432 7.73777 7.73386 7.71607 7.76107 7.77478 7.77183 7.7546 7.70729 7.77031 7.71038 7.72027 7.72157 7.72082 7.71669 7.72312 7.72502 7.71918 7.76628 7.71784 7.74409 7.7292
93.404 93.4737 93.4619 93.3678 93.4473 93.6355 92.7701 92.5448 93.3341 93.3979 93.4437 93.1871 93.2091 93.2191 93.2967 93.3817 93.1889 93.3372 92.777 93.2773 92.7137 92.9904 92.6957 92.896 93.1595 92.6665 93.3398 92.9014 92.8144 93.5327
75.1386 75.2119 74.424 75.1663 74.8688 74.691 75.2264 75.4427 75.0165 75.2621 75.2255 75.1873 75.2121 75.4397 75.5701 75.2399 75.1891 75.588 75.5862 75.5827 75.607 75.7739 75.6469 75.1269 75.1434 75.4711 75.3913 75.2092 75.4579 75.8046
73.3344 73.2672 72.8681 73.3578 73.1602 73.0757 73.8235 73.2266 73.8969 74.0084 73.4822 73.2828 73.1579 74.3493 73.8839 74.4158 72.5654 73.9396 72.9166 73.1802 74.847 72.8113 72.9727 73.5397 73.7883 73.2447 73.8386 73.6514 73.966 73.7747
82.8661 82.8155 82.7441 82.9269 82.8854 82.8084 83.0265 82.6622 82.9249 82.7429 82.5598 82.5952 82.8131 82.8692 83.1128 83.0194 82.3975 82.7093 82.1234 82.4419 83.1488 82.8034 82.8178 82.7587 82.7295 82.7497 82.0622 82.8279 82.7984 82.6681
66.1012 66.104 66.1062 66.0729 66.0856 66.1133 65.7142 65.8447 65.9247 66.0069 65.9595 65.986 65.8755 65.9363 66.1398 66.0659 65.9239 66.0102 65.8112 66.0028 66.2466 66.0553 65.8986 65.9357 66.1104 65.8724 65.8513 65.9899 65.9893 65.8346
137.289 137.305 137.356 137.249 137.242 137.292 137.332 136.585 137.634 137.723 137.183 136.932 137.062 137.85 137.789 137.814 136.199 137.772 136.442 136.213 137.34 136.914 136.704 136.512 136.608 136.752 138.43 137.391 136.94 135.778
12.6124 12.6589 12.5632 12.5064 12.6059 12.5943 12.3307 11.8689 12.4556 11.9563 12.7141 12.7779 12.7574 11.5449 12.5099 11.8399 12.3488 12.5598 12.3869 12.51 12.1078 12.1049 12.1932 12.3653 12.4876 12.3585 12.7025 12.4754 12.3202 12.49
5.67878 5.68545 5.63745 5.68101 5.67263 5.66342 5.6632 5.71685 5.68298 5.70232 5.68577 5.69091 5.6697 5.69794 5.74648 5.68251 5.83941 5.88621 5.89003 5.88346 5.87578 5.83035 5.83252 5.83931 5.86417 5.8467 5.79772 5.8464 5.87282 5.75103
4.63085 4.63289 4.53628 4.63697 4.50907 4.5028 4.25387 4.34194 4.29379 4.32432 4.31454 4.27577 4.32659 4.41583 4.47033 4.4467 4.59416 4.647 4.6434 4.58559 4.70792 4.61988 4.51668 4.55348 4.60033 4.53528 4.61354 4.62717 4.59197 4.63354
4.49545 4.49822 4.50141 4.48096 4.49762 4.49676 4.42769 4.37599 4.50249 4.46261 4.4753 4.49045 4.46688 4.45112 4.45429 4.47505 4.49181 4.53252 4.54423 4.50544 4.54111 4.5427 4.54388 4.5446 4.55983 4.53158 4.55867 4.56614 4.56573 4.5644
4.53358 4.53661 4.52806 4.52942 4.52776 4.52787 4.497 4.50535 4.43365 4.50469 4.47442 4.46056 4.49002 4.51823 4.47186 4.51423 4.53706 4.54082 4.56219 4.5191 4.52132 4.52658 4.51985 4.52598 4.53027 4.54293 4.56826 4.53079 4.536 4.55575
4.3973 4.40495 4.40461 4.40591 4.40157 4.39881 4.52204 4.57596 4.46824 4.44387 4.3949 4.39588 4.44676 4.46631 4.46 4.47449 4.69352 4.62176 4.85728 4.63881 4.63927 4.70642 4.69034 4.64964 4.66525 4.71612 4.49782 4.71064 4.70404 4.77107
4.31622 4.31998 4.31354 4.30839 4.31309 4.31269 4.25927 4.19804 4.32085 4.31457 4.27097 4.26695 4.24448 4.28933 4.27524 4.32975 4.36381 4.4184 4.42899 4.38065 4.42421 4.38414 4.362 4.35834 4.37824 4.36286 4.32527 4.45647 4.42908 4.35439
7.9331 7.9398 7.92477 7.92986 7.97 7.96688 7.64113 7.66994 7.74515 7.80129 7.67997 7.69741 7.7321 7.69228 7.71782 7.62745 7.69083 7.80151 7.6145 7.48984 7.67915 7.81275 7.70315 7.72266 7.69019 7.74725 7.84153 7.88114 7.76118 7.64825
94.2147 94.2627 94.1607 94.2577 94.258 94.5446 93.6447 92.6142 93.7605 93.7822 93.6227 93.5119 93.7096 92.5846 92.8573 92.8569 93.349 92.9117 93.2895 93.0153 92.7328 92.6032 89.914 92.9248 92.8979 90.0791 93.127 93.5882 92.939 93.1835
75.3635 75.3512 75.1078 74.998 74.9558 74.891 75.3992 75.384 75.4549 75.4553 75.3023 75.4874 75.4543 75.6932 75.8006 75.6331 75.6106 76.0009 76.0044 76.0264 75.6408 75.5738 75.0917 75.5418 75.9195 75.4209 75.4471 75.6387 76.525 75.5915
71.4777 71.3924 71.2431 71.2291 71.4377 71.0857 72.0934 72.5864 71.5374 72.902 71.8666 73.1674 71.6469 73.7349 74.1997 73.8564 72.6586 72.3579 73.1613 73.0247 73.2764 74.1632 75.3433 73.0723 73.6675 76.05 72.5248 72.2271 72.3632 72.7366
82.1652 82.1086 82.2416 82.0133 81.8999 81.9623 82.8232 83.1618 82.7061 83.096 82.7961 83.0726 82.8334 83.6408 83.4767 83.5292 82.6564 83.0043 82.7866 82.8727 83.1252 83.0025 83.6251 83.0131 83.1777 83.7472 82.8955 82.4324 82.0812 82.9472
103.605 103.882 103.907 103.136 103.15 103.182 104.243 105.102 104.234 104.504 104.288 103.611 103.659 104.376 104.179 104.406 103.795 101.981 104.12 103.706 105.376 103.646 103.126 102.883 103.779 103.114 102.813 103.936 103.583 102.832
65.3562 65.3561 65.331 65.547 65.7197 65.5356 65.4037 66.3881 65.5666 65.8069 65.2626 65.2459 65.1469 65.5876 65.2751 65.6007 65.0789 64.9053 65.2363 65.047 65.1491 65.728 65.7028 64.8959 65.6178 65.6951 65.0174 65.1902 64.4155 64.9964
142.346 142.321 142.004 142.605 142.571 142.323 143.217 141.741 142.303 142.762 142.56 142.36 142.388 142.592 142.437 142.674 141.123 141.528 141.873 141.34 141.393 142.003 142.051 141.276 141.167 142.183 141.026 141.079 141.34 141.364
5.68022 5.68319 5.53456 5.68859 5.61365 5.65528 5.61999 5.62701 5.63609 5.65604 5.60622 5.62315 5.62282 5.59285 5.64207 5.58704 5.54465 5.53363 5.65052 5.5852 5.54316 5.35914 5.56235 5.50347 5.60191 5.86744 5.53054 5.5718 5.59976 5.51387
4.55971 4.56281 4.61276 4.48717 4.48228 4.50993 4.40176 4.21956 4.42953 4.41284 4.40356 4.37005 4.37761 4.29288 4.33692 4.22607 4.43108 4.36871 4.403 4.38317 4.47069 4.24255 4.26879 4.39773 4.28879 4.25701 4.40539 4.36434 4.06881 4.44257
4.51586 4.51761 4.51144 4.50064 4.5056 4.50511 4.46915 4.60873 4.44804 4.46928 4.46819 4.46918 4.48532 4.54072 4.56849 4.58711 4.68638 4.67606 4.66136 4.67023 4.68783 4.5714 4.6041 4.65571 4.70306 4.60336 4.62837 4.70266 4.7786 4.61891
4.387 4.3891 4.3833 4.39775 4.43032 4.40397 4.33458 4.45536 4.33748 4.3439 4.35775 4.37109 4.34706 4.46162 4.36294 4.41721 4.42905 4.39307 4.43583 4.41649 4.42569 4.38597 4.38486 4.40312 4.39531 4.41893 4.4133 4.41886 4.51256 4.40059
5.43954 5.44645 5.41741 5.40616 5.42598 5.39659 5.43159 5.77556 5.40469 5.40533 5.35515 5.28254 5.27968 5.49082 5.47125 5.55774 5.09699 5.03823 5.36127 5.18089 5.89142 5.10659 5.12213 5.12468 5.22779 5.25582 4.99303 5.16863 5.32746 5.00823
3.82092 3.82846 4.22629 3.73208 4.085 4.13573 3.95402 4.34028 4.01459 4.0016 4.05993 4.03638 4.0123 4.23668 4.32571 4.23854 4.52992 4.46923 4.26845 4.54901 4.52554 4.22978 4.57084 4.45359 4.51175 4.53816 4.47724 4.5258 4.51405 4.52488
4.20262 4.20922 4.15887 4.17516 4.11975 4.11025 4.11211 4.22056 4.18939 4.17697 4.14793 4.16834 4.17487 4.22849 4.2282 4.25563 4.3272 4.29882 4.32271 4.29928 4.33308 4.26104 4.26892 4.33404 4.33948 4.27353 4.33165 4.34423 4.35147 4.23205
7.72816 7.72145 7.73295 7.73113 7.73758 7.71724 7.80028 7.6775 7.71345 7.69837 7.70522 7.65936 7.65574 7.82771 7.73687 7.70846 7.64977 7.6072 7.63251 7.65679 7.73297 7.45875 7.7208 7.68586 7.6902 7.68873 7.68021 7.6752 7.7048 7.62648
92.5493 92.6028 92.6402 92.0343 92.0252 92.0163 91.4513 91.1009 91.4486 91.6948 91.8587 91.3561 91.66 91.3215 91.3781 91.2464 90.9327 90.2345 92.2658 91.4095 91.3244 90.0797 90.8119 91.3796 90.6677 91.0969 91.552 91.7241 90.8005 92.0398
155.081 154.81 155.002 153.968 154.088 154.161 153.873 154.299 154.209 154.542 153.929 153.821 153.716 153.882 153.806 154.009 153.626 154.256 154.136 154.545 154.007 154.916 154.098 154.266 154.129 154.569 154.538 153.727 154.788 153.346
75.0558 75.0917 75.0254 75.3475 75.3768 75.551 75.2857 75.9828 75.791 75.8036 75.6192 75.5859 75.224 75.6042 75.6463 75.7641 76.5986 76.0041 75.6957 76.3243 76.1175 76.1514 75.6957 76.3117 75.875 76.1676 76.0406 75.7391 75.1265 75.7731
73.6144 73.5418 73.542 73.698 73.7109 73.9138 73.677 76.4165 73.4484 73.4996 73.0931 72.9367 73.4371 73.4454 74.7652 74.3705 75.0785 76.0167 73.1865 73.2692 75.3952 76.3753 74.753 75.1722 74.7466 74.2489 73.8929 74.6189 75.2562 73.2166
82.0065 81.8894 82.0536 82.1393 82.1705 82.0004 81.8288 84.1082 81.8789 82.0357 81.5943 81.2236 81.5036 82.5543 83.4922 82.901 82.8714 84.0348 81.8249 83.6993 83.7571 84.4736 83.9066 83.162 84.3647 83.8472 83.1804 83.0294 83.725 82.6623
67.3652 67.4031 67.6141 66.6142 66.6706 66.8381 67.0771 65.9944 67.1421 67.2227 66.5882 66.8749 67.1281 66.2905 66.0108 66.3058 66.8431 66.0555 66.0591 65.8504 66.1151 66.3144 65.4792 66.279 65.7968 65.8473 65.8849 65.9668 66.9677 66.2048
140.237 140.167 140.474 139.605 139.42 139.574 141.308 141.953 141.322 141.244 140.853 141.092 141.047 141.292 141.313 141.426 140.509 140.932 140.873 140.624 140.784 142.996 142.417 140.877 142.195 140.626 140.849 141.213 140.607 138.812
5.98544 5.96853 5.98592 6.05317 6.02503 6.04951 6.05407 5.89154 5.99505 5.92285 5.93729 5.88014 5.99993 5.86586 5.89193 5.86193 6.05229 6.03163 6.33778 6.49264 6.43811 6.45374 6.39948 6.37044 6.41802 6.40899 6.28361 6.42152 6.47893 6.29534
8.09814 7.96886 8.17154 7.21228 7.38886 7.94817 7.38985 7.67323 7.67542 7.8822 7.93847 7.48883 7.38425 7.13155 7.41442 7.59731 6.71344 7.48939 6.11212 7.50974 7.32223 7.60663 7.46415 7.36294 7.07354 7.46983 8.39508 7.08426 7.54702 6.59384
4.55321 4.54132 4.58588 4.58869 4.62027 4.56151 4.34875 4.2873 4.17753 4.25688 4.2203 4.06628 4.28821 4.25602 4.22329 4.27002 4.50345 4.59339 4.62303 4.61181 4.50174 4.64374 4.66949 4.42059 4.75116 4.73584 4.6433 4.52978 4.35904 4.64071
4.655 4.6623 4.65372 4.65578 4.66113 4.71575 4.5708 4.74754 4.65536 4.66016 4.70396 4.67424 4.57098 4.70504 4.66485 4.70072 4.97414 4.95158 4.90668 4.83126 4.91254 4.96596 4.89297 4.9605 4.81639 4.95605 4.93465 4.9159 4.99922 4.83746
4.49299 4.49703 4.49606 4.49328 4.49547 4.49948 4.50529 4.45206 4.4818 4.47105 4.50892 4.55584 4.49457 4.59914 4.62527 4.64456 4.55946 4.53552 4.6309 4.63675 4.60284 4.56977 4.55048 4.52285 4.54997 4.55476 4.56064 4.58844 4.63721 4.55532
4.5633 4.56449 4.64374 4.46687 4.46282 4.48952 4.52462 3.93677 4.6737 4.5736 4.5595 4.57615 4.59634 4.3377 4.28615 4.34369 4.58874 4.23612 4.37259 4.55545 4.36016 4.12512 4.49735 4.27077 4.22673 4.33212 4.56383 4.3313 4.8759 4.5324
4.29843 4.30155 4.29931 4.31303 4.31487 4.33778 4.29835 4.22509 4.27794 4.29571 4.24783 4.28367 4.30077 4.17581 4.17626 4.17781 4.46567 4.43314 4.52746 4.42345 4.41102 4.41743 4.41951 4.443 4.44861 4.43772 4.47156 4.50449 4.86955 4.46268
8.17106 8.17325 8.25357 7.99656 7.95701 8.026 8.1732 8.1838 8.22444 8.18022 8.16672 8.17873 8.08791 8.18975 8.19863 8.21137 8.0455 8.26641 8.07433 8.07801 8.09716 8.35304 8.1265 8.11637 8.21769 7.79684 8.18007 8.07647 8.10813 7.9428
92.7584 92.93 92.951 92.4875 92.5553 92.0518 92.3771 91.8504 92.0692 92.0456 92.6219 92.6302 92.4602 92.7027 92.8197 92.0994 91.8863 91.6169 92.4946 92.0899 91.7435 91.2949 91.8622 91.5507 91.6659 91.7859 91.487 91.6542 91.495 92.4116
154.24 154.594 154.418 154.014 154.051 154.686 152.92 155.074 155.323 155.534 154.603 152.517 152.502 153.785 153.701 154.503 156.222 154.776 156.645 154.259 154.887 157.037 154.231 155.092 153.936 154.275 153.661 154.927 154.409 154.267
75.1021 74.6428 74.7885 75.1754 75.2142 75.1184 75.3522 75.2795 75.828 75.9311 75.1814 74.9501 75.0284 74.8009 75.1062 75.2294 75.1543 75.6248 75.8292 75.9072 75.6209 75.8935 75.6891 75.5986 75.5569 75.8901 75.8032 75.8966 75.5913 75.4339
72.4967 72.8405 72.3572 73.2777 73.3093 73.0399 72.2328 72.8639 73.1484 73.01 72.7073 72.05 72.0884 71.3543 71.6408 72.2106 72.838 72.6879 72.9713 72.824 74.3747 74.95 73.7663 72.9116 74.1648 73.2728 74.4556 73.8745 73.5966 73.1953
82.0398 82.1247 81.8933 82.6265 82.5176 82.3111 82.209 83.9255 82.9603 83.1346 82.9594 82.1383 82.1526 80.9233 81.5699 82.2073 83.4397 82.6256 83.0358 82.7548 84.4153 83.0489 82.8268 83.208 82.9857 82.94 83.1353 83.3214 82.2893 82.9307
66.6626 66.8346 66.776 66.5415 66.6061 66.6319 66.2594 65.8481 66.4752 66.5261 66.7909 66.8809 66.7833 65.98 66.593 65.6931 66.7286 65.3793 66.5006 66.1168 67.4995 66.3857 65.1632 66.2825 65.8388 65.6744 65.6223 65.8297 69.6135 66.0081
139.756 139.548 140.007 139.371 138.993 139.309 139.719 140.83 139.645 140.213 138.784 138.793 139.555 139.04 139.252 139.181 140.905 140.89 140.116 140.069 141.299 140.769 140.261 141.246 140.071 140.124 140.672 142.17 141.359 139.622
5.67847 5.64813 5.60383 5.44473 5.51473 5.63348 5.68484 4.80356 5.73262 5.73359 5.79097 5.61033 5.69456 5.6751 5.64512 5.35585 6.41505 6.33552 6.33001 6.26524 6.36881 6.29083 6.35163 6.35464 6.25952 6.294 6.33443 6.40809 6.43011 5.99848
7.41532 7.47023 8.23867 7.5944 7.61666 7.84415 7.30965 8.21405 8.04422 8.14948 7.62957 7.76875 7.78366 7.41615 6.77208 7.47755 7.8651 7.45475 8.11971 7.44177 7.84588 8.46135 7.57241 7.59845 7.88247 7.31303 7.21317 7.75344 7.37912 7.19263
4.57444 4.57876 4.59007 4.5105 4.499 4.52146 4.15069 4.33123 4.34334 4.31132 4.5541 4.32249 4.37824 4.58419 4.42395 4.3769 4.63308 4.67716 4.63165 4.59084 4.5671 4.69259 4.65083 4.69904 4.72478 4.61862 4.61916 4.60468 4.57173 4.58525
4.52483 4.54214 4.5205 4.57395 4.57093 4.53615 4.3356 4.4699 4.49685 4.51304 4.43211 4.34526 4.2915 4.40721 4.40069 4.46781 4.63858 4.80454 4.71856 4.71601 4.7571 4.90182 4.86333 4.81909 4.74676 4.75241 4.83866 4.77396 4.85489 4.68999
4.47125 4.4886 4.46458 4.48763 4.48327 4.48362 4.43795 4.32203 4.43212 4.47343 4.46665 4.33966 4.3846 4.30442 4.33219 4.5412 4.60096 4.574 4.61468 4.57895 4.58636 4.60597 4.57953 4.58674 4.5766 4.56933 4.60455 4.59625 4.64342 4.54374
4.3446 4.29082 4.28253 4.08517 4.0013 4.62 4.44015 4.16888 4.49936 4.51925 4.37956 4.44786 4.40035 4.77749 4.53267 4.96509 4.8074 7.49245 4.73156 4.7285 4.70393 4.78041 4.75757 5.55027 4.54808 4.63717 4.72099 4.71267 5.97997 4.47683
4.32064 4.34031 4.33207 4.2721 4.27044 4.26303 4.31193 4.57863 4.26443 4.25447 4.27565 4.34879 4.32785 4.65649 4.4868 4.74563 4.67304 4.43153 4.52443 4.48199 4.48565 4.48505 4.56743 4.41082 4.43174 4.44215 4.44448 4.44339 4.58727 4.39411
8.19738 8.12695 8.1995 7.94421 7.83641 7.87194 7.847 8.01309 7.84698 7.94947 7.67978 7.69879 7.85444 7.74436 7.80504 7.71515 7.54762 8.04903 7.71047 7.43585 7.94417 7.98423 7.59111 7.97536 7.6574 7.95135 7.85754 8.025 8.20242 7.58651
93.1994 93.011 93.2141 93.7287 93.6936 93.5211 92.3038 90.4415 91.595 91.3323 91.6525 92.2035 92.1734 91.5018 90.7087 91.2562 93.8062 93.6168 93.1024 92.2644 92.1931 92.8978 93.3157 93.5136 92.6678 93.0347 92.9451 93.2891 93.4922 93.7755
75.7204 75.9663 75.679 75.5523 75.5809 75.6393 75.4535 75.9445 76.0054 75.9927 75.8 75.5856 75.5671 75.9395 75.9414 75.8926 75.9704 75.0935 75.1657 75.023 75.5562 75.7337 75.2705 75.5193 76.276 75.8626 75.5475 75.1439 75.0777 75.4621
72.7244 72.5964 74.0067 71.5524 71.6046 72.2854 73.6044 74.4242 74.1266 74.3513 74.5328 73.7903 73.7509 73.9026 74.296 74.1479 72.0761 72.649 73.343 72.7269 74.2661 73.0732 72.819 72.3152 73.7395 73.7032 73.145 73.0416 72.523 73.1164
83.1097 83.239 83.3637 83.0483 83.1853 83.3469 83.0105 82.9045 83.0097 83.1331 83.1313 82.7801 82.6105 82.7745 83.2694 83.0058 82.8233 83.0799 82.7346 82.6289 83.7961 83.4906 83.0648 83.1729 83.6538 83.6488 83.4494 82.935 83.1342 82.7801
99.6325 101.93 99.6415 97.6412 97.5704 97.6653 101.095 102.333 101.876 101.99 102.095 101.459 101.145 101.303 102.012 101.654 98.9822 97.8997 99.1473 101.486 101.156 98.3053 98.6502 96.3837 100.504 98.2586 98.8706 99.1176 100.747 98.5097
66.9862 67.255 68.1323 67.7742 67.5338 67.594 67.2288 66.8477 66.2662 66.3311 67.1237 67.5148 67.5397 67.6533 67.581 67.6298 65.951 65.5939 66.0415 65.4771 65.6621 65.2982 65.7358 66.15 65.6971 65.3364 65.501 65.4556 68.5084 65.5389
141.844 142.883 141.989 141.767 141.737 141.978 142.548 141.969 142.113 142.156 142.235 141.861 141.925 141.916 142.278 141.946 140.948 140.64 141.828 142.088 141.887 142.03 140.818 141.111 142.373 141.485 142.372 141.343 143.593 141.177
5.37006 5.37451 5.12821 5.16567 5.14617 5.06282 5.62053 5.23936 5.17075 5.15164 5.27507 5.46418 5.69614 5.23741 5.29132 5.17991 5.59109 5.43773 5.19104 3.89539 4.81433 5.57538 5.49186 5.35108 5.59349 5.35879 5.58158 5.4194 5.28323 5.38104
4.21321 4.15052 4.20999 4.19368 4.18818 4.20178 4.24674 4.19313 4.17384 4.17606 4.16185 4.2304 4.26164 4.16935 4.2051 4.16688 4.39618 4.37842 4.28932 4.58672 4.34656 4.36224 4.36434 4.40013 4.23266 4.43251 4.41528 4.36384 4.40956 4.40755
4.32283 4.30258 4.27523 4.32839 4.32825 4.34483 4.35354 4.27637 4.29384 4.28965 4.29068 4.35914 4.33943 4.25692 4.27061 4.26442 4.37318 4.34318 4.23776 4.31956 4.31572 4.40366 4.3829 4.33582 4.28635 4.30613 4.34632 4.3389 4.36546 4.31128
4.37231 4.32163 4.31247 4.35634 4.35463 4.35373 4.34 4.24938 4.28367 4.27536 4.27053 4.30713 4.34453 4.26589 4.26947 4.19315 4.3824 4.38663 4.3815 4.28712 4.34911 4.40398 4.39142 4.3578 4.39764 4.35848 4.38561 4.38734 4.37151 4.33638
5.51368 5.72441 5.53353 5.4517 5.45405 5.31279 5.86098 6.59401 6.40724 6.55727 6.8986 6.79391 6.28632 6.65053 6.71999 6.63018 6.18155 5.13807 5.79406 6.01181 7.0938 5.38798 4.77012 5.26304 5.6419 5.379 5.63226 5.25172 5.67831 5.35916
4.06396 4.51205 3.67852 3.45305 3.48879 3.48156 3.67578 3.74866 4.20942 4.18716 3.90068 3.63744 3.65045 3.89868 3.89992 3.79566 4.59393 4.30821 4.39646 4.71179 4.30499 4.62154 4.17252 4.0843 4.51068 4.34563 4.59227 4.10066 4.52236 4.32613
4.2583 4.5305 4.24495 4.32985 4.3268 4.32851 4.26769 4.14807 4.12872 4.14556 4.1286 4.29145 4.28511 4.15601 4.16806 4.1428 4.44849 4.54246 4.60513 4.52121 4.53585 4.51244 4.52361 4.45382 4.53982 4.51314 4.5287 4.544 4.61552 4.49392
7.50614 7.54985 7.47728 7.53048 7.54067 7.52886 7.59333 7.6411 7.76273 7.7842 7.53757 7.58534 7.52551 7.54416 7.57585 7.53311 7.36838 7.36808 7.50524 7.6684 7.48266 7.53926 7.30522 7.3156 7.58971 7.47147 7.63758 7.39504 7.51592 7.43601
90.6987 90.5521 91.0522 90.4043 90.5278 90.4594 89.9682 89.769 89.8726 89.7396 89.8353 90.0179 90.1926 90.7415 90.1084 90.7086 93.9069 93.1477 92.0608 92.1894 92.3079 92.3133 93.2433 93.1123 91.7565 92.6685 91.0954 92.5537 90.9221 89.6754
75.9153 75.9511 75.5136 76.0326 76.0137 76.0019 75.8214 75.3021 75.1117 75.0172 75.0655 75.7523 75.8458 75.0088 75.1229 74.8732 74.8661 75.4827 75.4631 75.7412 76.1525 76.185 75.4847 75.7387 75.5187 75.7821 75.3315 75.6429 75.2357 75.2366
75.2104 75.0476 75.2125 75.1127 74.9359 75.0843 76.3609 75.7579 74.9675 75.3733 75.4115 76.1238 76.1428 74.8083 74.4096 74.8838 71.4348 73.5897 74.9188 72.4324 72.0503 73.3918 73.125 72.4453 73.0293 72.576 74.7628 73.2153 75.8401 75.1949
83.9562 83.9225 83.9221 84.0728 84.1393 84.1901 84.8191 83.76 83.1275 83.2148 83.8673 84.637 84.5448 83.119 83.144 83.0869 81.8878 82.8323 84.3289 83.2621 83.1437 83.5185 82.8514 82.8065 83.8583 81.9968 83.7203 83.1972 83.2621 84.2762
107.508 107.364 106.655 107.202 107.191 107.039 106.616 106.155 106.147 106.158 106.367 106.818 107.269 106.348 106.442 106.286 105.763 105.163 106.059 106.292 105.227 101.86 100.728 103.329 106.296 106.13 107.128 105.262 105.108 104.665
67.4351 66.7118 67.3644 67.4313 66.8124 66.7527 67.0629 65.7099 66.6713 66.5853 66.9912 67.3441 67.6118 66.44 66.1755 66.8288 65.1067 65.1672 65.9175 64.7787 64.8208 65.2302 65.7021 65.5952 64.7645 64.8894 65.5522 65.0278 69.4273 66.3689
143.694 143.525 143.45 143.501 143.481 143.687 143.504 143.267 143.292 143.338 143.326 143.639 143.278 143.35 143.492 143.315 143.086 141.672 142.702 142.27 143.356 141.937 141.074 142.191 142.135 142.402 142.743 141.448 142.301 143.351
5.65836 5.66106 5.78674 5.40446 5.33729 5.60174 6.12161 6.05569 6.01034 6.01574 6.11704 6.0297 5.9923 5.89647 6.00386 5.89307 5.01709 5.39301 5.47981 5.5228 5.55299 5.50751 5.33785 5.38637 5.51938 5.42767 5.42236 5.26436 5.81823 6.01675
4.32844 4.32393 4.3923 4.32239 4.31652 4.32424 4.14305 4.34051 4.14771 4.32324 4.15352 4.17155 4.1589 4.33009 4.15555 4.14202 4.55309 4.45537 4.30078 4.44744 4.33119 4.59242 4.54855 4.40855 3.9812 4.32088 4.2832 4.2416 4.34462 3.96465
4.49024 4.47829 4.59664 4.48028 4.47121 4.48549 4.44611 4.48037 4.45648 4.45782 4.46015 4.44304 4.44872 4.47824 4.38804 4.46297 4.66844 4.63088 4.53996 4.66066 4.67458 4.66483 4.59309 4.71734 4.64243 4.62007 4.62281 4.60619 4.45811 4.31662
4.32828 4.32263 4.14892 4.31249 4.30558 4.31112 4.37353 4.38865 4.28221 4.27617 4.2344 4.36589 4.35731 4.21473 4.2683 4.25352 4.44887 4.38857 4.19487 4.39898 4.42908 4.37635 4.43125 4.39559 4.38919 4.29736 4.36958 4.3919 4.46911 4.39696
5.76003 5.75791 5.7364 5.7439 5.74694 5.74597 5.7289 5.72783 5.70211 5.71972 5.72916 5.7336 5.72547 5.74284 5.73278 5.72405 5.84012 5.5703 5.71812 5.795 5.3457 5.33921 5.18896 5.28761 5.66368 5.70824 5.36896 5.58916 5.75783 5.60262
4.27296 4.24522 4.02007 4.24004 4.23125 4.22995 4.19951 4.66128 4.68478 4.62086 4.46838 4.21768 4.19558 4.584 4.59519 4.44086 4.95824 4.46041 4.08231 4.61031 4.36845 4.53112 4.33531 4.5278 4.63093 4.24381 4.45498 4.36489 4.49506 4.38888
4.16774 4.17657 4.37879 4.17193 4.16988 4.16693 4.11559 5.10413 4.36743 4.42434 4.32429 4.10817 4.10345 4.52231 4.5352 4.36495 4.40764 4.34585 4.48766 4.33723 4.32217 4.30441 4.33045 4.31884 4.32389 4.27722 4.3304 4.33626 4.72957 4.20582
7.85124 7.8798 7.82097 7.84091 7.85945 7.8527 7.82482 7.78427 7.88255 7.86157 7.86071 7.86699 7.83954 7.87279 7.8854 7.89779 7.86169 7.74916 7.84987 7.8228 7.62171 7.65241 7.76486 7.66065 7.84648 7.76234 7.65622 7.73202 7.84298 8.34273
92.4915 92.036 92.8332 92.7249 92.3892 92.3788 91.8045 91.371 91.9837 91.7925 91.9122 92.2011 92.2509 92.2861 91.7527 91.8034 91.7233 91.8062 91.5052 91.9959 91.6586 90.6709 90.7303 90.1969 90.7556 91.4456 91.0255 91.0332 91.2315 91.4139
153.6 153.92 153.839 152.332 152.503 152.714 154.402 154.889 155.216 155.136 155.208 154.792 154.537 155.088 155.145 155.131 155.106 154.405 154.417 154.719 153.89 154.548 154.791 154.871 153.501 154.709 154.914 154.892 154.799 154.22
75.6898 75.709 75.6946 75.7635 75.7972 75.6912 75.2829 75.1654 75.1573 75.2602 75.231 75.5039 75.5823 75.1151 75.0896 74.9083 75.6369 75.474 76.2042 75.849 75.3869 76.3176 76.1019 75.7941 75.0459 76.1541 76.1523 76.7446 76.5086 76.26
73.0681 73.3927 73.8768 73.2828 73.2587 73.0691 75.5153 74.1467 74.1168 74.1443 73.9827 74.934 74.7826 73.1307 73.6961 74.1538 73.5209 74.0178 74.8449 74.4885 73.7218 75.7395 77.3954 75.3529 76.0094 75.301 74.892 75.8088 76.386 75.4479
83.8591 84.0324 84.0866 84.147 83.9502 83.8819 84.0386 83.2601 83.1655 82.8861 83.1576 83.9644 83.9176 82.4861 82.452 82.7222 81.9251 83.4977 83.591 83.5937 81.5299 83.4326 84.7268 81.632 84.4638 84.1259 84.2023 84.5128 84.9084 84.2357
67.1714 66.5321 67.3364 67.1196 66.5531 66.5239 66.5504 64.3449 66.9422 66.5605 66.9304 66.9053 67.0535 67.254 67.1289 67.4564 68.0336 66.2295 67.511 66.1491 64.5344 66.3267 70.5811 67.9312 66.398 65.8115 65.937 66.2986 68.656 66.5013
142.638 142.701 140.696 143.27 143.277 142.952 141.69 141.891 142.209 142.2 141.608 142.053 141.714 140.991 141.25 142.132 142.471 142.577 141.919 140.805 138.894 141.781 141.421 141.158 143.094 142.624 143.709 142.108 142.197 140.839
5.74093 5.80034 5.58349 5.8128 5.82282 5.80194 5.4579 5.69377 5.59715 5.53133 5.41196 5.48345 5.50635 5.63445 5.71139 5.72769 6.41675 6.42406 6.28748 6.4655 6.66911 6.44634 6.1646 5.87179 6.24587 6.46311 6.44515 6.34043 6.33569 6.44596
7.72026 7.75436 7.77161 7.84411 7.81532 8.05229 7.79814 8.13163 8.3474 8.40914 8.63679 8.3254 7.89475 7.88171 7.9336 8.04729 7.66256 7.39934 7.4571 7.59206 7.0186 7.09246 7.03672 7.48579 6.75356 7.50667 7.44912 7.50591 7.719 7.21306
4.4808 4.41963 4.4951 4.53595 4.47179 4.41379 4.39258 4.22473 4.14405 4.14966 4.40021 4.40462 4.44039 4.26546 4.3035 4.29474 4.52137 4.65164 4.74341 4.64523 4.5817 4.61176 4.84171 4.71876 4.65381 4.69856 4.56442 4.84242 4.7016 4.78387
4.46039 4.42911 4.47062 4.50433 4.49142 4.45874 4.57066 4.56625 4.42523 4.46408 4.48477 4.51601 4.51511 4.46319 4.52174 4.46928 4.61311 4.77608 4.86613 4.78626 4.75703 4.74988 4.92535 4.79083 4.62687 4.79941 4.80233 4.81023 4.84107 4.85206
4.45882 4.49837 4.50693 4.46828 4.48075 4.49042 4.42442 4.43989 4.20566 4.16459 4.28624 4.38617 4.39055 4.21673 4.19341 4.17441 4.70984 4.60688 4.60993 4.62299 4.77419 4.71546 4.69185 4.53126 4.57553 4.5989 4.60464 4.59005 4.6757 4.60785
4.37999 4.62965 4.57231 4.36794 4.55176 4.58602 4.20836 4.0815 4.09182 4.07406 4.24924 4.20879 4.21347 4.17687 4.19643 4.0226 4.85219 4.6828 4.61203 4.58181 4.06632 4.32586 4.44434 4.92326 3.82418 4.54538 4.61368 4.3434 4.33972 4.45457
4.38563 4.36473 4.36745 4.38398 4.37623 4.37675 4.31555 4.82793 4.32326 4.3305 4.31758 4.29296 4.28305 4.36131 4.34497 4.3241 4.89554 4.51013 4.52168 4.56223 4.23683 4.54595 4.45354 4.92208 4.34045 4.53395 4.46055 4.50187 4.49339 4.52187
8.65114 8.7195 8.5166 8.62813 8.67778 8.69668 8.07412 8.04404 8.6423 8.42876 8.38116 8.37344 8.34077 8.66189 8.76849 8.55006 8.67459 8.40489 8.19132 8.10574 7.33322 8.38511 7.99503 8.36072 8.33851 8.16899 8.33992 8.10459 8.09488 7.7163
90.1526 90.1131 90.2253 90.3092 90.1878 90.1526 89.2911 90.569 90.415 90.7981 90.565 90.4359 90.3584 89.9452 89.8711 90.1629 91.5574 92.5801 91.7671 92.3431 92.5143 92.1578 90.0744 90.0445 92.2636 92.5874 92.2163 92.0554 92.0084 93.0612
75.8903 75.863 75.8985 75.8322 75.7551 75.8326 75.4657 75.3117 74.6853 74.784 74.9997 75.0727 74.9123 75.5482 75.4322 75.4094 76.0093 75.7702 75.5937 75.3587 75.7374 74.9337 75.2805 75.3502 75.8585 75.808 75.8166 75.5569 76.1262 75.8156
74.9532 75.1973 75.5306 74.8633 74.8932 74.8946 75.4639 74.7238 75.4697 75.0287 75.4514 75.3878 75.4829 75.6301 75.4632 75.3057 73.8074 73.2764 73.603 72.9714 72.4538 73.3103 76.0675 75.1154 72.6211 72.788 73.0706 73.6901 75.4111 73.1557
83.5161 83.3832 83.6707 83.3814 83.2683 83.4095 83.9163 83.6815 83.5661 83.3512 83.2951 83.454 83.4959 83.8122 83.5107 83.3604 82.9424 83.0777 83.5624 82.9834 82.5585 82.907 83.964 83.5792 83.5588 82.7632 83.578 83.2167 84.6193 83.5296
104.671 104.805 104.789 104.724 104.746 104.683 105.851 104.885 106.349 106.14 106.316 106.167 106.382 105.328 105.211 105.477 105.953 104.736 105.084 105.523 104.02 106.066 106.239 106.562 104.43 104.261 105.396 105.233 106.664 106.338
68.2897 68.2804 68.8982 68.129 67.842 68.1552 67.4128 68.3413 68.1994 67.9683 67.9217 67.5375 67.6923 67.7054 67.105 68.6201 65.3292 65.8569 65.8651 65.5892 64.728 66.0991 71.0527 67.1273 65.3697 65.5155 65.4075 64.9765 67.8071 65.5297
142.913 143.087 143.195 142.812 142.899 143.148 143.496 142.153 143.495 143.608 143.516 143.427 143.486 142.343 142.649 142.848 141.591 141.959 144.195 141.841 141.277 143.008 143.806 143.902 142.677 142.839 141.515 141.775 143.332 142.876
5.56441 5.5947 5.54553 5.67863 5.65858 5.6578 6.23847 5.42628 5.94441 5.92166 6.02966 6.00826 6.01396 5.60213 5.24533 5.6054 5.05216 5.44641 5.43865 4.91591 5.48426 5.56939 6.00263 5.98481 5.49459 5.01531 5.44755 5.39087 5.55187 5.35643
4.31709 4.31205 4.3194 4.3138 4.30803 4.31487 4.33979 4.25014 4.29094 4.29214 4.34563 4.33276 4.3534 4.13998 4.30898 4.11354 4.30751 4.43826 4.54651 4.37589 4.46727 4.4663 4.3525 4.36518 4.49713 4.47696 4.38007 4.51305 4.336 4.36399
4.44446 4.48404 4.47537 4.44628 4.45394 4.45067 4.42995 4.32168 4.41689 4.40226 4.51756 4.49199 4.45963 4.43238 4.42803 4.36674 4.48445 4.62359 4.73815 4.58157 4.597 4.57044 4.64058 4.57743 4.59503 4.58684 4.60459 4.59301 4.58527 4.58292
4.32484 4.29388 4.35335 4.33696 4.31389 4.32338 4.21857 3.84118 4.08582 4.08413 4.09731 4.07605 4.04826 4.1916 4.22711 3.94173 4.37252 4.40478 4.42442 4.37144 4.43219 4.42377 4.37184 4.31306 4.36886 4.37803 4.38282 4.40616 4.44851 4.40336
5.43681 5.38368 5.56118 5.41963 5.409 5.40745 5.73713 5.239 5.70554 5.71581 5.7373 5.73759 5.73798 5.37135 5.5106 5.52386 5.50306 5.57448 5.75894 5.7428 4.83399 5.8465 5.78216 5.71585 5.28582 5.54851 5.77503 5.80231 5.76098 5.65459
4.20583 4.21001 4.22674 4.21087 4.2043 4.22158 4.35652 3.86414 3.83342 3.80387 3.81337 3.86238 3.95118 4.40315 4.38671 3.67954 3.69841 4.39949 4.66572 4.23064 4.49213 4.44879 4.53116 4.45926 4.45697 4.44734 4.45367 4.61241 4.54694 4.27506
4.22068 4.23733 4.21784 4.23839 4.24577 4.24997 4.17252 4.13034 4.07968 4.07146 4.18844 4.13005 4.15225 4.12923 4.08735 4.16858 4.3059 4.33916 4.28356 4.29684 4.3098 4.3644 4.27052 4.31065 4.25875 4.24225 4.27758 4.25421 4.35911 4.27965
7.67576 7.6283 7.67366 7.66282 7.64048 7.6698 7.76104 7.55447 7.76986 7.7517 7.7628 7.7505 7.7555 7.56208 7.64517 7.64707 7.79046 7.55563 7.7235 7.77086 7.44445 7.81091 7.73578 7.75216 7.52957 7.69226 7.85317 7.71928 7.75005 7.80875
89.7434 90.6668 90.2708 89.9109 89.9446 90.1366 90.9692 90.8884 91.0815 91.1135 91.2278 91.0916 91.2236 91.365 90.7285 91.5033 91.2674 92.0852 91.0722 90.704 91.6421 91.1153 92.0924 91.3065 91.6342 91.2652 91.2897 90.8799 89.8228 90.493
155.944 155.946 155.937 156.438 156.331 155.355 154.858 155.846 157.48 157.699 156.239 155.182 155.275 156.628 156.649 156.925 154.016 153.706 154.541 154.759 153.98 158.353 153.759 154.843 154.85 154.058 153.366 155.021 154.921 154.798
75.3906 75.3118 75.4709 75.5398 75.6013 75.4633 75.6422 75.9756 76.1418 76.0142 75.7548 75.6492 75.7694 75.7828 76.0576 76.0696 76.4672 75.5981 75.3174 76.1304 75.5296 75.7902 75.8734 75.6713 75.903 76.0662 75.9932 76.0565 76.1259 75.6184
75.3634 74.9086 75.2012 75.3108 75.1225 75.3619 75.8335 75.0533 75.1339 75.0236 75.4807 75.3868 75.3096 74.5032 74.6866 75.269 75.2318 73.7409 74.0763 74.938 74.3649 75.2919 73.358 76.044 74.0807 73.6284 74.4366 75.1588 76.245 74.4588
85.2671 85.088 85.3267 85.1219 84.9439 85.1721 84.4216 84.6222 84.2591 84.164 84.2962 84.2867 84.2526 84.0418 84.2219 83.8957 83.8042 82.019 81.968 83.722 82.256 83.4046 84.1028 84.2324 83.0466 82.7556 83.6558 83.8243 84.277 84.3172
66.2715 66.293 66.7801 66.2951 66.0669 66.2178 66.3774 66.8191 67.1215 66.4635 66.5433 66.4702 66.7774 66.5985 66.4725 65.7882 66.3201 67.2552 67.6643 68.5373 65.945 67.6817 68.9148 66.381 66.6214 66.3221 65.7806 66.6004 68.1652 66.8803
142.569 142.528 142.2 141.921 142.083 142.387 141.701 141.413 140.125 140.087 140.479 141.029 141.01 141.247 142.096 139.945 141.091 140.09 142.153 142.419 140.11 140.679 140.851 140.928 140.457 140.811 140.757 142.015 143.016 141.826
5.33367 5.50707 5.57578 5.37014 5.42094 5.40287 5.75238 5.7803 5.66002 5.58489 5.72648 5.72445 5.7116 5.72296 5.76389 5.6117 6.44698 6.31037 6.37155 6.22208 6.40865 6.49686 6.0716 6.27098 6.49942 6.4419 6.4199 6.3957 6.38422 6.51046
7.96498 7.75473 8.15207 8.25774 8.19022 7.8409 7.2522 7.83965 7.69804 7.93861 7.66247 7.33184 7.27143 7.60974 7.58274 7.69336 6.95363 7.52888 7.40219 7.46208 7.43524 7.89419 7.17584 7.24229 7.43651 7.10445 6.96075 7.45283 7.44537 7.65527
4.6583 4.65558 4.75269 4.61085 4.59979 4.56296 4.44443 4.43914 4.32721 4.3471 4.28122 4.34063 4.28706 4.37443 4.37829 4.31344 4.75805 4.6696 4.55238 4.46988 4.55341 4.59013 4.40492 4.58927 4.66158 4.58076 4.69296 4.74992 4.78777 4.83117
4.60426 4.57465 4.58542 4.57741 4.5736 4.59391 4.65312 4.73698 4.65298 4.65726 4.62294 4.58745 4.56825 4.76881 4.7228 4.84711 5.04724 4.85976 4.84738 4.85246 4.85694 4.74199 4.78902 4.88338 4.85209 4.88088 4.88096 4.98268 4.97901 4.83097
4.5033 4.49101 4.52377 4.49547 4.48203 4.49919 4.45258 4.43699 4.44488 4.44418 4.45694 4.45346 4.44742 4.48532 4.46391 4.48118 4.58079 4.63746 4.68833 4.3872 4.62592 4.61978 4.59433 4.61737 4.58121 4.62402 4.57092 4.58575 4.56038 4.56227
4.40947 4.30448 4.31077 4.38958 4.3807 4.40903 4.38368 4.28872 4.29223 4.32472 4.33079 4.37935 4.32248 4.28669 4.23324 4.15209 4.39426 4.64319 4.78941 4.77408 4.64823 4.55273 4.20789 4.31178 4.57812 4.62888 4.50783 4.52054 4.43373 4.41734
4.23545 4.26575 4.28963 4.21914 4.20106 4.23288 4.2245 4.19487 4.21949 4.19904 4.20692 4.21468 4.20921 4.2053 4.21561 4.09024 4.41951 4.52817 4.41598 4.39406 4.43158 4.45143 4.49279 4.45784 4.45811 4.38146 4.46316 4.4223 4.43227 4.51432
8.57449 8.58809 8.56413 8.51469 8.42856 8.58521 8.47888 7.81516 8.0109 8.16648 8.10381 8.15885 8.24872 8.24597 8.30339 7.80554 7.77439 8.25025 8.24316 8.31712 8.33288 7.85612 8.08051 8.1304 8.22593 8.07614 8.18543 7.954 8.29047 7.92092
92.471 92.5061 92.7712 92.3065 92.3168 92.4613 92.2619 92.2158 91.8657 91.8678 92.1963 92.0219 92.224 92.0589 92.194 91.5338 91.5709 92.5923 92.4502 91.6303 91.6166 90.9236 91.4818 91.9248 91.7855 91.8471 92.049 92.3106 90.943 91.8323
155.169 155.064 155.193 154.85 154.788 155.185 155.481 158.985 155.298 155.427 155.601 155.866 155.723 157 156.889 157.68 153.296 154.625 154.596 153.723 154.839 154.593 154.372 154.115 154.278 154.949 154.344 153.404 154.148 153.921
75.3542 75.2435 75.4754 75.3035 75.3382 75.3553 75.784 75.5285 75.8521 75.6909 75.8054 75.8228 75.693 75.5346 75.5116 75.5735 75.6141 75.5101 74.8159 75.3292 76.1417 74.9272 76.0515 75.968 75.7047 75.6999 75.3287 74.9153 76.3686 75.6338
73.6079 73.7559 73.3575 73.3237 73.3084 73.5424 73.8688 73.8831 73.918 74.0203 73.8326 73.7883 73.7345 73.3194 74.0025 73.1575 73.6427 73.1679 71.8344 73.6101 74.1303 73.5332 73.2137 73.438 74.0295 73.6834 73.5053 72.5177 74.0756 73.2502
82.842 82.8469 82.727 82.6448 82.6369 82.9169 82.95 83.5452 83.1193 83.1249 82.9465 82.7847 82.851 83.0951 83.3656 83.194 82.7865 82.5204 80.4842 83.2182 83.039 82.8905 82.6541 82.6431 82.9173 82.9777 82.8763 81.6499 83.2929 82.6997
66.4612 66.4193 66.8484 66.3981 66.366 66.2095 66.1991 66.7897 66.317 67.1648 66.4496 66.3121 66.2674 67.1385 66.8058 66.3867 65.6921 65.7731 65.7181 68.4317 65.7688 66.2087 66.6075 65.8388 67.1406 65.6313 66.1272 67.4402 66.6596 66.1547
140.132 140.179 140.161 140.27 140.306 140.339 140.351 140.963 140.5 140.237 140.827 139.941 140.12 140.305 140.427 141.239 141.225 139.452 140.37 141.081 141.262 140.118 139.773 140.856 141.317 140.185 139.77 140.568 141.678 139.939
5.68639 5.66115 5.66092 5.51212 5.5075 5.72295 5.76793 5.70975 5.43002 5.32847 5.61346 5.75796 5.70677 5.47342 5.57149 5.6821 6.1911 6.2665 5.36324 6.12648 6.32449 6.13053 6.22214 6.29085 6.16334 6.22062 6.29053 6.4418 6.67107 6.21443
7.6285 7.54156 7.75139 7.6475 7.6585 7.74506 7.90295 9.12169 7.91592 7.93344 7.83888 8.29225 8.03134 8.99976 8.93024 8.97731 6.63137 7.44085 6.80684 6.41928 7.51063 7.37173 7.31423 7.18924 7.38304 7.66401 7.17604 6.65797 7.05952 6.52107
4.62009 4.63111 4.63473 4.62593 4.6223 4.61314 4.22428 4.3045 4.22348 4.44585 4.21464 4.22851 4.21924 4.54292 4.48336 4.6451 4.59961 4.59875 4.59569 4.59197 4.59383 4.23493 4.55989 4.59176 4.64021 4.59302 4.66538 4.5314 4.63626 4.59813
4.57132 4.56723 4.57837 4.57828 4.58301 4.58255 4.56183 4.57208 4.56306 4.58843 4.54779 4.5466 4.54031 4.49036 4.5099 4.44638 4.78494 4.74185 4.66403 4.77513 4.86624 4.85988 4.82975 4.8345 4.77808 4.72947 4.73902 4.76339 4.85771 4.70833
4.4768 4.47615 4.47338 4.46304 4.46137 4.47444 4.44557 4.46012 4.42625 4.44427 4.43294 4.46527 4.45968 4.43903 4.47508 4.49038 4.46436 4.58515 4.65292 4.61037 4.59378 4.56156 4.67927 4.59557 4.51754 4.57541 4.56375 4.57932 4.61201 4.52431
4.37706 4.37037 4.03782 4.20594 4.1994 4.42016 4.35796 4.50542 4.31508 4.20517 4.08134 4.29521 4.28398 4.38305 4.43271 4.52706 4.56543 4.54599 4.77647 4.92129 4.67705 4.93807 4.70262 4.8842 4.00613 4.66207 4.28335 4.84263 4.54793 4.70894
4.25682 4.25273 4.251 4.26834 4.26718 4.25851 4.21293 4.22586 4.20137 4.21045 4.20741 4.19429 4.21578 4.23958 4.20158 4.21033 4.4208 4.46997 4.61668 4.45516 4.48873 4.4376 4.45139 4.46702 4.46197 4.43239 4.44298 4.40338 4.41933 4.43606
7.93605 7.91715 7.90777 7.99475 7.99505 8.00694 7.94449 8.02794 8.0523 8.00991 7.98435 7.87604 7.9081 7.86665 7.8111 7.89542 8.33267 7.68674 7.99181 7.61817 7.93716 8.20566 7.85441 8.10462 8.23142 7.62901 7.74078 8.35431 8.23688 7.71384
93.4905 93.4988 93.6215 93.4841 93.495 93.6 93.1116 92.4299 93.1645 92.9571 93.2122 93.1719 93.2274 92.3267 92.6515 92.5529 93.3539 93.5798 93.7413 93.2982 92.9185 92.9524 93.3322 93.1342 93.1156 93.3459 93.029 93.5145 92.8403 93.0178
75.6583 75.675 75.679 75.6711 75.6874 75.6645 75.7076 75.7241 75.6379 75.9688 75.6545 75.5646 75.617 76.1897 75.9247 76.2691 75.8209 75.7932 75.9224 76.0893 75.7438 75.555 76.3805 75.8459 76.0569 75.8524 76.188 75.9735 75.8793 75.8387
72.9423 72.9573 72.9208 72.9895 72.9649 72.9238 72.7905 73.1812 73.0974 73.2246 72.8993 72.8744 72.7719 73.4161 72.9653 73.3466 71.7495 72.187 71.8107 72.6701 72.824 72.3269 72.1241 72.6114 72.4609 72.8589 72.7391 71.384 72.3465 72.0467
82.4295 82.471 82.4056 82.4923 82.4903 82.3665 82.5799 82.6487 82.5523 82.2562 82.5356 82.442 82.3807 82.044 81.8987 81.7937 82.4007 82.2737 81.8729 82.2768 82.8471 82.5155 78.9694 82.4246 82.7031 82.5633 82.6681 79.2429 82.3004 82.5802
98.2278 98.3692 98.1912 98.2658 98.2598 98.0377 98.4958 99.6187 98.7238 98.7924 97.9508 97.7798 97.7232 101.343 99.1158 100.288 97.5386 97.4621 97.5302 97.3341 101.002 96.5812 96.3691 97.7932 99.9379 98.1179 98.6706 96.8547 99.5167 97.0299
66.0928 66.0145 66.1348 66.0592 66.0449 66.032 65.4737 66.0234 65.9387 66.5272 65.9429 65.777 65.7181 66.015 66.1121 65.7938 65.1973 65.2895 66.7663 65.3646 65.3497 64.7293 64.1953 65.0134 65.6624 65.065 65.3427 64.0607 65.5653 65.2899
140.963 140.953 141.095 141.143 141.188 140.941 141.517 142.02 141.314 141.728 141.196 141.224 141.152 141.639 141.715 141.849 140.664 140.408 140.16 140.723 141.463 141.424 140.532 141.001 141.642 140.743 141.216 140.504 141.881 140.67
5.45329 5.47153 5.37673 5.39575 5.38368 5.43306 5.46382 4.77532 5.4476 5.2726 5.43938 5.44592 5.45017 4.52148 5.19869 5.13153 5.32106 5.48625 5.47343 5.4779 5.43613 5.25549 5.59486 5.45412 5.5312 5.50723 5.53047 5.48354 4.84362 5.52238
4.48081 4.49132 4.47631 4.4649 4.47224 4.46562 4.64051 4.55054 4.51843 4.51626 4.54332 4.48193 4.51704 4.41698 4.52476 4.43454 4.50629 4.50722 4.50866 4.42322 4.44687 4.41662 4.29286 4.47054 4.40016 4.44 4.42768 4.48518 4.44263 4.47751
4.39111 4.39468 4.38538 4.39001 4.3919 4.38768 4.39809 4.38148 4.36737 4.39279 4.39682 4.39615 4.39123 4.36449 4.37691 4.37857 4.40686 4.42514 4.4131 4.44219 4.44667 4.45411 4.48124 4.41149 4.4335 4.41463 4.43569 4.47609 4.42778 4.41565
4.36613 4.37073 4.3634 4.35848 4.35882 4.35904 4.341 4.38792 4.37548 4.35738 4.3527 4.35488 4.35398 4.42201 4.3604 4.36221 4.38601 4.40757 4.37458 4.38512 4.37231 4.39188 4.80523 4.43546 4.32471 4.39731 4.3762 4.86444 4.40672 4.40611
5.40362 5.42093 5.47869 5.47968 5.49842 5.38752 5.49295 5.99912 5.44854 5.71082 5.47458 5.44863 5.44035 6.8155 6.12185 6.49099 5.29054 5.28769 5.15843 5.1606 6.01363 5.11448 5.06062 5.28419 5.54938 5.38831 5.22166 4.76598 5.72192 5.22467
3.96514 4.09478 4.00747 3.97225 3.97142 3.93087 4.33676 4.15612 4.14019 3.94825 4.07243 4.12092 4.16828 4.20839 4.03022 4.02606 4.56835 4.40096 4.06105 4.44041 4.5783 4.71971 4.18475 4.51289 4.58101 4.36792 4.52378 4.39995 4.76304 4.53568
4.1828 4.17871 4.17774 4.17328 4.17086 4.17783 4.1456 4.134 4.15846 4.14254 4.16938 4.20766 4.17678 4.20956 4.19768 4.23765 4.48458 4.51657 4.53685 4.54865 4.53553 4.61652 4.49256 4.49794 4.6442 4.48992 4.52412 4.47854 4.53223 4.52054
7.35676 7.37739 7.38949 7.39095 7.4016 7.35192 7.51342 7.54265 7.39657 7.46992 7.41718 7.43225 7.4292 7.6556 7.46407 7.60337 7.36414 7.33724 7.2566 7.39541 7.72684 7.93661 7.39343 7.41412 7.50512 7.54193 7.45844 7.32257 7.54007 7.40766
92.8214 92.8669 92.8749 92.8535 92.863 92.8998 92.7445 92.0593 92.8452 93.0582 92.767 92.9065 92.8832 92.7506 92.6968 92.8791 92.2287 92.8311 92.3822 92.8397 92.5155 92.199 92.3287 92.5057 92.593 92.7066 92.6784 92.4565 92.2 92.5324
75.7411 75.7373 75.772 75.7603 75.7657 75.7678 75.6859 75.5948 75.7749 75.7 75.8219 75.8068 75.8309 75.7396 75.743 75.5804 75.6538 75.9251 75.7816 75.8317 75.8168 76.1015 75.8755 75.6301 75.9157 75.8335 76.1531 75.7912 76.0595 75.742
72.8215 72.8127 72.8699 72.8736 72.8727 72.9361 73.7864 73.0552 73.5069 73.3845 73.1047 73.1707 73.2063 74.1584 73.1894 73.8578 73.6521 73.3514 73.7512 73.2824 73.8476 74.0737 73.6697 73.0037 73.5979 73.6353 74.1219 73.3361 74.2674 73.4928
82.3625 82.3585 82.3442 82.4027 82.3912 82.3856 82.4681 82.1754 82.4904 82.39 82.293 82.2071 82.2408 82.4426 82.5126 82.4861 82.3487 82.1398 82.3417 82.0251 82.5204 82.8315 82.4101 82.287 82.3361 82.4341 82.3194 82.26 82.5052 82.3809
66.3691 66.3875 66.4093 66.2812 66.2881 66.3278 66.3448 65.7877 66.4139 66.37 66.269 66.1449 66.2636 66.1849 66.0896 65.9826 66.0032 66.0347 66.2064 66.0003 66.0485 65.8001 65.6372 65.8933 65.9655 65.9461 65.9394 65.7198 65.9005 66.1047
137.006 137.021 137.163 137.16 137.177 137.231 137.383 137.162 137.151 137.592 136.526 136.898 136.987 138.194 137.719 137.521 135.819 136.687 136.321 136.72 137.507 136.801 136.333 136.323 136.847 137.446 138.25 135.774 137.12 136.708
12.4835 12.4744 12.4823 12.4523 12.4477 12.4476 12.4038 12.285 11.9002 12.334 12.4856 12.5302 12.394 11.9421 12.2144 11.5694 12.1033 12.3308 12.0733 12.2077 12.0773 12.0543 12.0897 12.0804 12.0879 12.1434 12.7933 12.1105 12.1029 12.4719
5.73938 5.74303 5.724 5.74464 5.74304 5.75256 5.73919 5.74282 5.76377 5.75012 5.74915 5.74186 5.75773 5.75733 5.78846 5.6907 5.91073 5.9419 5.91927 5.88899 5.9025 5.81943 5.8462 5.89761 5.92051 5.88482 5.94351 5.89968 5.90879 5.91275
4.75009 4.76051 4.73317 4.73805 4.73566 4.74179 4.70243 4.54785 4.65578 4.63087 4.39048 4.4199 4.5145 4.59104 4.57235 4.66126 4.89186 4.74564 4.73562 4.72528 4.75317 4.65221 4.67124 4.72299 4.7362 4.72697 4.74438 4.70069 4.7295 4.72908
4.60692 4.60722 4.60371 4.60537 4.60452 4.60566 4.55733 4.58067 4.52729 4.51362 4.48273 4.51825 4.53144 4.52729 4.53722 4.56192 4.6072 4.59271 4.63757 4.59702 4.6895 4.66709 4.64605 4.60818 4.61401 4.65461 4.66597 4.64682 4.67848 4.63247
4.53693 4.53847 4.53639 4.53409 4.53327 4.5363 4.48997 4.585 4.5245 4.50517 4.51247 4.52581 4.50346 4.5147 4.486 4.4903 4.53275 4.55365 4.55204 4.57361 4.53479 4.56905 4.55681 4.54869 4.55337 4.55204 4.55543 4.55812 4.54054 4.54666
4.45241 4.45522 4.45 4.44661 4.44237 4.44881 4.36986 4.46479 4.35023 4.415 4.40965 4.4152 4.39487 4.48176 4.50049 4.58061 4.77887 4.70396 4.80317 4.64194 4.70451 4.79135 4.7419 4.70538 4.78536 4.68486 4.78966 4.70292 4.69476 4.6793
4.32666 4.32817 4.32545 4.32178 4.32112 4.32454 4.28652 4.27557 4.27979 4.25125 4.29747 4.27251 4.32525 4.31515 4.35081 4.3143 4.35782 4.36729 4.4068 4.58407 4.4637 4.40867 4.39986 4.36423 4.45273 4.53796 4.40759 4.33892 4.48506 4.38287
7.82425 7.82912 7.78292 7.80074 7.80178 7.79458 7.5964 7.64391 7.60238 7.67533 7.57808 7.59443 7.62832 7.73319 7.75287 7.69039 7.54319 7.60276 7.5808 7.65323 7.72947 7.64824 7.6428 7.64137 7.72921 7.74381 7.78174 7.57423 7.68351 7.64628
93.1804 93.2131 93.1684 93.1575 93.1573 93.1979 93.1429 93.3534 93.4653 93.4962 93.227 93.2572 93.3318 93.1112 93.1093 93.0048 93.3822 93.5244 91.1121 93.2085 93.0809 93.0117 93.0747 93.2536 93.3837 93.2137 92.9526 93.1716 93.0636 93.2414
74.9739 74.9775 74.9726 74.977 74.9675 74.9679 75.0654 74.9282 75.3635 75.2166 75.2411 75.3476 75.3302 75.3518 75.0597 74.952 74.6658 75.0628 75.6092 75.0143 75.0733 75.2515 74.9858 74.9298 75.0417 74.9166 75.3111 75.0462 75.411 74.9124
73.3862 73.3751 73.341 73.3838 73.4028 73.4249 73.2356 73.7316 73.0068 72.7304 73.2774 73.3927 73.1408 73.341 73.66 73.2329 72.0763 73.4116 74.5418 73.2243 73.0735 73.5425 73.2218 73.1381 73.274 72.8979 73.4125 73.1906 73.5005 73.1705
82.6291 82.6085 82.6227 82.6549 82.6593 82.6504 82.7311 81.9113 82.6642 82.6974 82.5148 82.5933 82.669 82.9438 82.9546 83.1383 81.9087 82.4936 81.7997 82.6423 82.5634 82.9973 82.648 82.5477 82.5659 82.512 82.7949 82.5459 82.9116 82.5708
66.1269 66.1462 66.1891 66.0895 66.0992 66.1298 66.1303 65.7431 66.2594 66.2756 66.077 66.112 66.1349 66.2582 66.229 66.2262 65.9071 66.189 65.7188 66.0915 66.0432 65.9887 65.9006 66.0004 66.103 65.9075 66.2171 66.0274 66.1693 66.1116
137.06 137.028 137.063 137.079 137.103 137.136 136.577 136.023 136.771 136.718 136.449 136.466 136.557 137.288 136.738 137.553 136.866 136.44 136.796 136.266 136.447 136.385 136.367 136.194 136.275 136.226 137.06 136.212 137.247 136.305
13.3304 13.3475 13.3257 13.3119 13.3243 13.3202 13.0465 13.0738 12.9596 13.0134 12.9752 13.045 13.0642 12.774 13.2894 12.9183 12.9981 13.0269 12.8676 13.1502 13.0626 13.0848 13.0976 13.053 13.1359 13.1102 13.2059 13.0651 13.0273 13.1959
5.7152 5.7234 5.70786 5.71663 5.71671 5.72101 5.69411 5.72495 5.73249 5.71969 5.71105 5.70561 5.71533 5.71289 5.69727 5.70546 5.8358 5.89588 6.1307 5.88307 5.87948 5.86635 5.84752 5.86146 5.88085 5.85602 5.89088 5.86559 5.90647 5.87845
4.59742 4.59887 4.59609 4.59343 4.59583 4.59747 4.41674 4.3211 4.29609 4.29638 4.28344 4.30359 4.29275 4.29135 4.28176 4.31067 4.57466 4.62253 4.51389 4.62526 4.61992 4.6262 4.58386 4.59373 4.61932 4.59442 4.64087 4.59635 4.69568 4.59995
4.55515 4.55762 4.55466 4.55417 4.55402 4.55611 4.52501 4.5466 4.47234 4.44684 4.49328 4.47272 4.50388 4.4841 4.47679 4.52566 4.56799 4.55704 4.64735 4.57241 4.55106 4.54772 4.54834 4.56255 4.56297 4.54305 4.55069 4.53918 4.63009 4.54375
4.51166 4.51265 4.51675 4.51379 4.51388 4.5158 4.46496 4.52173 4.47033 4.47186 4.47914 4.45818 4.50284 4.46034 4.46521 4.50174 4.57285 4.52949 4.61281 4.53119 4.54311 4.514 4.5339 4.53852 4.53445 4.53708 4.53809 4.52594 4.52971 4.53233
4.45046 4.45108 4.45282 4.45006 4.44755 4.44942 4.4107 4.56838 4.43087 4.44558 4.43121 4.41443 4.44644 4.4289 4.41162 4.45648 5.07904 4.69489 5.00158 4.72139 4.73125 4.71686 4.72628 4.69191 4.72659 4.71784 4.74931 4.69322 4.7478 4.70056
4.33947 4.34248 4.34168 4.33819 4.33818 4.34069 4.31704 4.36241 4.29896 4.28456 4.29809 4.27696 4.34184 4.24345 4.31021 4.29608 4.53798 4.39988 4.50461 4.38767 4.37244 4.34345 4.37506 4.39325 4.38227 4.37146 4.4208 4.38067 4.42198 4.3931
7.48642 7.48465 7.49594 7.49335 7.49595 7.49945 7.45065 7.39774 7.39419 7.51713 7.4254 7.46568 7.40294 7.49054 7.45713 7.54888 8.07542 7.46578 7.40829 7.4002 7.40553 7.35274 7.40455 7.45685 7.40775 7.38454 7.57498 7.4206 7.56804 7.43155
93.8472 93.8648 93.8448 93.8355 93.8423 93.8543 94.0608 93.3126 94.0803 93.9852 93.9971 94.0406 93.9666 93.7167 94.0439 93.8355 93.8701 94.0943 93.0809 93.9533 93.8726 93.9058 93.9575 93.9441 94.0697 93.9138 93.9553 93.7608 93.7683 94.0135
75.2623 75.2571 75.263 75.2698 75.2653 75.2602 75.4531 75.3982 75.6488 75.8374 75.224 75.3999 75.4417 75.6119 75.2552 75.2543 75.3771 75.6876 76.2446 75.4601 75.7841 75.6771 75.4955 75.5169 75.6941 75.6087 75.7815 75.4593 75.581 75.6289
72.0811 72.0825 72.079 72.0872 72.0816 72.1024 72.5411 73.2895 71.5534 71.8135 72.1839 71.8254 71.7752 71.4141 72.0187 72.0335 72.4598 71.54 71.8589 71.8285 71.7151 71.6169 72.1447 71.9064 71.7223 72.217 71.8056 71.7427 71.4262 71.6911
82.2041 82.1935 82.2083 82.2158 82.2129 82.219 82.6007 83.5139 82.2384 82.3435 82.62 82.2868 82.3512 82.5265 82.4594 82.3478 82.3912 82.1627 82.3619 82.1115 82.136 82.1295 82.2476 82.2405 82.1502 82.175 82.2505 82.1468 82.1415 82.1157
103.547 103.532 103.545 103.554 103.571 103.561 103.649 104.71 103.412 103.443 103.377 103.513 103.437 103.351 103.326 103.092 103.029 102.983 105.411 102.895 103.081 102.95 103.067 102.837 102.992 103.087 103.234 102.754 103.039 103.02
64.8241 64.8346 64.8442 64.8036 64.81 64.8245 64.659 64.8591 64.6344 64.7183 64.7395 64.6443 64.8887 64.82 65.1808 65.0556 64.6964 64.6819 64.8265 64.6753 64.8439 64.6675 64.7114 64.633 64.7273 64.7729 64.7361 64.7256 64.666 64.68
141.789 141.783 141.782 141.77 141.775 141.767 141.575 141.969 141.556 141.368 141.533 141.503 141.594 141.574 141.151 141.207 141.227 141.433 143.83 141.375 141.357 141.432 141.307 141.282 141.329 141.387 141.606 141.344 141.853 141.427
5.59422 5.59532 5.59251 5.59453 5.59561 5.59597 5.67632 5.64449 5.65193 5.66268 5.6217 5.62884 5.62849 5.62288 5.56643 5.54403 5.59355 5.65957 5.61076 5.62184 5.64359 5.63405 5.61939 5.61469 5.64764 5.62165 5.65938 5.59861 5.64478 5.63922
4.3714 4.37363 4.3698 4.3703 4.37172 4.37297 4.23332 4.56285 4.28114 4.29637 4.21707 4.21045 4.19047 4.18482 4.18656 4.32987 4.32414 4.34522 4.44577 4.36076 4.35416 4.33716 4.35807 4.33786 4.33098 4.33637 4.30028 4.40851 4.31553 4.36483
12.5257 12.5359 12.5269 12.5128 12.514 12.5207 12.03 12.3282 11.9009 11.9009 12.0553 11.9473 11.9806 11.9935 11.9504 12.3727 12.024 12.1621 13.1037 12.1632 12.0865 12.0885 12.134 12.1007 12.1957 12.1486 12.1989 12.0633 12.3667 12.1521
4.51016 4.51067 4.50976 4.51008 4.51032 4.50985 4.46306 4.47944 4.47386 4.48641 4.47642 4.48971 4.50702 4.50914 4.47166 4.45919 4.59981 4.62327 4.78553 4.61175 4.60533 4.6142 4.59119 4.60866 4.6156 4.60165 4.61476 4.60048 4.63511 4.60954
4.42471 4.42474 4.4251 4.42415 4.42438 4.42502 4.40518 4.44253 4.38283 4.43158 4.41401 4.38972 4.39447 4.42844 4.34515 4.47649 4.43679 4.43891 4.48958 4.4459 4.43507 4.43991 4.42777 4.4432 4.44467 4.43889 4.45194 4.43907 4.46269 4.43988
5.20658 5.20321 5.2044 5.21294 5.21497 5.21889 5.27856 5.68071 5.17283 5.07007 5.14931 5.24899 5.21798 5.24421 5.23788 5.32372 5.14207 5.14931 5.77843 5.07838 5.10388 5.08985 5.06721 5.07518 5.08943 5.07071 5.12281 5.05431 4.92153 5.15257
4.34599 4.34534 4.34559 4.34544 4.34553 4.34456 4.37544 4.40106 4.38262 4.35228 4.34765 4.30259 4.35423 4.34658 4.30961 4.33462 4.55757 4.57429 4.53635 4.57055 4.58908 4.57956 4.5737 4.57639 4.58109 4.56831 4.6189 4.56566 4.63414 4.56728
4.2467 4.2489 4.24715 4.24501 4.24616 4.24696 4.20674 4.1559 4.19631 4.20597 4.18746 4.19802 4.21136 4.29906 4.22402 4.23405 4.32402 4.34189 4.39348 4.33386 4.31798 4.31994 4.31519 4.32111 4.32781 4.32226 4.31465 4.3307 4.31869 4.33308
7.82708 7.82595 7.82844 7.8252 7.82669 7.82563 7.7116 7.7879 7.72269 7.6155 7.65188 7.65375 7.68232 7.67982 7.74292 7.75406 7.66845 7.74984 7.81127 7.70888 7.71207 7.71315 7.71252 7.70707 7.71612 7.71656 7.73086 7.71846 7.68226 7.75263
92.9188 92.9237 92.9152 92.915 92.919 92.9205 92.8953 92.8312 92.2072 92.28 92.9037 92.8769 93.0505 92.8712 92.8586 92.9056 92.755 92.9661 92.5225 92.9744 92.9311 92.9231 92.997 92.9726 92.9351 92.8965 92.9679 92.9287 92.892 93.0421
77.1881 77.1875 77.1837 77.1851 77.1894 77.1884 77.2829 76.7848 77.2841 77.2773 77.259 77.2417 77.2385 77.0484 77.1382 77.1521 77.1621 77.2136 77.0889 77.1852 77.2438 77.2176 77.0964 77.1498 77.2332 77.2198 77.2106 77.208 77.1896 77.2015
70.0346 70.0344 70.0391 70.0394 70.037 70.0408 70.5457 71.0791 70.8945 70.7258 70.4344 70.2492 70.2407 70.3541 70.4173 70.5733 70.2123 69.7655 70.1134 70.0196 70.1249 70.1048 69.9534 70.2252 69.872 70.2157 70.0491 70.0483 70.2641 69.958
82.9356 82.9354 82.9371 82.935 82.9388 82.9414 82.7012 82.5625 83.033 82.9818 82.7191 82.527 82.5306 82.6135 82.7932 82.7971 82.7633 82.5229 82.9373 82.4399 82.4029 82.5199 82.4736 82.5025 82.5078 82.4838 82.5607 82.4278 82.5743 82.384
96.503 96.5256 96.5014 96.5275 96.501 96.5157 97.7622 98.714 97.8602 97.9822 97.4908 97.8508 97.6779 98.4091 97.9754 97.7432 97.1566 97.0996 97.7229 97.3579 97.4906 97.4447 98.581 97.431 97.4471 97.5812 97.6405 97.408 97.4193 97.4637
65.2886 65.299 65.2915 65.2721 65.2894 65.2981 64.5149 65.2857 63.9957 64.2608 64.7278 64.7155 64.7714 64.7767 64.7168 64.4929 64.7885 64.7913 64.1185 64.9931 64.8769 64.8988 64.8159 64.9264 64.9583 64.8474 64.6666 64.8794 64.8756 64.9291
142.425 142.424 142.422 142.412 142.417 142.419 142.166 141.446 142.15 142.232 142.226 142.183 142.247 142.235 142.283 142.419 142.252 142.112 142.481 142.045 142.146 142.149 142.614 142.211 142.118 142.102 142.28 142.096 142.405 142.064
5.67065 5.67083 5.67016 5.67062 5.671 5.67063 5.69566 5.72911 5.7308 5.74636 5.70188 5.70474 5.71327 5.70689 5.6987 5.68359 5.70839 5.74241 5.74593 5.72267 5.73762 5.72334 5.72544 5.72363 5.72358 5.7243 5.7467 5.71307 5.73462 5.74406
4.15784 4.15802 4.15783 4.15727 4.15794 4.15835 4.02797 4.04792 4.10972 4.10192 4.10905 4.10406 4.10572 4.1226 4.09299 4.03367 4.15391 4.18101 4.22455 4.15429 4.16009 4.15309 4.22588 4.16716 4.15345 4.14075 4.1658 4.17203 4.16729 4.17539
4.3228 4.32287 4.32282 4.3226 4.32301 4.32305 4.31046 4.29244 4.31047 4.30693 4.31415 4.30683 4.30294 4.31838 4.30582 4.33452 4.32649 4.32005 4.324 4.32376 4.32731 4.32642 4.29515 4.32611 4.32316 4.3265 4.333 4.31162 4.33719 4.32552
4.35269 4.35323 4.35279 4.35281 4.35328 4.35331 4.35 4.32038 4.3694 4.36413 4.33454 4.34959 4.3502 4.33786 4.31421 4.33389 4.39035 4.41117 4.39859 4.41009 4.40572 4.40066 4.36528 4.39919 4.40866 4.4058 4.4056 4.40459 4.39214 4.41433
5.73858 5.7408 5.73853 5.7394 5.73909 5.7409 5.7661 5.57757 5.72263 5.70718 5.68139 5.69542 5.68439 5.67397 5.70469 5.76319 5.69265 5.63716 5.569 5.64109 5.64917 5.64163 5.68585 5.63505 5.65057 5.66392 5.66741 5.6343 5.65318 5.62917
4.27914 4.2796 4.28034 4.27907 4.27916 4.27828 4.15603 4.56039 4.04466 4.05659 4.12031 4.06213 4.08373 4.09185 4.06789 4.12807 4.34456 4.35093 4.10516 4.41176 4.37925 4.37576 4.47645 4.38951 4.39307 4.37547 4.29533 4.43654 4.34889 4.40399
4.18577 4.18436 4.1852 4.18307 4.18361 4.18424 4.12541 4.09771 4.11208 4.1119 4.15365 4.13961 4.13353 4.17128 4.11712 4.12788 4.4906 4.50416 4.5128 4.49066 4.48801 4.4937 4.51239 4.49246 4.50175 4.48941 4.51302 4.46695 4.5064 4.49744
7.89459 7.89391 7.89466 7.89417 7.89454 7.89427 7.8396 7.79584 7.92638 7.91811 7.89438 7.87809 7.90868 7.87906 7.86635 7.88552 7.85941 7.87659 7.9124 7.84285 7.85322 7.85555 7.8875 7.85806 7.86214 7.83743 7.8878 7.84065 7.89288 7.85263
