91.9918 91.9918 91.9746 91.9746 91.9709 91.9709 91.9905 91.9905 92.1133 92.1133 92.214 92.214 92.45 92.45 92.3338 92.3338 92.1121 92.1121 91.9702 91.9702 92.2057 92.2057 92.4541 92.4541 92.3342 92.3342 92.4365 92.4365 92.0153 92.0153
91.9432 91.9432 92.3966 92.3966 92.1292 92.1292 91.9888 91.9888 91.9476 91.9476 91.9716 91.9716 91.9444 91.9444 91.9583 91.9583 92.0011 92.0011 91.9876 91.9876 92.1361 92.1361 91.8104 91.8104 92.0153 92.0153 91.9434 91.9434 92.0168 92.0168
75.2424 75.2424 75.3582 75.3582 75.4425 75.4425 75.4286 75.4286 75.3779 75.3779 75.5765 75.5765 75.3385 75.3385 75.5439 75.5439 75.3848 75.3848 75.5965 75.5965 75.6122 75.6122 75.6094 75.6094 75.3987 75.3987 75.4881 75.4881 75.7989 75.7989
75.7618 75.7618 75.3825 75.3825 75.4441 75.4441 75.5219 75.5219 75.4914 75.4914 75.6176 75.6176 75.5471 75.5471 75.7122 75.7122 75.6197 75.6197 75.549 75.549 75.5311 75.5311 75.7818 75.7818 75.5316 75.5316 75.6188 75.6188 75.576 75.576
73.5996 73.4681 73.5095 73.5907 73.7541 73.0101 73.2275 73.0161 73.7669 73.7446 73.0736 73.0621 73.9925 73.2811 73.8309 73.5041 73.27 73.2448 74.2049 73.9009 74.1668 73.6777 74.0944 74.1467 73.7745 73.8799 74.4754 73.8086 73.9814 73.9816
83.1583 83.1009 83.0621 83.1546 83.0502 82.8337 82.7796 82.7903 83.2794 83.094 82.9266 82.6563 82.8928 83.0871 83.0357 83.0074 82.8458 83.0812 83.2568 83.032 83.2433 83.0678 83.1817 83.2035 83.111 83.1646 83.357 83.0949 83.2028 83.1022
66.4247 66.4152 66.4604 66.4499 66.4353 66.4356 66.4796 66.495 66.4692 65.9 66.4201 66.3649 66.3981 65.8956 66.6229 65.8451 66.5279 66.597 66.0545 66.1005 66.0057 66.0537 65.9935 66.0202 65.927 65.9955 66.0765 65.967 66.0122 66.0271
139.197 139.12 138.939 139.218 138.83 138.369 138.631 138.707 139.35 138.852 138.366 138.811 139.061 138.665 139.312 138.584 138.887 139.249 139.105 138.81 139.263 138.656 139.184 139.201 138.907 139.05 139.384 138.887 139.017 139.002
12.6218 12.4488 12.5966 12.515 12.2631 12.4082 12.5279 12.3279 12.5412 12.4283 12.9264 12.7265 12.5832 12.4574 11.7068 12.2529 12.0407 11.5242 12.4578 12.3643 12.4267 12.437 12.4292 12.422 12.4496 12.3832 12.3873 12.368 12.3765 12.4258
5.719 5.70905 5.71278 5.72033 5.70198 5.7137 5.70134 5.73525 5.73147 5.89164 5.72062 5.66603 5.69373 5.91156 5.74229 5.88078 5.63079 5.6734 5.9059 5.89927 5.90596 5.89526 5.89783 5.91648 5.89481 5.91718 5.90596 5.90493 5.89618 5.88754
4.68156 4.72088 4.74516 4.75699 4.53844 4.33062 4.63321 4.51672 4.46832 4.65316 4.33884 4.29148 4.59264 4.70646 4.46702 4.59061 4.47805 4.56948 4.69961 4.72778 4.75133 4.71281 4.72168 4.7076 4.66875 4.72621 4.76611 4.71488 4.64701 4.72693
4.56291 4.56659 4.57691 4.58704 4.49587 4.49187 4.5158 4.51169 4.51688 4.63055 4.49408 4.48185 4.56454 4.62459 4.51806 4.59266 4.51987 4.4663 4.63408 4.60289 4.65934 4.58652 4.64464 4.60446 4.61635 4.63444 4.65401 4.61903 4.6416 4.6562
4.48379 4.49089 4.49263 4.49175 4.441 4.47015 4.43702 4.4642 4.48496 4.52795 4.45384 4.42639 4.42846 4.51886 4.41908 4.53332 4.45675 4.4443 4.52791 4.5336 4.51571 4.52699 4.53667 4.53403 4.52055 4.52096 4.50741 4.53104 4.51979 4.53309
4.28519 4.28519 4.28944 4.28944 4.29712 4.29712 4.2936 4.2936 4.26064 4.26064 4.27733 4.27733 4.2569 4.2569 4.24939 4.24939 4.24352 4.24352 4.72055 4.72055 4.2777 4.2777 4.27853 4.27853 4.26367 4.26367 4.71329 4.71329 4.251 4.251
4.71822 4.71822 4.26216 4.26216 4.28109 4.28109 4.71922 4.71922 4.72038 4.72038 4.72246 4.72246 4.70254 4.70254 4.72575 4.72575 4.71039 4.71039 4.71778 4.71778 4.71563 4.71563 4.72522 4.72522 4.72419 4.72419 4.71467 4.71467 4.73096 4.73096
4.21708 4.21722 4.23555 4.2307 4.24039 4.25047 4.19307 4.202 4.23624 4.31095 4.25176 4.19063 4.25855 4.31613 4.19994 4.31345 4.20125 4.30513 4.30687 4.30794 4.30363 4.29977 4.30662 4.30481 4.30895 4.3093 4.29653 4.31171 4.30696 4.30864
7.87351 7.87351 7.93519 7.93519 7.94791 7.94791 7.94229 7.94229 7.82979 7.82979 7.8905 7.8905 7.84955 7.84955 7.84014 7.84014 7.86316 7.86316 8.09775 8.09775 7.96887 7.96887 7.93459 7.93459 7.88835 7.88835 7.98043 7.98043 7.84461 7.84461
7.9785 7.9785 7.79544 7.79544 7.80075 7.80075 7.95941 7.95941 8.04946 8.04946 8.05726 8.05726 8.03398 8.03398 8.0641 8.0641 7.96028 7.96028 8.02534 8.02534 8.03784 8.03784 8.02179 8.02179 8.03724 8.03724 8.05768 8.05768 8.07786 8.07786
146.62 146.358 146.611 146.536 145.424 145.585 145.997 145.792 145.31 145.393 146.159 145.85 146.365 145.844 145.906 145.113 146.088 145.186 145.379 144.654 144.959 145.295 145.261 145.058 145.508 145.123 144.973 145.009 145.121 145.302
92.6523 92.5591 92.5408 92.6047 92.9738 92.9983 93.0932 92.8532 93.0483 92.7202 92.7084 92.7652 92.8242 92.9545 92.7695 92.6877 92.5005 92.5813 92.7587 92.9939 92.846 92.8667 92.7122 92.9354 92.7494 93.0071 92.4352 92.9047 92.7903 92.6693
136.621 136.591 136.647 136.641 136.792 136.527 136.625 137.004 137.499 137.317 136.377 136.8 137.144 137.257 138.201 137.232 138.416 138.588 137.007 136.661 136.892 136.728 136.993 137.014 137.094 137.073 137.158 136.773 137.331 136.927
13.2986 13.1428 13.3211 13.2687 13.1802 13.2979 13.3405 13.0898 13.245 13.0798 13.196 13.1268 12.5064 13.1283 10.5873 13.0058 10.3651 10.0212 13.0301 12.9444 13.1305 13.0977 13.1307 13.0995 13.1616 12.9997 13.0851 13.0909 13.0745 13.0583
5.67765 5.69091 5.69473 5.69555 5.68508 5.70179 5.69161 5.71028 5.66842 5.88796 5.66587 5.69413 5.6782 5.90958 5.66469 5.84641 5.70534 5.696 5.86882 5.89089 5.88998 5.84595 5.87698 5.8678 5.87462 5.93003 5.88315 5.86701 5.88743 5.88311
4.569 4.57504 4.59346 4.58229 4.27471 4.28298 4.27363 4.27648 4.27153 4.61709 4.24847 4.29525 4.26487 4.6723 4.244 4.60332 4.23375 4.33997 4.59414 4.61827 4.63187 4.57326 4.60344 4.59443 4.62303 4.65675 4.61681 4.58476 4.63491 4.62681
4.54703 4.54786 4.54803 4.5422 4.50326 4.47098 4.51487 4.49649 4.51782 4.59153 4.41906 4.44815 4.48845 4.59018 4.4865 4.52043 4.47386 4.5835 4.5656 4.5773 4.56649 4.5331 4.55827 4.56622 4.58167 4.57276 4.55822 4.53418 4.58826 4.59017
4.52751 4.52995 4.52581 4.52642 4.46695 4.4858 4.49097 4.50492 4.51271 4.53228 4.43981 4.47065 4.51073 4.53187 4.44768 4.5358 4.47257 4.50746 4.54252 4.53407 4.53811 4.53719 4.54198 4.53735 4.53556 4.53792 4.51711 4.54267 4.54229 4.54358
4.45887 4.46913 4.47935 4.47373 4.38808 4.41013 4.41062 4.42292 4.41277 4.73593 4.35677 4.43172 4.45152 4.76175 4.43825 4.72659 4.44857 4.44606 4.71418 4.71802 4.73238 4.66833 4.7381 4.71019 4.72898 4.72049 4.73705 4.69982 4.75132 4.73724
4.31648 4.32116 4.31414 4.3167 4.28528 4.30654 4.30248 4.29293 4.30329 4.41749 4.25134 4.24444 4.33126 4.41416 4.25422 4.41958 4.27521 4.32746 4.38257 4.38646 4.38503 4.35771 4.37742 4.38175 4.41667 4.3937 4.36476 4.38456 4.42006 4.38782
7.57045 7.62175 7.55228 7.53951 7.52502 7.56879 7.46021 7.49089 7.50157 7.57307 7.48908 7.4816 7.57627 7.46265 7.86827 7.6307 7.76913 7.63239 7.47625 7.47267 7.44923 7.51168 7.44174 7.48954 7.57627 7.47321 7.55499 7.4936 7.59035 7.45169
147.978 147.828 148.622 148.042 148.722 148.097 148.443 147.946 148.15 147.789 147.913 148.691 147.655 147.392 145.696 147.625 145.188 144.932 148.039 148.401 147.891 147.831 147.743 147.743 147.804 147.805 147.89 147.749 147.585 148.042
93.6991 93.6498 93.6755 93.7277 93.9724 93.8668 93.9301 93.8463 94.019 93.7208 93.9157 93.9993 93.9324 93.91 93.3736 93.984 93.3915 93.5856 93.7609 93.5024 93.9736 93.8482 93.9103 93.8689 93.9635 93.8892 93.8092 93.8615 93.8182 93.7204
74.788 74.8839 74.9004 74.8396 74.921 74.6772 74.7284 74.7903 74.8511 75.3567 74.6872 74.5756 74.8596 75.2191 75.1645 75.1815 74.4776 74.7712 74.993 75.8583 75.1565 74.95 74.9956 75.2071 75.0696 75.65 74.9285 75.3778 75.6491 74.9736
71.4701 71.1344 71.1616 71.2259 71.9236 72.1591 72.9556 73.0328 73.0943 72.4929 72.8126 72.3146 72.3743 72.1574 72.9891 71.2181 73.4991 73.5279 72.0301 72.038 72.0798 72.3186 72.1561 72.3896 72.0568 72.0195 72.2042 71.956 71.7604 72.5018
82.6746 82.6747 82.6542 82.667 82.7191 82.7885 82.9864 82.9495 82.9361 82.7943 82.6921 82.7195 82.8972 82.5647 83.4164 82.58 83.9793 83.8005 82.7294 82.7976 82.5872 82.7925 82.7276 82.7174 82.5699 82.9366 82.7304 82.6676 82.7123 82.7477
102.927 102.91 102.81 103.087 103.535 104.002 104.017 103.78 103.804 103.062 104.073 103.64 103.509 102.944 104.289 102.982 103.245 103.328 102.828 103.228 103.043 102.271 102.982 103.093 103.061 103.171 102.903 103.114 102.944 102.954
64.8162 64.8344 64.8479 64.8553 64.9505 64.9672 65.0881 65.1704 65.0042 64.9514 65.0245 64.5736 65.2586 64.9385 65.2539 64.9438 64.6352 65.1145 64.8648 64.9934 64.8883 64.9446 64.9225 64.882 64.9499 64.9545 64.8784 64.7862 64.9609 64.9267
141.334 141.323 141.285 141.403 141.317 141.292 141.495 141.669 141.695 141.685 141.544 141.507 141.508 141.587 141.572 141.442 141.248 141.499 141.389 142.078 141.576 141.446 141.508 141.47 141.517 141.908 141.537 141.562 141.539 141.542
5.55712 5.55722 5.56523 5.56325 5.54497 5.46784 5.47582 5.53946 5.56154 5.57116 5.49897 5.56091 5.56847 5.59342 5.41459 5.57589 5.55967 5.58436 5.54785 5.58363 5.59893 5.53799 5.56598 5.58876 5.5652 5.58762 5.5581 5.56871 5.59014 5.56209
4.4752 4.43787 4.43497 4.45074 4.35464 4.33623 4.36373 4.3663 4.37137 4.39112 4.33212 4.40936 4.38726 4.43755 4.30098 4.41791 4.34485 4.38201 4.40296 4.33866 4.41875 4.37291 4.40878 4.41185 4.36938 4.37337 4.39042 4.37685 4.35279 4.40563
14.3092 14.2393 14.2592 14.195 13.858 13.5365 13.6432 13.8613 13.9329 13.9833 13.6163 14.2387 13.7668 13.9381 12.1798 13.9717 13.1559 13.8775 13.9393 13.955 13.9933 14.0153 13.9245 13.9017 14.0232 14.0441 13.9631 14.0165 14.0298 13.9962
4.51645 4.52128 4.52842 4.51708 4.43981 4.44383 4.40471 4.42957 4.45539 4.58934 4.43178 4.44264 4.4164 4.62329 4.41753 4.61952 4.39885 4.46415 4.61528 4.60166 4.6255 4.59998 4.61061 4.60859 4.61239 4.60081 4.61287 4.59776 4.60643 4.60999
4.43288 4.43774 4.43487 4.43573 4.42465 4.38689 4.43832 4.41378 4.44342 4.47524 4.38673 4.32243 4.38657 4.47991 4.45891 4.44277 4.40148 4.41339 4.46347 4.46872 4.4611 4.44134 4.45575 4.466 4.46875 4.47007 4.46303 4.45392 4.49551 4.47887
5.11814 5.07825 5.01556 5.14174 5.35766 5.29625 5.3383 5.2042 5.27223 5.06102 5.37435 5.31838 5.00201 4.86506 5.48433 5.02102 5.16689 5.2849 4.93629 4.96446 5.07181 4.95853 5.06402 5.0895 5.05454 4.97995 5.03078 5.0479 5.04326 5.0155
4.33832 4.36688 4.35979 4.36214 4.30923 4.28093 4.33171 4.31627 4.3027 4.59971 4.29277 4.3305 4.33682 4.60263 4.30991 4.58537 4.33548 4.37898 4.56901 4.48027 4.57708 4.52845 4.57674 4.58074 4.56882 4.46162 4.58089 4.5602 4.62981 4.5896
7.77997 7.77622 7.77883 7.78476 7.77455 7.68184 7.72425 7.68478 7.76832 7.72284 7.73921 7.66482 7.72282 7.69087 7.69978 7.73955 7.67182 7.72435 7.71618 7.63602 7.72762 7.72246 7.73533 7.70965 7.73383 7.65773 7.73661 7.74941 7.70143 7.70368
162.515 162.72 163.407 162.776 160.493 160.685 160.659 161.293 161.032 162.553 160.64 162.169 161.729 163.367 158.074 162.967 160.273 162.026 162.526 161.983 162.851 162.16 162.602 162.527 162.552 162.575 162.728 161.985 163.048 163.194
93.2705 93.3439 93.2748 93.3565 93.7245 93.8278 93.6167 93.5392 93.4291 93.3792 93.5886 93.6986 93.505 93.5947 93.2972 93.5659 93.3942 93.458 93.4106 93.0998 93.5133 93.5166 93.5668 93.3959 93.4612 93.1511 93.4048 93.3239 93.2231 93.4297
75.5948 75.4633 75.5688 75.5485 75.179 75.3449 75.5229 75.4693 75.6053 75.425 75.6485 75.4608 75.8482 75.5334 75.5773 75.5448 75.1053 75.6555 75.3438 75.5973 75.5165 75.227 75.53 75.4255 75.4951 75.5587 75.4615 75.7531 75.6753 75.55
71.8711 71.9454 71.9316 71.8497 72.9225 72.5745 72.2707 72.6885 72.2435 71.8424 72.2331 73.3896 71.4153 72.1482 73.0459 71.8996 73.1096 72.4111 72.2906 71.431 72.1514 71.955 71.9724 72.3478 72.2904 72.6308 72.7267 71.7574 72.0477 72.3772
82.8395 82.7681 82.838 82.7678 82.9943 82.7483 82.8591 82.9854 82.9221 82.5923 82.75 83.1008 82.8731 82.6778 83.2455 82.5226 83.2074 83.0343 82.652 82.5779 82.7131 82.4433 82.5154 82.6715 82.7018 82.8565 82.6411 82.3176 82.9152 82.6167
102.886 103.331 102.98 103.256 103.321 103.435 103.005 103.169 103.113 102.869 103.002 103.565 103.294 103.081 102.935 103.301 102.493 102.696 102.913 103.208 103.085 102.6 103.05 103.004 103.233 103.404 103.267 103.348 103.084 102.865
64.9828 65.0196 65.0267 65.0736 64.9541 64.8458 64.9726 64.6896 64.6029 64.9164 65.2648 65.2123 64.8521 64.911 64.8776 65.0396 65.0634 64.8757 65.0614 64.6643 64.978 65.2041 65.2313 65.0029 64.9785 64.2151 65.2617 65.0527 64.6201 65.1021
142.617 142.647 142.494 142.648 142.605 142.477 142.365 142.582 142.792 142.393 142.616 142.675 142.427 142.684 142.915 142.408 142.313 142.249 142.328 142.977 142.493 142.229 142.391 142.511 142.49 142.613 142.403 143.017 142.261 142.366
5.57671 5.56468 5.57875 5.57248 5.56772 5.53551 5.54231 5.55094 5.56507 5.5434 5.5359 5.55795 5.57147 5.57723 5.59861 5.55458 5.57315 5.58921 5.55934 5.53603 5.56476 5.52499 5.54577 5.55706 5.53901 5.582 5.54126 5.57764 5.57594 5.54433
4.38643 4.39416 4.36628 4.38454 4.21904 4.26061 4.19591 4.19779 4.20555 4.43176 4.20834 4.21367 4.18861 4.41521 4.23795 4.39883 4.46856 4.45029 4.36147 4.41237 4.41151 4.44826 4.42054 4.39698 4.3472 4.37614 4.42285 4.31583 4.31438 4.41619
13.5212 14.0029 13.8253 13.4172 13.4946 13.7298 13.1745 13.5608 13.5841 13.6397 13.2697 13.5743 13.5736 13.7243 13.6801 13.6517 13.5106 13.5395 13.5561 13.8139 13.6785 13.6072 13.5845 13.4775 13.6305 13.6221 13.6001 13.4963 13.57 13.6062
4.52847 4.52789 4.53257 4.53015 4.48535 4.47312 4.50223 4.49006 4.52151 4.63477 4.50698 4.49664 4.48394 4.63707 4.52711 4.629 4.49443 4.54478 4.64338 4.61505 4.63544 4.62757 4.6373 4.63375 4.61633 4.62987 4.61299 4.61079 4.6221 4.63182
4.41922 4.42334 4.42051 4.42243 4.4175 4.4016 4.45831 4.40772 4.39827 4.46914 4.46313 4.40442 4.41571 4.48684 4.45334 4.46818 4.34946 4.35861 4.48166 4.46833 4.47005 4.46515 4.478 4.47378 4.45795 4.47267 4.46357 4.49417 4.47348 4.48584
5.68316 5.6727 5.65408 5.68238 5.53403 5.537 5.56252 5.58219 5.62238 5.51443 5.55633 5.53127 5.45012 5.56394 5.55138 5.50112 5.53296 5.56735 5.49033 5.58096 5.52804 5.3892 5.49917 5.5293 5.50841 5.50432 5.49895 5.46068 5.49265 5.5182
4.25079 4.25271 4.2638 4.25857 4.19086 4.21393 4.22281 4.16716 4.1566 4.50682 4.24323 4.24538 4.1809 4.48994 4.16325 4.53076 4.24616 4.21699 4.58468 4.45715 4.50977 4.59743 4.59501 4.5151 4.55202 4.25963 4.5851 4.47441 4.53748 4.56298
4.2178 4.21922 4.21838 4.21975 4.20905 4.19241 4.23448 4.20053 4.20113 4.33728 4.24121 4.18883 4.2378 4.34286 4.17457 4.33408 4.19683 4.35004 4.32515 4.32685 4.33614 4.33586 4.34299 4.33329 4.30797 4.33281 4.33306 4.35151 4.30495 4.32828
8.14049 8.15548 8.15435 8.15997 7.98784 7.98947 7.99475 8.01165 8.0439 8.02144 7.98419 8.00128 7.99963 8.04302 7.98614 8.01598 7.98989 8.00099 8.01954 8.00555 8.01428 8.01034 8.00098 8.02902 7.97495 8.00892 7.98818 7.93552 8.00448 7.99581
162.544 162.972 162.809 162.569 162.616 163.239 162.729 162.969 163.132 163.252 163.066 163.131 162.916 164.002 160.586 163.614 162.677 162.913 162.669 162.897 163.354 163.249 163.354 163.438 162.706 163.144 163.003 161.963 163.21 163.356
93.9035 94.0117 93.9429 94.0214 93.8983 93.9956 93.8875 93.9343 93.763 93.6475 93.8377 93.7008 93.5684 93.8741 93.9787 93.8036 93.8129 93.7364 93.6183 93.5379 93.7361 93.6828 93.7635 93.6603 93.4846 93.5302 93.6392 93.3367 93.2711 93.7718
76.2132 76.144 75.8024 76.0073 76.0244 75.7056 75.488 75.6311 75.5871 75.984 75.4905 75.517 75.6713 75.8613 75.3282 75.6842 76.1695 76.3297 75.6687 75.4842 75.6586 75.8061 75.5886 75.6125 75.5854 75.5484 75.7032 75.6605 76.3853 75.8558
72.3862 72.0884 72.3534 72.2231 72.1818 72.5829 72.5219 72.1069 72.3112 71.989 72.0504 72.5497 71.9053 72.0544 72.5191 71.8641 72.2502 71.9418 72.2617 71.7923 72.0702 71.8537 72.0232 72.111 72.2973 71.7665 72.1428 72.2639 72.2437 72.1317
82.7407 82.7483 82.7926 82.7596 82.4691 82.4095 82.1974 82.3645 82.4287 82.4795 81.7343 82.7331 82.4846 82.585 82.4992 82.3225 82.5962 82.6688 82.8786 82.4848 82.5139 82.3795 82.3402 82.6413 82.5802 82.6106 82.5329 82.54 82.6854 82.3447
97.0939 96.6806 97.1131 96.7117 97.042 97.7028 97.7054 97.9116 97.3613 96.4968 97.7278 97.353 97.2155 96.9908 97.4848 97.0035 98.0421 98.6263 95.9717 97.3239 96.7188 97.4221 96.9375 96.4681 96.6505 98.3702 98.4533 96.9248 97.1176 97.0023
65.1305 65.4621 65.2201 65.4034 65.2719 65.1951 65.0676 65.1354 65.4004 65.0716 65.5026 65.221 65.2324 65.2057 64.6089 65.16 65.0845 65.3391 65.0515 65.2451 65.194 64.9328 65.3322 65.1798 64.7664 65.1375 65.1443 64.6873 64.2866 65.269
142.158 142.197 142.156 142.212 141.899 142.052 141.766 141.786 141.779 142.117 141.86 141.952 141.872 142.119 141.801 142.063 141.681 141.991 142.133 142.497 142.134 142.197 142.036 142.109 142.143 142.538 142.557 142.128 142.008 141.727
5.57316 5.56565 5.55403 5.56114 5.5191 5.55344 5.52392 5.52397 5.52272 5.55523 5.49937 5.5118 5.52676 5.59091 5.5568 5.53727 5.55368 5.54277 5.56541 5.55863 5.56198 5.56709 5.53248 5.5607 5.56315 5.56742 5.55879 5.54713 5.5958 5.55527
4.37749 4.3723 4.42371 4.395 4.12295 4.16446 4.15437 4.16556 4.16435 4.35687 4.14348 4.22661 4.14434 4.41202 4.16842 4.40986 4.12795 4.10372 4.37267 4.39067 4.41126 4.3466 4.41574 4.3827 4.40595 4.38543 4.38103 4.43651 4.34981 4.34287
4.45835 4.4595 4.44929 4.45474 4.42152 4.42131 4.43853 4.4182 4.43135 4.4662 4.42375 4.43823 4.38584 4.45518 4.47674 4.44132 4.45577 4.43242 4.46463 4.44214 4.45593 4.47254 4.44762 4.45928 4.46688 4.43328 4.45102 4.45243 4.48715 4.45847
4.36871 4.3638 4.365 4.36483 4.38571 4.36805 4.39072 4.37787 4.38602 4.41276 4.37951 4.39546 4.40369 4.42712 4.38431 4.43194 4.36012 4.35285 4.42078 4.4081 4.42806 4.43964 4.43748 4.42951 4.42633 4.40241 4.39839 4.41946 4.43617 4.4615
5.67849 5.6519 5.68507 5.67396 5.6311 5.65257 5.61025 5.61401 5.66175 5.53603 5.65481 5.67563 5.66188 5.59115 5.63708 5.5626 5.626 5.59123 5.58355 5.59674 5.5761 5.5357 5.55356 5.57609 5.56699 5.6395 5.64607 5.55711 5.55974 5.54436
4.37326 4.42822 4.3788 4.41219 4.43799 4.38716 4.41096 4.3884 4.43448 4.53454 4.53258 4.28707 4.30669 4.49683 4.3184 4.51849 4.4648 4.55129 4.46533 4.66379 4.48583 4.56123 4.55458 4.50221 4.4093 4.62779 4.64741 4.33907 4.37304 4.57108
4.16705 4.17399 4.17726 4.17585 4.14592 4.16606 4.17343 4.14293 4.18108 4.49174 4.17694 4.12554 4.19306 4.5086 4.13741 4.50461 4.12696 4.25203 4.51274 4.55415 4.50475 4.5042 4.50641 4.51038 4.50686 4.61133 4.57695 4.53305 4.48462 4.49452
7.89303 7.90544 7.89287 7.90682 7.88425 7.84678 7.83512 7.83417 7.84928 7.90085 7.83772 7.87667 7.84134 7.90893 7.86399 7.90287 7.88402 7.84877 7.93089 7.90628 7.9148 7.95739 7.89102 7.91656 7.91789 7.9174 7.9008 7.94508 7.933 7.86997
94.4025 94.149 94.9626 94.6584 94.0166 94.0509 93.9439 93.9295 93.8657 93.6753 94.2026 93.9783 93.8939 94.1919 94.2917 94.5856 94.5294 94.1126 94.1208 94.2716 94.3697 93.8227 94.3494 94.125 94.3363 93.9766 94.1344 93.6615 94.4813 94.2364
76.0037 75.9567 75.9137 76.0026 76.0227 76.0614 76.0702 76.1001 76.3341 75.9381 75.7168 76.1609 76.3059 76.4475 75.8681 75.8433 75.8939 75.5602 76.2264 75.6808 75.6513 76.0374 75.6971 75.9087 75.699 75.6083 75.8923 75.7649 75.1366 76.0456
71.546 71.682 71.2078 71.5271 72.4306 72.1816 72.4949 72.0905 72.3923 71.8048 72.262 72.1075 71.7846 71.4833 72.5038 71.4255 71.6342 72.4225 71.9481 71.611 71.5545 71.6837 71.6923 71.6878 71.7501 71.5276 71.8236 72.8065 71.5618 71.4821
82.3527 82.6572 81.8592 82.2908 82.1236 82.2252 82.3383 82.1959 82.1058 82.2329 82.1452 82.2291 81.8798 81.6487 82.3844 82.08 80.9641 80.9326 82.2505 82.1397 81.9498 82.3789 81.9985 82.3286 82.032 82.2701 82.0642 82.1004 81.4764 82.1405
98.0005 97.5201 98.1317 97.8655 97.8576 98.1922 98.0621 98.1262 97.9439 97.7191 97.4623 97.8717 97.0067 98.0055 98.2578 96.8562 97.767 98.6406 97.1795 96.7061 96.8642 96.9288 96.5485 96.7343 97.0359 96.0366 96.9426 98.1256 98.4102 96.2963
64.8423 64.9047 65.0804 64.9617 64.6841 64.908 64.8646 64.7026 64.662 64.5847 64.9582 64.4382 64.8236 64.5902 65.1656 64.9666 64.3585 64.3306 64.7492 64.8177 64.8522 64.7073 64.8866 64.8324 64.7735 64.8655 64.822 64.4173 64.4181 64.8282
141.901 141.809 141.971 141.854 141.555 141.773 141.752 141.598 141.748 142.079 141.726 141.84 141.737 142.13 141.575 141.525 141.594 141.782 141.744 141.558 141.625 141.389 141.552 141.647 141.483 141.705 141.63 141.5 141.328 141.202
5.53911 5.5664 5.46575 5.5299 5.52864 5.52039 5.52504 5.53234 5.51785 5.51915 5.44724 5.50686 5.52075 5.55337 5.55131 5.55137 5.27599 5.48116 5.56397 5.56547 5.55612 5.5733 5.55232 5.56226 5.58123 5.56172 5.56239 5.57908 5.27713 5.55641
4.35586 4.36657 4.33524 4.38351 4.11828 4.23203 4.14133 4.16035 4.18148 4.4255 4.18964 4.16788 4.2066 4.44733 4.16498 4.38651 4.22442 4.26412 4.33076 4.40853 4.45086 4.36247 4.39261 4.39969 4.37162 4.41354 4.3412 4.10028 4.51976 4.34525
4.41381 4.41082 4.41499 4.42228 4.4381 4.42228 4.43439 4.43375 4.4542 4.43077 4.42221 4.45975 4.46732 4.47724 4.46517 4.44418 4.42874 4.44794 4.46123 4.46652 4.45109 4.48731 4.45536 4.46225 4.47596 4.4695 4.4622 4.45675 4.39292 4.45418
4.36771 4.3591 4.36165 4.36714 4.3505 4.35525 4.35802 4.36841 4.34777 4.39829 4.36084 4.3668 4.35995 4.41934 4.33496 4.41166 4.44665 4.52324 4.41142 4.40984 4.41121 4.41151 4.41693 4.40792 4.41678 4.40575 4.41281 4.43343 4.4272 4.42002
5.65341 5.62471 5.64971 5.63592 5.56333 5.56527 5.53779 5.54152 5.5395 5.55643 5.52564 5.5248 5.50347 5.50152 5.4268 5.45967 5.70696 5.8117 5.42877 5.45625 5.43892 5.348 5.41259 5.40275 5.39968 5.40592 5.47541 5.4784 5.57197 5.36485
4.65197 4.65667 4.54588 4.60116 4.37534 4.40518 4.38777 4.39871 4.40238 4.72899 4.40828 4.48966 4.33709 4.70193 4.40479 4.5254 4.32673 4.29873 4.44949 4.57978 4.53031 4.68868 4.48747 4.50534 4.47934 4.61466 4.46104 4.51925 4.79075 4.50879
4.13363 4.13791 4.14882 4.14148 4.12746 4.15248 4.15049 4.15429 4.13686 4.46377 4.10619 4.13549 4.13414 4.46411 4.17543 4.49899 4.14203 4.15746 4.48818 4.50905 4.49129 4.52942 4.50063 4.50019 4.49965 4.51358 4.51707 4.44928 4.45067 4.50298
7.79275 7.79875 7.77825 7.7766 7.79573 7.76176 7.74543 7.75461 7.75753 7.7956 7.79064 7.762 7.7326 7.70124 7.73263 7.7692 7.80893 7.78815 7.75687 7.76571 7.75331 7.81999 7.7628 7.7661 7.77559 7.782 7.79543 7.8024 7.85753 7.77194
93.9285 94.1815 94.148 94.1624 93.8723 93.9748 93.775 93.8524 93.7707 93.8929 94.4635 94.0402 93.9051 94.0424 94.0259 94.7459 93.7811 93.6426 93.9292 94.1238 94.4742 94.3196 94.2338 94.5297 93.9152 94.0278 93.9071 92.3205 94.3468 94.3789
75.8137 75.935 75.9448 75.8463 75.5755 75.3871 75.5603 75.4464 75.4101 75.4083 75.3995 75.3793 75.0305 76.1402 75.8295 76.0004 75.6169 75.6343 75.6948 75.423 75.5048 75.0276 75.5567 75.8624 75.4786 75.5543 75.5696 75.5818 75.7894 75.8919
71.5939 71.3945 71.5329 71.5246 71.8045 71.8833 71.8671 71.7306 72.4702 71.371 71.9656 72.2045 72.7361 71.7474 72.8019 71.8128 72.4543 71.9497 71.6374 72.0793 71.765 71.6534 71.86 71.8559 72.2381 71.852 71.9956 73.6814 72.5974 72.1074
82.3558 82.1811 82.2565 82.196 82.3321 81.6596 82.0829 82.0806 81.8003 81.1675 81.6148 81.9773 81.3716 79.3637 82.0179 81.8063 82.6213 82.2821 81.9857 82.3932 82.0489 81.5526 82.2841 81.7583 82.6035 82.3121 82.2441 82.7524 81.6903 81.9885
96.9185 96.9503 96.6818 97.0913 97.8138 98.2682 97.703 97.2424 99.2591 98.5413 97.7254 98.3838 98.9909 99.2632 97.1325 95.5374 97.2787 96.8403 97.1525 97.2338 96.7804 96.1189 96.7342 97.9843 97.0787 96.6604 96.6829 100.674 96.7444 95.1884
64.7227 64.7489 64.8813 64.7892 64.6727 64.6276 64.5406 64.7081 64.4025 64.6092 64.622 64.6009 64.3796 64.5809 64.6841 65.1275 64.5386 64.6786 64.6026 64.7225 64.9435 64.6661 64.8745 64.6044 64.6997 64.8065 64.7588 65.1895 64.6562 64.6985
141.522 141.591 141.57 141.623 141.889 141.827 141.942 142.015 141.905 142.229 141.725 141.745 141.665 142.382 141.48 141.437 141.831 141.885 141.941 141.416 141.672 141.122 141.542 141.607 141.277 141.769 141.634 142.184 141.092 141.07
5.54052 5.54301 5.53565 5.53037 5.49992 5.50125 5.49775 5.49895 5.46943 5.59556 5.48776 5.46453 5.5051 5.46249 5.46189 5.53457 5.49045 5.52541 5.4997 5.59968 5.57569 5.39271 5.57181 5.55958 5.57891 5.58146 5.53986 5.77932 5.50609 5.46572
4.41246 4.40327 4.40199 4.41025 4.14695 4.14848 4.17487 4.15244 4.16108 4.41956 4.1516 4.14952 4.26178 4.37165 4.18586 4.28754 4.16972 4.1556 4.41757 4.40035 4.41115 4.37075 4.37764 4.41207 4.38719 4.45947 4.40542 4.29772 4.32509 4.2644
4.4489 4.44423 4.45419 4.45504 4.42035 4.41318 4.44362 4.4298 4.39827 4.42875 4.41974 4.41363 4.42608 4.48919 4.46604 4.446 4.47061 4.45324 4.4367 4.48095 4.46929 4.39691 4.46729 4.45926 4.46922 4.47804 4.46008 4.42153 4.46931 4.42915
4.35083 4.3561 4.35309 4.35144 4.34727 4.37892 4.33098 4.33917 4.41078 4.41745 4.38756 4.3671 4.45049 4.82741 4.37477 4.38319 4.33824 4.30214 4.40161 4.40111 4.39746 4.43726 4.40056 4.42094 4.39305 4.39761 4.39363 4.47706 4.4213 4.39314
5.528 5.52067 5.49688 5.51975 5.55984 5.66426 5.53899 5.57145 5.69348 5.59863 5.61768 5.66043 5.65293 5.68743 5.48771 5.44009 5.53746 5.49521 5.55375 5.45102 5.4257 5.44036 5.3909 5.47533 5.4312 5.38883 5.46366 5.49369 5.49725 5.40491
4.63627 4.62878 4.61241 4.60212 4.47349 4.26016 4.42653 4.36974 4.31381 4.49505 4.28136 4.28031 4.22869 4.10777 4.28565 4.41828 4.5554 4.36806 4.60756 4.69472 4.49446 4.37428 4.48847 4.47856 4.69484 4.5673 4.43892 4.41525 4.38391 4.45115
4.18675 4.20569 4.1965 4.19637 4.13654 4.1445 4.11017 4.1708 4.14669 4.49123 4.12363 4.10905 4.12247 4.61866 4.08412 4.4671 4.15716 4.18385 4.4593 4.50031 4.48342 4.50089 4.50397 4.48725 4.48312 4.50479 4.48843 4.48655 4.44381 4.43933
7.85225 7.8411 7.849 7.847 7.84381 7.80519 7.83331 7.88149 7.79257 7.89992 7.83005 7.83288 7.81199 7.79376 7.80922 7.74946 7.8763 7.92537 7.80757 7.75243 7.77412 7.79612 7.76157 7.77105 7.7773 7.79065 7.77324 7.69908 7.82873 7.77708
94.3538 94.676 94.5855 94.4753 94.4965 94.4794 94.3521 94.4574 94.3227 94.1329 94.0381 94.3669 94.2478 93.7861 93.5763 93.4977 94.1298 94.0717 94.4192 93.94 94.194 94.1551 93.5998 93.7621 93.9878 93.9404 94.0141 93.6643 93.4245 93.555
75.2828 75.2273 75.1113 75.2124 75.7314 75.2888 75.2286 75.1915 75.2547 75.9457 75.5344 75.5748 75.7279 76.0551 75.3109 75.5318 75.241 75.1562 75.2657 75.1149 75.1732 75.2716 75.4254 75.4755 75.2198 75.2416 75.6265 75.4018 75.6149 75.6543
72.2718 71.742 72.2306 72.2179 71.882 71.8016 71.7051 71.6759 71.8396 71.5118 72.5134 72.0287 71.3472 73.1657 72.5005 72.6074 72.2338 71.9955 72.2168 72.203 72.5071 74.4202 72.9635 72.9623 71.9076 72.2949 72.3227 72.2922 73.4097 72.9281
82.264 81.8182 81.8708 82.1229 82.0599 82.3016 82.1932 82.1392 82.3585 82.4161 82.6538 82.6362 82.5567 83.0263 82.9278 83.37 82.6038 82.5885 82.1306 82.883 82.9786 84.0046 82.968 82.4361 82.681 82.4603 82.5947 83.2666 83.7375 83.5414
97.3522 98.0193 98.1193 97.6388 98.6936 98.1546 98.1962 97.8528 98.5815 99.3721 99.0436 98.2827 98.428 99.2194 98.9032 95.7785 97.4805 98.1599 97.1606 97.7526 97.7342 101.138 97.6764 99.4326 97.7944 98.4721 97.2027 99.5229 97.8339 96.7529
65.0819 65.0816 64.9571 65.0399 64.909 65.0415 64.8897 65.0471 65.1155 64.9801 64.859 64.9916 64.9604 64.9826 64.6451 64.9714 64.9429 65.2474 64.8474 65.0311 65.1096 65.3923 65.1072 64.9256 64.9774 65.0495 64.896 65.1824 64.5723 64.7921
141.603 141.568 141.521 141.578 141.74 141.422 141.778 141.699 141.618 142.066 141.488 141.301 141.322 141.568 141.913 141.494 141.34 141.216 141.745 141.431 141.716 142.505 141.962 141.926 141.533 141.715 141.556 142.165 141.404 141.428
5.46535 5.47727 5.49603 5.46631 5.50597 5.43135 5.47256 5.47064 5.47049 5.58716 5.54004 5.47067 5.4937 5.88255 5.4542 5.05228 5.50047 5.51772 5.39319 5.5276 5.489 4.52551 5.53281 5.5385 5.50673 5.54069 5.53284 5.60463 5.60583 5.37257
4.38967 4.39833 4.43376 4.41963 4.31508 4.21464 4.20882 4.22022 4.22747 4.49317 4.28647 4.18165 4.18325 4.23637 4.17777 4.44372 4.21859 4.23751 4.42755 4.38887 4.3906 4.22142 4.41908 4.38374 4.35605 4.39547 4.38823 4.34814 4.21731 4.39405
4.38844 4.41495 4.39002 4.38186 4.39446 4.35302 4.35084 4.36333 4.36284 4.42039 4.37722 4.38762 4.38434 4.45295 4.32501 4.39903 4.41567 4.36762 4.39101 4.42034 4.3874 4.30554 4.39667 4.38498 4.4148 4.41347 4.40295 4.44502 4.39601 4.36714
4.3349 4.33736 4.34491 4.33977 4.33168 4.32413 4.34277 4.33207 4.32798 4.38123 4.33762 4.31516 4.36829 4.39455 4.36921 4.37403 4.36493 4.34734 4.3913 4.38741 4.38921 4.45834 4.38041 4.37872 4.38861 4.39476 4.4195 4.40967 4.41308 4.37029
5.57375 5.60011 5.56801 5.57215 5.58283 5.59784 5.60528 5.58629 5.56247 5.5328 5.6238 5.52382 5.55915 5.58578 5.65339 5.37198 5.52858 5.60898 5.52066 5.43314 5.4127 5.61163 5.38022 5.58232 5.38683 5.47843 5.46636 5.68863 5.47502 5.36218
4.4151 4.38122 4.37841 4.41622 4.45938 4.43669 4.44308 4.47303 4.47195 4.63514 4.43799 4.38174 4.50731 4.30812 4.54207 4.61425 4.31611 4.31794 4.54307 4.57665 4.49526 4.64937 4.46435 4.43494 4.47673 4.39727 4.46389 4.58913 4.35945 4.46509
4.21877 4.23811 4.21922 4.22004 4.1797 4.19599 4.18851 4.16035 4.16606 4.56703 4.20867 4.20041 4.19409 4.49407 4.17491 4.48039 4.20288 4.21178 4.54345 4.5401 4.51533 4.43557 4.5362 4.5244 4.52137 4.53734 4.52182 4.55077 4.43429 4.39779
7.76671 7.73456 7.73289 7.75443 7.71514 7.74374 7.70499 7.72237 7.69036 7.75979 7.7126 7.68529 7.73619 7.70084 7.77549 7.74661 7.76399 7.72079 7.82766 7.7512 7.79601 7.7295 7.73572 7.79805 7.73432 7.73663 7.75866 7.78536 7.74066 7.69143
93.6348 93.7296 93.7072 93.8833 93.0932 93.8172 93.2148 93.3766 93.2231 92.6027 93.1834 93.9128 93.8185 92.7548 93.0609 93.1987 93.5353 93.2204 93.1857 93.2374 91.63 93.5753 92.7535 92.805 93.2427 92.769 92.7811 92.5713 92.6803 92.823
75.9369 75.9612 75.9263 75.8966 75.7763 76.0633 76.0203 76.0932 76.0045 75.5602 75.6087 75.8824 75.6236 76.3298 75.53 75.8028 75.7143 75.1587 75.9368 76.373 76.1426 76.0089 75.8172 75.6165 76.3814 76.4316 76.1256 76.0164 75.9302 76.1271
71.5926 71.5837 71.7027 71.4582 73.4732 73.3375 75.1764 74.8019 75.3029 72.6144 72.566 71.9171 71.9025 74.5019 72.9813 72.5933 72.3426 71.5238 73.3649 73.2524 76.8954 73.8893 71.1708 73.0354 72.7228 73.6053 73.3159 72.6496 72.3338 72.7673
82.3114 81.885 82.0701 82.1424 83.2478 82.3014 82.7842 82.7186 82.7347 82.7188 83.1146 82.1141 82.2336 83.0279 82.9888 82.478 82.2938 83.239 82.5628 82.4365 83.6813 83.2524 81.6293 83.5259 82.524 82.7945 82.6822 82.4679 82.8358 82.8072
104.861 104.361 105.139 104.897 104.565 103.79 103.391 103.486 103.516 105.212 104.813 103.811 103.985 105.227 103.907 103.453 103.677 104.329 103.844 104.149 104.538 104.155 104.296 106.269 104.111 104.707 104.282 104.754 104.536 103.562
65.1795 65.2884 65.1815 65.211 65.2298 65.3602 65.5332 65.6264 65.6965 64.5628 64.681 64.9897 65.085 64.4523 64.7271 64.882 65.2922 65.0394 65.2374 65.1151 65.4086 65.7938 65.1278 64.8985 65.2272 64.8639 64.9064 64.4945 64.6601 65.1205
141.784 141.606 141.531 141.62 141.565 141.752 141.627 141.613 141.622 142.188 141.437 141.485 141.601 141.792 141.759 141.961 141.738 141.31 142.118 141.744 142.127 142.324 143.091 141.957 141.918 142.225 142.23 142.115 141.722 142.201
5.5618 5.49394 5.58193 5.59201 5.54502 5.53415 5.52721 5.53668 5.52709 5.57291 5.61386 5.60402 5.61921 5.5611 5.55253 5.59091 5.59291 5.62262 5.62809 5.50795 5.58314 5.59581 5.47408 5.61941 5.53705 5.5579 5.59872 5.5955 5.46425 5.55859
4.48839 4.4709 4.47245 4.51729 4.46628 4.41105 4.40938 4.42513 4.48692 4.34447 4.2847 4.52862 4.54736 3.68686 4.4195 4.3766 4.45818 4.61866 4.47439 4.2805 3.95711 4.5949 4.46161 4.51704 4.38201 4.07208 4.45018 4.33551 4.34222 4.4107
4.53744 4.5363 4.54344 4.54419 4.50302 4.474 4.42419 4.43533 4.43419 4.71598 4.52215 4.50217 4.52028 4.81924 4.50852 4.66427 4.5135 4.45087 4.67281 4.59839 4.63327 4.69787 4.59163 4.67268 4.67045 4.68228 4.66805 4.67576 4.69519 4.62824
4.4009 4.40013 4.40388 4.40272 4.37807 4.35155 4.36865 4.39181 4.31644 4.48019 4.36892 4.43579 4.39032 4.51316 4.36484 4.44234 4.37221 4.47485 4.45138 4.44262 4.50847 4.35685 4.42646 4.42533 4.46471 4.46232 4.45474 4.47076 4.46469 4.42373
5.60915 5.67037 5.58345 5.52119 5.60817 5.63651 5.67523 5.66351 5.64373 5.60778 5.43639 5.42765 5.53446 5.57196 5.49964 5.50672 5.41903 5.44715 5.49562 5.57442 5.3038 5.44121 5.63527 5.6305 5.54747 5.52219 5.54938 5.51701 5.57915 5.27187
4.11477 4.15702 4.21838 4.1581 4.34631 4.16491 4.16555 4.13903 4.08787 4.75995 4.42677 4.35048 4.34322 4.7324 4.35488 4.43035 4.21668 4.35566 4.45093 4.48378 4.65769 4.32453 3.9934 4.65525 4.53219 4.52872 4.47689 4.66663 4.37554 4.44354
4.25572 4.25027 4.25821 4.26449 4.19199 4.20335 4.17736 4.17191 4.14105 4.33922 4.26762 4.27314 4.27246 4.3005 4.2359 4.32115 4.2459 4.29282 4.36605 4.30664 4.14623 4.18 4.32552 4.32331 4.31819 4.3141 4.32442 4.43114 4.29151 4.28743
7.93345 7.98856 7.92518 7.8978 7.79387 7.84857 7.82578 7.844 7.83668 7.93743 7.70781 7.79806 7.85535 7.90413 7.81777 7.83569 7.81481 7.73992 7.83571 7.78477 7.85834 7.79133 7.95622 7.70869 7.76059 7.82933 7.86314 7.801 7.9788 7.78666
91.4265 91.0917 91.557 91.9283 91.2202 90.8679 91.2647 91.1961 91.3545 91.6121 92.1394 91.8231 92.17 91.9311 91.9938 92.2495 92.13 92.0805 91.5075 91.9433 91.6492 91.2427 91.9499 92.1446 92.0203 91.912 91.9379 91.2878 91.8783 91.4405
76.4885 76.3494 76.1315 76.258 75.7011 76.2892 75.7609 75.8171 75.6611 75.8285 75.5439 75.6143 75.538 75.661 74.7933 75.5559 75.6021 75.4364 75.4089 75.201 75.4657 76.3765 75.7103 75.6833 75.3338 75.6753 75.868 75.4151 75.813 76.0897
73.5432 74.9635 74.3718 74.4631 73.8985 74.184 75.2144 75.4742 74.624 73.7544 72.569 73.119 72.5771 73.721 71.0973 75.3217 72.5278 72.5486 74.4308 74.9707 74.3327 78.2719 73.4735 73.9131 75.1689 74.015 73.8027 75.9574 74.2689 74.9785
83.6069 83.9682 83.4277 83.1588 83.5509 83.7584 84.5671 84.494 84.7157 83.7271 82.1383 82.356 82.4787 83.55 82.0637 83.821 83.5871 83.2113 82.7731 83.7872 83.6916 83.8653 83.1136 82.8539 82.844 83.9924 83.2412 83.7498 83.8182 83.7102
65.8225 65.5606 65.9067 66.2192 65.1974 65.1796 65.7199 65.541 65.755 65.2513 66.3268 65.8029 65.8159 66.1952 65.5488 66.4737 66.3051 67.4045 65.9591 66.135 66.192 68.733 65.8404 66.4381 66.3281 66.1307 66.6491 65.7395 66.2261 66.3831
137.362 138.706 137.928 137.901 138.065 138.2 138.347 138.428 138.158 139.691 136.465 136.429 137.231 138.927 136.277 137.713 138.088 136.886 138.292 138.991 139.67 139.478 138.257 137.47 138.056 139.045 139.762 139.563 139.129 139.108
5.80354 5.72579 5.75186 5.72306 5.53276 5.77403 5.32108 5.4128 5.38337 5.91751 5.64985 5.70125 5.55989 5.90808 5.39044 5.86562 5.69688 5.61499 5.81333 5.89783 5.90722 6.10755 5.8608 5.96468 5.82471 5.92118 5.79963 5.92609 5.90319 5.87198
4.35685 4.42059 4.42693 4.39904 4.15676 4.15137 4.24429 4.23624 4.22147 4.68957 4.06647 4.40018 4.35404 4.64289 4.24057 4.73546 4.50476 4.27341 4.66047 4.43698 4.57134 4.46598 4.55356 4.60932 4.43977 4.63814 4.54545 4.86387 4.64437 4.61525
4.50237 4.54329 4.53475 4.53669 4.51413 4.50433 4.61281 4.61825 4.61207 4.59904 4.42893 4.47238 4.44558 4.60141 4.42771 4.53514 4.55888 4.518 4.63267 4.61626 4.58135 5.93341 4.55704 4.59589 4.55787 4.5729 4.67009 4.77 4.57805 4.65646
4.47778 4.4915 4.49094 4.50379 4.45084 4.41825 4.29135 4.30006 4.23586 4.52619 4.47819 4.38801 4.431 4.52075 4.40154 4.51591 4.34746 4.27622 4.53906 4.50224 4.5128 4.44372 4.52954 4.54082 4.48312 4.50183 4.53684 4.49309 4.50251 4.51312
4.46475 4.29522 4.31986 4.41311 4.02495 4.04013 3.97051 3.98079 3.94589 5.00794 4.45377 4.27058 4.24941 4.69511 4.4429 4.60148 4.21178 4.50388 4.85467 4.46039 4.57459 4.9497 4.66861 4.70612 4.59011 4.5979 4.62916 4.68974 4.67459 4.46185
4.33225 4.2507 4.24795 4.27549 4.14493 4.18112 4.05204 4.09103 4.0413 5.19297 4.2136 4.23815 4.3496 4.35176 4.40766 3.86843 4.3425 4.30809 4.39298 4.26563 4.23177 4.3313 4.36268 4.36841 4.14366 4.30595 4.22772 4.31021 4.32718 4.28185
8.2999 7.90526 7.99165 8.04517 7.76137 7.73624 7.40388 7.47732 7.33754 7.82449 7.72064 7.64939 7.68997 7.98181 7.31625 7.82046 7.66142 7.66964 8.01027 7.89387 8.01415 7.7938 7.94044 8.00353 8.03233 7.88289 8.23069 7.86049 7.85839 7.95296
89.9486 92.5093 92.9288 92.9173 91.2694 91.2616 91.5664 91.4378 91.0516 92.7836 91.2803 91.4608 91.3347 93.3331 91.6398 92.8369 91.0086 91.1535 92.4263 92.5392 93.0012 91.0089 92.7976 92.8603 92.4503 92.861 91.1916 92.5386 92.6434 90.8762
75.6556 74.5109 74.4561 74.5251 75.8941 75.7103 75.8035 75.8024 75.74 74.8772 75.4834 75.4033 75.4494 74.7976 75.4336 76.0775 75.9211 75.781 75.6333 76.0042 75.9307 75.7651 75.6767 75.5344 75.2152 75.6721 75.6996 76.0823 76.0229 75.8214
71.5781 72.6816 72.7354 72.6482 71.9478 73.3196 73.154 73.3854 73.1972 71.4419 73.3753 73.4996 74.0868 72.3542 73.3841 72.2967 73.7129 73.1715 73.2707 73.6885 72.351 74.5981 73.5303 73.1522 75.0754 72.5044 74.5472 72.7483 73.2734 73.8049
81.9904 82.5596 82.2445 82.2588 82.0364 83.1314 82.9082 82.7823 82.9032 82.304 82.647 82.8091 82.6624 82.775 82.7727 83.3344 82.8768 82.7351 83.1821 83.6482 82.9669 81.6861 83.1567 82.7049 84.9624 83.0916 83.808 83.2721 83.2377 81.9209
99.4224 100.282 100.176 100.53 102.446 100.078 100.338 101.233 100.631 99.4078 97.4455 98.7426 98.6542 96.4327 98.7492 97.6513 101.608 100.929 98.6254 96.6781 96.225 102.994 98.136 98.1782 97.7177 96.3593 101.414 97.6131 96.6697 102.506
63.4687 65.5191 65.5495 65.6486 64.0939 65.7418 65.4762 65.3079 65.2467 65.6562 65.2017 65.1295 64.9866 65.2237 65.3265 65.5076 65.3035 65.8414 64.9303 68.5787 65.3075 65.2077 64.9201 66.4001 65.5194 65.3223 65.3524 65.1231 65.5608 66.0879
144.094 142.468 142.429 142.496 142.706 143.009 143.117 142.844 142.797 140.634 142.495 142.954 142.472 140.834 142.222 142.242 142.731 142.753 142.692 141.208 141.078 142.399 140.789 141.022 141.294 140.486 142.851 141.952 141.108 142.691
5.72428 5.34458 5.30166 5.28411 5.84215 5.66941 5.63699 5.70113 5.69862 5.44491 5.59357 5.62755 5.69211 5.65213 5.69436 5.56566 5.93104 5.7648 5.58571 5.6152 5.61725 5.76844 5.54802 5.69687 5.48192 5.43296 5.82099 5.63117 5.52855 5.91741
4.19692 4.35238 4.36768 4.33018 4.30817 4.29606 4.26579 4.29 4.25314 4.82456 4.40798 4.33541 4.25882 4.47975 4.30261 4.3706 4.28685 4.19536 4.47642 4.221 4.44722 4.14072 4.41442 4.48518 4.46749 4.47048 4.26405 4.35305 4.6068 4.40158
4.50011 4.33368 4.34074 4.3392 4.45413 4.31797 4.37933 4.40588 4.36223 4.37224 4.43108 4.44518 4.45911 4.49342 4.41346 4.44852 4.48874 4.40595 4.59533 4.53856 4.50226 4.48712 4.50187 4.51748 4.45764 4.46643 4.40151 4.59384 4.48455 4.45577
4.26922 3.64162 3.68896 3.65083 4.25247 4.23805 4.25109 4.25362 4.27444 4.34313 4.27176 4.27825 4.26399 4.35709 4.26877 4.32021 4.26829 4.28133 4.36341 4.35255 4.37585 4.19315 4.35291 4.36584 4.03568 4.3224 4.34669 4.38094 4.34884 4.34783
5.63907 5.43215 5.43952 5.44107 5.76364 5.53939 5.64735 5.5172 5.64194 5.72189 5.21844 5.58885 5.40732 5.29283 5.45645 4.55418 5.9409 5.99011 5.55473 5.02892 5.04899 5.75715 5.01315 5.08624 5.20288 5.39419 5.6732 5.2059 5.26636 5.80223
6.44213 2.73619 2.64923 2.71622 4.82333 4.19674 4.40329 4.47655 4.43079 4.5803 4.38782 4.40404 4.43153 4.60202 4.47711 4.51515 4.56612 4.40932 4.57167 4.50932 4.54548 4.59753 4.41491 4.52942 3.33587 4.54246 4.42284 4.48469 4.53646 4.57704
4.65048 3.91543 3.97975 3.89853 4.3305 4.09463 4.37289 4.35003 4.3314 4.50962 4.32058 4.36626 4.31112 4.54604 4.34739 4.48762 4.26728 4.17393 4.48679 4.54672 4.53165 4.69397 4.5099 4.53084 3.88624 4.47939 4.72368 4.49648 4.47645 4.50504
7.76811 7.53648 7.55661 7.56334 7.5229 7.51605 7.4833 7.35395 7.50039 7.3635 7.36772 7.39686 7.32268 7.43642 7.48634 7.56388 7.53989 7.53972 7.67148 7.59711 7.41664 7.5514 7.64988 7.59817 7.60192 7.42986 7.72158 7.70866 7.39899 7.7034
154.375 153.054 153.159 153.056 154.675 154.083 154.512 154.576 154.306 155.977 154.474 154.67 154.372 155.035 154.136 151.456 154.528 154.404 154.249 154.349 153.097 154.14 154.304 154.207 154.645 153.105 154.851 155.4 153.709 154.957
83.5625 83.7362 83.4024 83.6182 83.5631 83.9974 84.047 84.1385 84.1213 81.1252 83.9758 83.9403 83.8483 83.4273 84.0259 82.748 83.9923 84.5481 83.2331 84.9533 82.3028 83.7561 83.459 83.8415 84.3951 82.942 83.8389 83.984 82.6393 84.637
141.096 143.187 143.766 143.751 141.252 141.992 142.148 142.009 142.035 142.045 141.129 141.274 141.586 142.813 141.558 140.932 142.017 141.06 141.018 141.888 140.407 141.524 140.376 141.889 142.1 139.632 140.481 141.702 141.231 140.907
5.96447 5.99612 5.97453 5.98517 5.72293 5.76132 5.67967 5.66324 5.60846 6.11988 5.65133 5.63812 5.63617 6.45338 5.52475 6.04193 5.63782 5.53959 6.40044 6.32621 6.2126 6.36342 6.45552 6.40236 6.28847 6.43488 6.37028 6.45953 6.1119 6.20287
7.8333 8.07282 8.08558 8.10531 7.92613 7.81153 7.83402 7.85534 7.85658 7.14342 7.89855 7.96525 7.82181 7.57786 7.82761 6.0709 7.71608 7.96587 7.45055 7.49243 5.83266 7.47895 7.14085 7.3301 7.47615 6.78792 7.45651 6.45694 7.26689 7.84231
4.69927 4.69896 4.7206 4.69795 4.46225 4.49318 4.49577 4.47302 4.51909 4.73083 4.52067 4.22658 4.48118 4.61274 4.54697 4.57659 4.42838 4.42074 4.65081 4.60166 4.71532 4.62678 4.63107 4.63521 4.60569 4.63782 4.59504 4.59121 4.64521 4.62112
4.69622 4.69866 4.67579 4.68317 4.61866 4.63711 4.61072 4.61482 4.62103 4.83686 4.61707 4.60084 4.60361 4.70131 4.59507 4.77421 4.6831 4.61153 4.84015 4.81929 4.77631 4.7675 4.80686 4.73686 4.80291 4.7319 4.80022 4.47156 4.79723 3.48656
4.47715 4.46316 4.45721 4.4595 4.47267 4.44432 4.45335 4.4198 4.46384 4.34978 4.45979 4.46892 4.45005 4.59794 4.40233 4.5786 4.4266 4.45568 4.59956 4.68898 4.61537 4.54885 4.59892 4.59554 4.61929 4.58203 4.55026 4.57275 4.42654 4.51343
4.48168 4.42604 4.38285 4.40709 4.32729 4.20007 4.17598 4.16959 4.13269 4.51715 4.07215 4.23337 4.15289 4.67243 4.19963 4.61404 4.36463 4.32067 4.74281 4.89407 4.52067 5.28544 4.68853 4.75203 3.96262 4.63174 4.6733 4.62386 4.58544 4.34224
7.77563 8.40494 8.47307 8.46277 8.09006 8.09461 8.07793 8.12863 8.11284 8.11779 7.9831 8.03621 7.95985 8.34707 8.0106 8.47062 8.022 7.98026 8.0102 8.30965 8.29805 8.3743 7.91713 8.34581 8.39779 7.92592 7.94388 8.22999 7.95331 7.95815
91.3766 91.7709 92.4153 92.1884 90.672 90.0954 90.7389 90.6902 90.3071 92.3826 90.7416 90.9123 91.6781 92.6088 91.8971 92.071 91.0917 90.7298 92.4888 92.3473 91.3027 92.6723 91.9723 92.4127 90.2506 92.6273 91.0534 90.4913 89.5607 92.4441
75.7856 75.7669 75.5985 75.7069 75.9268 76.1397 76.1191 76.1936 76.0213 75.7599 76.3475 76.0725 75.4345 75.4269 75.3584 76.2042 75.2085 75.5661 75.8898 75.7283 75.6933 75.8445 75.8453 75.7578 75.1758 75.2862 75.5049 75.4233 75.2634 75.7066
74.9139 74.2581 72.5905 73.3423 76.052 75.8189 75.9963 76.4668 76.1024 73.0297 75.9827 75.5157 75.2047 72.6837 76.6725 74.3129 75.0365 74.9638 73.0686 73.2755 76.024 72.9009 74.9547 72.6644 75.6359 73.6645 75.82 75.7125 75.7896 73.5535
83.5189 83.068 82.8412 82.9302 84.2603 83.9724 84.1613 84.3543 84.1055 83.3175 84.3682 83.9182 83.4011 82.875 84.0939 83.516 82.678 82.8102 82.9966 83.5589 83.6328 83.3655 84.4479 83.408 82.9213 83.6207 84.3654 83.7395 83.7654 84.0084
106.278 104.683 104.608 104.555 104.936 104.311 104.553 104.635 104.368 105.484 104.343 103.766 104.313 103.736 104.305 105.383 103.835 105.681 104.143 105.477 106.458 105.522 105.639 103.898 106.468 106.033 105.824 105.804 106.458 105.645
66.1778 66.171 65.6058 65.8395 66.9001 66.2208 67.0133 66.7266 67.0668 65.7459 66.5796 66.538 67.9113 65.5522 66.9981 65.4555 68.0082 67.9774 66.069 65.5011 70.8094 65.4914 65.4568 65.1139 68.4832 65.1406 66.053 65.2467 66.3979 65.228
140.779 142.097 141.733 142.02 142.222 142.471 142.209 142.108 142.251 142.907 142.511 142.281 142.159 141.6 141.95 143.384 142.546 143.582 140.844 143.38 142.92 141.095 141.307 141.319 143.839 140.171 143.68 142.835 143.552 143.858
5.21042 5.13118 4.97481 5.04927 5.73022 6.03689 5.73874 5.79812 5.89955 5.53839 5.73039 5.23279 5.60392 4.85436 5.59614 5.59754 5.35356 5.65508 5.46749 5.53168 5.53629 5.2527 5.55927 5.45572 6.08097 5.26814 5.78736 5.40649 6.11176 5.535
4.31905 4.32139 4.39074 4.34794 4.3678 4.29324 4.16736 4.07429 4.25673 4.52668 4.02411 4.1633 4.00265 4.41328 3.84995 4.55179 4.15944 4.2514 4.3113 4.47348 4.33784 4.38127 3.95657 4.4767 4.50629 4.4872 4.34792 4.28806 4.33814 4.46547
4.43387 4.44417 4.45139 4.44752 4.41173 4.43546 4.40064 4.41633 4.45956 4.55653 4.43167 4.40047 4.31252 4.51976 4.3441 4.5558 4.36235 4.32478 4.61576 4.5856 4.61477 4.53838 4.19513 4.58707 4.57618 4.58218 4.51496 4.49812 4.51475 4.53393
4.36331 4.36737 4.34713 4.36051 4.36992 4.37835 4.35396 4.4186 4.35379 4.38994 4.36148 4.29571 4.28433 4.30298 4.45749 4.42419 4.35348 4.43255 4.37765 4.40129 4.25731 4.37331 4.38391 4.35645 4.24158 4.33487 4.35754 4.16179 4.38777 4.35943
6.5063 5.46538 5.37242 5.4408 5.73891 5.71305 5.60091 5.61114 5.60467 5.27785 5.67527 5.60975 5.6356 5.33942 5.61983 5.74351 5.63353 5.73692 5.33296 5.74204 5.8109 5.75293 5.54386 4.97622 5.78975 5.5867 5.9003 5.75316 5.75434 5.8039
4.35833 4.31389 4.33412 4.31392 4.23535 4.33343 4.30339 4.30395 4.2371 4.51011 4.23511 4.24086 4.46819 4.05061 4.05977 4.54806 4.18141 4.55539 4.07653 4.48484 4.4735 4.52095 4.46904 4.42067 4.44675 4.46153 4.66203 4.36375 4.52352 4.62945
4.09247 4.1307 4.15303 4.14959 4.06799 4.07209 4.09311 4.056 4.07897 4.27064 4.02752 4.06484 4.21952 4.27985 4.10813 4.27894 4.12227 4.02994 4.33539 4.24915 4.21092 4.2467 4.28206 4.25658 4.33491 4.24498 4.15579 4.21622 4.23173 4.16261
7.85198 7.63093 7.61048 7.58664 7.77826 7.75551 7.71235 7.70584 7.73172 7.6435 7.74152 7.76133 7.75593 7.68719 7.73112 7.64655 7.63248 7.78465 7.50344 7.74399 7.75872 7.46819 7.33924 7.43018 7.77768 7.62367 7.70457 7.71999 7.79119 7.76681
91.366 91.4703 91.737 91.6537 90.2227 91.0268 90.9143 91.0284 90.929 91.6754 90.9629 90.5271 91.397 92.3952 91.2776 91.7761 91.702 91.3864 90.789 91.6622 92.2842 91.3271 90.8471 91.5443 91.1823 91.0571 91.0806 90.5958 91.2125 91.6308
154.685 154.504 154.572 154.385 153.564 153.939 153.675 153.758 153.661 153.859 154.853 155.282 155.003 153.708 154.782 155.239 155.904 154.321 156.087 154.053 152.182 153.176 154.356 153.898 154.752 154.526 155.343 154.628 153.165 155.604
76.2769 76.0699 76.2809 75.9729 75.9755 76.0071 76.1941 76.07 76.1697 75.2202 76.0343 76.211 75.5846 75.2732 75.8622 76.4029 75.6023 75.5239 76.0888 75.2993 74.9401 75.8841 76.1043 75.8621 76.2031 76.146 75.7466 75.8281 75.3203 75.6172
143.124 143.304 142.793 143.142 143.03 142.509 142.531 142.66 142.772 141.242 142.097 142.979 141.925 140.788 142.057 138.274 141.848 141.066 142.24 140.297 140.838 140.324 142.052 140.455 141.717 142.561 140.246 141.854 141.102 139.867
5.8962 5.87995 5.87336 5.84487 5.89891 5.79045 5.71342 5.59937 5.75989 6.30447 5.75847 5.89294 5.81331 6.35069 5.82881 6.57245 5.85247 5.64982 6.46224 6.45346 6.118 6.5189 6.06816 6.47545 6.4816 6.42345 5.8782 6.39771 6.5138 6.52409
8.27516 8.4137 8.52275 8.44053 7.70545 7.705 7.69782 7.82648 7.79996 6.89079 7.83351 7.4551 7.8261 7.00016 7.9036 7.49324 8.2381 7.9482 7.69817 7.03745 6.57254 7.06548 7.34821 7.14496 7.70214 7.28773 7.18155 7.11324 6.43265 7.34185
4.57615 4.61509 4.69161 4.61528 4.20584 4.24205 4.27189 4.26554 4.28833 4.71133 4.26163 4.18287 4.28069 4.75553 4.28607 4.59965 4.30927 4.20896 4.62757 4.79169 4.69909 4.64158 4.52315 4.59329 4.66518 4.62849 4.63471 4.73463 4.57981 4.60186
4.65062 4.65636 4.67058 4.6464 4.58944 4.56353 4.57515 4.56386 4.57491 4.90221 4.58577 4.66268 4.56732 4.92426 4.64541 4.85237 4.47928 4.52917 4.85207 4.82195 4.57408 4.81593 4.89534 4.86083 4.88273 4.85246 4.77433 4.82272 4.35085 4.75981
4.28538 4.24719 4.27315 4.26329 4.1758 4.25436 4.31904 4.33469 4.28343 4.65785 4.29078 4.37458 4.04398 4.51338 4.15741 4.296 4.24817 4.23089 4.36188 4.74048 3.99583 4.58757 3.87357 4.63063 4.4483 4.53938 4.3104 4.68152 4.43066 4.59371
8.30836 8.16875 8.02471 8.0829 8.44875 8.41495 8.49042 8.45859 8.49877 8.32223 8.34206 8.28287 8.46132 8.11165 8.07708 7.5311 8.55759 8.67857 8.1942 8.27358 8.37818 8.06405 8.01483 8.26168 8.2316 8.36192 7.73992 8.17683 8.08672 8.33331
91.9004 92.1546 92.1423 92.4293 91.863 91.5332 91.3232 91.5597 91.5831 92.3211 91.1443 91.5183 91.3444 89.3432 91.6282 91.7863 91.6169 91.4558 91.7679 92.079 90.9232 91.3476 90.2309 91.2544 91.5649 91.2143 91.8919 91.7487 92.0528 91.699
153.538 153.906 154.002 153.388 154.44 154.784 154.471 154.581 154.633 153.803 154.647 153.087 153.356 155.296 152.948 151.14 153.593 153.34 153.317 154.973 155.026 154.243 153.928 155.624 152.691 155.433 152.882 153.623 154.535 152.693
140.211 140.624 140.45 140.225 140.534 140.566 140.271 140.32 140.6 139.868 141.748 141.195 141.432 142.751 140.723 139.289 140.69 140.602 141.506 139.271 140.887 139.807 139.146 141.41 141.95 140.869 139.279 140.072 139.503 139.704
5.88123 5.84867 5.637 5.84065 5.74394 5.81184 5.80978 5.77607 5.76407 6.38037 5.673 5.23416 5.10355 6.36786 5.40767 5.87202 4.93231 5.01198 6.35142 6.26951 6.35789 6.38357 6.72762 6.3481 5.86823 6.38065 6.22001 6.24631 6.414 5.89606
7.84313 7.98994 7.94172 8.05216 7.826 8.03944 7.97485 8.00973 7.94165 7.05622 7.75324 7.22086 6.98903 7.58667 7.08252 6.48484 7.19858 7.3309 7.05368 7.59485 7.55008 7.48758 6.67513 7.8172 7.73158 7.93677 7.11843 7.13501 7.47385 6.99413
4.74659 4.72217 4.61379 4.77423 4.3846 4.19663 4.27178 4.23632 4.23477 4.86183 4.31322 4.45754 4.47065 4.71105 4.276 4.77239 4.34186 4.34048 4.71899 4.66169 4.551 4.73861 4.52425 4.72907 4.61743 4.77456 4.7408 4.70398 4.81568 4.63466
4.62406 4.64205 4.61106 4.66064 4.5567 4.58751 4.55492 4.56372 4.57619 4.89018 4.586 4.64439 4.65454 4.9266 4.59375 4.74037 4.6764 4.59349 4.82271 4.78421 4.82739 4.78332 4.93356 4.82619 4.78709 4.90274 4.74852 4.76362 4.81908 4.75542
4.4893 4.47354 4.46599 4.47078 4.44948 4.46413 4.44411 4.46851 4.44811 4.58801 4.40624 4.41333 4.45097 4.68025 4.45013 4.53984 4.40209 4.39471 4.24217 4.57802 4.74395 4.58689 4.65387 4.57266 4.57294 4.64777 4.55922 4.56944 4.59791 4.56225
4.53225 4.37169 4.28863 4.32319 4.36537 4.36776 4.4384 4.48839 4.49628 4.75736 4.05085 4.1471 4.16823 4.69067 4.30042 4.39182 4.11662 3.77129 4.04652 4.46844 4.1284 4.82825 4.72101 4.67374 4.5946 4.86069 4.65257 4.40667 4.64804 4.62281
7.8042 7.94356 7.85804 7.89751 7.77835 7.83247 7.73513 7.85083 7.73171 7.93507 7.98024 7.99838 8.12322 8.40349 8.07831 7.80317 7.92898 7.80354 8.14067 7.6058 7.96859 7.51987 7.51848 7.93816 8.19423 7.55446 7.35004 7.64233 7.85357 7.70695
92.2848 92.0049 92.0086 92.0982 91.9299 91.9959 92.1107 92.3509 92.2011 92.4957 91.9992 92.2345 92.4238 91.9005 92.0621 92.969 92.1672 92.0317 92.368 91.6935 91.8432 91.8838 91.5042 91.8055 91.5048 92.0836 92.1801 91.8907 92.467 92.1569
75.4943 75.6771 75.5166 75.5953 75.6618 75.4776 75.4327 75.362 75.4102 75.8134 75.5543 75.7748 75.4599 75.4919 75.5795 75.4394 75.7059 75.7466 75.511 75.3524 75.8651 75.8881 75.6074 75.3858 75.6162 75.1664 75.4838 75.9581 75.806 75.7464
74.3184 74.5091 73.4651 74.5002 73.857 73.9516 73.7587 73.5866 73.3817 73.5149 74.5922 73.2342 73.4806 75.1666 74.3816 72.4488 73.2584 73.3811 73.8519 74.2261 73.3413 73.9788 73.6174 73.5719 74.1203 72.3101 73.7957 73.8746 73.4281 73.7567
82.7864 83.0556 82.7944 83.0234 82.9542 82.5112 82.6732 82.3467 82.5603 82.48 82.8181 82.4468 82.8393 83.2864 82.7786 82.3653 82.531 82.6497 82.738 82.9746 82.8904 82.7532 82.7553 82.9293 83.0306 82.009 82.712 82.8839 82.473 82.8142
66.8744 66.8081 66.4001 66.8837 66.2701 66.6643 66.7622 66.709 66.8422 66.5724 66.5047 66.4421 66.3262 67.3094 66.4827 66.2724 66.2507 66.1353 66.6427 66.3379 66.7444 66.6075 65.7876 66.7631 66.3661 67.0497 66.3968 66.5 66.5031 66.3274
137.348 137.861 137.104 137.435 137.146 137.826 137.426 137.469 137.254 137.452 138.459 136.775 137.151 138.034 136.77 134.981 135.898 136.811 138.058 136.353 136.786 137.01 136.383 137.797 137.17 135.968 136.068 137.126 136.155 136.274
12.5983 12.7034 12.5746 12.847 12.1246 12.6036 12.5955 12.3948 12.5048 12.3261 12.4567 12.7038 12.7588 12.4569 12.6762 12.5114 11.597 11.7851 12.3589 10.2725 12.4979 11.2177 10.6062 12.582 10.6374 11.9155 12.3251 12.5163 12.3736 12.3769
5.55751 5.5879 5.62976 5.57072 5.56445 5.5187 5.54337 5.52853 5.51696 5.70711 5.04117 5.611 5.61044 5.80919 5.54858 5.7252 5.59219 5.61117 5.67083 5.58951 5.78441 5.81156 5.82289 3.76851 5.68114 5.77714 5.77441 5.82711 5.54886 5.75719
4.60771 4.58413 4.68922 4.59966 4.57388 4.67603 4.63038 4.56985 4.64171 4.64993 4.27897 4.38133 4.61582 4.82011 4.58285 4.77271 4.35343 4.36713 4.72563 4.73227 4.59744 4.63432 4.70335 4.72581 4.63632 4.7145 4.69217 4.53763 4.60914 4.63848
4.53685 4.54937 4.51565 4.5487 4.48992 4.46776 4.46585 4.46577 4.45589 4.56542 4.45972 4.44941 4.56852 4.64457 4.49618 4.56232 4.46923 4.45293 4.54256 4.5346 4.57873 4.58077 4.59105 4.55562 4.54063 4.61838 4.54861 4.56994 4.52665 4.57804
4.46638 4.47038 4.49621 4.46431 4.46678 4.43408 4.44125 4.43646 4.45467 4.52914 4.45429 4.49658 4.41293 4.52689 4.43529 4.51398 4.44641 4.46506 4.51301 4.51335 4.56538 4.50228 4.56033 4.44258 4.52076 4.48136 4.5182 4.49088 4.50088 4.50212
3.88899 3.98516 4.29878 3.91114 4.35428 4.11745 4.02915 3.99565 4.00553 4.53976 4.35571 4.2266 4.2298 4.59567 4.20663 4.44635 4.3553 4.31923 4.5178 4.6837 4.78084 4.51497 4.83763 4.59399 4.74226 4.42319 4.50603 4.32477 4.44362 4.68966
4.24552 4.23773 4.26053 4.23249 4.25235 4.27237 4.22786 4.22357 4.23165 4.66521 4.3204 4.23791 4.22812 4.29183 4.16279 4.32177 4.33686 4.29946 4.40629 4.37314 4.54485 4.36684 4.33 4.37574 4.39027 4.41095 4.32729 4.28777 4.34987 4.38139
7.27118 7.37415 7.44668 7.29812 7.36629 7.62051 7.50452 7.50747 7.49065 7.58228 7.71682 7.40943 7.43251 7.695 7.25409 7.23028 7.39352 7.49429 7.68021 7.42051 7.66597 7.41719 7.50657 7.78751 7.52331 7.47909 7.27734 7.47782 7.32746 7.36898
147.129 146.493 146.416 147.151 146.405 146.21 146.782 146.359 146.188 145.198 145.696 145.781 147.076 145.916 145.873 146.123 144.93 145.789 144.831 144.334 147.151 147.218 144.929 147.324 144.569 145.765 145.709 147.35 146.203 145.788
92.326 92.3357 92.4298 92.3703 92.4613 92.6105 92.3366 92.5869 92.6152 92.2356 92.2381 92.6552 92.3454 91.842 92.2838 92.3981 92.3584 92.1476 92.6478 92.2635 92.0422 91.7468 92.1016 92.1151 92.0671 92.2682 92.2924 92.2556 92.2292 92.0317
74.9096 74.9087 75.1794 74.933 75.2349 75.3463 75.3368 75.4456 75.5037 75.6812 75.3803 75.2805 75.3061 75.3611 75.2174 75.2519 75.3828 75.1568 75.6448 75.5326 75.4306 75.5176 75.457 75.3469 75.5298 75.1865 75.4491 75.456 75.4285 75.2149
73.2586 73.4108 73.306 73.4358 73.4406 73.992 74.0478 73.7024 73.6287 74.5352 74.1632 73.8548 73.8274 74.52 74.7009 74.5765 73.5606 73.7483 73.4715 73.9944 73.8373 73.5273 73.614 73.7391 74.1159 72.8161 73.5275 72.8137 75.5888 74.8745
82.7908 82.9057 82.7719 82.8734 82.6495 82.8142 82.8753 82.8114 82.5767 83.016 82.7513 82.7471 82.877 83.0014 83.1753 82.811 82.6288 82.7868 82.2552 82.9856 82.6848 82.9073 82.7177 82.9214 82.9448 82.371 82.7059 82.7233 83.4763 82.9403
66.2204 66.1967 66.1161 66.2845 66.1904 66.3684 66.3069 66.1598 66.2326 66.3189 66.2482 66.2383 66.2767 66.367 66.4373 66.2541 66.0291 66.2024 66.2896 66.0312 66.2089 66.7214 65.8081 65.8563 66.1491 65.8167 66.0272 67.8791 66.2345 66.4216
137.03 137.46 137.027 137.214 136.924 136.992 137.078 136.842 136.916 137.404 137.026 136.969 136.633 136.73 137.998 135.858 136.169 136.019 136.299 136.05 136.322 137.709 136.129 136.294 136.727 134.648 136.408 137.67 137.265 136.365
12.36 12.3696 12.4316 12.2817 12.4712 12.6463 12.4338 12.306 12.5056 12.6736 12.357 12.1665 12.7064 12.798 10.4865 12.8112 12.3528 12.294 12.5311 12.4243 12.3883 12.8147 12.4328 12.1477 12.5778 12.4463 12.6734 12.5623 12.7706 12.7231
5.53118 5.5727 5.54777 5.54268 5.6364 5.6595 5.63444 5.66136 5.66191 5.87991 5.60607 5.65574 5.61643 5.78988 5.65156 5.89283 5.65108 5.6632 5.89644 5.81766 5.33861 5.77245 5.82073 5.60318 5.88897 5.69639 5.79103 5.86085 5.86874 5.83707
4.63727 4.61579 4.59058 4.60905 4.52616 4.50296 4.58216 4.46728 4.49098 4.69948 4.46094 4.54549 4.51802 4.72869 4.5402 4.70308 4.45136 4.52523 4.63493 4.64423 4.5882 4.59031 4.56908 4.63213 4.60466 4.70869 4.62065 4.47847 4.82342 4.72096
4.56773 4.56853 4.5788 4.57327 4.5142 4.53269 4.56196 4.53513 4.54732 4.67385 4.51888 4.4929 4.53774 4.70777 4.60223 4.6429 4.46633 4.51611 4.62562 4.62973 4.56007 4.66591 4.63261 4.61007 4.62689 4.58342 4.65019 4.68348 4.75654 4.64292
4.46603 4.45866 4.44638 4.4543 4.43229 4.41038 4.43487 4.4739 4.44397 4.49143 4.42695 4.42582 4.45794 4.48304 4.38748 4.49514 4.40644 4.43101 4.49272 4.46529 4.43885 4.5905 4.48616 4.44417 4.49669 4.4982 4.48323 4.49626 4.4684 4.50291
4.3326 4.33693 4.30473 4.33468 4.32198 4.31409 4.32338 4.32362 4.32802 4.56484 4.31953 4.32793 4.31421 4.64394 4.30545 4.67575 4.30714 4.31103 4.65569 4.70163 4.60777 4.71307 4.61519 4.52115 4.64972 4.59933 4.59867 4.75788 4.55397 4.72191
4.26964 4.2668 4.26726 4.26499 4.26003 4.28014 4.30716 4.26912 4.26232 4.40459 4.20365 4.28928 4.2582 4.33976 4.23507 4.31653 4.21941 4.214 4.36523 4.31475 4.44161 4.46605 4.32817 4.32257 4.36386 4.3781 4.34286 4.39657 4.30122 4.33829
7.39067 7.45474 7.39533 7.38001 7.54414 7.41198 7.48306 7.40976 7.4237 7.38324 7.50206 7.51489 7.39803 7.65437 7.52663 6.79787 7.43936 7.3467 7.41707 7.36896 7.57252 7.51059 7.39993 7.40431 7.50699 7.27303 7.4261 7.48608 7.433 7.41491
147.562 147.011 147.619 147.596 148.122 148.124 148.072 148.05 148.07 147.424 147.335 147.216 147.338 148.109 145.086 147.893 147.066 147.464 148.4 147.239 145.997 147.24 147.435 145.934 147.115 144.97 149.213 147.179 147.65 147.717
92.8998 93.1566 92.9288 93.0942 92.8445 92.9478 92.9287 92.7105 92.8231 93.0993 92.6427 92.6714 92.4189 91.5562 92.817 92.3954 92.5709 92.75 92.4699 92.6079 92.22 91.4194 92.0042 91.6334 92.1925 92.5188 92.1538 90.1251 91.8811 91.8863
153.519 152.648 153.472 153.807 153.362 153.508 153.528 153.416 153.066 153.407 154.105 153.289 153.327 154.549 154.209 154.373 153.603 154.195 153.362 153.697 152.868 155.024 153.121 153.976 153.337 153.53 153.591 155.23 154.368 154.256
75.6599 75.7003 75.69 75.7624 75.4962 75.5274 75.5478 75.6386 75.712 75.8567 75.7834 75.8324 75.8165 76.303 75.791 75.807 75.3337 75.3666 75.7563 76.0024 75.5112 75.2537 75.7398 75.6505 75.8512 75.6841 75.6986 76.2446 75.9308 75.7829
73.4303 73.5603 73.3426 73.469 73.8106 73.803 73.9607 73.697 74.2099 73.3342 73.6906 74.0582 73.9667 73.5176 74.3503 73.4282 72.4857 72.886 72.9616 73.4854 73.0667 74.3619 73.5571 75.3318 73.9091 72.9266 73.4798 75.3782 73.3971 73.5047
82.7715 82.6842 82.7457 82.8098 82.6494 82.6956 82.6405 82.457 82.7169 82.4008 82.555 82.5657 82.6186 82.5922 82.752 82.7593 82.7264 82.8345 82.5229 82.5365 82.5315 82.3153 82.697 82.6969 82.7293 82.0384 82.9278 83.3367 82.9837 82.9258
66.0214 66.0958 66.0418 66.0944 66.112 66.0096 65.9866 65.9451 66.0116 65.8429 66.0013 66.3123 65.9346 66.1508 65.9828 66.0008 66.1178 65.9791 65.9453 65.8261 65.3964 66.0665 65.9046 66.1035 65.9302 65.6089 65.8723 67.9543 66.0457 65.9641
139.938 140.181 139.988 140.177 140.234 140.215 140.298 140.479 140.446 140.877 140.185 140.682 140.83 141.474 140.837 141.242 139.484 139.517 140.193 139.509 138.915 141.587 139.573 139.909 139.76 138.862 140.147 143.422 141.049 140.951
6.02326 6.03126 6.04209 6.03926 5.95955 5.94531 5.91377 5.95827 5.99018 6.48596 5.89356 5.98947 5.9251 6.48256 5.96864 6.48559 5.96108 5.98541 6.4938 6.48169 6.48323 6.16876 6.45814 6.35098 6.47264 6.44408 6.48786 6.43428 6.49968 6.48361
8.00216 7.66889 8.04216 8.02891 7.3107 7.64987 7.581 7.52393 7.39919 6.91396 7.74599 7.62461 7.74572 7.65414 7.93082 7.64025 7.43947 7.53181 7.54077 7.40975 7.27497 7.61834 7.31175 7.30334 7.35263 7.2923 7.38815 7.75332 7.74684 7.61576
4.72464 4.75363 4.73415 4.74014 4.61668 4.61333 4.48036 4.5133 4.52371 4.78072 4.50113 4.57024 4.4113 4.79296 4.52335 4.78979 4.61932 4.64901 4.84494 4.68482 4.72498 4.5891 4.67235 4.66066 4.62666 4.72057 4.78446 4.69262 4.65542 4.72757
4.7376 4.73311 4.71735 4.73025 4.65988 4.65276 4.66828 4.66461 4.64296 4.90438 4.69111 4.77687 4.7444 5.04044 4.70101 4.90209 4.51365 4.50218 4.88208 4.85491 4.77073 4.79069 4.80421 4.93254 4.83299 4.84941 4.87564 4.95958 4.85005 4.87783
4.50603 4.50495 4.51003 4.50683 4.4679 4.49854 4.48622 4.49593 4.47418 4.62471 4.46383 4.45946 4.46877 4.61949 4.51369 4.62337 4.50493 4.5335 4.64773 4.60894 4.53644 4.75545 4.61278 4.60362 4.61454 4.60916 4.61172 4.74016 4.62975 4.62112
4.43625 4.48517 4.51101 4.44423 4.38957 4.41413 4.38688 4.40445 4.38827 4.58644 4.40275 4.44053 4.33778 4.75023 4.37353 4.56191 4.40183 4.31049 4.60197 4.57182 4.65904 4.74074 4.659 4.58266 4.57716 4.65616 4.61259 4.43557 4.58903 4.61427
4.30569 4.30321 4.30446 4.30372 4.26035 4.27863 4.26185 4.25606 4.23721 4.50559 4.2573 4.27829 4.30044 4.58471 4.27465 4.49531 4.21889 4.24295 4.49406 4.47682 4.42561 4.6078 4.40651 4.44982 4.45275 4.49725 4.47293 4.65598 4.49406 4.48261
7.88909 8.06706 8.15462 7.87713 7.89491 7.91508 7.96309 7.97151 7.99517 8.09976 7.88857 8.044 8.00205 8.00124 7.9413 8.0138 7.77823 7.6525 7.91305 7.68333 7.62876 8.14754 7.7304 7.83948 7.78796 7.58374 7.85306 8.60269 8.03069 7.97156
92.5229 92.5569 92.5469 92.4452 92.44 92.5496 92.5494 92.3478 92.4381 92.2384 92.3505 92.1235 92.0984 91.8346 92.4952 92.6514 92.6213 92.5042 92.373 92.633 92.6605 91.9977 92.4611 92.6464 92.0197 92.6215 92.1898 92.1936 91.7597 92.1003
75.3244 75.1287 75.3325 75.2809 75.646 75.578 75.4347 75.5462 75.5388 75.7949 75.6861 75.9725 75.7678 76.0149 75.3062 75.525 75.3149 75.1379 75.4843 75.6429 75.4919 75.6863 75.5277 75.4899 75.6452 75.7281 75.5457 75.5497 75.991 75.8059
74.3751 74.3183 74.5502 74.333 73.1297 73.2963 73.5539 73.2661 73.4612 74.0241 73.2056 72.1604 73.4386 74.3489 72.8989 73.3032 73.4036 74.1578 73.0303 74.2006 73.5452 73.83 73.4967 72.7643 73.4297 73.2032 73.729 74.7093 75.1354 73.8455
82.8458 82.8298 82.856 82.8206 82.7217 82.7202 82.6202 82.7205 82.409 82.8059 82.5675 82.3296 82.76 82.817 82.6018 82.1659 82.7921 82.7408 82.3878 82.5082 82.4158 82.6929 82.3818 82.13 82.5656 82.1616 82.7877 83.4359 83.0677 82.5577
66.7954 66.5948 66.7503 66.6046 66.6205 66.4764 66.4343 66.419 66.403 66.318 66.2869 66.397 66.2619 66.3995 66.0761 66.4509 66.656 66.7227 66.2227 66.4105 66.3126 66.1851 66.218 65.9605 66.196 66.1022 66.4774 67.0738 66.472 66.5483
137.421 136.798 137.306 137.568 136.39 136.422 136.512 136.447 136.583 137.289 136.529 136.659 136.854 138.521 137.311 138.034 137.19 137.289 136.185 137.45 135.843 137.153 135.675 136.218 136.271 135.578 136.754 138.489 137.411 136.977
12.6118 12.3034 12.4016 12.3037 12.0783 12.2453 11.9909 11.9975 12.0068 11.9394 12.0382 11.8629 11.9997 11.9631 12.2027 11.9851 10.9751 10.9791 11.921 12.4709 12.3191 12.1205 12.4062 12.248 12.3673 12.4354 11.9874 12.4465 12.4755 12.1234
5.55306 5.59507 5.56437 5.49491 5.62815 5.60391 5.60066 5.63155 5.6325 5.75274 5.62221 5.64326 5.57687 5.72476 5.52469 5.23573 5.53341 5.51154 5.75204 5.59414 5.76073 5.84594 5.78098 5.84591 5.81836 5.79194 5.7317 5.61481 5.51782 5.57245
4.61582 4.61661 4.60847 4.6115 4.51142 4.53689 4.55452 4.55666 4.36616 4.68079 4.51255 4.34593 4.4095 4.62789 4.44084 4.6999 4.50187 4.51124 4.70525 4.71571 4.73359 4.63761 4.72009 4.71924 4.67357 4.65678 4.68287 4.7122 4.77328 4.68577
4.55937 4.54757 4.57803 4.56015 4.45708 4.46184 4.4828 4.48498 4.48844 4.6144 4.45613 4.37932 4.48563 4.61041 4.47189 4.61201 4.46199 4.48042 4.50962 4.61485 4.57209 4.54127 4.57316 4.54016 4.5392 4.55438 4.5313 4.62555 4.6512 4.55492
4.47781 4.48275 4.47384 4.48454 4.43976 4.49057 4.46359 4.47512 4.45985 4.53587 4.43988 4.48846 4.5017 4.50256 4.4379 4.52412 4.38791 4.41844 4.5313 4.52421 4.49514 4.52519 4.51016 4.55308 4.52188 4.52961 4.45829 4.60835 4.48502 4.51881
4.27849 4.21856 4.29376 4.3401 4.2524 4.25552 4.25263 4.25092 4.32738 4.71925 4.35922 4.29578 4.39578 4.45899 4.29787 4.5398 4.3191 4.24375 4.47918 4.56678 4.56533 4.64879 4.56995 4.70476 4.6173 4.54276 4.50306 4.75203 4.57325 4.46745
4.29008 4.25598 4.28514 4.28488 4.21459 4.24197 4.24703 4.21256 4.24248 4.41732 4.23948 4.22112 4.28856 4.35619 4.25404 5.28729 4.27101 4.22483 4.32077 4.37887 4.32702 4.34342 4.33845 4.34253 4.3875 4.33865 4.32783 4.44491 4.31519 4.34102
7.3678 7.21685 7.23552 7.35402 7.44118 7.35419 7.36331 7.41293 7.53585 7.64138 7.39812 7.48138 7.47051 7.96669 7.47397 7.99309 7.26473 7.34502 7.27241 7.50395 7.19943 7.54189 7.16049 7.53283 7.45824 7.31786 7.36673 7.95493 7.29311 7.41022
92.0496 91.9789 92.1759 91.9688 92.3009 92.4432 92.5296 92.5116 92.6239 91.8205 92.4024 92.2969 92.6873 92.4551 92.5435 92.4787 92.136 92.2729 92.2345 92.2394 92.6781 91.9981 92.5069 92.4776 92.5177 92.6032 92.3819 91.7762 91.8523 92.0621
75.5419 75.5229 75.5972 75.5512 75.6055 75.5128 75.4481 75.4277 75.4944 75.7766 75.1378 75.5087 75.2792 75.6461 75.5644 75.4329 75.5599 75.5915 75.5142 75.8321 75.5027 75.7814 75.4829 75.6078 75.4815 75.7811 75.5265 75.6954 75.4433 75.5806
73.2536 72.9542 73.2708 73.0769 73.0898 73.1449 73.2283 72.9894 73.2929 73.5429 73.7515 73.096 73.8494 73.6247 73.0383 73.2686 72.5314 72.8371 73.0667 73.9732 73.1732 73.6906 72.9287 73.1958 73.1136 73.3751 73.3586 73.6854 73.705 73.4118
82.7813 82.7048 82.774 82.7434 82.7669 82.7015 82.5273 82.4573 82.3383 83.001 82.8448 82.5679 82.4893 82.7424 82.4408 82.6311 82.7678 82.7669 82.601 82.9166 82.3866 82.8592 82.3332 82.5611 82.4388 82.5356 82.6162 82.9035 82.972 82.7321
65.9472 66.0649 65.9831 65.9173 65.9913 65.9715 66.1105 65.9073 66.1222 65.9343 66.0892 66.057 66.1392 66.2452 66.0007 65.9617 65.7774 66.0244 65.8557 66.0153 65.9972 66.0291 65.9209 65.9954 66.048 65.9394 66.0195 66.065 65.9351 65.9531
136.905 136.282 136.933 136.776 136.494 136.42 136.527 136.293 136.078 136.543 136.504 136.444 136.442 137.217 136.417 135.988 136.507 136.612 135.994 136.846 136.006 136.738 135.736 135.886 135.86 136.894 136.14 136.521 138.042 136.399
12.3699 11.7822 11.9109 12.2645 12.2411 12.2851 12.1719 11.8429 12.0557 12.0842 12.1506 11.8779 11.9174 11.9361 11.9829 11.9927 11.8159 11.1882 12.1124 12.259 11.9916 12.189 12.1184 12.1638 12.1339 12.1832 12.0894 12.1109 11.7126 12.131
5.63721 5.63798 5.65067 5.63236 5.63817 5.58097 5.60974 5.6382 5.6563 5.82603 5.61169 5.59845 5.60074 5.828 5.61084 5.83531 5.64219 5.65115 5.786 5.86678 5.8349 5.81982 5.82358 5.83969 5.81123 5.84621 5.82271 5.83756 5.81664 5.82401
4.63857 4.67126 4.65815 4.64929 4.40345 4.3863 4.45423 4.38889 4.31348 4.6658 4.51715 4.46154 4.45448 4.66544 4.26883 4.69714 4.32172 4.27495 4.64928 4.71963 4.67696 4.66281 4.66738 4.66475 4.65888 4.68803 4.66881 4.63841 4.63963 4.65053
4.61086 4.59509 4.60213 4.59605 4.4997 4.53135 4.53445 4.54001 4.49471 4.62876 4.55276 4.48689 4.51655 4.60692 4.49129 4.61397 4.53028 4.52891 4.60928 4.64451 4.61908 4.64084 4.58151 4.60601 4.59694 4.69449 4.62313 4.60519 4.61631 4.59634
4.47689 4.47931 4.47279 4.47344 4.42567 4.44674 4.41638 4.42221 4.43862 4.47808 4.41494 4.44854 4.40892 4.49658 4.43665 4.48433 4.42598 4.41465 4.48459 4.47415 4.50113 4.48792 4.49979 4.45512 4.4748 4.49144 4.4837 4.48723 4.49158 4.49973
4.3837 4.3956 4.39621 4.39082 4.35654 4.32302 4.32237 4.35375 4.32607 4.67321 4.33412 4.31868 4.26127 4.59216 4.36235 4.61606 4.4047 4.33197 4.5809 4.57265 4.61991 4.61718 4.62002 4.62505 4.60684 4.4738 4.60308 4.68124 4.60874 4.65662
4.29064 4.2934 4.28475 4.28637 4.23456 4.25228 4.23593 4.28167 4.23548 4.34495 4.25709 4.26433 4.2047 4.44539 4.27491 4.3443 4.23619 4.22586 4.34755 4.36177 4.34696 4.3841 4.33977 4.34569 4.3462 4.73951 4.34732 4.31854 4.38792 4.31803
7.40698 7.5022 7.3006 7.44714 7.42075 7.43269 7.34287 7.4132 7.4087 7.36636 7.45988 7.4885 7.39701 7.70001 7.30892 7.37821 7.28653 7.27993 7.42311 7.37011 7.33802 7.61222 7.29806 7.3055 7.41163 7.66068 7.40965 7.43631 7.88886 7.35208
147.05 146.16 147.123 147.099 147.319 147.295 147.566 147.33 147.276 147.56 147.776 146.943 147.447 147.799 147.094 147.77 146.369 145.449 147.941 148.359 147.895 147.657 148.067 147.737 147.895 147.695 148.253 147.033 147.185 148.135
91.9802 92.1214 92.0098 92.0163 92.5085 92.3905 92.5002 92.4118 92.7408 91.9306 92.5388 92.7502 92.3421 92.5249 91.7607 92.732 91.9643 92.1378 92.1515 91.9371 92.5183 92.0488 92.6357 92.3067 92.404 92.0968 92.2836 92.1573 91.9132 92.3508
153.652 153.771 153.621 153.608 153.165 153.431 153.51 153.107 153.025 152.941 153.078 152.986 152.255 152.733 153.727 152.375 153.226 153.081 153.054 153.101 152.62 152.705 152.244 152.832 152.995 152.814 152.707 152.45 152.946 152.585
139.628 139.642 139.452 139.612 139.462 139.242 139.353 139.302 139.308 139.163 139.728 139.322 139.468 139.18 139.605 139.197 139.348 139.769 139.093 139.262 139.177 139.007 139.054 139.039 139.086 138.81 139.296 139.355 139.661 139.26
5.91228 5.92653 5.90809 5.92566 5.87769 5.8814 5.86742 5.93595 5.93427 6.42138 5.92887 5.88717 5.95712 6.4052 5.88154 6.44175 5.94721 5.84017 6.36718 6.40474 6.42747 6.39768 6.40979 6.38151 6.40171 6.40507 6.38954 6.42291 6.4106 6.39704
7.61795 7.62677 7.64148 7.62677 7.43565 7.46158 7.3355 7.25635 7.20732 6.79027 7.55896 7.06467 7.02511 6.66529 7.60161 6.5552 7.38631 7.46806 6.90512 6.95561 6.7093 6.68966 6.52871 6.75477 6.83591 6.69497 6.79314 6.51687 6.74609 6.76302
4.61412 4.59127 4.62274 4.61109 4.46025 4.23356 4.21404 4.23408 4.24276 4.65712 4.19824 4.23047 4.23143 4.73533 4.24325 4.66529 4.26082 4.27397 4.69505 4.63956 4.66039 4.68861 4.69434 4.71761 4.65038 4.69165 4.68408 4.66334 4.64692 4.68886
4.73194 4.71568 4.72028 4.71671 4.6235 4.61143 4.58641 4.62351 4.60829 4.83112 4.67844 4.67667 4.66781 4.8631 4.73745 4.82812 4.57769 4.63858 4.86378 4.81906 4.83732 4.84239 4.84207 4.85008 4.84602 4.84603 4.8655 4.84375 4.84306 4.85368
4.46308 4.4588 4.46028 4.45874 4.44118 4.45838 4.44651 4.44247 4.41907 4.56798 4.42647 4.42503 4.45354 4.56151 4.46962 4.56197 4.45933 4.45439 4.55855 4.56733 4.56213 4.56908 4.56503 4.56516 4.55742 4.57262 4.56414 4.57441 4.5689 4.56869
7.77135 7.73825 7.74052 7.80174 7.79508 7.82369 7.80632 7.75485 7.91815 7.63958 7.75872 7.79664 7.81628 7.68872 7.83896 7.69549 7.82431 7.85568 7.66475 7.79165 7.66295 7.63187 7.6534 7.70277 7.68324 7.54768 7.66084 7.74314 7.90364 7.67972
92.336 92.3217 92.4331 92.4462 92.8554 92.8844 93.0558 93.0391 92.8495 92.5976 92.7348 92.8164 93.0105 92.946 92.0191 92.7108 92.3377 92.6498 92.5729 92.3357 92.5863 92.6872 92.8286 92.7542 92.5432 92.6159 92.5851 92.6123 92.3479 92.6703
153.928 153.96 153.833 153.869 153.769 153.566 153.483 153.648 153.456 153.406 153.48 153.194 153.77 153.361 154.863 153.793 154.174 153.889 153.488 153.563 153.78 153.425 153.373 153.34 153.662 153.569 153.467 153.484 153.543 153.462
139.838 139.848 139.558 139.904 138.972 138.539 138.889 138.61 139.576 139.138 139.744 139.478 138.851 139.083 140.046 138.924 139.48 139.532 139.087 138.823 139.262 139.094 138.809 139.147 139.291 138.991 139.229 138.888 139.046 139.151
5.86926 5.89447 5.87604 5.88329 5.81411 5.79387 5.88166 5.83337 5.81215 6.35107 5.85819 5.86311 5.87242 6.32125 5.87829 6.39196 5.81334 5.88699 6.34232 6.35814 6.37724 6.33999 6.35687 6.33811 6.36917 6.34324 6.34621 6.37038 6.35836 6.34925
7.8188 7.84972 7.82469 7.8587 7.70052 7.32335 7.48061 7.51793 7.59057 7.17811 7.60554 7.49796 7.69444 7.13077 8.2266 7.26137 8.05483 7.88728 7.24142 7.17614 7.27486 7.17652 7.21507 7.16866 7.27106 7.1273 7.23052 7.23137 7.2258 7.23179
4.4639 4.48855 4.50418 4.50505 4.25777 4.29875 4.28484 4.25205 4.21282 4.59478 4.20914 4.22865 4.26031 4.58589 4.22539 4.53661 4.14313 4.33582 4.60217 4.54379 4.53036 4.625 4.62571 4.59955 4.52215 4.6534 4.62247 4.59854 4.62708 4.60993
4.61819 4.61689 4.61421 4.59687 4.58926 4.56858 4.57493 4.55319 4.55858 4.76368 4.49798 4.56654 4.57936 4.74176 4.78275 4.68539 4.51544 4.57178 4.76705 4.75832 4.70371 4.75318 4.74718 4.74881 4.71454 4.74194 4.75166 4.74929 4.74036 4.76071
7.83834 7.83942 7.88345 7.87641 7.74065 7.67571 7.66505 7.654 7.78147 7.63265 7.83947 7.76188 7.71577 7.64158 7.93173 7.68813 7.51979 7.74251 7.69242 7.51443 7.73952 7.68666 7.62297 7.65496 7.79383 7.59306 7.65553 7.60621 7.53256 7.67602
93.6783 93.6685 93.759 93.7579 93.795 93.2567 93.3239 93.4056 93.7408 93.7878 93.9949 93.7653 93.5488 93.8973 93.6485 93.7479 93.1457 93.1056 93.6526 93.518 93.7966 93.7839 93.8462 93.8453 93.7489 93.6124 93.8198 93.6995 93.8174 93.7672
75.7001 75.7424 75.7238 75.7536 75.7437 75.9861 75.7717 75.7136 75.8989 75.5442 75.5628 75.8247 75.7266 75.6019 75.8117 75.5012 75.9993 76.2682 75.608 75.6821 75.6335 75.564 75.6718 75.6538 75.507 75.7839 75.5282 75.6484 75.6055 75.5768
71.4991 71.4829 71.5185 71.4208 72.0886 72.2472 72.4822 72.2631 71.9903 71.8635 72.0274 71.976 71.8042 71.5913 72.1817 71.7496 71.2439 71.7116 71.8869 71.9229 71.6611 71.8084 71.632 71.7214 71.7517 71.6029 71.6932 71.8922 71.6448 71.716
82.8091 82.8244 82.7124 82.7039 82.242 82.5455 82.5389 82.4484 82.3515 82.3341 82.3156 82.4073 82.6257 82.1867 82.4551 82.264 81.8954 81.8436 82.5314 82.517 82.2533 82.3321 82.2441 82.2478 82.4854 82.3478 82.3302 82.3617 82.2251 82.3037
95.0736 95.0349 95.6624 95.1194 98.1103 96.4732 97.2638 97.1901 97.1581 96.9345 97.1953 96.6522 97.5335 96.6246 98.7907 96.9518 100.86 102.116 96.2931 96.7725 97.2124 96.5902 96.7169 96.7713 96.4705 98.285 96.5118 96.7451 96.761 96.5713
65.3138 65.3242 65.2612 65.3505 64.5098 64.6527 64.4209 64.3514 65.1546 65.0339 65.1244 64.9962 64.6839 65.0744 65.5048 64.6055 65.4297 65.3603 65.1263 64.8077 64.4887 65.1121 65.1373 65.1429 64.9096 65.1785 65.1561 64.9849 65.1243 65.1204
140.421 140.528 140.589 140.705 140.714 140.613 140.828 140.296 140.718 140.455 140.256 140.199 140.594 140.435 141.441 140.801 140.884 141.184 140.623 140.441 140.744 140.623 140.48 140.691 140.808 141.078 140.534 140.796 140.591 140.688
5.49854 5.49416 5.47853 5.47948 5.47751 5.51953 5.50479 5.49794 5.49813 5.53905 5.50134 5.48483 5.49808 5.54608 5.10095 5.52523 4.25717 4.65024 5.5245 5.52895 5.54159 5.52062 5.53907 5.52441 5.53948 5.53112 5.5169 5.53194 5.53128 5.51438
4.34333 4.34041 4.32146 4.33991 4.17042 4.15531 4.15786 4.14991 4.12801 4.38303 4.15137 4.11773 4.12155 4.35379 4.41703 4.39655 4.0692 4.10605 4.36375 4.39452 4.3719 4.38633 4.35002 4.36657 4.37861 4.40633 4.38502 4.38133 4.38767 4.38496
4.38611 4.38859 4.38105 4.38555 4.37442 4.4069 4.41179 4.39336 4.38284 4.40178 4.40113 4.3766 4.37774 4.39897 4.33805 4.40445 4.32669 4.36611 4.39954 4.4128 4.41224 4.3922 4.39824 4.39247 4.41773 4.39153 4.39204 4.39944 4.38757 4.39091
4.34059 4.33985 4.34404 4.34042 4.36664 4.37376 4.3605 4.3499 4.34892 4.39905 4.33204 4.32882 4.36897 4.40023 4.37757 4.40454 4.40386 4.44202 4.39039 4.40113 4.41469 4.39686 4.40633 4.39859 4.38233 4.36888 4.39704 4.39375 4.40573 4.39595
4.98166 5.07415 5.15104 5.1741 5.27239 5.22905 5.23852 5.27377 5.23056 5.07575 5.18882 5.05317 5.28661 4.9798 5.61213 5.14948 6.54055 6.75587 4.97865 5.02922 5.15036 5.06231 5.10347 5.14575 4.87063 5.22755 5.05237 5.06217 5.1525 5.10645
4.39877 4.38444 4.34876 4.35697 4.51122 4.52073 4.56491 4.54722 4.32216 4.39284 4.2907 4.27864 4.52704 4.35698 4.33094 4.68943 4.21768 4.22308 4.3528 4.56372 4.64483 4.36149 4.34111 4.18004 4.46871 4.61359 4.28148 4.40531 4.29524 4.31077
4.1712 4.17306 4.17479 4.1802 4.12004 4.11964 4.11958 4.14631 4.15544 4.4966 4.12269 4.1833 4.12727 4.50982 4.11324 4.50073 4.26104 4.20454 4.49637 4.49548 4.52257 4.48751 4.50403 4.50423 4.52738 4.53102 4.49747 4.49404 4.50326 4.49592
7.50258 7.53306 7.53795 7.53445 7.56184 7.65668 7.65072 7.60214 7.52928 7.43895 7.437 7.42575 7.66074 7.39383 7.69328 7.43462 7.85968 7.78362 7.43707 7.43276 7.44411 7.43138 7.43533 7.44815 7.41784 7.48894 7.41534 7.4515 7.44578 7.42883
93.3429 93.3591 93.3894 93.3911 92.8809 92.7878 92.9499 92.7329 93.4288 93.3075 93.4436 93.506 93.1712 93.1637 90.9925 93.5045 92.5746 93.2812 93.2379 93.4718 93.5467 93.3021 93.3671 93.3465 93.249 93.3434 93.4308 93.3117 93.2701 93.3205
77.0295 77.0169 77.045 77.0315 77.0226 76.9995 77.0103 76.9753 76.8047 77.0024 76.9031 76.9061 76.9685 77.0964 76.6536 77.0738 76.6657 76.4856 77.0347 77.024 76.9904 77.0496 77.0352 77.0483 77.0822 77.0399 76.9589 77.0263 77.0865 77.0398
69.3684 69.3705 69.3281 69.3699 70.0693 70.3846 70.4704 70.4047 69.5863 69.5311 69.5142 69.904 69.7361 69.4416 71.0668 68.9466 69.8879 70.252 69.6062 69.4307 69.2848 69.6267 69.3592 69.3786 69.6173 69.3425 69.5574 69.6186 69.3567 69.3527
82.3317 82.2901 82.2813 82.2449 82.6215 82.6701 82.6228 82.6167 82.2264 82.0866 81.9995 81.9502 82.392 82.2716 82.0613 81.9825 82.0787 81.7115 82.1248 81.8404 81.8574 82.0442 82.071 81.9742 82.0972 82.0035 81.8592 82.0202 81.9527 81.99
96.096 96.1182 96.6256 96.427 99.2456 98.8881 99.2302 99.0668 98.2234 98.0496 97.8416 98.4606 98.0649 97.8881 96.6917 97.2704 96.7302 96.1689 97.9694 97.8415 97.6795 97.9965 97.7719 97.9923 97.7351 98.0922 97.8368 98.2599 97.8002 97.8129
64.9364 64.9513 64.9333 64.9961 64.6511 64.7752 64.5888 64.6281 64.6494 64.7379 64.8795 64.7737 64.5105 64.7833 65.3382 64.8557 64.6236 64.3883 64.7427 64.7419 64.787 64.753 64.8706 64.7448 64.7779 64.6591 64.8297 64.6667 64.7724 64.7672
141.433 141.478 141.432 141.597 141.147 141.338 141.435 141.345 141.586 141.697 141.68 141.482 141.183 141.815 142.011 141.777 141.527 141.41 141.696 141.647 141.764 141.762 141.847 141.623 141.751 141.803 141.639 141.708 141.663 141.633
5.59854 5.59408 5.6079 5.60631 5.62692 5.65376 5.61624 5.64146 5.60287 5.66753 5.61755 5.64424 5.63669 5.66984 5.83782 5.68477 5.54592 5.4583 5.65925 5.6825 5.68247 5.66374 5.66641 5.66875 5.67074 5.69185 5.66016 5.67048 5.67912 5.66515
4.16627 4.16875 4.15157 4.16646 4.0364 4.10568 4.10084 4.1093 4.11793 4.18725 4.10849 4.03513 4.0307 4.1773 4.12756 4.23077 4.02314 4.0511 4.18 4.19369 4.19896 4.18339 4.18117 4.1807 4.19435 4.23261 4.1708 4.1801 4.19221 4.18143
4.31936 4.32111 4.32223 4.32438 4.31748 4.31655 4.31108 4.31901 4.29613 4.32673 4.31583 4.33714 4.29491 4.33117 4.29885 4.34832 4.32309 4.32197 4.32369 4.33093 4.33213 4.32472 4.32937 4.32508 4.33077 4.33035 4.33006 4.32409 4.33048 4.32453
4.32932 4.32903 4.3334 4.33057 4.33253 4.32585 4.3235 4.32511 4.31584 4.38999 4.33195 4.34111 4.30284 4.3824 4.1804 4.39844 4.29275 4.31326 4.3843 4.39832 4.39119 4.38725 4.38378 4.39664 4.38845 4.39103 4.38909 4.39563 4.39355 4.39512
5.43196 5.44122 5.4595 5.46678 5.58726 5.59038 5.59757 5.56128 5.53025 5.44246 5.42874 5.48722 5.47762 5.44479 5.46664 5.45562 5.64819 5.63621 5.43176 5.46582 5.44276 5.44737 5.43739 5.45068 5.41086 5.49959 5.43738 5.46432 5.44811 5.46102
4.36728 4.34514 4.32688 4.32105 4.46352 4.42707 4.46849 4.44969 4.2953 4.42881 4.29748 4.26425 4.47131 4.46929 4.09138 4.47015 4.22134 4.21571 4.40094 4.3673 4.39325 4.41103 4.35237 4.38899 4.42998 4.53872 4.31375 4.42179 4.41132 4.40353
4.18582 4.18973 4.19519 4.1983 4.13042 4.15289 4.14706 4.10471 4.17306 4.50815 4.12857 4.13316 4.13485 4.52133 4.05515 4.53901 4.17772 4.13856 4.50057 4.51673 4.53066 4.49717 4.53564 4.51464 4.49884 4.51702 4.51305 4.50268 4.51113 4.515
7.74826 7.75072 7.75112 7.76321 7.74023 7.72806 7.71645 7.73225 7.72893 7.73674 7.73024 7.71783 7.70137 7.75623 7.66498 7.76649 7.75713 7.74069 7.72516 7.75002 7.74997 7.73924 7.75846 7.73388 7.72775 7.76755 7.73779 7.73604 7.74428 7.7396
