5.76675 5.76716 5.77095 5.72016 5.7663 5.71541 5.71782 5.716 5.71273 5.71039 5.72715 5.70282 5.70039 5.70375 5.69876 5.72833 5.6915 5.90592 5.9153 5.88872 5.88258 5.90295 5.88236 5.89737 5.89456 5.88991 5.90642 5.89232 5.90116 5.8833 4.64362
4.64311 4.64896 4.57515 4.64485 4.58791 4.53526 4.54157 4.50808 4.49265 4.47984 4.51741 4.34485 4.35598 4.27957 4.28148 4.31639 4.70724 4.5798 4.64256 4.70421 4.78596 4.64563 4.67865 4.68692 4.72952 4.61187 4.64348 4.7208 4.69704 4.61016 4.60863
4.61132 4.50353 4.60666 4.47663 4.4762 4.4841 4.46001 4.47641 4.48113 4.48392 4.48421 4.54762 4.48845 4.46193 4.62355 4.64633 4.60433 4.61716 4.63751 4.69439 4.60585 4.61248 4.60286 4.6392 4.62082 4.58113 4.58571 4.61649 4.23168 4.23224 4.23639
4.23948 4.23335 4.22456 4.23046 4.23802 4.25275 4.26418 4.22072 4.24453 4.23367 4.69585 4.70122 4.70457 4.7118 4.70943 4.70648 4.70758 4.71347 4.71772 4.696 4.70336 4.70783 4.7076 7.84758 7.84449 7.86257 7.75984 7.84371 7.80727 7.83405 7.80356
7.83191 7.79618 7.81728 7.83652 7.85492 7.94147 7.83634 7.90761 7.96105 7.97496 7.97738 8.00746 8.09726 8.08472 8.03232 8.0192 8.00049 8.08023 8.04555 8.03089 8.09663 8.08725 5.69618 5.69751 5.70311 5.65439 5.6956 5.6686 5.68691 5.66826 5.6772
5.67571 5.69225 5.69252 5.69231 5.66596 5.6823 5.65143 5.66879 5.85168 5.81221 5.87746 5.85739 5.90095 5.87597 5.84359 5.87369 5.85269 5.88646 5.88585 5.84354 5.85706 4.57121 4.56705 4.57378 4.48145 4.56517 4.51065 4.53802 4.47237 4.30638 4.29721
4.3005 4.31585 4.26419 4.26925 4.32463 4.42314 4.33492 4.69467 4.64925 4.63824 4.6518 4.59624 4.69912 4.64519 4.60743 4.67151 4.62956 4.62355 4.66101 4.65962 4.65227 4.6532 4.65622 4.56571 4.64843 4.59742 4.56074 4.55396 4.53721 4.53286 4.52307
4.52162 4.54141 4.60767 4.57352 4.69513 4.61782 4.6386 4.60723 4.64842 4.64845 4.68148 4.67053 4.60655 4.63805 4.64888 4.59717 4.59214 4.64843 4.65411 7.34326 7.34896 7.34908 7.44296 7.35064 7.45153 7.42986 7.45536 7.44522 7.4675 7.46869 7.47406
7.31682 7.42019 7.34498 7.28412 7.35386 7.46308 7.6997 7.52141 7.4276 7.34488 7.50028 7.45571 7.42501 7.43316 7.65331 7.52159 7.49763 7.40992 92.7572 92.7515 92.7683 93.1681 92.8053 93.1086 93.1805 93.2502 92.994 93.0693 93.0912 93.0053 92.7297
92.5747 93.0046 92.7707 92.8206 93.0723 92.3962 92.828 92.7621 92.5545 92.4661 92.8433 92.6201 92.9352 92.7157 92.4809 92.8269 92.7412 154.303 154.244 154.219 154.463 154.328 154.237 154.418 154.318 154.336 154.489 154.56 154.239 153.921 154.144
154.051 154.151 154.243 154.569 154.085 154.19 154.103 154.557 154.236 154.121 154.378 154.048 154.257 154.219 153.976 154.192 75.3508 75.3278 75.3566 75.3675 75.3559 75.3494 75.4233 75.4013 75.4328 75.4277 75.4924 75.3428 75.4748 75.2433 75.3866
75.5977 75.6983 75.4549 75.3433 75.5698 75.3697 75.57 75.5002 75.3804 75.4912 75.1468 75.5289 75.5729 75.3436 75.4642 73.3823 73.3915 73.3548 73.1356 73.3236 73.4429 73.423 73.1484 73.0922 73.2242 73.098 73.0776 72.875 73.1879 72.6154 72.7055
72.9143 72.9336 72.8022 73.1457 72.9752 73.1744 72.8793 72.9556 73.363 73.1231 73.0582 72.7526 73.2291 72.836 82.5941 82.5887 82.5722 82.4584 82.5647 82.4641 82.3553 82.3337 82.248 82.2446 82.2259 82.2557 82.466 82.6221 82.9321 82.6004 82.7133
82.4168 82.463 82.5167 82.4555 82.6072 82.5413 82.4247 82.6919 82.5426 82.5817 82.5054 82.4464 82.4307 65.5798 65.6019 65.5903 65.4135 65.5887 65.5325 65.4345 65.447 65.5321 65.4465 65.4379 65.4926 65.4489 65.6361 66.1247 66.2031 65.7151 65.6046
65.3867 65.6959 65.492 65.6992 65.4603 65.5075 65.6945 65.6346 65.6448 65.4723 65.5342 65.4605 139.897 139.908 139.965 139.446 139.871 139.69 139.584 139.605 139.61 139.467 139.524 139.565 139.644 139.76 139.771 139.49 139.649 139.406 139.108
139.451 139.314 139.874 139.239 139.426 139.419 138.606 139.4 139.191 139.233 139.289 5.97645 5.97576 5.97696 5.90948 5.97525 5.93973 5.96432 5.95979 5.94721 5.96009 5.94551 5.9671 6.01057 5.88807 5.9767 5.94582 5.96166 6.48414 6.45311 6.47529
6.44204 6.49082 6.47141 6.43849 6.48443 6.4563 6.49055 6.48148 6.42905 6.43473 7.83202 7.81903 7.8229 7.8402 7.82791 7.83219 7.80734 7.81796 7.75145 7.78373 7.79906 7.72388 7.82169 7.78595 8.11338 8.04705 7.99782 7.26666 7.35327 7.33161 7.32303
7.28538 7.34647 7.33082 7.36165 7.31317 7.33599 7.32229 7.32973 7.38296 4.60978 4.60426 4.60763 4.23013 4.60538 4.22911 4.23144 4.21774 4.22485 4.24727 4.21709 4.21996 4.19063 4.26251 4.4759 4.3298 4.24302 4.65848 4.64861 4.58329 4.65039 4.60294
4.62099 4.65596 4.56775 4.54067 4.57978 4.59074 4.64928 4.65074 4.69265 4.69329 4.69398 4.6807 4.6953 4.69704 4.67886 4.66338 4.63627 4.64282 4.6436 4.62748 4.61389 4.59803 4.55556 4.62247 4.64689 4.81614 4.80769 4.7908 4.82519 4.77999 4.80302
4.82959 4.79075 4.81566 4.79588 4.77093 4.83739 4.82563 4.50443 4.50331 4.50475 4.47214 4.50508 4.46951 4.47716 4.46776 4.47309 4.47794 4.47329 4.47311 4.46735 4.47988 4.47847 4.4638 4.50965 4.59809 4.61045 4.60088 4.59718 4.59342 4.61129 4.59628
4.59724 4.61104 4.60915 4.60776 4.60215 4.60076 4.4406 4.44296 4.44527 4.45515 4.44646 4.46406 4.45231 4.45818 4.45296 4.43694 4.44762 4.41228 4.41735 4.437 4.47303 4.45195 4.43604 4.64597 4.74681 4.66042 4.65706 4.71522 4.71476 4.65656 4.72886
4.7249 4.6753 4.71522 4.6623 4.70858 4.27488 4.27641 4.27878 4.24868 4.27767 4.24757 4.25061 4.24486 4.25788 4.23668 4.24271 4.24786 4.25664 4.24228 4.27255 4.28954 4.2348 4.48048 4.47131 4.45344 4.47144 4.44443 4.46605 4.47228 4.43786 4.47141
4.43582 4.47007 4.47298 4.47355 7.89301 7.90458 7.90156 7.90232 7.91896 7.91473 7.89263 7.88822 7.89357 7.93809 7.95602 7.88548 7.85598 7.80691 7.75297 7.79064 7.89656 7.69157 7.68262 7.80358 7.74347 7.84676 7.62632 7.78446 7.83121 7.71328 7.8729
7.83266 7.76326 7.75817 5.51506 5.52194 5.5232 5.49647 5.51722 5.50033 5.51071 5.52439 5.52082 5.52816 5.51763 5.53975 5.48656 5.51328 4.80636 5.03738 5.02206 5.56324 5.56951 5.55781 5.56259 5.54599 5.57186 5.56398 5.56273 5.5872 5.55295 5.54116
5.54318 5.52995 4.45298 4.45486 4.45147 4.39411 4.45883 4.39418 4.41222 4.37475 4.35329 4.38146 4.28842 4.26068 4.23605 4.23252 4.40891 4.42156 4.38892 4.46345 4.4859 4.45189 4.48844 4.54193 4.49935 4.48199 4.45512 4.55614 4.51688 4.50384 4.45064
4.44117 4.44233 4.44428 4.44419 4.43208 4.44641 4.43838 4.41488 4.42523 4.44359 4.42539 4.42824 4.43288 4.41798 4.44897 4.42495 4.38337 4.40473 4.43831 4.44528 4.44157 4.45053 4.45929 4.45571 4.44876 4.4601 4.48005 4.43499 4.48318 4.434 4.44918
5.1924 5.17328 5.21566 5.28938 5.21264 5.3279 5.32655 5.24633 5.31398 5.30112 5.32464 5.20066 5.34379 5.17823 6.69401 6.5597 6.59672 5.18305 5.09899 5.14107 5.06745 5.16491 5.15279 5.10761 5.05547 5.01645 5.04605 5.20685 5.11636 5.20989 7.43044
7.42915 7.43466 7.44332 7.4414 7.43532 7.45165 7.40688 7.44393 7.44114 7.43225 7.40197 7.44559 7.37639 7.55586 7.60155 7.71214 7.30801 7.38406 7.43161 7.40045 7.3881 7.42215 7.40331 7.3622 7.52453 7.37458 7.46048 7.4269 7.41335 5.70133 5.69773
5.70122 5.63561 5.69971 5.64182 5.65574 5.65968 5.66838 5.65657 5.67723 5.67449 5.64457 5.62361 5.67118 5.67879 5.66472 5.86553 5.80355 5.8785 5.84022 5.8983 5.82451 5.81864 5.90019 5.82894 5.9345 5.84308 5.82601 5.85292 4.57102 4.56812 4.56982
4.19726 4.56737 4.19998 4.19758 4.18694 4.19881 4.1851 4.20146 4.19727 4.32391 4.33168 4.33081 4.33979 4.34296 4.66604 4.51155 4.64142 4.57003 4.65901 4.56853 4.56504 4.67945 4.58496 4.75641 4.60668 4.66295 4.60112 4.49531 4.49251 4.49803 4.45338
4.49641 4.46507 4.47272 4.47488 4.47805 4.48638 4.46506 4.4815 4.47641 4.47876 4.44098 4.46528 4.40898 4.54612 4.51552 4.53074 4.55824 4.5942 4.51147 4.50391 4.54763 4.5326 4.5847 4.53321 4.53015 4.53719 4.41574 4.41289 4.41702 4.45502 4.40972
4.42926 4.43979 4.46209 4.49449 4.47687 4.45982 4.41029 4.43317 4.4116 4.57686 4.51361 4.45579 4.78478 4.75397 4.74617 4.69236 5.01844 4.66252 4.66956 4.82298 4.66709 4.74942 4.8106 4.69837 4.75866 4.30443 4.30146 4.30337 4.29869 4.30431 4.27484
4.28401 4.30692 4.30898 4.31383 4.26044 4.28395 4.3033 4.28843 4.39328 4.2829 4.25987 4.40523 4.45389 4.44568 4.39537 4.59583 4.39493 4.39551 4.45707 4.3966 4.4558 4.38775 4.46225 4.45079 7.65169 7.6444 7.65242 7.64553 7.64614 7.62003 7.63323
7.62243 7.64621 7.64605 7.63457 7.62588 7.5826 7.60406 7.72164 7.8888 7.70455 7.71489 7.59854 7.71193 7.72726 7.70329 7.68535 7.71364 7.68558 7.73726 7.50744 7.66537 7.76813 7.80166 93.6366 93.6662 93.6275 93.8222 93.655 93.8794 93.9298 93.8286
93.8894 93.7323 93.652 93.7327 93.6394 93.4286 93.5027 93.7099 93.3059 93.6607 90.8883 93.2725 93.3166 93.2955 93.6986 94.214 93.4421 93.5882 92.2359 93.7253 92.3316 93.0832 74.9781 74.96 74.9714 74.8219 74.9747 74.694 74.6015 74.7034 74.614
74.7722 74.7902 74.6146 74.6417 75.1102 74.6703 74.4615 74.7282 75.7792 75.3482 75.1767 75.3475 76.0269 75.3718 75.4957 75.5366 75.5278 75.1336 75.5566 75.6841 75.1176 73.6749 73.7209 73.8309 72.5601 73.7797 72.9695 73.0219 73.314 73.2075 73.6302
73.1268 73.1671 71.3802 73.4732 73.0988 73.6652 74.1939 72.5466 75.7062 72.655 72.8503 72.297 73.0858 72.0517 71.9066 72.7539 73.0798 73.2248 74.1549 73.1353 83.4357 83.441 83.4527 82.955 83.4227 83.1469 83.135 83.3038 83.3897 83.4275 83.2377
83.2257 82.8458 83.1759 83.0471 83.4204 83.4424 82.7758 83.934 83.1858 82.8981 82.3567 82.7832 82.6655 82.8401 82.6248 83.3619 83.0518 83.0879 83.0277 103.922 103.777 103.904 103.924 103.741 103.862 103.76 103.726 103.67 103.638 103.751 103.837
103.069 103.064 103.628 103.078 103.868 103.907 104.051 103.428 103.823 103.39 103.884 103.638 103.704 103.588 104.871 103.226 103.318 103.807 65.0093 65.0047 65.0258 65.1385 65.0342 65.2557 65.0873 65.2157 65.0937 65.0128 65.1906 65.0887 65.0962
64.9513 65.1076 65.187 65.1905 65.1315 66.4992 64.9564 64.8467 66.8541 65.1791 65.0517 65.0506 65.0059 65.3465 65.0513 66.429 65.4698 141.829 141.836 141.881 142.062 141.873 142.017 141.906 141.983 141.873 141.913 141.89 141.915 141.532 141.778
141.99 142.141 142.109 141.728 142.56 141.911 141.769 141.559 141.626 141.578 141.975 141.692 143.204 141.635 141.848 141.563 5.58363 5.5804 5.58688 5.54983 5.58396 5.55049 5.5506 5.55386 5.54887 5.56234 5.55686 5.56032 5.52197 5.56772 5.51235
5.48362 5.45137 5.58998 5.69678 5.57524 5.57889 5.60412 5.59359 5.558 5.59153 5.55801 5.54799 5.51369 5.64693 5.521 4.44556 4.44222 4.43986 4.38607 4.4417 4.39476 4.37741 4.39337 4.37906 4.38803 4.36815 4.36025 4.24227 4.32346 4.32949 4.29809
4.2715 4.3708 4.33933 4.44238 4.51999 4.39151 4.42864 4.41543 4.46507 4.42202 4.31856 4.40434 4.28584 4.3956 4.47497 4.47512 4.47464 4.46415 4.47599 4.4676 4.46917 4.47454 4.47179 4.45818 4.46065 4.46241 4.45892 4.43194 4.45689 4.46505 4.44668
4.54962 4.48108 4.60782 4.58262 4.58181 4.58053 4.58414 4.59289 4.57566 4.50818 4.58135 4.31534 4.5672 4.43532 4.43436 4.43464 4.41969 4.43481 4.41367 4.41477 4.40912 4.45272 4.44833 4.44167 4.43029 4.38641 4.36507 4.36249 4.41719 4.47811 4.45948
4.36345 4.45732 4.44988 4.48836 4.44095 4.45642 4.46672 4.46301 4.46662 4.43394 4.44068 4.47003 5.32623 5.29902 5.32372 5.19925 5.31818 5.19123 5.10854 5.16844 5.01133 5.15976 5.19267 5.12195 5.07643 5.38073 5.44619 5.25994 5.34088 5.18253 5.27142
5.20959 5.21276 5.20942 5.1947 5.23081 5.13161 5.1692 5.68578 5.18613 5.04039 5.37006 4.37941 4.3752 4.3751 4.24684 4.3764 4.24073 4.2337 4.24208 4.23052 4.2333 4.23802 4.24377 4.27266 4.27037 4.36982 4.30457 4.28434 4.55648 4.91904 4.64217
4.55223 4.81099 4.55007 4.55651 4.68011 4.56557 4.31614 4.53095 4.58132 4.60858 4.3068 4.30826 4.31062 4.29385 4.31135 4.28865 4.2837 4.28645 4.2929 4.29562 4.28245 4.26611 4.29613 4.26999 4.32155 4.35586 4.30519 4.39311 4.12485 4.37861 4.40062
4.39036 4.39169 4.39693 4.35967 4.38968 4.45491 4.37332 4.39844 4.31747 7.6756 7.68892 7.68267 7.75725 7.69346 7.75826 7.74969 7.75578 7.73478 7.74436 7.75146 7.71995 7.73776 7.76482 7.80534 7.78584 7.72866 7.69486 7.67189 7.66819 7.73869 7.57795
7.73808 7.74538 7.65754 7.73223 7.88832 7.74851 7.70164 7.67843 92.8239 92.8289 92.844 92.6432 92.8356 92.6854 92.666 92.681 92.6251 92.5671 92.6594 92.646 92.6953 92.2763 92.6277 92.5107 92.3221 92.0393 91.8725 92.5762 92.112 89.1407 91.9879
92.7264 92.5908 91.9091 91.8676 92.5485 92.0665 92.2942 76.0477 76.009 75.942 75.2621 75.9619 75.5337 75.5492 75.5039 75.5459 75.5526 75.4255 75.5743 75.2378 75.3429 75.3943 75.1417 75.281 76.0953 76.0938 75.6708 75.7573 75.4322 75.5554 75.7461
75.662 76.203 75.9269 75.6569 75.6766 75.9214 83.4607 83.5273 83.469 83.948 83.4536 83.7505 83.8118 83.8868 83.8226 83.8271 83.671 83.593 83.6011 84.1646 83.4994 83.8875 84.3643 84.0304 84.3813 82.9166 83.6373 84.3772 84.034 83.3765 83.1855
83.8251 84.5772 82.4908 83.6519 82.953 65.8571 65.8446 65.8614 65.0984 65.8941 65.2575 65.3018 65.1688 65.356 65.206 65.2684 65.3087 65.4866 65.3783 64.6361 65.1327 64.5713 65.0911 64.9375 65.4683 64.9438 69.8745 65.5778 65.0477 64.6971 65.0145
65.3158 65.1911 67.3071 67.3944 142.116 142.13 142.155 142.308 142.132 142.129 142.143 142.181 142.152 141.931 141.833 141.755 142.072 141.815 141.114 141.24 141.334 142.991 143.004 141.807 142.261 143.671 142.527 142.122 142.422 142.504 143.13
142.275 145.211 141.753 5.6181 5.61375 5.62832 5.47424 5.61862 5.46774 5.46374 5.47659 5.44955 5.47928 5.47626 5.41376 5.39068 5.31005 5.45828 5.45735 5.49272 5.55026 5.56945 5.57465 5.50696 6.21221 5.60509 5.4726 5.5678 5.49971 5.64046 5.67279
5.56193 5.37028 4.39064 4.39185 4.38664 4.40922 4.40726 4.43672 4.42718 4.43479 4.42846 4.44997 4.40838 4.39551 4.42152 4.45703 4.51285 4.60504 4.60719 4.50702 4.37291 4.47613 4.40116 4.49462 4.44881 4.44446 4.44101 4.37314 4.34726 4.23399 4.44523
4.30535 4.57116 4.56652 4.56919 4.47215 4.57234 4.49676 4.50636 4.50081 4.51096 4.50671 4.48965 4.49355 4.46055 4.51096 4.25793 4.35393 4.21627 4.58657 4.58941 4.65744 4.6402 4.64355 4.68217 4.61129 4.66502 4.60035 4.52802 4.64484 4.63987 4.58674
4.40651 4.40738 4.41182 4.35981 4.4112 4.36403 4.37539 4.37107 4.37156 4.37797 4.38108 4.37969 4.42487 4.34732 4.34354 4.35721 4.28775 4.38511 4.35994 4.42796 4.37477 4.43618 4.39677 4.43674 4.43148 4.39621 4.43829 4.46112 4.40788 4.4792 5.59339
5.57959 5.60122 5.70684 5.58001 5.59953 5.64922 5.61879 5.6243 5.58768 5.60685 5.62539 5.57581 5.39303 5.09639 5.47485 5.3826 5.49801 5.6353 5.57414 5.86111 5.57464 5.84665 5.63332 5.65936 5.67044 5.72484 5.63152 6.93468 6.16767 4.3295 4.32508
4.33953 4.05163 4.33992 4.1051 4.09424 4.09413 4.116 4.15603 4.16098 4.17248 4.16096 4.1532 4.21448 4.18563 4.11512 4.38589 4.11588 4.52505 4.43789 4.61384 4.35108 4.44575 4.25189 4.43048 4.024 4.10826 4.28978 4.51497 4.24147 4.2342 4.25133
4.20074 4.25139 4.22815 4.22829 4.23276 4.21996 4.24352 4.20905 4.207 4.21853 4.19965 4.35267 4.28549 4.38595 4.26085 4.14973 4.32899 4.30543 4.31735 4.33402 4.2852 4.33359 4.28366 4.30324 4.27341 4.26982 4.34214 7.78213 7.78138 7.77044 7.90458
7.77389 7.83973 7.85014 7.83954 7.84856 7.80258 7.82978 7.80434 7.86349 7.91346 7.76752 7.60455 7.26896 7.70558 7.7197 7.8536 7.85881 7.798 7.82485 7.82639 7.8957 7.78095 7.82642 7.7222 7.72609 7.67965 91.2585 91.2887 91.2879 91.6194 91.3259
91.6624 91.6744 91.6455 91.7452 91.64 91.473 91.4628 91.5955 91.5774 91.1556 91.7609 91.2842 90.5522 90.7136 91.6463 91.112 91.5544 91.2213 91.1968 91.5395 90.3814 91.5276 90.6181 92.0931 91.2955 75.8756 75.9551 75.9064 76.037 75.9292 75.895
75.8991 75.8852 75.9042 75.9027 75.9564 75.9936 75.7095 75.7834 76.0208 75.8283 75.8256 76.1189 75.9728 75.7744 76.0144 74.8637 75.8329 76.0762 76.1145 76.561 76.0308 76.1637 75.449 75.9964 75.5681 75.783 75.4362 74.9273 75.4125 74.7667 74.764
74.9025 74.7686 74.6749 74.6169 74.9517 75.0496 75.2521 74.3615 74.0882 75.2794 75.6243 75.9991 73.9987 74.259 76.0812 73.8328 75.138 73.7373 74.9266 74.7726 75.6362 75.3656 74.134 83.9963 84.0596 83.9049 83.8263 83.8166 83.7675 83.7897 83.7894
83.7875 83.849 83.7538 83.9427 83.8892 84.1402 83.8361 83.6654 83.7499 83.0576 83.9388 83.1115 83.8033 85.0103 83.3393 83.6015 83.2623 84.0604 84.323 83.9694 84.3383 83.5584 66.2134 66.214 66.1732 66.1498 66.3382 66.3895 66.3716 66.3392 66.4194
66.3454 66.1786 66.0955 66.3716 66.1653 66.0828 66.6115 66.8216 67.6703 71.0966 66.0777 65.9077 68.0801 66.6151 66.1854 66.151 66.0808 66.9669 66.0124 67.7636 67.6218 140.894 140.997 141.175 140.627 140.886 140.873 140.783 140.967 141.043 141.048
141.122 141.345 140.99 141.025 141.757 141.394 141.606 141.823 141.671 140.354 141.93 142.646 141.633 141.852 140.807 141.033 141.725 142.676 141.971 141.234 5.99491 5.99794 6.02132 5.80017 6.02365 5.8253 5.83234 5.83346 5.82493 5.84936 5.80221
5.84793 5.72214 5.70259 5.7308 5.78158 5.84058 6.32915 6.38149 6.38778 6.412 6.40633 6.3966 6.3789 6.38467 6.41543 6.46217 6.42882 6.27036 6.41952 7.8795 7.90448 7.90551 8.01996 7.90502 7.81787 7.82892 7.81035 7.84289 7.83743 7.92898 7.94179
8.06366 7.89821 7.82235 7.89547 7.69613 7.7572 7.15173 6.76229 6.92649 7.4775 7.28679 7.6857 6.88045 7.45505 7.34563 7.43267 7.89814 7.32914 4.601 4.59019 4.59305 4.39909 4.61181 4.45623 4.44109 4.44497 4.45802 4.45983 4.43316 4.44536 4.39349
4.44234 4.43325 4.4237 4.45916 4.67254 4.81672 4.61195 4.72755 4.57298 4.69337 4.57285 4.65284 4.69548 4.58642 4.58274 4.59673 4.59278 4.67856 4.66059 4.69817 4.72485 4.69764 4.64691 4.65065 4.64594 4.63756 4.64541 4.64594 4.6636 4.68335 4.64876
4.5792 4.55517 4.61948 4.95317 4.97597 4.86664 4.8317 4.79454 4.8319 4.98533 4.85885 4.95369 4.99179 4.88725 4.79065 4.80835 4.47075 4.47048 4.4827 4.43454 4.48207 4.43883 4.43135 4.43271 4.4368 4.42867 4.43108 4.42929 4.39806 4.40132 4.39944
4.41266 4.41251 4.61973 4.60757 4.58816 4.55099 4.59825 4.56688 4.52453 4.56346 4.54733 4.52445 4.56765 4.60553 4.57349 4.14648 4.12716 4.16871 4.30796 4.17218 4.22264 4.20289 4.2231 4.22703 4.15263 4.25017 4.19788 4.18951 4.10515 4.02726 4.26605
4.22118 4.36269 4.56641 4.59883 4.47922 4.26249 4.55892 4.51441 4.54566 4.30143 4.62396 4.63566 4.53757 4.43591 4.21955 4.20631 4.28311 4.17468 4.2791 4.17353 4.1663 4.17018 4.17454 4.16895 4.17904 4.18103 4.16836 4.15939 4.24565 4.27052 4.2526
4.46434 4.43933 4.48164 4.43787 4.48762 4.52061 4.44493 4.4789 4.44586 4.41943 4.4288 4.47295 4.53953 8.05508 8.05775 8.06974 7.84903 8.03923 7.98025 7.96536 7.98738 8.00124 8.00345 8.00889 8.01451 7.94296 7.94117 7.71114 7.95131 7.98434 8.41298
8.38305 8.06244 8.14808 8.45998 8.43287 7.98987 8.17135 7.9927 7.75801 8.37633 8.24776 8.34077 91.4372 91.6366 91.4425 91.3782 91.5823 91.7189 91.6785 91.6274 91.6415 91.6439 91.6412 91.6387 91.672 91.547 91.4566 91.7656 91.7629 91.3018 91.2176
91.8621 91.6774 91.3709 91.2226 89.2264 91.3481 91.4501 91.1515 91.1235 90.3087 91.3968 154.784 154.704 154.857 154.783 154.497 154.661 154.643 154.642 154.627 154.657 154.74 154.748 154.614 154.569 154.612 154.863 155.031 153.885 155.595 152.853
153.991 154.842 154.962 155.085 147.927 154.758 154.763 154.698 154.93 153.875 75.8544 75.4702 75.8707 75.7378 75.7306 75.5213 75.5506 75.5396 75.5412 75.6173 75.6706 75.6365 75.5072 75.7509 75.3367 75.7401 75.5533 76.0145 75.7545 75.9791 75.7101
75.6288 76.0058 76.2488 75.3154 75.3865 76.0372 76.2963 75.9253 75.59 74.8724 74.6328 75.3205 75.041 74.9444 74.7078 74.7026 74.6207 74.6346 74.6439 74.5581 74.8191 74.102 74.3971 74.5376 73.7419 74.3026 74.2871 75.434 74.468 73.8164 75.0692
74.8677 75.3919 74.3807 75.4071 74.787 75.1929 76.3354 72.9949 83.6827 83.5501 83.5698 83.7774 83.4705 83.6111 83.6232 83.5926 83.5675 83.596 83.6816 83.689 83.676 83.9701 83.7068 83.2836 83.3706 83.3769 83.6983 82.6956 83.1701 83.694 83.14
83.8969 83.2593 84.216 82.4127 83.9466 83.7608 82.3698 67.0682 66.9438 66.7158 66.3992 67.255 66.5963 66.5628 66.4837 66.5909 66.5062 66.5799 66.6217 66.4742 66.1585 66.7372 67.2736 67.0575 66.3963 69.5269 66.201 66.2393 66.4818 66.5036 66.9223
66.7272 67.4511 65.0731 65.8507 69.3174 65.5503 140.756 140.875 141.029 141.088 140.738 140.507 140.643 140.672 140.68 140.738 140.785 140.894 140.675 140.855 140.005 139.771 140.433 140.578 141.382 140.281 139.966 141.858 140.783 142.49 140.396
142.31 141.026 141.847 142.717 139.352 5.8065 5.77745 5.83943 5.8543 5.81368 5.8356 5.82279 5.82829 5.8299 5.83719 5.78994 5.80851 5.80912 5.824 5.79674 5.74923 5.7305 6.41301 6.40703 6.33194 6.25112 6.30394 6.11533 6.29551 6.28236 6.15864
6.44618 6.38842 6.41206 6.08261 7.92802 7.90484 7.93095 7.99056 7.86269 7.93871 7.92931 7.94131 7.90336 7.95314 7.99463 8.00454 7.88199 7.84906 7.92755 8.06505 8.14074 8.25962 7.78401 6.97836 6.94655 7.57369 7.55944 7.5447 7.21637 7.49474 7.50678
7.50801 7.54925 7.15362 4.63828 4.66164 4.63601 4.26669 4.64992 4.28459 4.27641 4.27516 4.28056 4.2737 4.26319 4.27386 4.30372 4.29612 4.29246 4.13621 4.27293 4.5839 4.63645 4.4158 4.67596 4.5471 4.48192 4.67585 4.57037 4.52368 4.45504 4.53777
4.63203 4.70054 4.66076 4.64035 4.67514 4.59791 4.7418 4.5687 4.56985 4.56824 4.58362 4.5778 4.59711 4.58995 4.60111 4.60257 4.55747 4.56665 4.48662 4.80075 4.8785 4.87354 4.74588 4.84968 4.83538 4.85926 4.76738 4.40341 5.2191 4.87995 5.03571
4.79265 4.43693 4.42893 4.45932 4.40526 4.45399 4.41623 4.40886 4.40219 4.41475 4.41694 4.39443 4.40414 4.39084 4.38231 4.31696 4.38329 4.34267 4.54735 4.58386 4.60482 4.5251 4.45797 4.52151 4.5157 4.51177 4.51221 4.67735 4.54799 4.57366 4.55841
4.14567 4.14292 4.26575 4.17189 4.25842 4.13649 4.13322 4.11774 4.13072 4.16785 4.1376 4.13076 4.05753 3.80582 3.72351 3.72295 3.37204 4.65223 4.64466 4.48195 4.33451 4.38925 4.36638 4.20462 4.65612 4.56926 4.55932 4.58432 6.24532 4.86468 4.08516
4.21408 4.2683 3.90698 4.2643 3.85883 3.83668 3.87691 3.88603 3.87578 3.88373 3.85813 3.84945 3.30517 3.7763 3.80785 4.19659 4.4634 4.55491 4.47905 4.42266 4.44956 4.466 4.36837 4.45928 4.46441 3.94531 4.39463 4.74124 4.91585 7.87965 7.89474
7.90393 7.88521 7.85953 7.84207 7.86427 7.86208 7.86989 7.85106 7.92995 7.93578 7.79075 7.78946 7.56968 7.5701 7.73298 7.80417 7.92498 7.84295 7.6873 8.36113 7.69233 8.08239 7.82799 8.12782 8.4244 8.07628 8.29723 7.60314 92.6359 93.145 92.6568
91.0958 92.9652 91.5821 91.573 91.4692 91.536 91.4446 91.2655 91.5407 90.9011 90.1092 90.4346 90.3172 90.4381 90.683 90.688 89.5205 91.6564 91.3217 91.4033 91.2639 91.1734 91.6755 92.2214 91.4133 91.3172 91.4567 154.414 154.613 154.45 153.642
154.129 153.215 153.261 153.228 153.261 153.334 153.726 153.47 154.841 154.639 154.713 154.892 155.011 154.764 154.274 156.092 154.131 153.605 154.308 153.608 155.448 152.88 154.089 154.814 153.294 153.658 75.721 75.7229 75.7512 75.5673 75.5635
75.5976 75.6032 75.6406 75.6092 75.5405 75.5268 75.5301 75.6536 75.6884 75.6529 75.451 75.5586 75.7176 75.5971 75.6912 75.6222 75.9931 75.9778 75.8839 75.7015 75.4114 75.7455 75.6126 75.7284 75.683 83.5105 83.2881 83.3099 82.7877 83.4123 82.8296
82.8432 82.804 82.7947 82.829 82.8812 82.9373 82.9969 82.7985 83.0602 83.0494 83.0161 84.0093 83.9183 83.3601 83.2752 83.5497 83.4076 83.4411 83.664 83.5221 79.721 83.8713 82.4711 82.9793 70.0873 68.9754 68.9883 68.2494 69.6443 68.6024 68.684
68.6514 68.5291 68.5464 68.6263 68.6633 69.5838 68.8338 70.26 70.05 70.4721 66.7428 69.6638 67.263 66.2012 66.8379 66.2614 66.3094 66.4474 66.8114 65.135 66.2724 67.9494 66.3395 142.136 142.178 142.313 142.252 141.831 141.894 141.879 141.885
141.811 141.866 142.105 141.762 142.251 142.274 142.671 142.657 142.962 142.006 141.215 142.555 140.147 141.251 141.379 140.826 141.616 141.412 141.763 141.692 140.973 139.893 5.89744 5.96412 5.93798 5.86504 5.93484 5.88986 5.88474 5.88215 5.89721
5.87849 5.89109 5.88515 5.83671 5.79251 5.99308 5.93828 5.94873 6.31364 6.21471 6.51685 6.2133 6.34195 6.35181 6.30573 6.39203 6.36629 6.38546 6.33242 6.40988 6.20594 8.08276 8.17717 8.11079 7.80042 8.08727 7.66522 7.66764 7.63105 7.65448 7.70975
7.85124 7.73207 8.20129 8.06493 7.53735 7.45418 7.93748 7.55409 7.12707 8.1831 7.12886 6.91739 7.49076 7.25851 7.50763 7.03683 7.81454 7.36573 7.00102 7.23091 4.47948 4.43776 4.49648 4.09493 4.43565 4.07597 4.0784 4.09097 4.04515 4.02877 4.06206
4.03326 4.1236 4.22429 4.35419 4.35723 4.28823 4.7101 4.73918 4.6664 4.67302 4.66778 4.60266 4.64921 4.68655 4.73233 4.62971 4.73485 4.71439 4.66954 4.59444 4.53896 4.64406 4.65026 4.63074 4.64438 4.64848 4.65138 4.63732 4.63996 4.67186 4.68254
4.65406 4.64743 4.57235 4.62156 4.54574 4.86142 4.80839 4.82224 4.77505 4.8243 4.9555 4.92795 4.80302 4.87397 4.92358 4.87874 4.94566 4.77971 4.40902 4.3716 4.46691 4.36222 4.38659 4.34277 4.33392 4.34872 4.33456 4.33214 4.3508 4.34863 4.32533
4.30209 4.48706 4.47044 4.39517 4.49969 4.46619 4.53547 4.52054 4.57176 4.53178 4.54683 4.56694 4.54626 5.04028 4.5418 4.64215 4.53347 4.17529 4.40561 3.89995 4.20594 4.45112 4.07902 4.09733 4.09629 4.11047 4.2321 4.13444 4.0676 3.6793 3.93372
4.19268 4.24794 4.22868 4.35062 4.5387 3.644 4.33407 4.69339 4.55526 4.46322 4.9742 4.2491 4.45348 4.57325 5.44359 4.24144 4.16732 4.17976 4.25364 4.15545 4.23715 4.16786 4.15765 4.16795 4.16426 4.16166 4.15956 4.15232 4.10714 4.13858 4.42007
4.44687 4.4508 4.17816 4.42381 4.40145 4.43119 4.45805 4.45327 4.42517 4.45113 4.38483 4.37866 4.41545 5.47648 4.49526 8.20214 8.1867 8.20008 8.26099 8.0722 8.2482 8.21888 8.24035 8.24768 8.25882 8.29773 8.26181 8.04987 8.02211 8.2907 8.26932
8.30734 7.92553 8.16317 8.25824 7.81235 7.81472 7.74819 7.75602 8.09226 8.17527 8.00383 8.28589 8.14325 7.61694 90.7443 90.4189 90.4159 90.6791 89.613 90.7865 90.8534 90.7894 90.8025 90.7495 90.774 90.7765 90.6891 90.5453 90.7565 91.0462 90.5524
91.3462 91.2316 89.6915 91.7639 91.5203 90.9128 91.7577 90.9875 91.1479 92.1452 91.4319 91.8215 91.6734 155.416 154.352 155.068 155.337 155.34 155.445 155.436 155.459 155.408 155.336 155.253 155.291 155.105 155.177 155.046 154.939 155.08 154.332
155.142 155.22 153.113 154.757 155.319 154.705 154.107 154.768 147.637 155.637 152.774 153.417 74.5491 74.5616 76.2464 75.0016 75.8402 74.7489 74.72 74.9471 74.8214 74.8796 75.1749 74.844 75.4469 75.1275 75.3979 74.7961 74.7822 75.1416 74.4375
75.7428 73.5922 73.8314 74.2756 73.2005 75.8552 74.8291 74.461 74.8525 73.6006 73.8702 82.9501 82.991 83.4944 82.8358 83.4463 82.7545 82.6913 82.7768 82.8064 82.8358 82.7549 82.7163 82.8698 83.0796 82.7701 82.482 82.7519 83.6176 84.3719 83.3441
82.8246 83.424 83.4698 83.1432 83.9703 83.1958 82.1657 83.163 82.3067 82.8696 68.7074 67.8363 67.3743 66.9191 68.1799 66.9204 66.9951 67.1427 66.9186 66.4297 66.5503 66.5708 67.0287 66.3003 68.8502 68.4415 69.396 67.2981 66.9975 67.6497 66.1214
67.489 66.2877 65.9707 66.6364 67.8731 69.8983 66.6593 66.0028 65.9693 141.883 142.085 141.721 142.048 142.755 141.852 141.858 142.056 141.964 142.094 141.895 142.021 141.831 141.982 141.721 141.527 141.972 141.586 140.08 142.825 139.762 139.558
142.185 140.974 140.261 142.014 140.804 140.982 140.202 139.669 5.93299 5.94885 5.5684 5.88174 5.86634 5.90211 5.9221 5.8892 5.90231 5.90741 5.88142 5.88578 5.87351 5.85452 5.84395 5.84641 5.89998 6.31214 6.22673 6.32137 6.30173 6.37914 6.45071
6.41769 5.52605 6.39057 6.99515 6.27843 6.40013 6.33796 8.11458 8.03727 8.01678 8.04541 8.05472 8.08597 8.1046 8.11538 8.10535 8.06027 8.06526 8.02846 8.04102 8.08075 8.02218 8.00667 8.02309 7.72658 7.61093 7.58912 7.12817 7.53239 7.5996 7.48504
7.53836 7.49653 9.35356 7.65563 6.63822 7.16616 4.4131 4.83453 4.54489 4.29057 4.55987 4.29331 4.29728 4.28946 4.29876 4.28928 4.29022 4.28811 4.32227 4.3469 4.32222 4.24669 4.1853 4.54049 4.54478 4.83199 4.71957 4.78282 4.81157 4.72789 4.67815
4.58704 4.85752 4.66789 4.74363 4.73907 4.5908 4.66593 4.69965 4.63097 4.7218 4.58642 4.56647 4.59766 4.58551 4.57777 4.63267 4.62365 4.70011 4.67412 4.79248 4.76747 4.70579 4.85173 4.68491 4.91811 4.77426 4.80655 4.88769 4.79605 4.60757 4.97976
5.04337 4.86243 4.7896 4.78282 4.6513 4.54924 4.74472 4.53799 4.68352 4.55021 4.5894 4.55437 4.541 4.55373 4.56301 4.59525 4.53521 4.44709 4.49628 4.56333 4.48377 4.72516 4.70058 4.74622 4.58235 4.63704 4.60388 4.60339 4.54568 4.70202 5.10298
4.57394 4.62974 4.59866 4.6872 4.02969 4.59367 4.27994 4.36286 4.36689 4.34661 4.27689 4.33606 4.44995 4.38828 4.44822 4.225 4.22835 4.6372 4.66617 4.60806 4.7381 3.14027 4.69672 4.45003 4.6498 4.65438 4.72339 4.72618 4.61925 4.85928 4.24419
5.05281 4.52857 4.30691 4.42007 4.15175 4.19149 4.12042 4.18544 4.17909 4.18477 4.17021 4.17471 4.17663 4.18529 4.24795 4.19046 4.50368 4.55588 4.46106 4.48252 3.51823 4.57144 4.463 4.38551 4.46646 4.46771 3.9439 4.62265 4.74766 4.43629 4.66599
4.4662 8.36606 8.19437 8.18318 8.13448 8.29978 8.20377 8.20607 8.21577 8.20146 8.20861 8.17654 8.2011 8.06404 7.95866 7.89931 7.89971 7.93385 8.20543 7.51903 8.32484 7.5769 7.69876 7.93439 7.96671 7.98305 7.89581 7.8873 7.83633 7.66846 7.56328
5.56923 5.60066 5.53262 5.49692 5.56021 5.49149 5.49151 5.47214 5.48139 5.50721 5.5045 5.49686 5.48051 5.51208 5.42453 5.42239 5.46518 5.73955 5.81211 5.75712 5.80495 5.47746 5.66133 5.61252 5.80784 5.79835 6.35538 5.79586 5.7995 5.80866 4.69587
4.72817 4.71129 4.61405 4.72561 4.66093 4.65585 4.65908 4.62147 4.62333 4.5591 4.62536 4.42149 4.52584 4.42875 4.50179 4.47843 4.60924 4.69658 4.75714 4.69676 4.59826 4.55201 4.66941 4.90963 4.74749 4.4634 4.74701 4.59319 4.66653 4.56287 4.55974
4.52768 4.51242 4.55052 4.51961 4.51588 4.50328 4.52274 4.53309 4.49765 4.52127 4.53189 4.49538 4.58019 4.53757 4.58994 4.5762 4.60281 4.73685 4.54128 4.55729 4.5824 4.58787 4.64074 4.61145 4.72742 4.63482 4.56677 4.57549 7.60582 7.42499 7.37439
7.2368 7.43317 7.23047 7.25866 7.25019 7.26507 7.275 7.24284 7.25355 7.19749 7.41808 7.4304 7.3056 7.4508 7.64407 7.71153 7.85811 7.3567 7.23132 7.87279 7.23281 7.35861 7.22383 7.92294 7.89557 7.27197 7.33442 5.56039 5.59845 5.58989 5.55524
5.60023 5.56053 5.57603 5.56773 5.56256 5.58686 5.60359 5.59853 5.64209 5.63004 5.67541 5.67487 5.66184 5.89155 5.87249 5.88805 5.87609 5.86441 5.83594 5.84988 5.84228 5.89723 5.84193 5.85454 5.86143 5.86646 4.56602 4.57832 4.57159 4.23909 4.58396
4.24862 4.24953 4.2473 4.24312 4.22611 4.2254 4.21683 4.20291 4.21392 4.42489 4.62057 4.4836 4.5609 4.60654 4.64589 4.57883 4.6083 4.74451 4.56868 4.66222 4.54607 4.93117 4.63723 4.62296 4.55355 4.62192 4.62123 4.6019 4.54475 4.6166 4.52728
4.52655 4.51858 4.52526 4.49176 4.5025 4.52745 4.48225 4.51635 4.57113 4.58209 4.61044 4.62962 4.62135 4.61965 4.62385 4.55754 4.61812 4.61362 4.61428 4.62294 4.75692 4.59532 4.57472 4.62298 4.47931 4.47969 4.48325 4.47612 4.48575 4.48241 4.49493
4.49041 4.47228 4.48722 4.4694 4.49638 4.49958 4.50889 4.45159 4.4504 4.44186 4.57787 4.53745 4.58138 4.55115 4.5354 4.55236 4.54337 4.54659 4.55732 4.63441 4.5279 4.52387 4.52987 4.37379 4.35027 4.364 4.44405 4.362 4.43677 4.44068 4.44078
4.44647 4.44396 4.45546 4.43149 4.43514 4.48008 4.4454 4.54011 4.56311 4.83456 4.75314 4.58536 4.7303 4.80501 4.73153 4.72779 4.67244 4.78227 4.95903 4.67443 4.75169 4.73248 4.28662 4.27709 4.28417 4.28074 4.28357 4.29309 4.29105 4.28011 4.27576
4.28429 4.27968 4.30325 4.30463 4.27528 4.28198 4.45136 4.37454 4.28744 4.36666 4.33477 4.40026 4.35949 4.35387 4.35638 4.31824 4.36063 4.65384 4.3483 4.41508 4.37628 7.3134 7.24678 7.3082 7.43363 7.25533 7.45643 7.41488 7.42344 7.44482 7.44169
7.40864 7.40582 7.38819 7.35376 7.39358 7.46672 7.50037 7.82031 7.44229 7.38328 7.47676 7.4132 8.00425 7.41077 7.76269 7.61429 8.08505 7.44373 7.61871 7.48696 5.57129 5.57614 5.56412 5.53507 5.57594 5.53121 5.53972 5.52869 5.53985 5.54015 5.53728
5.53461 5.53831 5.54494 5.57947 5.5381 5.56259 5.6796 5.62509 5.56729 5.58282 5.59289 5.64523 5.61096 5.60588 5.6718 6.07657 5.64991 5.63583 5.59943 4.329 4.33576 4.33236 4.18297 4.33584 4.17851 4.1731 4.18847 4.19283 4.17139 4.16766 4.17391
4.16789 4.16725 4.15268 4.18468 4.19883 4.35714 4.44707 4.58472 4.40069 4.38415 4.201 4.36764 4.48041 4.36981 4.48869 4.46904 4.44122 4.38463 4.4421 4.43948 4.43481 4.43892 4.43621 4.4357 4.43929 4.44021 4.44519 4.43675 4.43922 4.43402 4.43602
4.44167 4.36288 4.41546 4.41412 4.42823 4.43597 4.41729 4.44624 4.40832 4.44039 4.44591 4.45712 4.44068 4.40341 4.42089 4.43358 4.43446 4.3956 4.39147 4.39094 4.36773 4.39631 4.36692 4.3676 4.36052 4.37614 4.3675 4.37064 4.37114 4.36636 4.38123
4.34017 4.37653 4.37625 4.3919 4.41579 4.39453 4.41473 4.41401 4.44898 4.41358 4.50808 4.48952 4.46981 4.42329 4.43417 4.41138 5.25489 5.23361 5.22829 5.02581 5.27197 5.06464 5.09752 5.03343 5.12653 5.01079 5.13638 5.11726 5.17926 5.07044 5.38015
5.29031 5.08837 5.68959 5.06445 5.16968 4.91207 5.04847 5.75649 5.07788 5.83082 5.16293 5.80661 5.29496 5.2767 5.01302 4.40358 4.40414 4.40016 4.35796 4.40143 4.3634 4.37 4.35628 4.36097 4.37605 4.35622 4.37482 4.4091 4.37664 4.59412 4.50802
4.45825 4.70218 4.77829 4.6735 4.5599 4.58395 4.83527 4.51795 4.69694 4.63978 4.71998 4.56998 4.62417 4.52599 4.23981 4.24244 4.24083 4.21848 4.25129 4.23512 4.23456 4.22135 4.23976 4.22539 4.20806 4.21602 4.22641 4.25753 4.10828 4.22171 4.20043
4.88615 4.63959 4.55583 4.56934 4.55717 4.43239 4.5877 4.60318 4.67471 4.63499 4.5946 4.58003 4.59606 7.55328 7.54788 7.55244 7.56212 7.55939 7.57348 7.56992 7.56628 7.56521 7.58859 7.58504 7.57446 7.57345 7.55959 7.5924 7.5603 7.56649 7.67712
7.55825 7.51502 7.56539 7.56986 7.59908 7.60562 7.7327 7.68447 7.70036 7.67438 7.68731 7.6018 93.8787 93.9191 93.908 94.3618 94.3513 94.6839 94.6132 94.6241 94.73 94.5833 94.3622 94.406 94.3617 94.2449 94.0023 94.2108 93.8211 92.5913 93.893
95.4744 94.0322 93.8006 92.9978 93.9596 92.3558 92.6704 92.8372 92.9544 92.6558 93.3964 75.4316 75.4299 75.5582 75.5079 75.9276 75.9242 75.7023 75.7514 75.7802 75.7536 75.7272 75.5337 76.2326 75.2899 75.3604 75.1191 75.382 75.9316 75.8754 73.7303
75.1383 76.3318 75.5779 75.9303 75.0234 74.668 75.9552 75.3003 75.8981 75.8559 72.5891 72.5633 72.531 72.8331 71.9982 71.7116 72.2276 72.1195 71.9188 72.061 71.9704 72.5145 71.7893 72.7365 72.5769 73.7078 73.1144 71.6049 70.0149 71.2685 72.9116
71.3207 73.1436 71.587 74.3224 75.3591 72.7244 72.5625 73.9072 71.6802 82.3691 82.34 82.2868 82.2155 81.9578 81.2473 81.4884 81.5323 81.43 81.6334 81.8834 81.9714 81.1208 82.3153 83.0173 83.8023 83.5218 82.5843 82.1593 81.215 82.5429 82.1139
83.9803 82.7354 83.6448 85.2836 83.373 83.2686 83.5194 82.559 104.849 104.805 104.75 103.947 104.678 103.775 103.531 103.703 103.506 103.473 103.605 103.531 104.094 103.892 104.211 103.676 103.59 103.573 103.821 105.465 103.722 104.203 100.727
104.488 106.326 105.439 106.647 107.342 105.081 104.928 64.567 64.5722 64.5351 64.6781 64.3397 64.4469 64.439 64.4646 64.5906 64.5343 64.4821 64.3501 64.2226 64.605 64.7786 64.785 64.7998 64.7068 65.28 65.1757 64.9068 64.5975 65.2361 64.9031
65.1051 65.3568 65.7855 64.8278 64.7886 64.8669 141.695 141.689 141.703 141.839 141.692 141.839 141.754 141.838 141.775 141.834 141.642 141.762 141.974 141.836 142.273 142.04 142.136 142.087 141.49 142.486 142.153 142.051 142.948 141.865 143.051
143.469 144.241 142.622 142.526 142.946 5.59559 5.58855 5.58587 5.58949 5.64492 5.62629 5.5955 5.58363 5.59859 5.56961 5.54462 5.55607 5.47855 5.50777 5.59313 5.59367 5.57722 5.61521 5.56431 5.34871 5.48412 5.4908 5.65705 5.59147 5.51774 5.62483
5.50961 5.58115 5.62738 5.61205 4.18716 4.16947 4.16137 4.1967 4.13671 4.12745 4.13455 4.14884 4.14605 4.13918 4.0403 4.15369 3.97476 4.03193 4.09999 4.13809 4.1196 4.32594 4.2347 4.48703 4.3896 4.15662 4.37882 4.32915 4.46689 4.46392 4.27013
4.33903 4.28715 4.40455 4.60883 4.59752 4.61386 4.50887 4.71995 4.57631 4.56664 4.55983 4.587 4.56339 4.5604 4.54936 4.48429 4.54218 4.43376 4.39825 4.38357 4.57029 4.55553 4.53729 4.54917 4.54973 4.53043 4.54977 4.53299 4.49706 4.5263 4.51183
4.57523 4.51978 4.44568 4.44877 4.4505 4.39335 4.46794 4.45251 4.4615 4.42781 4.43144 4.41318 4.40939 4.43013 4.50942 4.48249 4.11788 3.95647 4.0155 4.4597 4.46318 4.39777 4.44677 4.49747 4.44012 4.47136 4.53707 4.53727 4.46047 4.44923 4.48287
4.45283 5.44314 5.45735 5.44436 5.48696 5.47334 5.46028 5.44063 5.47358 5.48878 5.45169 5.46983 5.49018 5.45603 5.47745 5.66506 5.5112 5.39769 5.43532 5.44707 5.61105 5.40714 5.4834 5.79804 5.4303 5.6926 5.73119 5.9206 5.67849 5.53565 5.51376
4.35385 4.35571 4.35926 4.2602 4.44115 4.35833 4.38305 4.38136 4.33378 4.33768 4.29992 4.28804 4.27861 4.29484 4.7279 4.64634 4.69922 4.80198 4.80741 4.56642 4.55355 4.63542 4.73781 4.70913 4.67201 4.54007 4.48467 4.71769 4.63163 4.52332 4.26666
4.26507 4.26162 4.22051 4.25297 4.26727 4.27111 4.25637 4.25741 4.2549 4.21969 4.23329 4.25219 4.26307 4.10657 4.10725 4.15021 4.34413 4.17956 4.36372 4.36215 4.34932 4.35534 4.2978 4.32378 4.29443 4.49593 4.30348 4.38398 4.31609 7.88524 7.88033
7.87377 7.93862 7.86104 7.9249 7.90097 7.91096 7.92935 7.89619 7.91182 7.92735 7.88781 7.89661 7.8917 7.88536 7.84096 7.81055 7.73489 7.80126 7.78286 7.80036 7.90986 7.73765 7.79355 7.85332 7.84875 7.82274 7.88945 7.83649 90.9847 90.9109 90.8584
90.6861 90.6209 91.4208 91.4617 91.5372 91.6245 91.4977 91.4214 91.7293 91.112 90.9626 91.0482 91.1718 91.1531 92.3721 90.2672 91.1843 91.3525 92.6926 91.4284 93.06 90.777 91.1317 92.3345 92.8037 92.681 92.9215 74.8949 74.9223 74.967 75.3737
74.982 75.8622 75.861 75.8948 76.0703 75.9434 75.674 76.05 75.8292 75.9315 75.3817 75.6969 75.7349 76.057 75.6232 76.0235 76.0648 75.3914 74.3319 75.2595 76.2026 75.9006 74.7828 76.0327 75.7879 75.5194 76.7186 76.7123 76.6111 75.8403 75.9244
75.5151 75.5116 75.6654 75.4629 75.7129 75.5068 75.5377 75.275 75.6055 75.9598 76.1637 75.703 73.4928 75.6795 74.3663 74.8561 72.5284 76.2032 72.2834 76.0538 75.4171 75.8983 73.137 73.0751 73.0112 84.2042 84.2167 84.1915 84.0375 84.4377 83.8413
83.773 83.8122 83.9191 83.8743 84.0634 84.0694 83.5735 83.9011 83.4074 84.2995 84.0708 83.2501 81.8212 82.0842 83.3077 83.007 83.4622 82.0614 83.2714 83.0135 83.5559 82.8715 83.0728 82.9557 106.09 106.072 106.175 105.985 105.225 105.757 105.665
105.617 105.469 105.37 105.143 105.131 106.084 105.033 104.984 105.478 104.859 105.537 104.677 105.398 105.362 103.937 107.381 104.436 105.932 105.976 107.026 104.45 104.91 103.033 67.0599 67.0235 67.0852 67.2394 66.5153 67.1494 67.1814 66.8147
66.5377 66.5668 66.2656 66.0649 67.1893 66.6208 66.4233 66.4036 66.2923 65.3381 65.6026 67.6666 65.9418 64.4913 67.1375 65.2291 66.0998 67.2889 65.6324 64.4419 65.054 64.8066 144.353 144.322 144.454 144.341 144.258 144.342 144.288 144.307 144.179
144.194 143.849 143.682 144.127 143.991 144.231 144.277 144.346 143.765 143.209 143.965 143.814 143.155 145.43 143.056 144.395 144.024 144.927 143.168 143.436 142.983 5.85337 5.86753 5.86728 6.00869 5.88799 5.79212 5.77262 5.75727 5.75587 5.76008
5.83958 5.80427 5.7965 5.89623 6.08001 5.90702 5.92029 5.55646 5.97282 6.10494 5.80582 5.6299 5.78836 5.50735 5.92278 5.91855 5.05017 5.6359 5.62137 5.61286 4.61205 4.59736 4.57366 4.28606 4.47864 4.05691 4.03602 4.04965 4.03118 4.05136 4.15755
4.21688 4.04583 4.32382 4.58281 4.46113 4.38094 4.38011 4.40695 4.41089 4.43043 4.4886 4.43732 4.47813 4.42573 4.46896 4.53811 4.25379 4.46777 4.41725 4.29958 4.31736 4.31201 4.42023 4.41527 4.51712 4.51412 4.49145 4.50059 4.48287 4.41327 4.52225
4.46441 4.40291 4.48271 4.4796 4.4523 4.5856 4.45862 4.55384 4.57107 4.70926 4.58137 4.55504 4.56108 4.67529 4.40887 4.42853 4.63701 4.5011 4.4001 4.40242 4.40343 4.39064 4.39061 4.38993 4.37554 4.39239 4.39557 4.37268 4.35737 4.34213 4.47507
4.39818 4.37444 4.35412 4.46674 4.64006 4.24755 4.53567 4.46157 4.4786 4.47247 4.44685 4.5577 4.47881 4.11269 4.44634 4.48801 4.43724 5.86107 5.86083 5.86984 5.83999 5.84891 5.89341 5.88737 5.88798 5.82526 5.83476 5.80679 5.78861 5.81095 5.79079
5.87225 5.85187 5.90047 5.76623 5.8421 5.72309 5.75391 5.81217 5.76869 5.72162 5.72297 5.7191 5.74699 5.77436 5.88333 6.00583 4.59042 4.59125 4.58267 4.52349 4.52767 4.50447 4.50531 4.47952 4.46484 4.44562 4.47923 4.42909 4.43951 4.49868 4.44227
4.458 4.49938 4.66965 4.54465 4.55389 4.72005 4.40567 4.82818 4.44419 4.52807 4.79095 4.88219 4.64602 4.66779 4.65694 4.26385 4.25846 4.26174 4.27052 4.19483 4.27455 4.28237 4.24291 4.24768 4.248 4.22541 4.20891 4.14919 4.23116 4.18222 4.10647
4.18366 4.71119 4.20316 4.30872 4.32751 4.37835 4.33597 4.31622 4.26975 4.28799 4.16316 4.11715 4.30621 4.26536 8.02042 8.01743 8.03392 8.00475 7.97237 7.95951 7.95594 7.97811 7.9884 7.95757 7.93171 7.92217 7.91079 7.94867 7.99959 8.09057 8.08419
7.86936 7.88513 7.83833 7.86958 7.99965 7.92845 7.93498 7.8304 7.83536 7.94128 7.89288 7.97579 7.94723 5.77222 5.77608 5.77433 5.81577 5.80357 5.82684 5.82271 5.81848 5.79977 5.79917 5.80543 5.75297 5.71938 5.76432 5.81406 5.87997 5.91475 5.71013
5.69758 5.58537 5.59321 5.7373 5.64805 5.64239 5.82188 5.63388 5.82892 5.74502 5.71701 5.71872 4.22475 4.24226 4.23563 4.14717 4.23737 4.1626 4.1659 4.16422 4.16021 4.16366 4.17474 4.16854 4.23243 4.24529 4.2408 4.18721 4.15618 4.58566 4.26626
4.48339 4.26948 4.56294 4.6681 4.22745 4.03797 4.54952 4.14363 4.52413 4.32337 4.45403 4.4835 4.47858 4.48351 4.51167 4.50259 4.54443 4.53277 4.5507 4.5475 4.54045 4.55598 4.54765 4.50383 4.527 4.53342 4.55502 4.53124 4.59896 4.49191 4.51548
4.45994 4.70518 4.58855 4.38655 4.54131 4.45257 4.39433 4.59589 4.51027 4.48481 3.96339 3.92849 3.9656 4.17281 4.0317 4.25169 4.26716 4.22533 4.27186 4.25387 4.23283 4.25506 4.28642 4.33227 4.23774 4.11671 4.24326 4.43642 4.35801 4.43254 4.57272
4.41417 4.441 4.41251 4.55347 4.57443 4.31 4.40375 4.44554 4.39992 6.09115 6.0823 6.08474 6.21444 6.10136 6.14057 6.19265 6.09419 6.10423 6.08303 6.15726 6.10975 6.30829 6.28037 5.99186 6.03995 5.88888 5.72445 6.05433 5.85118 5.70055 6.13441
5.5752 5.82587 5.77291 5.88113 5.84186 6.1088 5.96237 5.94498 3.35916 3.23514 3.32573 3.93661 3.95241 4.42141 4.43694 4.4956 4.52239 4.41854 4.41386 4.70507 4.45788 4.44263 4.41475 4.33479 4.23297 4.48958 4.19492 4.57175 4.70579 4.509 4.48864
4.51293 4.20136 4.17748 4.40666 4.48451 4.68253 4.57093 3.94026 3.92347 3.93839 3.99369 4.03763 4.17295 4.15733 4.15789 4.16286 4.16192 4.13423 4.18651 4.17163 4.09506 4.2287 4.17831 4.18683 4.69613 4.62225 4.53654 4.77315 4.58332 4.56629 4.85012
4.59509 4.6992 4.61988 4.4705 4.42109 4.5101 7.8264 7.82964 7.82378 7.86543 7.86056 7.84844 7.89487 7.84663 7.83243 7.88041 7.95154 7.94156 8.13948 7.93062 7.90431 7.85505 7.72368 7.83914 7.52569 7.84145 7.7864 7.86149 7.78973 7.96887 7.90957
7.84717 7.7788 7.88097 7.84966 7.79985 5.89777 5.90032 5.8937 5.90466 5.89769 5.89485 5.89654 5.90956 5.89443 5.91217 5.91454 5.92478 5.91062 5.90669 5.91855 5.85912 5.84021 5.99444 5.93654 5.86199 5.96722 6.50765 5.79191 5.96071 5.93123 5.94831
5.92226 5.95271 5.92641 5.96895 4.71772 4.7433 4.71794 4.28602 4.77008 4.24964 4.24527 4.24823 4.24898 4.25397 4.26766 4.26168 4.28878 4.26536 4.35799 4.34863 4.31199 4.54267 4.72886 4.70481 4.62336 4.44899 4.48588 4.6275 4.63948 4.48347 4.5778
4.55519 4.51362 4.59811 5.49949 5.53985 5.54299 5.23509 5.36934 4.79582 4.80751 4.82281 4.78656 4.82497 4.83506 4.76266 4.8534 4.92314 4.69309 4.68851 4.72279 5.09284 4.61702 4.48819 4.6342 4.74882 4.58749 4.57345 4.66558 4.72469 4.55917 4.67742
4.59614 4.5767 4.46089 4.46028 4.45563 4.46016 4.44728 4.46931 4.47833 4.46287 4.47267 4.44079 4.46493 4.45805 4.49606 4.42936 4.52867 4.51593 4.52244 4.43812 4.53545 4.49687 4.61547 4.30591 4.55938 4.5544 5.04228 4.42459 4.53336 4.5363 4.47942
4.58588 4.44685 4.41496 4.43464 4.29997 4.66664 4.24904 4.28207 4.27657 4.2569 4.29434 4.27214 4.25929 4.29066 4.4034 4.13457 4.16126 4.25965 4.96669 4.40812 4.44003 4.62994 4.41388 4.44073 4.48993 4.50661 3.88535 4.46276 4.38039 4.37541 4.49513
8.08311 8.09547 8.08307 7.97572 7.99717 7.86753 7.87188 7.8721 7.86615 7.88854 7.86219 7.82894 7.81476 7.90733 7.80831 7.75913 7.66587 7.84922 8.03517 7.78873 9.2109 7.93147 7.64489 7.58812 7.6012 7.6539 7.41925 7.46024 7.40023 7.85347 5.60477
5.59357 5.59527 5.45293 5.31572 5.23259 5.13535 5.17893 5.25609 5.29609 5.27924 5.27644 5.01733 5.23528 5.38179 5.53017 5.25228 5.86124 5.95332 5.8564 5.24736 6.38826 5.9118 5.63837 5.80688 5.92701 5.74605 5.79363 5.65232 5.8429 4.59712 4.59611
4.595 4.2638 4.59776 4.25782 4.25783 4.25759 4.25271 4.24299 4.23745 4.25626 4.25369 4.28696 4.26342 4.25599 4.27724 4.79414 4.56618 4.63046 4.56481 4.44428 5.19855 4.54932 4.68088 4.57172 4.65543 4.61587 4.6242 4.54754 4.43283 4.44337 4.42455
4.42098 4.44307 4.42504 4.42406 4.43419 4.42029 4.41103 4.41305 4.39844 4.38362 4.40878 4.45376 4.48014 4.52737 4.66013 4.79503 4.97212 4.74086 4.57966 5.01606 4.83652 4.6739 4.71736 4.90312 4.80851 4.77461 4.83549 7.87598 7.84735 7.86374 7.87832
7.7562 7.80684 7.83524 7.82816 7.78638 7.84371 7.76953 7.77624 7.69368 7.83829 7.44471 7.48878 7.33955 7.99595 7.58562 7.75842 7.86632 7.84167 7.94336 7.904 8.10895 8.18015 8.68586 8.00093 8.16453 7.81752 5.59123 5.59077 5.57561 5.57178 5.59917
5.5771 5.58743 5.58594 5.57906 5.58529 5.55399 5.56199 5.58409 5.56025 5.56925 5.56651 5.55141 5.49517 5.64229 5.23101 5.6003 5.59542 5.65382 5.59309 5.46614 5.22475 5.60998 5.58452 5.60786 5.60607 4.38959 4.37256 4.37939 4.17707 4.39249 4.16888
4.16588 4.16689 4.15675 4.16018 4.15012 4.14539 4.1687 4.15329 4.15242 4.20878 4.23976 4.33912 4.42849 4.40549 4.39784 4.3826 4.3656 4.39012 4.34893 4.38936 4.56521 4.45157 4.41932 4.3961 4.45318 4.45547 4.44931 4.4227 4.4506 4.42993 4.43969
4.44037 4.43159 4.43396 4.48711 4.48038 4.4515 4.49454 4.45936 4.44406 4.46693 4.45521 4.52241 4.43362 4.47582 4.53698 4.52132 4.47499 4.51591 4.49427 4.60388 4.44218 4.48085 4.4848 5.32359 5.30269 5.28198 5.24646 5.3026 5.24895 5.26125 5.28746
5.25388 5.21382 5.21468 5.29681 5.1156 5.18339 5.22714 5.30945 5.34644 5.68049 5.02705 5.70723 4.86258 5.16038 5.82506 5.06855 5.05033 5.70315 5.71152 5.52246 5.097 4.8399 7.61613 7.60938 7.61924 7.65012 7.61071 7.64677 7.64299 7.63992 7.62554
7.62424 7.62047 7.6505 7.66029 7.6502 7.63468 7.62763 7.70374 7.66098 7.55707 7.64697 7.61992 7.72934 7.65599 7.65183 7.58732 7.61539 7.4759 7.59551 7.63649 7.61259 5.56261 5.54369 5.54274 5.5756 5.55817 5.59408 5.58591 5.59587 5.57892 5.59393
5.58008 5.57282 5.56249 5.53635 5.52647 5.53045 5.52972 5.6508 5.59995 5.23551 5.58598 5.55828 5.66128 5.57816 5.54681 5.41986 5.5162 5.61791 5.57618 5.56089 4.39231 4.3711 4.40307 4.20346 4.39839 4.16346 4.1716 4.16493 4.16746 4.18827 4.18479
4.1595 4.29056 4.28021 4.25303 4.27438 4.27943 4.05952 4.29717 4.35291 4.36384 4.28792 4.24576 4.22633 4.43258 4.44433 4.59925 4.59018 4.40062 4.36675 4.38955 4.38665 4.39216 4.39316 4.388 4.40718 4.4068 4.41274 4.4102 4.42009 4.42833 4.42348
4.38282 4.40281 4.38824 4.3871 4.37638 4.32591 4.44073 4.40626 4.41331 4.394 4.41391 4.41123 4.41488 4.36681 3.78997 4.41554 4.41678 4.37785 5.58314 5.56289 5.56261 5.57387 5.57815 5.56676 5.5715 5.57435 5.56794 5.53406 5.52775 5.54925 5.57132
5.61479 5.61264 5.6015 5.59323 5.72915 5.32807 5.5211 5.4036 5.51334 5.87802 5.47156 5.6545 5.68905 6.80605 5.45771 5.35226 5.36751 7.69278 7.69157 7.68702 7.74363 7.6947 7.72555 7.7254 7.72027 7.73744 7.72827 7.69178 7.69073 7.71491 7.72778
7.73467 7.73634 7.75022 7.70004 7.64798 7.76325 7.70563 7.72856 7.63646 7.72699 7.7863 7.73033 7.46392 7.65158 7.71597 7.70149 92.6067 92.5323 92.5328 92.3621 92.6336 92.1481 92.1298 92.1613 92.0917 91.9946 91.8809 91.9199 92.4144 92.388 92.8917
92.9363 92.8468 92.8026 93.3932 93.4732 92.8752 92.8482 92.1933 92.487 92.3283 93.4658 97.9515 94.2362 93.4657 93.4718 75.8291 75.7278 75.8227 76.0287 75.6859 75.7859 75.9068 75.8615 75.8906 76.0072 76.0491 75.9081 75.8137 75.5417 75.9724 76.1012
75.9213 75.8386 75.2781 75.7364 75.9422 75.113 75.7691 75.3123 75.3138 75.9242 73.9291 75.6534 75.6213 75.6334 74.7965 74.9124 74.859 73.3793 74.6717 74.3306 74.1298 74.2771 73.8066 74.1074 74.1474 73.8857 74.4481 74.1405 72.003 72.9345 73.3268
72.1783 72.9742 72.5086 73.9743 73.3818 73.3796 72.6049 73.0478 71.6778 73.6693 71.757 72.2144 72.6355 83.5857 83.6485 83.6455 83.5812 83.5529 83.7966 83.7156 83.7631 83.6548 83.8359 83.8784 83.7719 83.8339 83.917 82.8872 82.8091 83.0368 83.4455
83.5715 81.8767 82.935 83.2805 83.5571 83.1954 83.4897 82.0772 81.7204 80.0196 82.47 82.6729 64.926 64.9124 64.9703 64.6472 64.9124 64.6171 64.6284 64.5865 64.611 64.6602 64.8765 64.7375 64.8065 64.7269 64.7225 65.2003 65.1321 64.433 65.0785
64.9132 64.8438 64.8366 65.1162 64.6084 64.8671 64.7791 68.8366 64.7545 64.8647 64.9205 141.86 141.87 141.916 141.174 141.765 141.415 141.297 141.39 141.33 141.079 140.996 140.92 141.521 141.516 141.486 141.399 141.537 143.043 141.524 141.668
141.729 141.874 141.063 141.592 142.596 141.731 144.784 141.305 141.567 142.403 5.44483 5.43407 5.43411 5.25852 5.40326 4.95509 5.03737 5.02089 4.93232 5.18064 5.3174 5.26004 5.12707 4.91762 5.56612 5.52736 5.56214 5.49893 5.477 5.31686 5.59577
5.5513 5.46497 5.55308 5.34469 5.53252 5.34811 5.39938 5.51446 5.54023 4.27739 4.26855 4.26798 4.31615 4.26427 4.34748 4.33994 4.3369 4.35587 4.28509 4.2888 4.32416 4.23626 4.25543 4.26716 4.22859 4.2547 4.44264 4.33826 4.38132 4.28451 4.37048
4.25071 4.39846 4.47498 4.45399 4.67562 4.38672 4.52682 4.4274 4.52483 4.52343 4.51363 4.53369 4.512 4.54403 4.54531 4.53447 4.54829 4.54946 4.52925 4.52787 4.51353 4.4457 4.50074 4.51758 4.50597 4.61649 4.56987 4.67422 4.64016 4.622 4.6941
4.66025 4.64818 4.7234 4.81709 4.64671 4.66647 4.62518 4.36851 4.3703 4.36541 4.37706 4.37366 4.37483 4.37293 4.37263 4.37658 4.34676 4.38565 4.37565 4.34999 4.29752 4.47806 4.38796 4.3808 4.42533 4.43099 4.4446 4.41525 4.40488 4.44649 4.41535
4.42995 4.42667 4.65379 4.61389 4.4227 4.41718 5.56413 5.59584 5.59271 5.64591 5.56662 5.60952 5.58606 5.60438 5.58732 5.62257 5.6224 5.64427 5.70916 5.69301 5.64419 5.72797 5.82192 5.4678 5.42958 5.55373 5.4768 5.37633 5.82933 5.75332 5.63807
5.23149 5.64393 5.6287 5.31066 5.4485 4.32625 4.32315 4.30017 4.4528 4.3092 4.46313 4.45333 4.46948 4.44242 4.47423 4.4432 4.43508 4.34365 4.35276 4.37351 4.36211 4.36601 4.47172 4.41968 4.4502 4.49276 4.36892 4.40381 4.52624 4.66979 4.5313
4.56972 4.47772 4.50354 4.4815 4.22632 4.22783 4.21751 4.20114 4.22823 4.18616 4.1807 4.16104 4.20456 4.18371 4.16839 4.17012 4.12447 4.14324 4.1331 4.16969 4.1756 4.23824 4.34111 4.30752 4.30748 4.31532 4.34453 4.36585 4.28871 4.30764 4.23506
4.38621 4.32391 4.31171 7.70491 7.71712 7.72122 7.71548 7.71893 7.7785 7.76206 7.78036 7.77911 7.76043 7.76791 7.76032 7.68613 7.62946 7.73581 7.75925 7.77928 7.71297 7.86788 7.81519 7.78878 7.7608 7.8281 7.83872 7.885 7.72879 7.81896 7.76112
7.76942 7.8106 91.1353 91.1244 91.0431 91.0389 91.2315 90.7729 90.7891 90.7481 90.7705 90.7899 90.8035 90.7559 91.0701 91.2875 91.4644 91.6351 91.898 91.0594 92.4492 91.8922 91.4422 91.9912 91.3385 91.4306 91.8634 92.0184 91.3968 91.983 92.5767
92.0853 153.511 153.616 153.582 153.291 153.495 153.42 153.431 153.49 153.543 153.496 153.36 153.423 152.883 152.936 154.388 153.907 154.224 153.683 155.001 153.369 153.789 154.341 154.272 153.144 153.355 153.283 154.098 153.109 153.784 153.526
76.0447 75.9653 76.229 76.2068 75.9949 75.8297 75.9458 75.8727 75.8512 75.808 75.7619 75.8192 76.3805 76.1251 75.8543 76.0054 75.9604 74.8766 75.6978 75.5724 75.4975 75.5068 75.3664 75.4173 75.7034 75.3986 75.8787 75.8206 75.2716 75.3896 75.2016
75.0702 75.1163 75.3642 75.0064 75.8408 75.7092 75.7649 75.6259 75.421 75.9092 75.7043 74.7783 74.4022 74.4958 75.1711 75.3365 75.5656 74.0723 73.5523 74.24 73.1477 74.2061 74.074 73.7738 73.3384 73.1891 74.8256 73.5267 74.0706 84.3 84.2868
84.1953 83.8007 84.1724 84.5791 84.4718 84.5399 84.5073 84.611 84.9199 84.7999 83.9165 83.8675 83.8376 84.4953 83.9847 82.118 83.6193 82.7986 83.3506 82.4046 83.4721 83.0218 83.0654 82.0868 80.2168 84.0482 82.446 81.9759 65.4827 65.4158 65.3991
65.5347 65.5797 65.3707 65.3738 65.3907 65.2448 64.9984 64.8846 64.8537 65.1282 65.3473 66.4302 66.5129 67.1319 67.1788 66.8015 65.6057 65.4723 66.2744 65.6586 65.7581 66.0671 65.9519 65.0643 65.2452 66.4204 66.2789 141.725 141.714 141.695 141.6
141.483 141.664 141.687 141.756 141.619 141.556 141.593 141.689 140.927 141.072 141.597 141.57 141.279 139.837 141.529 139.594 141.05 141.051 141.515 141.12 140.459 139.015 141.636 139.83 139.028 140.041 6.15184 6.22386 6.19643 5.86813 6.24632
6.10228 6.11511 6.09652 6.03162 6.05732 6.05013 6.11204 6.14459 5.87996 5.76807 5.9234 5.99951 6.37129 6.38254 6.40681 6.43092 6.32357 6.37717 6.39778 6.40573 6.39503 6.34986 6.38323 6.37126 6.43628 7.2229 7.32115 7.34277 7.19028 7.27386 7.11356
7.10904 7.15384 7.19493 7.11693 7.04155 7.08249 6.91558 6.28683 8.48198 7.96923 8.36767 7.02886 8.1261 6.94165 7.18168 7.31327 7.0645 7.0079 7.22687 6.99915 7.30996 7.25113 7.21254 7.17285 4.50065 4.50655 4.48769 4.12508 4.50249 4.16653 4.16755
4.17175 4.17385 4.17127 4.15975 4.15765 4.18966 4.26314 4.3805 4.4856 4.33401 4.5509 4.65103 4.6201 4.59559 4.63552 4.68535 4.61252 4.60169 4.62432 4.66008 4.54533 4.61817 4.59578 4.69021 4.70219 4.70118 4.66908 4.7052 4.7018 4.68965 4.6943
4.70402 4.67719 4.69639 4.68692 4.68833 4.63244 4.73974 4.7332 4.71383 4.92266 4.80601 4.84421 4.82105 4.76842 4.78415 4.76837 4.80466 4.85584 4.86142 4.81348 4.81071 4.83371 4.50375 4.51239 4.50685 4.45552 4.50613 4.49044 4.47431 4.48205 4.49701
4.48957 4.49687 4.50896 4.46338 4.44925 4.34924 4.28091 4.36711 4.695 4.60078 4.63687 4.61119 4.60328 4.62872 4.62274 4.62003 4.6296 4.69812 4.65614 4.60746 4.66342 4.38233 4.44664 4.3974 4.18883 4.4555 4.31094 4.29266 4.30545 4.31997 4.25151
4.1036 4.12943 3.90796 4.02142 4.23768 4.12743 4.20478 4.80518 4.69211 4.53941 4.72332 4.77546 4.7756 4.75174 4.79906 4.76762 4.52937 4.84319 4.86232 4.7444 4.19778 4.21067 4.19677 4.1592 4.19538 4.13814 4.13647 4.1388 4.15152 4.15654 4.15854
4.18063 4.15531 4.18261 4.20564 4.14122 4.09015 4.48169 4.42321 4.47877 4.44153 4.46892 4.4204 4.43677 4.45404 4.49682 4.58232 4.40105 4.4693 4.46077 8.22334 8.24325 8.26995 8.16187 8.24316 8.25619 8.25731 8.25244 8.23692 8.28398 8.22825 8.28687
8.24839 8.36442 7.96333 8.10146 8.21665 8.03713 8.17265 7.99492 8.57122 8.28091 8.21926 8.3242 8.22531 8.28807 8.51165 8.06066 8.08819 8.45226 5.44594 5.44882 5.48188 5.51795 5.43544 5.53933 5.53987 5.53784 5.53436 5.53017 5.51954 5.56852 5.45854
5.44111 5.55003 5.57094 5.64707 5.60779 5.30943 5.47095 5.56198 5.5657 5.42138 5.66035 5.50429 5.46837 5.63066 5.46186 5.48739 5.62991 4.56165 4.54812 4.54737 4.44157 4.56386 4.4849 4.44013 4.46525 4.45172 4.42519 4.41494 4.51549 4.45382 4.42855
4.51159 4.49105 4.41629 4.42824 4.54559 4.51889 4.51058 4.40058 4.5448 4.44665 4.47508 4.54634 4.33723 4.48534 4.48745 4.44999 4.46975 4.47142 4.47141 4.44123 4.47238 4.45955 4.44998 4.44936 4.4491 4.44592 4.44647 4.45404 4.47454 4.45573 4.44525
4.42053 4.41493 4.5169 4.42737 4.4685 4.45878 4.45583 4.47948 4.45775 4.45672 4.38664 4.41746 4.45563 4.4551 4.44691 5.37664 5.33865 5.46851 5.59213 5.34039 5.49913 5.52455 5.51373 5.50511 5.47658 5.42564 5.46395 5.7661 5.79209 6.21389 6.03407
6.29236 4.69693 5.33819 5.23476 5.11613 5.12292 5.14798 5.32458 5.17038 5.40565 5.55956 5.16617 5.14669 5.0096 7.41901 7.38593 7.49919 7.58732 7.38074 7.48726 7.5105 7.51719 7.52258 7.48621 7.48804 7.50904 7.68175 7.65906 7.62145 7.64627 7.55204
7.70103 7.27999 7.37926 7.3836 7.34444 7.35626 7.48078 7.30363 7.52947 7.60077 7.4028 7.38752 7.32708 5.73206 5.73137 5.73619 5.6658 5.74827 5.67596 5.67961 5.67512 5.67192 5.67377 5.66253 5.67038 5.68746 5.66305 5.66182 5.66543 5.66635 5.77379
5.74391 5.84345 5.83039 5.6474 5.86278 5.83068 5.89342 5.85468 5.87367 5.82968 5.81633 5.84168 4.57027 4.56422 4.56351 4.37447 4.5769 4.35897 4.2826 4.29118 4.28473 4.28595 4.28506 4.27844 4.30356 4.26508 4.37563 4.37963 4.30528 4.66134 4.57038
4.57714 4.55911 4.64267 4.60001 4.56128 4.66767 4.5557 4.57201 4.57861 4.5775 4.66758 7.53127 7.49154 7.49552 7.64444 7.47157 7.64281 7.69135 7.66162 7.64875 7.63209 7.68905 7.70747 7.71826 7.7133 7.69747 7.72058 7.58862 7.73154 7.49301 7.66317
7.74084 7.78055 7.67909 7.72607 7.63045 7.58112 7.73037 7.67518 7.71428 7.7058 93.8333 93.822 93.84 94.0347 93.8682 94.1913 94.059 94.0938 93.9907 94.0974 94.0687 93.999 94.0745 93.866 93.3721 93.7407 93.8138 93.9423 93.7966 93.9303 93.8305
93.7942 93.9168 93.8935 93.7566 93.5414 93.7735 93.8356 93.8575 93.6526 75.2828 75.2751 75.302 75.1283 75.2897 75.193 75.0647 75.2321 75.1198 75.1148 75.001 75.1962 75.2481 75.2934 75.1839 75.0955 75.2903 75.647 75.2323 75.313 75.2804 75.3975
75.2691 75.2494 75.2919 75.3711 75.6019 75.3173 75.1901 75.2146 73.0633 73.1065 73.1345 72.6499 72.9811 72.4574 72.3929 72.5986 72.8326 72.1657 72.2261 72.3947 72.5623 71.3496 72.5804 72.0324 72.2772 72.2059 71.913 72.0951 71.8932 72.0687 71.9584
71.923 71.9237 72.2152 71.8737 71.9445 71.8731 71.8774 82.6147 82.6086 82.6358 82.7381 82.5527 82.4577 82.5065 82.4873 82.492 82.382 82.3195 82.5702 82.3733 82.6624 82.9069 82.679 83.0376 82.57 82.359 82.3308 82.4521 82.2176 82.4099 82.4054
82.3747 82.6182 82.5323 82.4305 82.4757 82.3422 102.826 102.843 102.94 102.792 102.78 103.016 103.24 103.267 103.288 103.302 103.45 103.503 102.916 103.057 102.65 103.114 102.97 103.099 102.484 102.641 102.638 102.421 102.575 102.604 102.421
103.026 102.946 102.437 102.497 102.584 64.7328 64.7504 64.712 64.444 64.7846 64.6357 64.6044 64.6535 64.8055 64.7515 64.7273 64.6094 64.7377 64.685 64.7506 64.9605 64.738 64.9424 64.8266 64.7482 64.7201 64.7522 64.8489 64.7409 64.7616 64.9163
64.8006 64.6694 64.7741 64.8038 141.431 141.431 141.46 141.3 141.44 141.415 141.508 141.452 141.47 141.442 141.512 141.362 141.55 141.3 142.087 141.769 141.337 142.017 141.419 141.435 141.417 141.682 141.458 141.485 141.714 142.045 141.565
141.383 141.424 141.972 5.58818 5.58532 5.59361 5.58782 5.58886 5.601 5.57759 5.59827 5.59025 5.56415 5.55801 5.56921 5.56915 5.55452 5.58557 5.58594 5.59307 5.58887 5.55054 5.5765 5.56168 5.57717 5.57863 5.56504 5.58997 5.55059 5.57521 5.57121
5.54773 5.57986 4.39049 4.39179 4.3961 4.28215 4.39713 4.27109 4.27 4.2233 4.27665 4.22111 4.23668 4.22658 4.20747 4.25004 4.23828 4.26346 4.19908 4.35693 4.42222 4.4059 4.42878 4.44958 4.4341 4.42627 4.42274 4.44008 4.34994 4.43583 4.42129
4.39859 4.53335 4.53028 4.52973 4.51126 4.5354 4.50752 4.50012 4.49125 4.47126 4.48391 4.46193 4.4694 4.49297 4.47269 4.54523 4.49481 4.55041 4.6173 4.64213 4.64227 4.64139 4.6558 4.64681 4.64008 4.65784 4.58954 4.6323 4.64257 4.64876 4.66743
4.42265 4.4212 4.42339 4.43389 4.42268 4.42576 4.41669 4.407 4.37966 4.40192 4.38456 4.35223 4.38746 4.41754 4.36176 4.39248 4.41089 4.45636 4.44541 4.44795 4.4374 4.42877 4.45449 4.45211 4.45748 4.45354 4.45976 4.44033 4.44045 4.4639 5.04583
5.10318 5.14965 5.19391 5.07883 5.2233 5.20449 5.29525 5.30111 5.29093 5.34816 5.33826 5.26423 5.29874 5.08184 5.17852 5.17777 5.04123 5.09109 5.06574 5.06801 5.07321 5.06589 5.07547 4.99149 5.18365 5.08648 5.10244 5.05538 4.85979 4.41328 4.40979
4.41725 4.34361 4.41809 4.35419 4.3398 4.33199 4.33783 4.32316 4.33195 4.3395 4.33904 4.29505 4.45171 4.36258 4.33641 4.482 4.59345 4.61073 4.58119 4.6218 4.60312 4.57707 4.64641 4.45427 4.64133 4.58104 4.56135 4.60271 4.27242 4.26828 4.26809
4.23088 4.27479 4.24682 4.24307 4.22856 4.23813 4.21283 4.22922 4.25546 4.19965 4.20911 4.19766 4.22116 4.16776 4.32307 4.36277 4.33986 4.3358 4.35876 4.34745 4.34029 4.34029 4.31255 4.28317 4.33826 4.3426 4.32986 7.72111 7.72028 7.71656 7.75945
7.72598 7.7777 7.7497 7.77621 7.7723 7.78326 7.7895 7.78288 7.75778 7.77903 7.89953 7.81083 7.86605 7.71769 7.78241 7.76415 7.7643 7.76413 7.76903 7.78305 7.74889 7.72053 7.75406 7.76594 7.76645 7.73531 5.59822 5.59648 5.59923 5.58223 5.59681
5.58389 5.57016 5.58228 5.56313 5.56719 5.56691 5.57639 5.55959 5.56346 5.5754 5.58501 5.59172 5.69008 5.59402 5.59898 5.6009 5.61004 5.60896 5.60044 5.59569 5.63224 5.6174 5.60541 5.58923 5.59817 4.33673 4.33569 4.33684 4.13482 4.33884 4.13283
4.13034 4.13674 4.14025 4.14175 4.14814 4.14587 4.14075 4.14273 4.1442 4.10464 4.20509 4.46169 4.38309 4.37994 4.36652 4.41418 4.41971 4.38935 4.40966 4.39724 4.36917 4.41873 4.38765 4.38792 4.44983 4.44768 4.44779 4.4621 4.44869 4.44717 4.43729
4.43293 4.43165 4.4302 4.42115 4.42696 4.45159 4.44659 4.45774 4.41273 4.45438 4.41641 4.45414 4.45946 4.46271 4.43589 4.44965 4.46044 4.45535 4.44421 4.45964 4.4469 4.45971 4.45885 4.38611 4.38589 4.38613 4.35187 4.38567 4.35488 4.36669 4.37374
4.35876 4.36746 4.35125 4.35262 4.38283 4.34937 4.38793 4.3722 4.34851 4.38668 4.42358 4.4185 4.41567 4.42627 4.4127 4.41752 4.41851 4.39884 4.42133 4.41312 4.41618 4.41509 5.63314 5.63738 5.64406 5.62504 5.63834 5.63589 5.62557 5.63563 5.63063
5.61463 5.6148 5.61456 5.60237 5.59282 5.57929 5.63228 5.5891 5.62022 5.55389 5.54283 5.53452 5.5446 5.55031 5.53911 5.53936 5.61076 5.54902 5.53116 5.53309 5.55253 4.18006 4.18102 4.18217 4.12621 4.18065 4.1395 4.15382 4.16309 4.1489 4.12197
4.1629 4.16492 4.12306 4.12145 4.14066 4.14844 4.14387 4.60859 4.51462 4.50701 4.49748 4.47916 4.50914 4.50315 4.5071 4.52824 4.51588 4.50221 4.50207 4.49876 7.87054 7.8679 7.86773 7.85673 7.87059 7.86198 7.87107 7.87674 7.88095 7.8781 7.87302
7.87648 7.85221 7.88142 7.83025 7.83587 7.85616 7.99333 7.90438 7.9141 7.91385 7.87294 7.91409 7.91124 7.90499 7.92496 7.9431 7.90166 7.91137 7.92328 5.61909 5.62164 5.62114 5.61662 5.62147 5.61012 5.60471 5.60439 5.61095 5.60934 5.60806 5.60528
5.58956 5.59227 5.60443 5.6324 5.61959 5.67002 5.65432 5.6443 5.64594 5.65846 5.6367 5.65123 5.64768 5.6633 5.64798 5.6396 5.63747 5.64256 4.13559 4.13768 4.13854 4.03906 4.138 4.03573 4.0364 4.03289 4.11637 4.12465 4.10169 4.0963 4.1108
4.10521 4.15393 4.20217 4.07202 4.23307 4.19149 4.17698 4.16896 4.18896 4.27999 4.17658 4.16709 4.18839 4.18698 4.28352 4.17474 4.17447 4.30965 4.30925 4.30884 4.30999 4.30875 4.31882 4.30999 4.32188 4.30982 4.31514 4.31342 4.30289 4.31516 4.29197
4.31884 4.32873 4.30281 4.33022 4.32238 4.32563 4.33015 4.32 4.29843 4.32439 4.32128 4.34468 4.32533 4.29771 4.32482 4.32414 5.57902 5.58367 5.58567 5.63987 5.5788 5.6005 5.58545 5.57548 5.568 5.5454 5.58042 5.55917 5.56562 5.58202 5.52798
5.57303 5.60582 5.54376 5.47882 5.48538 5.49661 5.50459 5.5225 5.48874 5.50154 5.5469 5.47649 5.52406 5.49961 5.49938 4.33355 4.33066 4.33147 4.34082 4.33319 4.32726 4.30159 4.28302 4.25713 4.24887 4.29504 4.27243 4.2342 4.30389 4.36208 4.37667
4.28159 4.68122 4.42575 4.39532 4.36633 4.39658 4.4944 4.39041 4.36024 4.57424 4.38143 4.49802 4.38361 4.38641 7.71542 7.71387 7.71491 7.71619 7.71424 7.72392 7.73715 7.72912 7.72873 7.73091 7.71911 7.72108 7.75696 7.73982 7.67697 7.70816 7.70685
7.82801 7.74759 7.7485 7.74978 7.75621 7.77155 7.75367 7.75204 7.7861 7.75611 7.76674 7.74983 7.75172 5.76675 5.76716 5.77095 5.72016 5.7663 5.71541 5.71782 5.716 5.71273 5.71039 5.72715 5.70282 5.70039 5.70375 5.69876 5.72833 5.6915 5.90592
5.9153 5.88872 5.88258 5.90295 5.88236 5.89737 5.89456 5.88991 5.90642 5.89232 5.90116 5.8833 4.64362 4.64311 4.64896 4.57515 4.64485 4.58791 4.53526 4.54157 4.50808 4.49265 4.47984 4.51741 4.34485 4.35598 4.27957 4.28148 4.31639 4.70724 4.5798
4.64256 4.70421 4.78596 4.64563 4.67865 4.68692 4.72952 4.61187 4.64348 4.7208 4.69704 4.61016 4.60863 4.61132 4.50353 4.60666 4.47663 4.4762 4.4841 4.46001 4.47641 4.48113 4.48392 4.48421 4.54762 4.48845 4.46193 4.62355 4.64633 4.60433 4.61716
4.63751 4.69439 4.60585 4.61248 4.60286 4.6392 4.62082 4.58113 4.58571 4.61649 4.23168 4.23224 4.23639 4.23948 4.23335 4.22456 4.23046 4.23802 4.25275 4.26418 4.22072 4.24453 4.23367 4.69585 4.70122 4.70457 4.7118 4.70943 4.70648 4.70758 4.71347
4.71772 4.696 4.70336 4.70783 4.7076 7.84758 7.84449 7.86257 7.75984 7.84371 7.80727 7.83405 7.80356 7.83191 7.79618 7.81728 7.83652 7.85492 7.94147 7.83634 7.90761 7.96105 7.97496 7.97738 8.00746 8.09726 8.08472 8.03232 8.0192 8.00049 8.08023
8.04555 8.03089 8.09663 8.08725 5.69618 5.69751 5.70311 5.65439 5.6956 5.6686 5.68691 5.66826 5.6772 5.67571 5.69225 5.69252 5.69231 5.66596 5.6823 5.65143 5.66879 5.85168 5.81221 5.87746 5.85739 5.90095 5.87597 5.84359 5.87369 5.85269 5.88646
5.88585 5.84354 5.85706 4.57121 4.56705 4.57378 4.48145 4.56517 4.51065 4.53802 4.47237 4.30638 4.29721 4.3005 4.31585 4.26419 4.26925 4.32463 4.42314 4.33492 4.69467 4.64925 4.63824 4.6518 4.59624 4.69912 4.64519 4.60743 4.67151 4.62956 4.62355
4.66101 4.65962 4.65227 4.6532 4.65622 4.56571 4.64843 4.59742 4.56074 4.55396 4.53721 4.53286 4.52307 4.52162 4.54141 4.60767 4.57352 4.69513 4.61782 4.6386 4.60723 4.64842 4.64845 4.68148 4.67053 4.60655 4.63805 4.64888 4.59717 4.59214 4.64843
