75.5974 75.3728 75.465 75.5623 75.5537 75.4977 75.6895 75.7959 75.3166 75.6219 75.6659 75.5924 75.7936 75.5065 75.8877 75.7772 75.7599 75.577 75.7665 75.7767 75.4752 75.5873 75.6508 75.4762 75.5186 75.7841 75.5596 75.6542 75.579
138.601 138.309 137.88 138.382 138.261 138.386 138.64 138.732 138.352 139.256 138.349 138.884 138.124 138.846 138.176 139.108 139.398 138.578 139.491 138.984 139.115 138.877 137.906 138.827 138.786 138.93 139.161 139.051 138.494
5.71489 5.69586 5.70842 5.7022 5.6958 5.7053 5.70028 5.91722 5.69793 5.90233 5.90018 5.90948 5.88984 5.91241 5.88991 5.9117 5.91377 5.89684 5.89637 5.89775 5.90688 5.88143 5.88679 5.89354 5.89389 5.89244 5.9235 5.8987 5.87413
4.57509 4.62258 4.38075 4.31673 4.34361 4.36142 4.55131 4.59891 4.43937 4.75776 4.65123 4.71971 4.58707 4.70417 4.60235 4.71031 4.67803 4.71554 4.80956 4.65941 4.86102 4.70553 4.66051 4.72961 4.73308 4.64959 4.67508 4.75067 4.62124
4.54299 4.48316 4.42143 4.48386 4.48535 4.48583 4.51314 4.61946 4.47143 4.67917 4.56487 4.60399 4.5858 4.6245 4.58169 4.63812 4.67694 4.61351 4.70759 4.6507 4.65222 4.64231 4.58179 4.64166 4.62425 4.63449 4.62425 4.6932 4.63462
4.49252 4.45944 4.45603 4.50316 4.45449 4.46776 4.46558 4.51455 4.47903 4.52969 4.51451 4.52328 4.52171 4.52343 4.50874 4.51303 4.49836 4.53239 4.51435 4.53033 4.52653 4.53445 4.53762 4.53463 4.52484 4.52388 4.52002 4.52336 4.53637
4.24198 4.2407 4.24248 4.25177 4.24098 4.24258 4.23815 4.6945 4.25357 4.70586 4.68922 4.70582 4.69203 4.69585 4.69625 4.7033 4.7117 4.70865 4.69708 4.70266 4.71289 4.71442 4.70311 4.71547 4.70806 4.70426 4.69473 4.70814 4.71164
4.34573 4.18786 4.24289 4.25512 4.22895 4.22416 4.2138 4.31173 4.2377 4.28352 4.29787 4.3006 4.30719 4.29487 4.30879 4.28676 4.29102 4.29371 4.27221 4.29282 4.29005 4.29359 4.30967 4.29397 4.29761 4.29273 4.28846 4.28684 4.30745
7.74824 7.89717 7.87103 7.89685 7.88193 7.8793 7.83701 8.03866 7.81634 8.05023 7.89829 7.98392 7.99796 8.05179 8.03071 8.00461 7.99937 8.08901 8.0562 8.11109 8.0272 8.04415 8.05159 8.09608 8.04823 8.02483 7.93286 8.09502 7.98242
92.1941 92.5735 92.7833 92.677 92.7023 92.8009 92.442 92.579 92.1744 92.4339 92.7233 92.4606 92.1925 92.4507 92.2349 92.303 92.0282 92.4936 91.9966 92.396 92.6984 92.2927 92.4116 92.5233 92.4213 92.5032 92.5136 92.3633 92.1082
75.6076 75.6886 75.7145 75.6037 75.6498 75.7395 75.4158 75.4644 75.8806 75.5637 75.4814 75.5365 75.7522 75.7161 75.5483 75.5936 75.6936 75.6191 75.6016 75.717 75.3616 75.5978 75.5793 75.6108 75.5081 75.7886 75.5055 75.8891 75.6167
73.4505 73.0467 73.0932 73.0673 72.9659 72.6775 73.5504 73.6347 73.0365 73.5598 72.0325 73.5385 73.4488 73.306 73.1377 73.4358 74.1523 73.4728 73.8987 73.7239 72.3491 74.0814 73.2452 73.7812 73.6189 74.0273 73.4313 73.7898 73.3197
82.8088 82.6901 82.5159 82.5218 82.4843 82.3184 82.6691 82.6264 81.9566 82.587 82.427 82.5185 82.7622 82.5827 82.7465 82.6021 83.0185 82.4817 82.777 82.6653 81.8828 82.7919 82.6474 82.535 82.5736 82.7679 82.6212 82.664 82.8035
66.0173 66.1395 66.1204 66.1245 66.0971 66.0773 66.0371 66.3265 66.0199 66.0493 66.0305 66.1711 66.0034 65.9673 66.021 65.9374 66.1224 66.068 66.1735 66.0987 65.7547 66.1933 65.9032 66.1158 66.1428 66.1865 66.0061 65.8971 66.0862
137.231 136.236 136.128 136.405 136.572 136.323 136.498 136.995 135.837 136.585 136.119 136.416 137.195 136.527 137.027 136.72 137.582 136.324 136.944 136.79 136.943 136.565 136.696 136.392 136.447 137.502 136.839 136.802 137.743
12.2647 12.7767 13.0431 12.5563 12.6622 12.6945 12.6732 12.6511 12.0719 12.4637 11.3452 12.4725 10.8831 12.4664 10.9858 12.5551 12.175 12.531 12.537 12.5373 12.4762 12.4954 11.2838 12.5202 12.4879 12.6194 12.5223 12.5431 11.0058
5.73051 5.6992 5.71879 5.69394 5.70701 5.69983 5.71838 5.88375 5.71728 5.94791 5.90125 5.93437 5.91108 5.94552 5.92654 5.93407 5.94536 5.92835 5.93139 5.93644 5.90974 5.91306 5.87736 5.92849 5.92214 5.93189 5.93108 5.94049 5.92721
4.62623 4.3144 4.34107 4.37548 4.33603 4.3204 4.45442 4.67392 4.29722 4.71858 4.68002 4.70531 4.59673 4.61469 4.68169 4.68355 4.72882 4.69811 4.71951 4.72734 4.7133 4.69888 4.58435 4.68362 4.69845 4.7451 4.69979 4.61425 4.67424
4.61017 4.55907 4.57441 4.585 4.58209 4.55814 4.57529 4.60306 4.5416 4.64933 4.56985 4.63074 4.55899 4.61428 4.58318 4.62607 4.71286 4.64221 4.65679 4.63074 4.62027 4.66331 4.62377 4.66405 4.65025 4.7031 4.64068 4.6765 4.64613
4.51476 4.46839 4.48932 4.51532 4.52348 4.51457 4.49486 4.5973 4.48179 4.54711 4.54445 4.54483 4.53269 4.52747 4.54631 4.53686 4.54594 4.54746 4.54692 4.54454 4.58488 4.54991 4.53798 4.55918 4.55041 4.5483 4.54057 4.54868 4.55726
4.40321 4.36264 4.35742 4.33324 4.35577 4.37736 4.40411 4.68698 4.34903 4.68591 4.62371 4.67063 4.70441 4.63487 4.71594 4.68867 4.75295 4.65836 4.71169 4.7197 5.00237 4.69156 4.64376 4.67304 4.66626 4.67597 4.65435 4.69369 4.68373
4.30919 4.27983 4.25752 4.26103 4.26633 4.28095 4.27361 4.46676 4.22659 4.34473 4.36538 4.36178 4.40181 4.353 4.36842 4.33234 4.3717 4.3503 4.36047 4.37174 4.51876 4.34539 4.35891 4.36187 4.36237 4.44159 4.34588 4.33871 4.35856
7.57281 7.34112 7.43639 7.42253 7.43679 7.44101 7.43277 7.78611 7.27959 7.36603 7.56881 7.44049 7.69282 7.4555 7.65827 7.42557 7.47409 7.46419 7.61035 7.47983 8.039 7.43495 7.61847 7.4241 7.43917 7.55732 7.38701 7.37721 7.66629
146.962 148.674 148.893 148.262 148.312 148.369 147.637 145.776 146.543 146.703 146.456 146.753 145.711 146.4 145.918 146.777 145.147 146.692 146.369 146.36 146.986 146.646 146.214 146.777 146.786 146.287 146.628 146.665 145.292
92.2806 92.0517 92.6068 92.2199 92.3149 92.3674 92.9718 93.0224 93.0146 93.1338 93.022 92.9994 92.7379 93.0514 92.7947 92.9146 92.7403 92.9594 93.0295 92.9782 93.0831 92.9176 92.6447 92.893 93.0134 92.7602 93.129 93.0047 92.503
75.0789 74.704 74.6197 74.6787 74.6288 74.558 75.24 75.2384 74.6827 75.292 75.3023 75.3113 75.344 75.5454 75.2305 75.4554 75.3567 75.338 75.2887 75.5655 75.2781 75.2616 75.4149 75.3065 75.3606 75.2915 75.4221 75.4638 75.3926
73.2725 72.9104 72.8686 72.6398 73.1255 73.2593 72.5765 73.1399 72.8849 72.9153 72.8044 72.9562 72.9582 73.3488 73.1568 73.0031 73.2009 72.7388 73.21 73.138 72.8739 73.5456 73.0516 73.2889 72.9155 72.7612 72.8353 73.6326 73.1543
82.6582 82.6176 82.2104 82.576 82.6121 82.6671 82.1867 82.3524 82.3951 82.2277 82.5334 82.2311 82.6441 82.3548 82.6992 82.2668 82.6117 82.2592 82.3893 82.3676 82.3356 82.642 82.6285 82.4312 82.3591 82.2806 82.3596 82.5967 82.7169
65.7557 65.8099 65.5919 65.6654 65.8259 65.8416 65.6451 65.8442 66.0888 65.8617 65.7903 65.8869 65.8559 65.8558 65.873 65.7727 65.7306 65.7723 65.8949 65.8749 65.8223 65.9743 65.907 65.8335 65.9748 65.5743 65.7739 66.086 66.2996
136.779 135.512 135.516 135.28 135.703 135.612 136.26 135.67 135.759 135.924 136.284 135.904 136.709 136.355 136.46 136.155 136.666 135.97 136.084 136.304 135.769 135.965 136.759 136.25 135.991 136.319 136.289 136.934 135.837
12.4937 12.6207 12.8016 13.2897 13.1148 13.1441 13.0362 12.8691 13.1018 12.9846 12.5869 12.9344 12.5536 13.0664 12.5797 12.9957 12.9961 12.9766 12.9002 13.0477 12.9999 12.9499 12.5648 12.932 12.9394 13.0434 13.0038 13.083 12.6765
5.68526 5.67637 5.69998 5.67649 5.68863 5.67652 5.67476 5.88574 5.64551 5.88066 5.86935 5.85976 5.86301 5.89262 5.87699 5.87187 5.88438 5.86646 5.88307 5.90318 5.85031 5.86179 5.85933 5.85963 5.86508 5.87858 5.86708 5.87339 5.82819
4.53195 4.42786 4.45598 4.45895 4.47126 4.50819 4.24032 4.5252 4.46484 4.60627 4.56971 4.60582 4.58397 4.59866 4.62058 4.56777 4.60733 4.58737 4.60277 4.60789 4.61926 4.57446 4.55031 4.59051 4.60943 4.61664 4.58148 4.61591 4.53278
4.55809 4.51953 4.55428 4.5389 4.52885 4.53084 4.59143 4.61599 4.47849 4.5851 4.53772 4.57754 4.53226 4.5381 4.53807 4.58943 4.6361 4.55793 4.59277 4.62869 4.54037 4.59493 4.55466 4.59541 4.56636 4.60215 4.57921 4.59995 4.525
4.50394 4.47513 4.50931 4.47868 4.48772 4.47434 4.49728 4.53187 4.45452 4.52355 4.52888 4.52458 4.51055 4.51256 4.51695 4.53133 4.51836 4.53084 4.52432 4.53178 4.51038 4.52304 4.54812 4.53357 4.49623 4.53927 4.53077 4.52561 4.48466
4.48957 4.46406 4.43747 4.45296 4.42701 4.43833 4.41356 4.69222 4.37385 4.66134 4.69751 4.65485 4.70307 4.68798 4.71267 4.65414 4.71239 4.6572 4.67599 4.6996 4.63811 4.66278 4.76205 4.68088 4.66215 4.74228 4.65427 4.69023 4.74957
4.27184 4.23784 4.25092 4.2467 4.21406 4.21928 4.22088 4.34058 4.19118 4.3427 4.3448 4.34417 4.33966 4.3333 4.32565 4.33084 4.31458 4.32523 4.32908 4.33176 4.30845 4.29446 4.4162 4.32803 4.33877 4.32432 4.33277 4.40929 4.36377
7.60731 7.52678 7.15627 7.31948 7.29729 7.27239 7.45962 7.46223 7.55471 7.45564 7.62805 7.47996 7.73996 7.52913 7.59025 7.5133 7.41457 7.48481 7.46317 7.44873 7.41706 7.43599 7.86999 7.4363 7.45349 7.35791 7.47245 7.65972 7.61029
92.9197 93.1641 93.4455 93.2604 93.245 93.1863 93.7953 92.9811 93.5406 93.4802 93.4736 93.4043 93.5992 93.577 93.6237 93.4557 93.5796 93.5191 93.576 93.5829 93.8105 93.6058 93.4054 93.4795 93.4566 93.4827 93.6515 93.6851 93.1175
75.1064 75.3 75.0731 75.6329 75.6958 75.6933 75.4458 75.9677 75.0878 75.8518 75.7434 75.8995 75.8643 75.9681 75.8379 75.8044 75.6302 75.844 75.4697 75.8206 75.9047 75.6068 75.8159 75.8593 75.9119 75.6484 75.7325 75.6919 75.3889
73.2307 73.6268 74.0096 72.9479 73.0942 72.9999 72.4811 72.8247 73.3286 72.213 72.2692 72.7608 72.2961 72.2929 72.3381 72.4596 72.5151 71.8801 72.7065 72.9127 71.9188 71.8539 72.173 72.1891 71.7098 72.1601 72.0038 71.9292 72.6108
83.0549 82.9242 82.8178 82.5748 82.6154 82.6624 82.3507 82.9484 82.582 82.635 82.8549 82.7247 82.8379 82.5565 82.708 82.6219 82.6333 82.5842 82.8635 82.3958 82.3352 82.701 82.7745 82.5695 82.4277 82.486 82.4869 82.4828 82.8897
96.791 96.223 97.4178 96.3007 96.3553 96.2716 97.219 95.61 97.0353 96.3567 96.1114 97.0294 96.3611 96.5457 95.9064 96.9904 96.9273 95.9508 96.3468 97.6493 95.9222 95.9271 96.2758 96.303 95.9923 97.0828 96.5082 96.3411 96.0325
64.9304 65.1776 65.0903 65.2329 65.277 65.2651 65.0261 64.7384 64.9171 64.9753 65.0192 64.9545 65.0449 64.8995 65.0749 64.9179 65.0448 64.9981 64.9223 65.0013 64.8269 65.058 65.012 65.0167 64.7295 64.9221 64.9648 65.0598 65.2881
141.158 140.448 139.967 139.82 140.081 140.093 140.065 140.332 140.192 140.659 140.554 140.589 141.27 140.967 141.033 140.788 140.731 140.662 140.655 140.829 140.853 140.951 140.681 140.599 140.594 141.03 140.558 140.846 140.953
5.4252 5.4941 5.52112 5.51108 5.51233 5.52 5.54566 5.61015 5.529 5.56604 5.54701 5.58117 5.60382 5.61191 5.59434 5.5923 5.56595 5.57399 5.5667 5.6244 5.6056 5.57709 5.55181 5.54629 5.55364 5.582 5.58986 5.58716 5.56485
4.42206 4.32332 4.39595 4.22267 4.22857 4.24309 4.34992 4.26982 4.40308 4.45025 4.4311 4.32734 4.38254 4.37972 4.41255 4.38508 4.43179 4.44232 4.44538 4.45073 4.42242 4.45575 4.45844 4.4372 4.39524 4.46711 4.52772 4.49584 4.50361
4.43797 4.50072 4.49834 4.53078 4.5115 4.51725 4.50285 4.5343 4.50367 4.51778 4.49323 4.53183 4.47675 4.52399 4.48728 4.52307 4.50255 4.53509 4.4328 4.53615 4.51219 4.52258 4.50578 4.50194 4.5106 4.47852 4.4942 4.50903 4.49221
4.29265 4.30405 4.34056 4.31642 4.31169 4.30982 4.35076 4.38357 4.29812 4.36106 4.3528 4.36809 4.35656 4.3659 4.35051 4.36786 4.3709 4.35922 4.33567 4.38776 4.3464 4.35603 4.35723 4.36094 4.35229 4.36356 4.37053 4.37658 4.37128
5.16767 4.77592 5.10433 5.03453 4.97946 4.93735 5.30832 4.98663 5.0625 5.08929 5.02905 5.25345 4.94748 5.13883 4.88421 5.16236 5.1678 5.01199 5.05608 5.25492 4.94508 4.77789 5.01787 5.05128 5.11318 5.15353 5.10146 5.06795 4.95933
4.3585 4.32537 4.34312 4.31612 4.33514 4.354 4.28877 4.59007 4.40997 4.43314 4.40427 4.42362 4.39771 4.42766 4.42672 4.4148 4.42019 4.39338 4.45517 4.48968 4.46435 4.38239 4.41388 4.43572 4.5076 4.58657 4.48076 4.45411 4.62471
4.15587 4.15292 4.17225 4.14139 4.16544 4.1751 4.20586 4.51264 4.20792 4.50776 4.49712 4.50632 4.48727 4.49749 4.47331 4.50833 4.51107 4.51227 4.46569 4.50436 4.46108 4.5103 4.51005 4.49548 4.51329 4.5107 4.50306 4.5046 4.52309
7.59081 7.57716 7.54115 7.52725 7.53839 7.54012 7.53983 7.51115 7.57748 7.57532 7.56793 7.58575 7.63428 7.63411 7.58289 7.59562 7.60958 7.55963 7.58562 7.58439 7.5536 7.54314 7.50872 7.50229 7.51309 7.61478 7.53316 7.60142 7.56123
91.7425 92.066 92.0537 91.5927 91.5514 91.5481 92.1526 91.5761 92.2083 92.0829 92.3026 91.9125 92.8715 91.9433 92.9562 92.1464 92.2789 92.315 92.2096 91.6393 92.8532 92.6639 92.6486 92.4399 91.349 92.6207 92.7919 92.6879 92.7668
75.7597 76.1096 76.0301 75.9833 76.0279 76.0316 76.0972 76.0098 75.83 75.973 75.9084 75.9186 76.0963 75.8947 76.2666 75.9501 75.7881 75.9139 76.0447 75.8084 75.9635 75.7264 75.918 75.9632 75.704 75.8757 75.9134 75.9502 75.8604
73.8814 73.0408 73.5595 73.4091 73.4149 73.5327 73.0393 73.5037 72.5932 73.3406 73.3386 73.663 74.1173 73.8988 73.2771 73.7884 73.262 73.2577 72.8688 73.2963 73.3918 73.8068 73.3914 73.1915 73.4592 72.9121 73.371 73.4767 73.3416
83.1559 82.8748 83.0262 83.0796 83.1816 83.1683 82.5072 83.2346 82.5765 82.6914 82.5099 83.0943 82.3875 82.8316 82.3983 82.5575 82.559 82.4087 82.7951 82.0367 82.2293 81.9975 82.3964 82.4367 82.6289 82.0722 81.8642 81.9645 82.2523
65.7164 65.5965 65.4535 65.3081 65.3524 65.3433 65.3363 65.5482 64.5979 65.6128 65.683 65.6789 65.7404 65.6319 65.716 65.655 65.8718 65.6337 65.9161 65.5305 65.5866 65.9038 65.6607 65.5258 65.4028 65.5452 65.8153 65.8134 65.8173
141.07 140.421 140.667 139.352 139.535 139.553 139.653 139.872 140.429 139.566 139.369 140.019 139.905 140.012 139.317 139.963 139.606 139.015 139.997 139.938 138.906 138.9 139.186 138.995 138.179 139.211 138.892 138.733 138.75
6.00848 5.98792 5.99612 6.00066 6.00365 6.01158 5.94668 6.47287 5.95431 6.4715 6.43272 6.43785 6.19094 6.43995 6.32754 6.40169 6.45176 6.43249 6.46101 6.40375 6.33151 6.24273 6.3955 6.41631 6.41823 6.45305 6.43612 6.4064 6.44527
7.97077 8.03901 8.19158 8.02059 8.02253 8.05289 8.119 7.48147 7.99003 7.11198 7.08985 7.31071 6.97554 7.15053 6.78032 7.0753 7.08204 7.30489 7.49641 6.96498 7.25273 7.88139 8.0433 7.98025 7.55076 7.17574 7.48175 7.13837 7.10132
4.62719 4.35736 4.1779 4.20598 4.29036 4.30156 4.33933 4.60941 4.40953 4.72071 4.70135 4.65927 4.49338 4.63199 4.52535 4.60595 4.75015 4.6695 4.59969 4.68533 4.54847 4.56943 4.68068 4.71315 4.69172 4.70183 4.6336 4.63752 4.72399
4.7116 4.67558 4.6307 4.69715 4.67608 4.68147 4.639 4.82279 4.55194 4.83228 4.84434 4.81576 4.83168 4.78258 4.82033 4.80431 4.85875 4.802 4.75717 4.82019 4.82611 4.83923 4.8814 4.90149 4.86516 4.88386 4.82362 4.83301 4.85775
4.48807 4.49668 4.48874 4.48356 4.49159 4.48538 4.50244 4.60613 4.46435 4.60263 4.60422 4.60029 4.60306 4.59806 4.61184 4.60411 4.6097 4.60061 4.5908 4.59783 4.62115 4.60791 4.61554 4.61471 4.6133 4.63464 4.63567 4.61782 4.60828
4.56241 4.64031 4.56139 4.75231 4.70354 4.7192 4.40089 4.79465 4.64528 4.72746 4.62144 4.68293 4.5599 4.64271 4.56799 4.61786 4.56174 4.71036 4.70999 7.01744 4.67217 4.54718 4.70832 4.78762 4.93547 4.68355 4.61394 4.57705 4.61171
4.29476 4.3408 4.34368 4.36136 4.34295 4.35256 4.28751 4.51304 4.42258 4.48413 4.46389 4.47581 4.42058 4.45823 4.45515 4.46595 4.4824 4.48032 4.57526 4.50565 4.48233 4.47526 4.47916 4.49137 4.49409 4.56729 4.49202 4.48003 4.49525
8.18427 8.10503 8.14428 8.15734 8.13264 8.14834 7.9479 8.05628 8.04466 7.91822 7.94602 7.97902 8.16319 7.98961 8.04228 8.06216 7.8724 7.94257 8.06772 8.15337 7.99816 8.05814 8.0581 8.05615 7.72262 7.81894 7.86371 7.89703 7.78038
92.1008 92.2196 92.4652 92.2524 92.1224 92.1515 92.3877 92.1295 92.5074 92.7522 92.6121 92.3876 91.4203 92.4484 91.289 92.5026 92.6369 92.5112 91.7107 92.5457 91.9787 92.3481 92.4376 92.5614 92.36 92.4213 92.507 92.4053 92.5355
75.4785 75.2484 74.6108 74.9169 74.7064 74.7318 74.8689 75.5061 74.9229 75.3754 75.0027 74.5191 75.5827 74.7929 74.9312 74.7685 74.4098 75.6773 75.2077 74.8182 75.2096 74.8728 74.8566 74.817 74.8374 75.2427 74.9467 75.1606 74.8378
73.7123 74.487 74.4221 73.3375 73.3382 73.5367 73.8617 72.9135 73.7226 73.7927 73.1008 73.3058 73.9489 73.1291 74.1229 72.8956 73.9862 73.794 74.3722 72.8458 73.6783 73.4112 73.8035 73.6327 73.249 72.9388 73.6442 73.5943 73.4265
83.1116 83.0708 82.9489 82.8391 82.9173 82.8375 82.7998 82.9753 82.5675 83.016 82.8453 82.9012 83.3002 82.8692 83.387 82.7958 82.984 83.0029 83.1229 82.7904 83.292 82.9271 82.9867 82.9486 82.9738 82.9627 82.9266 83.0623 83.0853
66.4188 66.5633 66.6663 66.5175 66.4025 66.4343 66.6089 66.201 66.4616 66.3768 66.2291 65.9623 65.7659 66.0785 65.8862 66.0223 66.823 66.1858 66.4549 66.2872 65.7313 65.8849 65.9586 66.1082 66.1968 66.059 66.0568 66.0032 65.9649
137.462 136.58 136.669 135.529 135.563 135.743 136.159 136.705 136.532 136.981 136.293 136.508 137.274 136.357 137.241 136.373 136.376 136.908 136.917 136.668 137.326 136.594 136.844 136.672 137.306 137.46 136.69 136.911 136.526
5.52522 4.64262 4.74423 4.94996 4.85135 4.79489 4.76478 5.572 5.23593 5.71635 5.72295 5.65347 5.62939 5.71204 5.56491 5.73332 5.70559 5.76848 4.98629 5.74155 5.64354 5.73639 5.73481 5.73697 5.80237 5.79682 5.77725 5.78908 5.66205
4.53041 4.22045 4.4044 4.40405 4.40031 4.33717 4.39729 4.51992 4.19884 4.59658 4.54558 4.54568 4.48974 4.52246 4.54052 4.54231 4.55939 4.55767 4.54076 4.53332 4.5327 4.54766 4.56698 4.58455 4.56614 4.61654 4.59724 4.56979 4.5831
4.48547 4.42369 4.40351 4.35784 4.35867 4.36008 4.31037 4.47973 4.38088 4.51925 4.46204 4.45726 4.44183 4.44798 4.45585 4.46896 4.44879 4.44725 4.45534 4.46093 4.48106 4.46689 4.47725 4.49225 4.51916 4.56064 4.46244 4.48313 4.43912
4.47749 4.46505 4.38881 4.44185 4.44975 4.44835 4.46353 4.51828 4.51508 4.46228 4.50067 4.51972 4.51731 4.5111 4.52076 4.5272 4.50698 4.5151 4.46867 4.51459 4.52234 4.53295 4.53177 4.51384 4.54176 4.53019 4.51572 4.52339 4.49977
4.28761 4.19486 4.19485 4.15022 4.1925 4.19934 4.2122 4.78136 4.34271 4.58558 4.44751 4.79488 4.82625 4.58303 4.84107 4.75835 4.43336 4.53025 4.56907 4.50794 4.87414 4.79242 4.74005 4.68452 4.79364 4.85181 4.70256 4.68295 4.81708
4.32123 4.28251 4.29141 4.2482 4.25344 4.26864 4.25361 4.4404 4.27016 4.4307 4.35065 4.37986 4.3702 4.3852 4.36323 4.43224 4.37407 4.3792 4.41771 4.38084 4.32066 4.37008 4.35184 4.36724 4.37315 4.35587 4.3722 4.34874 4.3101
7.48431 7.56634 7.56839 7.43611 7.47899 7.46767 7.48896 7.57816 7.24022 7.47619 7.37924 7.49459 7.3053 7.58209 7.20914 7.64482 7.44793 7.54976 7.58966 7.56166 7.28231 7.55835 7.4197 7.42412 7.66706 7.27971 7.55109 7.54458 7.35961
92.5683 92.9494 92.7691 92.7925 92.9261 92.814 92.9807 92.5744 92.8779 92.8561 92.9803 93.1257 92.5423 93.248 93.1699 93.0886 92.758 92.6286 92.381 93.0085 92.933 93.1126 93.0416 93.0984 92.9524 92.8797 93.2069 92.9704 92.7044
75.7362 75.1691 74.994 75.1075 75.086 75.181 74.9006 75.655 75.5041 75.8103 75.7299 75.6852 75.7909 75.3973 75.6146 75.4157 75.5555 75.4044 75.8457 75.7182 75.5537 75.6706 75.5155 75.6233 75.9128 76.2769 75.5573 75.4164 75.8077
73.6661 74.4613 74.6156 74.5967 74.0634 73.9846 73.5865 72.1741 72.636 72.9756 71.3482 71.9343 73.6459 72.4893 72.3422 72.5431 74.0726 73.5054 72.4103 72.0889 72.6269 72.3827 72.7785 72.6819 73.2521 73.4177 72.702 72.5517 73.0897
82.9693 83.1461 82.4726 83.1591 83.0788 82.826 82.085 82.5156 82.3157 82.8323 81.5832 82.2925 83.1293 82.7963 82.6618 82.6216 82.7772 82.9516 82.3036 82.7372 82.713 82.5916 82.6359 82.3766 82.841 82.6789 82.6633 82.7678 82.809
65.0285 65.0061 65.9669 65.5072 65.2872 65.3626 65.4353 65.1757 65.7577 65.0751 65.2254 65.0682 65.2029 64.8467 65.1022 64.9604 65.6602 65.0638 64.9655 65.0305 65.2902 64.9298 64.9854 65.0406 65.5951 65.2113 65.0625 64.9221 65.1998
5.55914 5.43746 5.4211 5.42977 5.42826 5.38642 5.50023 5.55055 5.36504 5.54692 5.50628 5.5867 5.58843 5.60594 5.51208 5.54184 5.50051 4.90061 4.27393 5.53516 5.24859 5.52308 5.52499 5.57035 5.48705 5.52099 5.6101 5.57035 5.39563
4.38908 4.57838 4.50874 4.58498 4.57807 4.55459 4.67699 4.41931 4.43813 4.43804 4.45742 4.49741 4.46466 4.60937 4.51811 4.52066 4.47563 4.3378 4.29328 4.51373 4.41684 4.44625 4.48099 4.49432 4.40661 4.31446 4.54631 4.53297 4.39976
12.0076 11.2473 10.1648 10.9813 10.9961 11.0512 10.5933 11.2316 10.4987 11.4572 13.4517 10.9977 12.8827 11.9822 12.0076 12.2571 8.33688 11.5869 5.43644 12.2528 11.4774 12.059 12.0152 11.3749 12.1022 11.6706 11.7481 12.1358 11.3436
4.48115 4.41622 4.41998 4.41809 4.42248 4.41293 4.42228 4.62472 4.45794 4.61573 4.6412 4.64259 4.59088 4.64478 4.64934 4.65046 4.64278 4.60123 4.62972 4.64018 4.57791 4.6423 4.66672 4.66893 4.68291 4.64232 4.66632 4.6755 4.55857
4.39626 4.34975 4.41987 4.35614 4.33776 4.34201 4.46253 4.46325 4.33059 4.43786 4.45833 4.4218 4.41471 4.44816 4.43867 4.44551 4.43398 4.41246 4.47753 4.4312 4.42066 4.45179 4.44836 4.44028 4.4389 4.45549 4.44608 4.46213 4.40967
5.47438 5.66584 5.75547 5.7237 5.60372 5.63901 5.62204 5.28295 5.25213 5.37123 5.53187 5.15965 5.40818 5.14535 5.07663 5.04846 5.53225 5.67671 5.30835 4.9454 5.47066 5.20093 5.15503 5.17622 5.48277 5.48606 5.04028 5.07671 5.18482
4.42302 4.21183 4.47879 4.31172 4.2346 4.24095 4.29752 4.63993 4.28801 4.64793 4.44348 4.55997 4.54175 4.52584 4.54004 4.52003 4.50474 4.33535 4.6129 4.56434 4.3896 4.57066 4.56881 4.55681 4.559 4.37645 4.55161 4.55767 4.52159
4.23659 4.26189 4.28761 4.21353 4.25525 4.22307 4.20943 4.32235 4.26141 4.33201 4.30983 4.38422 4.3076 4.39751 4.37489 4.38388 4.40205 4.3452 4.45978 4.35911 4.34868 4.37861 4.37804 4.39652 4.40937 4.35031 4.39639 4.38234 4.30004
7.62554 7.63894 7.6242 7.63631 7.61548 7.61626 7.66845 7.59993 7.59753 7.63484 7.85198 7.63362 7.7839 7.65544 7.6557 7.62983 7.70041 7.67859 7.60392 7.61611 7.51823 7.61121 7.69348 7.64709 7.57991 7.43885 7.63173 7.58798 7.46299
160.125 157.852 157.362 157.847 158.263 157.856 157.726 160.278 158.348 160.702 162.027 160.267 159.646 161.919 161.86 160.184 161.879 158.301 163.799 160.218 157.465 159.341 160.6 161.148 162.845 158.351 162.996 160.43 158.859
89.7439 90.2594 89.702 90.0603 89.7513 89.7745 90.2977 92.0969 89.2029 91.3219 91.6463 91.8831 89.3471 91.8316 91.5672 91.6943 91.248 91.8893 91.53 91.483 91.1736 91.2172 91.6345 92.019 91.6546 92.0845 91.8214 91.6597 91.215
75.3333 75.2499 75.3115 75.3743 75.4352 75.425 75.5492 75.8517 75.8807 75.7838 75.4438 75.8711 75.7213 75.5344 75.6217 75.7871 75.933 75.509 75.8469 75.6914 75.8898 75.9121 75.5957 75.7356 75.238 75.8696 75.9316 75.5639 75.0781
75.469 75.6234 75.5268 75.5277 75.5504 75.4463 75.2046 72.9625 75.0995 73.1925 73.3202 73.4026 75.3119 73.6801 73.6953 73.3897 75.12 73.1336 73.4857 73.6939 74.2449 74.0307 73.5129 73.0561 76.3176 74.0357 73.2002 73.925 75.7625
83.703 83.475 83.3427 83.5132 83.6434 83.5701 83.2631 82.2591 83.7574 83.1758 82.7185 82.7565 83.9154 82.7577 83.0277 82.9871 83.5606 82.4985 82.7151 83.1606 83.3533 83.4933 83.1762 82.3751 82.814 82.3861 82.8057 82.9993 83.8621
66.067 66.1438 66.5121 66.4226 66.339 66.3157 66.6033 66.3322 65.9151 65.738 66.0926 66.3589 66.6426 66.5039 66.006 66.2994 66.4823 65.7178 65.8236 65.9662 65.7084 65.6679 65.9014 66.365 66.8431 65.0182 66.5974 66.2731 66.9155
138.912 139.147 138.939 139.089 139.003 138.946 138.436 137.348 139.163 137.503 137.686 136.52 139.274 137.301 137.2 137.251 138.636 136.818 137.077 137.484 137.637 137.691 137.472 136.802 138.527 138.534 136.621 137.116 138.421
5.65368 5.51667 5.45684 5.55698 5.54899 5.54093 5.48617 5.914 5.358 5.86266 5.8067 5.88186 5.98738 5.88936 5.87725 5.83816 5.87144 5.87961 5.88165 5.84349 5.93008 5.87053 5.8765 5.8541 6.00898 5.87919 5.8645 5.8319 5.74749
4.56312 4.36647 4.35176 4.33283 4.33107 4.32865 4.2147 4.48865 4.4763 4.61072 4.64056 4.64743 4.58008 4.65627 4.66688 4.6219 4.70406 4.66287 4.63342 4.70156 4.59754 4.63925 4.62738 4.60407 5.06359 4.70922 4.64657 4.63853 4.56484
4.64901 4.6762 4.68241 4.67565 4.6607 4.66237 4.65397 4.64074 4.65257 4.61178 4.59327 4.64467 4.70651 4.5884 4.56648 4.62771 4.62451 4.59924 4.62009 4.5973 4.64575 4.61323 4.60693 4.63147 4.94626 4.70749 4.62201 4.62211 4.6764
4.43805 4.40156 4.39155 4.37258 4.39743 4.39314 4.42216 4.52334 4.39696 4.47314 4.51633 4.48514 4.44469 4.50932 4.51245 4.47997 4.49502 4.50025 4.54347 4.49544 4.51054 4.47826 4.51513 4.51935 4.61308 4.63421 4.47409 4.50848 4.47381
4.20576 4.15577 4.21387 4.19341 4.17866 4.16809 4.25748 4.72417 4.07151 4.6027 4.68174 4.6811 4.60526 4.69352 4.54296 4.63695 4.63521 4.58767 4.69811 4.52585 4.42135 4.50127 4.53561 4.70853 4.78482 4.16524 4.68879 4.6291 4.65277
4.30244 4.27685 4.29082 4.23261 4.24865 4.24788 4.22604 4.43981 4.28353 4.37858 4.40515 4.37186 4.36071 4.36725 4.35828 4.35474 4.42091 4.36943 4.52155 4.35555 4.34491 4.33853 4.35109 4.57386 4.38887 4.35383 4.34331 4.36524 4.35047
7.87876 7.68276 7.61527 7.65111 7.66953 7.65132 7.55184 7.71892 7.51777 7.76209 7.65929 7.54022 7.60297 7.82032 7.79278 7.81772 7.92405 7.43583 7.78673 7.79084 7.48971 7.72399 7.69911 7.49703 8.11443 7.82114 7.6819 7.81095 7.88119
91.8252 91.8774 92.255 91.7293 91.7311 91.8219 92.2064 91.8263 91.8172 91.5928 92.8748 92.1281 92.239 92.3183 92.4681 92.2633 91.7251 92.531 92.2131 92.5841 92.0038 92.1929 92.4029 91.7661 92.7107 92.6546 92.0791 92.3717 92.6378
152.068 152.475 152.414 152.932 152.663 152.712 153.061 154.419 152.789 153.958 154.614 154.253 153.674 154.358 154.233 154.398 153.409 154.435 155.842 154.412 155.202 154.42 153.734 153.618 155.856 154.599 153.676 154.187 152.96
74.621 75.5684 75.4014 75.4062 75.3938 75.424 74.9547 74.9635 75.3626 75.53 75.059 75.2587 75.5554 75.6606 75.4924 75.5166 75.7694 75.049 75.7002 75.0521 75.3205 74.9872 75.1508 75.1765 74.9741 75.6682 75.5923 75.0006 76.3443
73.6318 73.1428 74.6808 73.62 73.5152 73.4324 74.3583 73.8554 73.996 74.4022 73.6618 73.8084 73.5018 73.2546 73.5805 73.2917 74.1653 73.8529 73.8409 73.2835 73.7688 73.5474 73.6883 73.7713 72.8502 72.683 74.4183 73.5924 74.9983
83.5886 83.2967 83.6044 83.5299 83.4803 83.4982 83.4584 83.1398 83.289 83.5216 82.7236 83.1721 83.0792 83.0382 82.9966 83.0941 83.2522 82.9371 83.2283 82.9006 82.9372 83.0655 82.973 83.2363 81.8931 82.398 83.4417 82.9778 83.7578
65.8696 65.8315 65.7609 65.9675 65.7395 65.7565 65.9702 65.9728 65.7674 65.9584 65.6438 65.8573 65.9242 66.005 65.9941 65.7182 65.9338 65.7853 66.5269 65.8506 66.1722 65.7412 65.7553 65.6139 66.9485 65.5941 65.7771 65.7871 66.4295
141.813 141.403 141.79 141.7 141.685 141.678 141.503 139.984 142.183 139.35 140.473 139.384 141.587 140.19 139.995 140.058 140.802 139.737 140.973 139.991 140.079 139.518 140.209 139.524 140.411 139.571 139.442 140.155 142.192
5.52194 5.68755 5.98687 5.29244 5.32446 5.41581 5.95994 6.37303 5.83054 6.53627 6.44608 6.42984 6.39858 6.45766 6.43907 6.44407 6.00126 6.32005 5.94621 6.42287 6.40854 6.40075 6.37108 6.31463 6.37982 6.47871 6.52266 6.37833 6.62624
6.79369 6.70516 6.88031 7.21967 7.05118 7.06306 7.0672 7.34528 6.89414 7.03942 7.29869 6.93184 6.75956 7.04748 7.1286 7.20683 6.92733 7.07578 7.70924 7.1637 6.93281 7.19186 6.91985 6.73658 7.94655 7.26916 6.64077 7.2003 6.90151
4.63888 4.32762 4.29993 4.328 4.32836 4.32878 4.2889 4.64069 4.14726 4.51654 4.62972 4.56922 4.61397 4.61784 4.59374 4.61536 4.48106 4.58216 4.55898 4.62622 4.63121 4.60877 4.62878 4.59126 4.60429 4.63542 4.5464 4.64148 4.62796
4.65444 4.65219 4.67704 4.60155 4.61581 4.60282 4.68534 4.77454 4.64015 4.65199 4.80884 4.74847 4.73074 4.71627 4.76516 4.75222 4.7967 4.7714 4.79905 4.76645 4.74888 4.736 4.73591 4.77951 4.74214 4.77871 4.75247 4.79366 4.79662
4.52033 4.48775 4.51018 4.48599 4.48517 4.48822 4.49313 4.62208 4.47361 4.59143 4.6257 4.59881 4.61925 4.61087 4.60003 4.60717 4.40571 4.59804 4.52227 4.60541 4.60608 4.6084 4.59157 4.61657 4.70041 4.63683 4.60926 4.60449 4.60482
4.61704 4.48104 4.39575 4.49414 4.52927 4.49788 4.41422 4.82077 4.57386 4.67256 4.73749 4.72192 4.75779 4.76437 4.70738 4.75081 4.62675 4.72328 4.65575 4.74552 4.89236 4.7931 4.69754 4.80291 5.79508 4.70107 4.73768 4.73333 4.67731
4.29533 4.26805 4.29949 4.26395 4.26445 4.26155 4.26113 4.54475 4.22797 4.4397 4.57263 4.50082 4.54779 4.51748 4.54219 4.54456 4.58398 4.53983 4.50934 4.5421 4.52073 4.51801 4.57132 4.50737 5.00657 4.53429 4.49664 4.54433 4.52892
7.94506 7.88329 8.00106 8.05873 8.08356 8.06671 8.08633 8.0648 8.17419 7.70031 7.93279 7.74293 8.36617 7.88619 7.79369 7.91004 8.25191 7.80745 8.30758 7.74056 7.86345 7.81269 7.94175 7.83226 8.0779 7.70979 7.76684 7.80166 8.25948
72.9865 72.7875 73.339 72.8849 72.9212 73.0878 73.472 72.5838 74.4318 74.2367 72.9887 72.7563 72.6592 72.808 73.0192 72.2216 73.3879 73.2579 72.5574 73.074 72.3717 72.2127 71.848 72.9277 72.4926 72.7702 72.1696 72.426 73.2593
103.572 103.799 103.315 103.862 103.809 103.847 103.093 103.49 103.553 103.574 103.764 103.483 103.687 103.598 103.436 103.793 104.294 103.075 106.406 103.642 103.414 103.72 103.697 103.404 104.864 103.715 103.254 103.418 104.095
141.343 141.469 141.662 141.39 141.287 141.343 141.569 140.842 142.267 142.622 141.396 140.796 141.346 141.162 141.1 141.281 142.119 141.011 142.547 141.083 141.009 140.773 140.899 140.958 142.111 141.857 140.674 141.086 143.128
14.0167 13.1535 12.4502 13.8298 13.8175 13.7148 13.288 13.4236 12.1936 13.5723 13.681 13.3717 13.42 13.2592 13.3761 13.2085 13.213 13.4965 13.0252 13.4798 13.3601 13.4539 13.3761 13.3921 12.9992 13.3461 13.1383 13.5293 13.4906
5.28443 5.31899 5.32888 5.34201 5.27182 5.2844 5.29142 5.05489 5.46468 5.18339 5.29686 5.15492 5.1096 5.05408 5.15915 5.22491 5.47516 5.19112 6.76552 5.16296 4.91462 5.26682 5.19287 5.11188 6.6341 5.19079 5.07321 5.21039 5.59893
4.23795 4.2316 4.20466 4.24446 4.2602 4.24992 4.18605 4.34593 4.20595 4.30572 4.36644 4.29846 4.3494 4.35426 4.34355 4.35075 4.23428 4.30652 4.32558 4.38273 4.36277 4.35486 4.36685 4.27948 4.37876 4.37585 4.30196 4.38044 4.24941
7.68765 7.68308 7.75814 7.61614 7.61918 7.62959 7.6868 7.39701 7.75963 7.72927 7.68924 7.4963 7.48891 7.38031 7.49635 7.56469 7.79655 7.54465 7.84756 7.44942 7.39091 7.57021 7.55618 7.48223 7.85424 7.46169 7.48626 7.56236 7.57426
162.879 161.058 163.991 161.779 161.847 161.848 162.456 161.3 159.893 160.104 161.509 161.896 162.183 162.801 161.533 161.94 160.316 161.242 161.227 161.513 161.58 162.154 162.164 161.762 161.582 160.249 162.788 161.417 158.954
92.1554 92.7191 92.4627 92.521 92.8147 92.7832 92.635 92.1797 92.4664 91.4042 92.3548 92.4154 92.3918 92.4521 92.3606 92.3761 92.3344 92.4013 92.1632 92.2835 92.2852 92.4134 92.4645 92.2913 92.4333 91.6955 92.7607 92.2738 92.8963
75.1804 74.9162 74.9875 74.9544 75.0613 75.1073 75.2951 75.4839 75.4915 75.8333 75.6998 75.8858 75.633 74.8447 75.6104 75.4619 75.5713 75.3377 75.3839 75.4543 75.6486 75.6356 75.4853 75.6465 75.3601 75.1142 75.666 75.5006 75.7526
73.2063 72.7111 73.0192 72.8938 73.03 72.8734 72.9412 73.1112 73.6936 73.8198 73.2542 73.3847 73.7363 73.4103 73.0063 73.4523 72.5018 72.9672 73.1542 73.0111 73.2581 72.8546 73.0411 73.1265 73.072 69.7683 72.7984 72.8784 73.5912
82.7378 82.21 82.4697 82.4342 82.2753 82.4408 82.7339 82.6742 82.6282 82.7817 83.0117 82.5732 82.7293 82.246 82.6561 82.5353 82.7911 82.6227 82.5507 82.6459 82.6674 82.3557 82.5291 82.6705 82.5346 81.765 82.1539 82.3936 82.5107
65.7872 65.9159 65.5946 65.9964 66.0719 65.9649 65.6482 65.6821 65.9657 65.4814 65.8869 66.0388 65.9764 66.0657 65.9097 66.1746 65.6642 66.1817 65.6781 65.6398 65.6954 66.1887 66.3183 65.9073 66.5464 65.2981 66.4884 65.9342 65.9999
137.363 136.86 137.197 136.572 136.748 136.686 137.172 137.194 138.09 137.421 138.006 137.477 137.545 137.112 136.771 136.937 137.416 136.59 136.731 137.226 137.019 136.732 136.622 136.871 136.393 133.493 136.386 136.656 138.019
11.9766 12.0829 12.0645 12.4532 12.3715 12.5487 12.391 12.3233 12.4 12.8034 12.5968 12.1298 12.4032 12.5052 12.2732 12.4688 12.7237 12.2118 12.3325 12.4284 12.3727 12.3374 12.3453 12.4474 12.2281 12.3786 12.429 12.0329 13.3625
5.69756 5.64252 5.62633 5.65184 5.65382 5.65303 5.63184 5.84276 5.64019 5.9048 5.90066 5.83058 5.87075 5.80171 5.85178 5.85003 5.88212 5.85434 5.84166 5.88195 5.87476 5.8549 5.84914 5.86421 5.84334 5.88771 5.83455 5.87079 5.86032
4.48505 4.53325 4.50467 4.51314 4.5066 4.48456 4.2465 4.60415 4.26651 4.69653 4.60556 4.57529 4.59402 4.65394 4.54092 4.59865 4.61844 4.52827 4.64781 4.56782 4.56895 4.56297 4.54069 4.58158 4.57393 4.41423 4.57594 4.51177 4.64965
4.5671 4.53028 4.51628 4.54399 4.54379 4.54238 4.56085 4.57137 4.532 4.62997 4.58366 4.60162 4.58375 4.57759 4.53159 4.57517 4.54164 4.59314 4.54305 4.6077 4.56211 4.57493 4.58936 4.54829 4.60086 4.50388 4.52602 4.59222 4.5597
4.53116 4.49832 4.48805 4.4975 4.51747 4.49568 4.4893 4.54587 4.47872 4.54918 4.55202 4.55057 4.53955 4.54967 4.55192 4.54867 4.55204 4.54342 4.5507 4.54765 4.55601 4.5451 4.54895 4.5446 4.55535 4.58584 4.56494 4.54782 4.53792
4.40316 4.46944 4.36102 4.41702 4.41768 4.4112 4.34322 4.56649 4.42115 5.01664 4.64458 4.68478 4.73939 4.73992 4.64114 4.72322 4.66218 4.72539 4.44936 4.70766 4.55468 4.77872 4.79608 4.66417 4.83159 4.65153 4.75912 4.87382 4.58389
4.39082 4.41374 4.30178 4.35759 4.34561 4.36426 4.26325 4.34332 4.28302 4.69659 4.38175 4.36685 4.44206 4.41223 4.36303 4.38963 4.40238 4.3435 4.34724 4.42291 4.36614 4.37646 4.3823 4.38052 4.35697 4.85798 4.36506 4.43277 4.45991
7.75536 7.72506 7.73629 7.6556 7.67968 7.67793 7.66395 7.83062 7.80113 7.85811 7.9109 7.85825 7.82007 7.70533 7.79267 7.79921 7.74216 7.77802 7.76521 7.74699 7.77851 7.82443 7.85793 7.82569 7.78165 7.65986 7.78688 7.7159 7.88927
146.045 147.239 146.506 147.383 147.774 147.963 146.724 147.179 147.927 147.88 147.891 146.294 147.451 147.386 147.04 147.293 147.153 146.833 147.44 146.583 147.504 147.293 147.467 147.577 146.795 146.867 147.731 146.554 148.947
93.9363 93.8439 93.7891 93.9977 94.3246 94.2696 94.0598 93.1807 93.8896 93.5595 93.9885 93.6564 93.4832 93.8672 93.6973 93.7071 93.6864 93.7869 93.5163 93.856 94.0735 93.6589 93.8188 93.9718 93.5045 93.1144 94.2539 93.5332 93.5513
74.9316 75.6019 75.089 75.6054 75.6505 75.6267 74.9875 75.5889 75.1057 75.8157 75.3101 76.0431 75.7717 75.9257 75.4745 75.6006 75.2835 75.3842 75.8866 75.5454 75.2004 75.8066 75.3992 75.1117 75.6525 75.0797 74.7714 75.1632 75.4516
71.4362 72.4165 72.4505 71.9671 72.6347 72.4716 71.7893 72.5853 72.1097 71.6649 72.3174 72.4604 72.1858 70.4384 72.1894 72.7419 73.1673 72.2801 71.7576 72.3002 72.0177 71.643 71.6493 72.0906 72.773 71.6176 72.071 72.2 71.4981
82.4687 82.8424 82.6783 82.613 82.3969 82.4314 82.5641 82.7947 82.6748 82.6825 82.5732 82.5955 82.7563 82.2214 82.9088 82.7571 82.7409 82.7736 82.5551 82.8836 82.4573 82.8192 82.695 82.6288 83.0712 82.754 82.221 82.5943 82.3085
96.1868 96.9657 97.1558 96.7486 97.5891 97.5177 96.6007 97.7788 96.8908 96.2287 97.364 98.7473 97.0392 100.124 96.8843 97.1659 98.5443 96.2483 97.4961 96.8151 96.732 98.5158 96.8801 96.4908 96.7504 95.819 96.9109 96.0586 97.6351
65.1785 65.2475 64.9493 65.181 65.2245 65.1327 65.0521 64.7026 64.9644 65.3632 64.9398 64.8653 64.9278 65.2612 65.0404 65.0856 64.9527 64.9106 65.0075 65.215 64.9956 65.1655 64.9328 65.0679 65.0408 64.9853 65.0546 64.8845 65.159
141.393 140.782 140.737 140.65 140.661 140.506 140.498 141.76 140.592 141.287 141.233 142.208 141.708 143.746 141.55 141.707 141.777 141.152 141.658 140.592 141.34 141.705 141.294 141.358 141.512 141.69 141.369 140.954 141.568
5.5287 5.54586 5.51828 5.53872 5.54299 5.53932 5.53136 5.61049 5.50708 5.61097 5.62881 5.57261 5.60553 5.59068 5.5944 5.59781 5.6441 5.57418 5.60426 5.6041 5.56881 5.5937 5.58057 5.56949 5.58777 5.61436 5.5395 5.59018 5.59772
4.46891 4.17908 4.29636 4.18512 4.17273 4.16862 4.38848 4.3242 4.16679 4.40198 4.43031 4.49303 4.41858 4.3823 4.37524 4.39848 4.37012 4.35654 4.42046 4.39769 4.35242 4.37465 4.34111 4.37604 4.31009 4.60739 4.3323 4.39807 4.29587
4.43327 4.37994 4.4118 4.39793 4.40692 4.40061 4.40948 4.45661 4.40283 4.4069 4.42719 4.40981 4.43598 4.42808 4.43382 4.40336 4.37198 4.42706 4.41683 4.40891 4.44545 4.39872 4.43109 4.43939 4.41683 4.40052 4.43885 4.42867 4.45289
4.36436 4.33508 4.37892 4.36011 4.36013 4.35575 4.36088 4.4195 4.35191 4.42719 4.42029 4.40519 4.41819 4.37576 4.41202 4.41653 4.43528 4.43893 4.43456 4.42151 4.43808 4.39041 4.41354 4.43401 4.41552 4.42858 4.42735 4.43013 4.45172
4.57381 5.06069 5.07901 5.0764 5.17139 5.18689 5.23724 5.30122 5.30709 4.98209 5.21191 5.64463 5.11254 5.40352 5.16771 5.20206 5.40597 4.95123 5.19436 5.00522 5.1139 5.2689 5.097 5.08637 5.23133 4.43752 5.23272 4.78742 5.26162
4.51376 4.488 4.37612 4.48101 4.48981 4.48241 4.42035 4.61738 4.46371 4.718 4.62814 4.70231 4.63539 5.43812 4.56005 4.57962 4.73491 4.56743 4.61816 4.68035 4.54287 4.68263 4.59598 4.58456 4.55355 4.64393 4.55652 4.68693 4.64523
4.25379 4.25911 4.24259 4.22038 4.22405 4.22967 4.25657 4.60882 4.25317 4.56094 4.57742 4.64355 4.59513 5.44401 4.60586 4.60299 4.54977 4.56907 4.61827 4.57288 4.59605 4.59913 4.60802 4.57394 4.59264 4.59491 4.60874 4.58726 4.65948
7.5686 7.60849 7.60143 7.61418 7.57952 7.58253 7.59387 7.62104 7.60742 7.57867 7.56315 7.69811 7.63834 7.73242 7.65256 7.63977 7.64034 7.59887 7.66469 7.54309 7.63311 7.64455 7.5997 7.63958 7.64121 7.55793 7.6605 7.52845 7.61068
94.8196 93.8467 94.2653 94.1309 94.1895 94.1768 94.2924 92.8252 94.14 93.3149 93.2794 92.6717 93.0704 93.4787 92.8948 93.1946 92.745 93.7542 92.9254 93.6797 93.8912 93.1867 93.61 94.2359 93.0594 93.022 94.0418 93.1641 90.1004
75.5491 75.0783 75.163 74.8622 74.8627 74.8087 74.9045 75.1372 74.8238 75.4556 75.8392 75.9378 76.3137 75.95 75.9986 75.3456 75.9248 75.667 75.6926 74.6735 75.8101 76.1829 75.3634 75.1558 76.1491 75.8607 74.7739 75.3054 75.7357
70.5507 72.2275 71.8801 72.7789 72.3412 72.4053 72.6222 72.2461 72.3941 74.3743 73.199 73.9557 73.7138 73.4835 73.4848 71.7811 71.9902 73.2247 72.3639 73.3169 73.2586 73.5336 72.281 72.3952 74.2012 71.7521 73.364 73.8856 73.8932
80.0026 83.1315 82.3492 82.8311 82.6813 82.7265 82.2381 82.7172 82.465 82.8938 82.5542 83.7175 83.4315 83.6158 83.1939 82.3837 83.1946 82.5074 83.3428 82.6724 82.3628 83.2685 82.9257 82.735 83.4425 83.2145 82.1304 81.2044 83.5468
104.384 103.262 103.722 103.143 103.71 103.635 102.464 105.338 103.113 101.959 105.085 107.104 105.62 104.843 104.742 103.309 106.428 104.016 106.038 101.443 103.922 104.425 104.522 104.17 103.23 105.975 104.292 101.549 106.654
64.3848 64.8703 65.1542 64.6764 64.8817 64.8972 65.0331 64.9649 65.2446 64.6487 64.8661 65.202 64.8589 65.0058 64.8081 65.1755 64.825 64.5872 64.6487 64.7753 64.6964 64.8631 64.9817 65.2207 66.5858 65.1634 64.9774 64.0276 66.1163
142.006 142.175 141.947 141.881 141.965 141.957 141.814 142.71 141.916 142.506 142.557 142.799 142.632 142.645 142.444 143.636 143.146 142.038 142.017 142.144 142.028 142.676 142.194 141.96 143.029 142.248 142.062 142.204 143.553
5.39493 5.72062 5.51759 5.6666 5.64562 5.64505 5.64514 5.54064 5.53243 5.46258 5.61908 5.58111 5.54749 5.59757 5.62234 5.59188 5.5841 5.59859 5.61979 5.44286 5.5961 5.5717 5.52874 5.60306 5.57439 5.56869 5.59404 5.36462 6.09788
4.02352 4.51933 5.08877 4.6477 4.85685 4.98197 4.80156 4.40628 4.67142 4.38387 4.39194 4.32049 4.38743 4.52494 4.23147 4.37709 4.27207 4.27981 4.41594 4.39876 4.2726 4.07094 4.36621 4.29475 4.03259 4.39926 4.18417 4.44698 4.36273
4.63681 4.48006 4.53503 4.54727 4.51596 4.50743 4.49258 4.53982 4.4933 4.51125 4.56773 4.51415 4.57502 4.51404 4.55076 4.50387 4.58698 4.65491 4.60713 4.53307 4.69159 4.52505 4.52321 4.54438 4.47724 4.6005 4.64757 4.55046 4.5236
4.51654 4.28722 4.31833 4.33464 4.36811 4.31204 4.31322 4.46451 4.39545 4.41733 4.48087 4.47052 4.44004 4.44557 4.49545 4.45383 4.46167 4.4889 4.49313 4.41488 4.50489 4.51265 4.44605 4.47168 4.4957 4.45294 4.49716 4.58293 4.53424
5.57827 5.44657 5.43511 5.40583 5.50398 5.44152 5.44071 5.60772 5.47105 5.3375 5.50689 5.70601 5.38751 5.50366 5.47236 5.56131 5.6854 5.42119 5.66175 5.3236 5.41706 5.45332 5.52778 5.369 5.57278 5.80881 5.46348 5.23147 5.71096
4.84063 4.51811 4.47812 4.50206 4.51011 4.54713 4.43138 4.63504 4.42695 4.63379 4.68448 4.68848 4.64478 4.65504 4.70293 4.32108 4.62426 4.60125 4.79284 4.61388 4.49516 4.49008 4.67565 4.50367 4.50991 4.69801 4.44656 5.14286 5.7344
4.32294 4.24304 4.19616 4.25803 4.26949 4.23962 4.23103 4.33487 4.19249 4.31359 4.39589 4.39328 4.38985 4.42021 4.35646 4.37601 4.38675 4.343 4.37243 4.34873 4.35842 4.3517 4.32339 4.4172 4.36264 4.39038 4.38125 4.66784 4.57656
7.84982 7.87538 7.88127 7.88706 7.89851 7.87537 7.87094 8.03934 7.86456 7.83782 7.81191 7.85077 7.79328 7.8519 7.81393 7.88699 7.76009 7.85793 7.72598 7.81493 7.89074 7.80663 7.84785 7.84429 7.87717 7.77691 7.92165 7.83268 7.78972
161.448 162.293 159.371 161.044 160.39 160.535 160.301 158.808 159.191 158.462 160.289 160.119 161.704 157.066 156.342 156.22 160.091 160.667 159.798 159.35 161.302 156.801 158.917 162.36 159.358 160.031 161.197 158.448 158.903
90.644 91.0887 91.3505 91.3211 91.347 91.2179 91.8617 92.9104 90.8688 92.7687 92.1822 92.9266 89.6506 93.6936 92.7399 92.3826 92.5153 91.0892 93.1635 92.6064 90.4392 89.9507 92.8051 92.2383 90.5495 92.7396 91.1747 91.964 92.7568
75.3048 75.1957 74.9317 75.0763 74.8205 74.9056 74.8378 76.1901 75.1604 75.7646 75.8031 75.2924 76.2521 75.037 75.8899 74.7615 76.037 75.2454 76.2265 75.215 75.8188 75.9288 75.6236 75.638 75.5301 76.042 75.832 76.0477 75.1705
75.1262 75.2545 75.7282 75.5434 75.4824 75.6361 75.3677 71.9523 75.9137 73.4754 74.2016 73.2374 75.5261 73.6861 72.7984 73.8585 72.3624 76.1048 72.1692 73.3846 75.3388 75.1651 72.8614 74.6248 75.9615 72.3724 75.9175 74.5441 73.7685
83.9135 84.0902 84.3576 84.0747 84.1323 84.1171 83.9189 82.656 84.4331 83.7873 83.63 82.1374 83.4535 83.6093 82.976 83.4303 83.3315 84.0089 81.9871 83.4963 83.8125 83.53 81.4133 84.738 83.8058 81.9816 83.9332 83.7055 83.4144
105.642 105.402 104.933 105.398 105.534 105.538 105.543 105.292 105.326 105.327 105.911 105.555 106.209 105.125 105.069 105.426 107.589 106.101 104.941 103.213 106.115 106.611 105.448 104.698 106.658 105.957 105.962 106.115 103.665
66.8318 67.2332 66.1564 66.8662 67.2424 67.0737 66.7556 66.4219 66.3281 64.5411 64.9682 65.5542 66.0108 64.6484 64.9958 64.9446 64.2112 66.8933 65.1899 65.8363 67.0314 68.0493 65.4384 65.6685 67.5646 64.8572 66.8813 64.7186 64.7794
144.924 144.399 144.116 144.186 144.404 144.468 144.159 143.758 144.187 143.3 143.976 143.251 144.913 142.644 143.354 143.479 142.804 144.548 141.945 143.563 144.568 144.674 142.895 143.325 144.379 142.436 144.226 144.071 142.999
5.99559 6.01887 5.96069 5.97921 5.9692 5.98875 5.92457 5.65733 6.02822 5.65847 5.62436 5.50951 6.06022 5.95549 5.62141 5.69551 5.63241 5.82962 5.69737 5.62677 5.95757 6.07986 5.57043 5.66884 5.97211 5.70477 5.83446 5.65618 5.48092
4.3903 4.37739 4.36201 4.43725 4.49086 4.45541 4.31823 4.37132 4.39141 4.47698 4.54854 4.49301 4.47577 4.57679 4.4279 4.46339 4.43705 4.60151 4.34819 4.55065 4.4296 4.42996 4.46721 4.58752 4.49858 4.43211 4.48607 4.34207 4.49599
4.49237 4.47817 4.3949 4.43775 4.43726 4.43204 4.40104 4.59326 4.43698 4.51577 4.67775 4.56174 4.6256 4.58655 4.62133 4.59255 4.69663 4.46597 4.64426 4.48058 4.5332 4.51841 4.55113 4.58254 4.58257 4.68807 4.47978 4.60844 4.58367
4.42302 4.39906 4.42004 4.3583 4.37127 4.39896 4.41736 4.51795 4.34552 4.4596 4.47187 4.52358 4.472 4.42712 4.48355 4.26635 4.47978 4.44886 4.4726 4.47788 4.48789 4.47414 4.37529 4.45602 4.52251 4.49402 4.44662 4.47053 4.44351
5.83893 5.87634 5.73851 5.78766 5.84899 5.8682 5.82427 5.68113 5.80615 5.62801 5.78157 5.6853 5.83583 5.6705 5.81536 5.70003 6.21378 5.87511 5.71079 5.66193 5.81951 5.72335 5.70843 5.72263 5.72157 5.77493 5.8083 5.82046 5.81688
4.4111 4.39793 4.41944 4.43631 4.45666 4.47038 4.43095 4.77716 4.45372 4.34665 4.58659 4.47466 4.66315 4.4842 4.66341 4.64248 4.31254 4.82695 4.62876 4.60215 4.74869 5.27307 4.69778 4.90253 4.46918 4.55508 4.82032 4.54091 4.54915
4.21546 4.29803 4.18824 4.20359 4.20419 4.21638 4.23413 4.33449 4.1579 4.29933 4.32627 4.3387 4.31133 4.27038 4.32368 4.31056 4.34519 4.36989 4.34375 4.15793 4.34323 4.29501 4.27604 4.28202 4.34312 4.35816 4.33136 4.30912 4.26146
7.9261 8.06682 8.02577 8.05537 8.04759 8.05935 8.01899 7.87228 8.02139 7.85282 7.8541 7.88769 7.97814 7.86835 7.96429 7.84189 8.01787 8.01529 7.92273 7.91514 7.98097 7.88319 7.87566 8.06876 7.91182 7.8736 7.96186 7.89994 7.97642
91.6847 90.9601 91.3121 91.6401 91.4324 91.5751 91.0467 92.527 91.0875 93.2273 92.3174 92.7239 92.4179 92.9879 92.548 92.6008 90.8178 90.0513 92.8974 93.2279 90.3159 92.8201 90.322 92.8062 92.3895 92.4224 92.6165 92.115 92.7013
76.5892 76.8474 76.6116 76.7642 76.6405 76.7196 76.8451 76.4076 76.7521 76.2038 75.7973 75.8733 75.5113 75.2803 76.179 76.0308 76.9422 76.3553 76.5954 76.0519 76.3729 75.8712 76.4974 75.7785 75.8329 76.0664 76.4777 76.3739 76.1393
74.848 75.2165 75.7736 75.2843 75.6326 75.5574 75.5146 74.2614 75.6067 72.0498 73.6526 72.0038 72.7377 73.1994 73.3445 71.5851 75.1405 74.926 73.2976 71.8724 74.6618 73.2505 74.4068 73.5784 73.2221 73.4199 75.0415 73.3094 73.4976
83.0307 83.7778 83.9473 83.6352 84.1308 83.9558 83.9883 82.7338 84.0759 82.8059 82.4824 82.7031 81.1185 82.7218 82.7817 83.2015 83.0323 82.6328 80.157 82.5009 80.7999 83.1914 82.6051 82.8619 82.5962 81.0528 82.9291 83.5473 83.0341
98.4612 99.8434 98.6422 99.2763 99.2591 99.5747 99.4664 97.9405 98.1583 99.3938 101.131 99.213 100.652 99.6549 97.4064 99.9953 100.164 99.2827 100.395 100.231 98.0221 98.7275 102.031 101.388 98.9188 102.186 99.1706 98.0772 99.4615
67.394 67.3335 66.5087 67.4365 67.3727 67.4717 66.8056 64.7745 66.5473 66.4916 65.5838 65.2484 65.2658 65.5085 64.9621 65.5526 66.1102 66.8485 65.9845 65.711 67.2311 64.8544 66.0297 64.6866 64.5003 65.8597 67.9267 65.2083 65.0762
143.202 142.92 142.991 142.948 143.004 143.047 142.807 142.25 142.902 143.233 142.817 143.462 142.926 142.766 142.132 143.44 143.165 143.019 142.717 143.04 142.603 143.092 142.831 142.666 142.538 142.903 143.025 143.216 142.735
5.6021 5.8337 5.80934 5.79117 5.76432 5.78376 5.79249 5.78905 5.71015 5.77113 5.70241 5.72009 5.71832 5.44296 5.7186 5.68036 5.92941 5.90631 5.67303 5.69476 5.87728 5.73452 5.9434 5.88458 5.72616 5.67689 5.75316 5.77586 5.71824
4.29742 4.15256 4.38412 4.15758 4.15001 4.14794 4.14822 4.41026 4.09722 4.46367 4.50353 4.6394 4.33012 4.58215 4.32783 4.50304 4.49913 4.31259 4.36629 4.47655 4.43969 4.67898 4.25952 4.80988 4.58037 4.27265 4.24955 4.54193 4.5471
4.48977 4.52209 4.49908 4.50726 4.51251 4.51723 4.52322 4.40225 4.47779 4.49956 4.54092 4.53919 4.479 4.47811 4.41039 4.56605 4.73941 4.471 4.54031 4.49774 4.51742 4.41903 4.44238 4.38873 4.50368 4.50965 4.4314 4.53909 4.4988
3.97774 3.52759 3.71302 3.69584 3.48152 3.51579 3.52424 4.41033 3.79654 4.38548 4.48831 4.4373 4.5275 4.56505 4.40992 4.40795 4.45483 3.87399 5.16235 4.42038 4.43178 4.42576 4.37871 3.3603 4.46219 4.53684 4.20854 4.42209 4.43181
6.23917 5.92454 6.0906 6.11503 6.15943 6.10822 6.05655 5.97424 6.15681 5.6416 5.77123 5.87804 5.80743 5.77975 5.90411 5.80977 5.76962 6.05713 5.81298 5.62446 6.08647 6.13936 5.78915 5.86096 6.02775 6.04693 6.13213 5.98506 5.79187
4.08859 3.9506 4.04429 3.94042 3.90092 3.8739 3.95534 4.36387 4.01774 4.6404 3.9528 4.64747 4.55667 4.7302 4.66823 4.75232 4.52444 3.4243 4.78259 4.74233 4.19269 4.39844 4.67047 4.50776 4.81431 4.73986 3.49229 4.39523 4.55363
4.26101 4.14913 4.00926 4.11793 4.10838 4.11223 4.09842 4.51106 4.08285 4.91677 4.68371 4.58617 4.58058 4.56412 4.5967 4.74249 4.63877 3.94832 4.54496 4.82699 4.23585 4.4908 4.33925 4.44442 4.68894 4.66236 4.20211 4.53037 4.49755
7.92104 7.85197 7.87691 7.84177 7.84476 7.84368 7.88367 7.93705 7.92332 7.88211 7.80914 7.9299 7.80211 7.78111 7.8242 7.88469 7.84881 7.8113 7.81876 7.7542 7.85131 7.85835 7.61107 7.84294 7.78323 7.76906 7.82114 7.94103 7.8685
92.138 91.9725 92.1026 92.3512 92.2496 92.2372 92.3027 91.2795 92.3835 92.7096 89.9689 91.9268 91.392 91.6876 92.2252 92.1778 91.4712 91.3624 91.4796 92.8481 91.7471 92.3844 91.7687 90.6671 92.4808 91.7652 91.8218 92.6632 92.4616
76.0865 76.26 75.7351 75.9724 76.0812 75.9966 75.7831 76.1072 75.656 76.1443 76.1581 75.959 76.1183 76.265 75.8006 75.8781 76.0898 75.9349 76.0912 75.8383 75.9535 75.5968 75.8325 76.0533 75.6694 75.4109 76.0943 75.8336 75.8546
78.0178 76.2867 76.2473 76.138 76.0481 76.249 76.1058 72.8319 75.7429 73.1556 74.8758 73.2202 73.6252 73.2027 70.5819 73.269 74.5657 77.2124 75.6333 73.7284 76.2595 72.8262 72.9623 76.3019 73.3434 72.193 77.3889 72.6533 74.0068
85.1287 84.5554 84.5063 84.7074 84.6926 84.7813 84.2817 83.2463 83.9225 82.401 82.8671 81.4457 82.9981 82.0067 81.8576 81.4951 83.9471 84.6999 84.2252 81.8778 84.7384 81.8086 83.0028 84.2421 82.1546 82.5635 84.9374 81.4396 82.5737
69.193 67.9212 67.7284 68.3342 68.3751 68.2573 68.3375 66.4697 67.3513 66.0347 67.7242 65.6837 66.0126 65.1894 65.9744 65.9084 67.0241 68.6258 67.7379 66.1269 69.0312 65.6359 66.1048 67.257 66.0916 66.0661 69.1726 66.0714 66.1278
140.052 141.038 140.737 141.499 141.645 141.486 140.4 136.955 140.638 138.212 139.237 135.262 137.911 139.324 135.767 133.749 139.154 141.797 140.62 138.892 141.019 136.531 136.939 140.017 136.189 136.238 141.433 137.167 137.995
5.89652 5.91081 5.89592 5.89504 5.904 5.89633 5.90695 5.93511 5.97842 5.9036 6.07582 5.86964 5.96278 5.94114 5.93444 5.84587 6.01634 6.06347 6.08451 5.71322 6.02629 5.88624 5.97406 6.07974 5.92338 5.83684 6.03725 5.80739 5.89684
4.63269 4.22258 4.3285 4.24885 4.23443 4.24551 4.29738 4.54624 4.47041 4.58379 4.62479 4.62337 4.62371 4.52096 4.59477 4.72802 4.64317 4.7827 4.66059 4.68172 4.61966 4.76604 4.6509 4.78873 4.75769 4.62408 4.57649 4.54169 4.84576
6.60334 5.08789 5.31652 5.26336 5.25414 5.23891 5.40851 4.65729 5.06384 4.61835 4.80623 4.60116 4.60018 4.63833 4.64906 4.66243 4.71002 5.5245 5.03687 4.68617 5.47424 4.62778 4.6084 5.19931 4.66023 4.63179 6.03943 4.60648 4.76869
4.4187 4.44022 4.42501 4.41819 4.41935 4.41994 4.42707 4.52883 4.44361 4.54818 4.60404 4.53468 4.55643 4.57317 4.56016 4.55964 4.45659 4.47389 4.47897 4.56718 4.44988 4.56537 4.55284 4.49536 4.52862 4.56441 4.43815 4.52329 4.55439
4.65602 4.50499 4.50638 4.5871 4.56953 4.57465 4.60315 4.65319 4.50492 4.77916 4.65148 4.72327 4.82927 5.66823 4.74909 4.77895 5.01185 5.03562 4.85039 4.69592 5.10111 4.72953 4.78404 4.88618 4.84868 4.7653 4.93338 4.67751 4.77192
4.61629 4.36383 4.41669 4.46595 4.46486 4.4472 4.57248 4.33773 4.18548 4.41397 4.61242 4.41324 4.53219 4.60877 4.80188 4.48851 4.37194 4.47289 4.62026 4.61381 4.91284 5.23842 4.44174 4.39127 4.47887 4.49727 4.67893 4.46809 4.46007
7.85074 7.88799 7.83499 7.96294 8.00189 7.96473 7.80461 7.27721 7.83896 8.15175 7.85355 8.13288 7.75969 8.954 7.54028 8.11896 7.4969 8.14042 7.93085 8.33324 8.04031 8.80537 7.80423 8.01457 7.39494 7.17564 8.09997 7.78547 7.73535
93.2297 93.0522 93.0688 93.2614 93.2838 93.3552 92.9778 92.8744 92.9538 92.714 91.951 92.5182 92.3729 92.5066 92.9826 92.2354 93.415 92.8514 92.3715 92.6637 92.3276 92.8589 92.9483 92.5791 92.4508 92.1869 92.4665 92.7379 92.2884
75.5129 75.3081 74.9084 75.2776 75.2072 75.1432 75.2338 75.5286 75.2938 75.3196 74.5997 76.1376 75.037 75.642 74.9748 75.3213 75.7597 75.3199 75.4132 75.3709 75.1774 75.2767 75.1329 75.4668 75.0705 75.5138 75.3617 75.1368 75.5045
72.1503 73.4463 74.2093 73.2694 73.4738 73.4966 72.5081 72.4093 72.6454 73.6224 73.3816 73.8323 73.0284 70.7429 72.627 71.0572 71.9439 71.0746 73.0255 72.6755 73.0156 72.6589 73.4696 72.5969 72.4871 73.8984 73.0429 72.6058 73.4196
82.6322 82.6995 82.5386 82.652 82.6388 82.664 82.441 82.1349 82.4759 82.7277 82.8581 82.8191 82.7608 81.3054 82.3227 81.5648 81.9806 81.3119 82.4835 82.1312 82.7348 82.0262 82.6936 82.191 82.3378 82.9412 82.5263 82.3206 82.117
66.468 66.1769 65.8688 66.3421 66.2392 66.2902 65.9072 65.6288 65.823 66.0481 67.1898 65.7654 66.0852 65.3503 65.6811 65.485 65.7455 66.2294 66.285 65.7993 66.2807 65.657 66.1181 66.1014 65.8637 65.752 66.2474 65.7637 66.6055
136.382 137.932 137.423 137.363 137.517 137.563 136.4 137.589 136.708 138.026 138.289 139.302 136.787 136.897 136.61 136.653 137.783 137.945 137.707 136.438 137.091 136.11 137.341 137.421 135.323 138.559 138.726 136.469 135.339
12.4669 12.9011 12.6529 12.9348 12.9985 12.9799 12.9373 12.6187 12.3749 13.0588 13.0381 10.9414 12.822 12.8691 12.7445 12.9265 12.5421 12.924 12.9822 12.8267 13.0391 12.8231 12.9375 13.1706 12.7265 10.9739 13.1718 11.8298 13.375
5.71166 5.29357 5.62564 5.32947 5.30185 5.30851 5.59784 5.78142 5.6922 5.59862 5.96574 5.92499 5.06572 5.85372 5.66208 5.87142 5.53132 5.84877 5.94841 5.94709 5.55802 5.90528 5.77631 5.93996 5.56123 5.8726 5.48065 5.85557 5.80003
4.54045 4.32583 4.29373 4.26087 4.27601 4.28527 4.22167 4.57205 4.26977 4.58601 4.67829 4.52356 4.60046 4.5727 4.59417 4.67056 4.57247 4.53229 4.59242 4.56187 4.57547 4.57223 4.55533 4.61228 4.57357 4.72785 4.61313 4.61444 4.60158
4.53511 4.50129 4.56032 4.47418 4.48754 4.48796 4.50303 4.58896 4.5538 4.55491 4.60414 4.67651 4.51262 4.5599 4.55677 4.49434 4.55141 4.60729 4.59159 4.60462 4.53479 4.59052 4.56695 4.5677 4.57889 4.62355 4.55112 4.55408 4.63331
4.5108 4.46062 4.48498 4.46888 4.47521 4.46386 4.53119 4.59559 4.53167 4.58884 4.57411 4.52956 4.41288 4.56289 4.56394 4.54592 4.70667 4.56559 4.37603 4.56624 4.45807 4.55513 4.52526 4.5275 4.4972 4.52187 4.47232 4.54908 4.55836
4.58485 4.46578 4.41415 4.506 4.48479 4.47848 4.3852 4.8283 4.41177 4.78692 4.60839 4.80851 4.78955 4.83392 4.76344 4.77337 4.79515 5.73581 4.72898 4.74596 4.72902 4.69255 4.77283 4.82172 4.76301 4.70923 4.7163 4.72925 4.84635
4.42112 4.28265 4.32526 4.44429 4.36942 4.35313 4.24046 4.63386 4.28485 4.40544 4.44032 4.44726 4.4017 4.95995 4.44083 4.40581 4.46729 4.98103 4.44242 4.37546 4.39391 4.37731 4.54403 4.455 4.3738 4.32956 4.61409 4.4176 4.37012
7.42795 7.70952 7.54888 7.68544 7.71825 7.69181 7.49713 8.08675 7.47979 7.92057 7.88073 7.73575 7.89564 8.66194 7.92286 7.85459 7.66312 9.10382 7.99489 7.64844 7.87128 7.56365 7.86856 7.95585 7.69491 7.70657 8.13499 7.68871 7.66516
93.535 93.6704 93.7543 93.6592 93.7807 93.6609 93.7086 93.4408 93.4267 93.4431 93.223 93.3179 93.3276 93.6229 93.5355 93.4861 93.9027 93.3108 93.288 93.3734 93.6063 93.2879 93.2051 93.5963 93.3046 93.0453 93.4838 93.3162 92.9703
75.4699 75.1393 75.3124 75.4068 75.2833 75.4371 75.6131 75.7733 75.6834 75.7009 76.0422 75.6219 75.6136 75.5998 75.4107 75.6415 75.2783 75.5062 75.4976 76.0947 75.5255 75.564 75.5852 75.6138 75.5515 76.0144 75.7322 75.6915 75.5123
72.5324 72.5524 72.4376 72.1351 72.4161 72.2862 71.626 72.1572 72.0197 72.6529 72.3421 72.4724 72.2379 72.5163 72.3294 72.3506 73.6137 72.2679 71.7809 72.8988 72.2301 72.4357 72.439 72.2692 72.7753 72.7547 71.8556 72.6455 73.6177
82.6442 82.3412 82.451 82.4352 82.3523 82.3739 82.4707 82.7044 82.5008 82.6033 82.6934 82.5197 82.7541 82.2248 82.6621 82.5998 82.2186 82.6891 82.2841 82.9728 82.6132 82.7094 82.8061 82.4387 82.9481 82.8626 82.5354 82.7084 82.9067
96.8979 98.2033 96.8398 97.4411 97.8975 97.4475 96.6781 99.6118 97.8903 97.3933 96.8933 98.3462 96.6058 99.5164 96.8405 98.8688 100.837 96.633 97.1831 96.7529 96.4229 96.4787 96.2016 96.765 96.9735 97.7882 97.6327 96.7172 97.5444
64.982 64.9731 65.201 65.2147 65.1627 65.163 65.3559 64.9916 65.1134 65.0189 64.8665 64.9208 64.896 65.1135 64.8938 65.1623 64.4557 64.8772 64.7572 65.2371 65.059 64.9933 65.0251 65.1524 65.0553 64.7147 65.3189 64.8666 65.6258
140.702 140.592 140.345 140.735 140.705 140.756 140.634 141.077 140.325 141.131 140.781 141.645 140.769 141.046 140.633 141.55 141.308 140.599 140.989 141.828 140.923 140.722 140.777 140.839 140.632 141.356 141.303 140.695 142.376
5.4823 5.50167 5.48832 5.54298 5.52542 5.53145 5.50717 5.49955 5.55219 5.65185 5.61728 5.10908 5.56647 5.42609 5.55712 5.57892 5.36912 5.54398 5.61212 5.62422 5.57076 5.55106 5.55612 5.58853 5.52707 5.61854 5.5974 5.58944 5.58576
4.40308 4.46514 4.40334 4.37979 4.4175 4.39456 4.25628 4.43432 4.26926 4.35413 4.31182 4.45839 4.47193 4.54552 4.47484 4.46321 4.02656 4.45285 4.49046 4.38713 4.47138 4.46396 4.46704 4.46676 4.41514 4.31887 4.5288 4.40113 4.51033
4.44468 4.45427 4.46297 4.45389 4.46159 4.45882 4.4399 4.48321 4.48086 4.4941 4.50306 4.5099 4.48637 4.50124 4.48773 4.46809 4.39162 4.5096 4.50288 4.48126 4.50324 4.50522 4.50428 4.50998 4.48018 4.49388 4.48441 4.5028 4.58865
4.3309 4.29581 4.30431 4.29663 4.30909 4.30914 4.31183 4.30297 4.35232 4.37936 4.37625 4.21062 4.33265 4.32853 4.36016 4.32662 4.50351 4.3682 4.36084 4.387 4.34958 4.37933 4.35926 4.37242 4.35622 4.37137 4.34307 4.37297 4.40864
5.38494 5.42356 5.28753 5.2616 5.31418 5.23381 5.23317 5.50691 5.43075 5.17675 5.18247 5.58769 5.06977 5.55643 5.12737 5.41492 5.68038 5.06085 5.19182 5.06892 5.1134 5.05356 4.95943 5.16457 5.28655 5.46429 5.38817 5.16564 5.42353
4.52779 4.48262 4.34776 4.44751 4.46553 4.45223 4.33753 4.5909 4.41103 4.59999 4.57979 4.61256 4.54094 4.66852 4.52585 4.60434 4.49387 4.5139 4.7199 4.5379 4.52917 4.489 4.54829 4.52962 4.48287 4.61997 4.65681 4.56756 4.53374
4.18392 4.17016 4.18974 4.1563 4.1707 4.18374 4.14007 4.61483 4.19574 4.48419 4.53788 4.54609 4.49134 4.49429 4.5248 4.53813 4.5785 4.56082 4.55823 4.52108 4.51906 4.53556 4.51104 4.55498 4.52122 4.48845 4.49376 4.48766 4.56493
7.48788 7.55138 7.49469 7.54806 7.57994 7.56237 7.52763 7.50096 7.53533 7.62036 7.47035 7.61144 7.54724 7.46561 7.53064 7.63504 7.56122 7.49116 7.53644 7.61542 7.57168 7.55367 7.51635 7.58373 7.54826 7.59634 7.6099 7.52258 7.58463
92.7035 93.2371 93.0986 93.2468 93.3617 93.2479 93.1282 92.1184 92.5405 92.3901 91.5452 92.5109 92.7408 92.7727 92.8881 92.7815 91.1569 92.6596 92.8966 92.8943 92.944 92.61 92.6426 92.7199 92.5973 92.1264 93.0179 92.1553 91.9366
153.703 154.044 153.01 154.067 154.011 153.986 153.716 153.685 154.181 153.998 153.914 153.53 153.448 153.121 153.394 153.401 153.829 153.506 153.246 154.014 153.305 153.625 153.436 153.643 153.559 153.876 153.14 154.025 153.548
140.85 140.323 140.184 139.871 139.956 139.994 140.14 139.261 139.652 140.753 139.536 139.617 139.997 139.083 139.722 139.803 140.757 139.89 139.563 139.227 139.705 139.715 139.864 139.564 139.633 140.521 139.217 139.698 141.873
7.55775 7.65715 7.16755 7.53452 7.50827 7.49796 7.2305 7.00393 7.782 7.45603 7.28038 7.02556 6.95798 7.01167 6.85194 6.95163 8.01168 6.99406 7.15205 6.91829 7.05 6.96613 6.9631 6.96558 6.71987 7.11909 6.91221 7.04087 6.85552
4.51513 4.49687 4.4902 4.48702 4.4997 4.49466 4.46611 4.59302 4.52189 4.60867 4.60641 4.59562 4.6164 4.59412 4.61177 4.60861 4.58129 4.60277 4.58894 4.62897 4.60743 4.60424 4.59704 4.60135 4.58148 4.58661 4.60751 4.61195 4.59909
8.28996 8.22301 8.2027 8.15827 8.16847 8.16613 8.16519 7.93869 8.05515 8.18121 7.99513 7.94702 8.03703 7.98174 7.97003 7.94793 8.0436 7.96532 8.03546 8.05432 8.03075 7.96694 7.98423 7.92678 7.91816 8.15709 8.00389 7.99891 8.19058
92.5522 92.7431 92.2753 92.7911 92.8457 92.7998 92.467 92.6547 92.3323 92.4065 91.4228 92.7982 92.7627 92.9645 92.7904 92.8305 92.1321 92.7614 92.424 92.713 93.0982 92.6248 92.8964 92.7432 92.61 92.6484 93.2917 92.4193 93.9236
75.4026 75.4818 75.2047 75.4028 75.357 75.3241 75.536 75.5257 74.9354 75.28 74.9862 75.3097 75.5846 75.6837 75.5419 75.4745 75.5455 75.347 75.3996 75.5942 75.5797 75.296 75.3011 75.5093 76.0674 75.6278 75.2056 75.3136 75.6142
73.5371 73.6588 73.2045 74.1459 73.8513 74.0565 72.6076 73.4214 72.3006 71.8795 76.022 72.9224 72.1354 72.3722 72.8698 73.12 71.0012 72.7268 73.0986 72.9219 71.8407 73.4813 72.5041 72.3118 72.32 72.9189 72.9142 73.4076 72.0762
104.803 104.191 103.913 104.114 104.056 104.088 103.93 104.168 105.522 104.974 103.239 104.076 103.592 103.391 103.486 104.056 104.765 103.856 105.267 103.646 102.253 103.771 103.474 103.763 101.884 102.789 103.824 103.678 104.068
142.229 142.036 141.666 141.986 142.014 142.008 141.479 140.838 141.351 142.978 142.573 140.687 141.165 140.916 140.786 140.973 142.318 140.472 142.072 140.781 141.656 140.754 140.668 140.499 141.495 141.165 140.279 141.804 140.461
5.1951 4.97888 5.22239 5.2285 5.12278 5.16557 4.69795 5.44801 4.78959 4.97471 5.45722 5.42784 5.41083 5.45243 5.43248 5.48114 5.46107 5.38532 5.16085 5.47866 5.21022 5.46594 5.42556 5.45248 5.40918 5.4593 5.4335 5.48282 5.54308
4.35517 4.40628 4.39287 4.42634 4.39497 4.39424 4.43734 4.35581 4.23926 4.3366 4.30432 4.35998 4.42516 4.46246 4.45717 4.38526 4.34347 4.38479 4.23246 4.40357 4.31953 4.35385 4.48378 4.41607 4.35554 4.3982 4.33528 4.42318 4.36119
4.43301 4.48702 4.3944 4.42644 4.42805 4.42209 4.40917 4.37945 4.24775 4.39907 4.39041 4.3965 4.40178 4.37823 4.37704 4.39782 4.43394 4.38768 4.41385 4.39286 4.38258 4.40573 4.3961 4.38147 4.37482 4.39704 4.39534 4.41517 4.51167
5.68157 5.63481 5.62899 5.59037 5.62772 5.63523 5.65336 5.24187 6.00622 5.55057 5.39752 5.27786 5.18014 5.21125 5.12409 5.2226 5.387 5.16476 5.75626 4.89837 5.1611 5.14274 5.07602 5.1711 4.77451 4.76939 5.26533 5.14 4.68001
7.74291 7.76244 7.74725 7.7782 7.75959 7.76943 7.69565 7.52099 7.75394 7.53588 7.71847 7.47485 7.50731 7.47836 7.45191 7.56412 7.64778 7.4049 7.45164 7.46425 7.44815 7.50144 7.48246 7.49702 7.35358 7.39727 7.39506 7.57141 7.35877
92.0808 92.3124 91.1359 92.4303 92.2828 92.3065 91.0745 91.6758 90.998 91.7848 93.128 91.5887 92.4291 92.258 92.0771 92.4123 91.6702 91.685 90.985 92.299 91.8703 92.0069 92.2744 91.6623 92.0356 92.2996 91.9133 92.2636 91.6599
155.427 155.197 154.969 155.49 155.457 155.439 155.134 155.215 155.186 155.24 154.024 155.302 153.555 154.899 155.145 154.739 155.126 155.388 153.004 154.917 154.581 154.587 155.14 155.201 154.084 154.319 155.423 154.472 155.285
75.5047 75.8773 75.5454 75.8548 75.8885 75.9035 75.8048 76.194 75.569 75.5713 75.6198 75.8678 75.6337 75.4726 75.3715 75.388 75.6474 75.9009 75.6115 75.4622 75.8755 75.4308 75.5742 76.1783 74.8388 74.759 75.5531 75.5949 76.1023
74.0221 74.4965 74.5017 74.1276 73.8528 73.9015 74.1587 74.0767 74.6878 74.2372 76.7802 74.8337 72.9264 73.7454 74.0974 74.4743 73.3661 74.9618 77.6167 73.8996 72.9664 74.2223 73.92 74.7211 73.6594 74.4066 75.0648 73.9686 74.7432
83.1222 83.2502 83.5704 82.9776 82.9957 83.0061 83.7709 84.0803 83.6126 83.3697 84.2447 83.6304 82.9968 82.9028 83.4771 83.4227 82.7347 83.8097 83.6215 83.0965 82.1558 83.6032 83.1131 83.6804 82.848 84.1214 83.7674 83.2604 83.7449
66.8213 67.1331 65.7916 67.2415 67.0017 67.1065 65.6082 65.8537 66.5546 65.5479 68.0176 66.1494 66.2611 66.1651 65.9183 66.2395 63.3328 65.9433 66.0769 66.0503 65.9323 65.6734 66.4367 66.2136 66.3712 66.3182 66.1575 66.1656 66.1502
140.547 140.622 141.705 141.083 140.804 140.953 142.244 142.822 141.778 140.464 141.356 140.452 140.085 140.588 141.211 141.344 139.126 141.559 141.054 140.807 139.804 141.021 140.279 141.528 139.812 140.478 141.34 141.009 141.297
5.93997 5.92882 5.96774 5.92562 5.89591 5.90421 5.89429 6.40393 5.90634 6.43467 6.18362 6.42708 6.42283 6.4055 6.43656 6.37414 6.42722 6.41129 6.26583 6.39724 6.5678 6.42525 6.38566 6.42224 5.70277 6.25241 6.40935 6.40599 6.45871
8.19033 8.18353 8.10041 8.26811 8.23301 8.22539 8.12251 7.56591 8.09304 7.52113 6.36867 7.58396 6.98708 6.94909 7.49732 7.32631 7.45087 7.60525 6.36147 7.29007 7.263 7.46375 6.80113 7.56133 7.01395 7.39932 7.61767 7.26348 7.62751
4.4393 4.26675 4.37515 4.26906 4.25765 4.25697 4.39876 4.50156 4.40583 4.55083 4.62359 4.5967 4.58372 4.58296 4.59682 4.59298 4.53516 4.55767 4.75972 4.62284 4.45196 4.62506 4.63169 4.56854 4.58872 4.53075 4.64691 4.61652 4.58752
4.54991 4.46924 4.5817 4.45037 4.46887 4.47714 4.54067 4.64391 4.59341 4.77703 4.69004 4.78547 4.7348 4.70669 4.69394 4.79346 4.84442 4.7545 4.96288 4.73633 4.70476 4.75393 4.7766 4.77672 4.63075 4.73309 4.79857 4.74193 4.82094
4.52221 4.53117 4.51181 4.54757 4.55258 4.54895 4.51791 4.76906 4.50148 4.64017 4.64121 4.63523 4.62781 4.62846 4.60761 4.60842 4.62837 4.61337 5.10718 4.62915 4.67348 4.61924 4.6119 4.62717 4.60815 4.70589 4.61537 4.61924 4.64617
4.59984 4.62121 4.44432 4.58992 4.64076 4.63112 4.22571 4.69539 4.33475 4.75453 4.35232 4.95436 4.64503 4.69027 4.61561 4.61572 5.92247 4.52676 4.20727 4.64278 4.66713 4.54793 4.73322 4.58287 4.55631 4.70442 4.48328 4.69283 4.56605
4.34494 4.26698 4.25441 4.23906 4.22187 4.21741 4.27271 4.48562 4.17962 4.42838 4.44071 4.4676 4.55446 4.53137 4.50522 4.5105 5.52674 4.47709 3.99759 4.51242 4.593 4.4824 4.50773 4.48005 4.49196 4.52073 4.49433 4.50497 4.57876
8.25151 8.26647 8.37089 8.31281 8.26236 8.3066 8.56475 8.17046 8.37582 7.83644 8.18893 7.86197 8.04255 8.10654 8.11316 8.26247 7.31676 7.95858 7.98349 8.17692 8.09602 8.10037 8.09199 8.01426 8.13645 8.26923 8.05375 8.15385 8.0662
92.7774 92.8985 93.2703 93.0702 92.9301 92.9476 93.4166 93.7813 93.4791 93.2101 93.3939 93.1889 92.7576 93.3002 93.3633 93.2519 90.636 93.4561 93.0314 93.412 93.1411 93.1884 93.158 93.3026 93.2595 92.938 93.1498 93.2012 92.8374
75.6183 75.637 75.8441 75.4885 75.5395 75.6696 75.5575 75.835 75.3932 75.6047 75.3879 75.6278 75.8332 75.2302 75.1201 75.0981 76.0486 75.6852 75.455 75.3165 75.7137 75.3218 75.3162 75.6201 75.1413 75.266 75.6442 75.3021 75.9904
72.9565 72.8506 72.8274 72.9792 72.9231 73.0403 72.7944 72.0834 73.3457 72.2603 73.5929 72.2131 73.0801 72.1722 72.2504 73.0161 74.6685 72.3083 73.2551 71.9847 72.4942 72.584 72.2897 72.5375 73.1395 73.2369 72.4667 72.0697 72.4984
83.0332 82.8698 82.6531 83.0089 82.9494 82.9183 83.0341 81.8569 83.1085 82.7601 83.6808 82.4517 82.5184 82.4184 82.4352 82.7688 83.3498 82.6698 83.5891 82.1136 82.6271 82.7615 82.6379 82.7744 82.1932 83.0094 82.412 82.5487 83.31
103.824 104.176 107.628 104.338 104.147 104.262 106.885 103.667 107 102.939 104.879 103.093 104.464 103.939 103.28 103.441 104.872 102.921 104.586 103.467 101.841 103.301 102.897 102.62 103.012 102.05 103.952 103.278 105.676
65.8295 66.2193 65.1719 65.9974 66.1172 66.0541 65.3389 64.9067 65.5263 65.3082 66.9013 65.4116 64.6864 64.7988 65.0541 65.0852 66.6342 64.9483 65.2719 64.8824 64.8198 65.251 64.6731 64.5739 65.5659 66.0473 65.2989 64.828 65.527
142.979 142.832 141.909 143.127 143.06 143.019 141.256 142.402 141.579 142.083 142.445 142.289 141.85 140.939 141.008 142.183 143.016 141.711 143.116 141.093 141.658 141.073 141.129 141.773 141.382 142.05 141.729 141.078 142.892
5.27833 3.70902 5.45721 3.97372 4.06624 4.00787 5.46047 5.57223 5.47685 5.2477 5.53825 5.4469 5.41105 5.48059 5.46829 5.19007 5.79949 5.49965 5.52993 5.3893 5.55872 5.43459 5.47422 5.47962 5.40119 5.17899 5.43027 5.42103 5.51583
4.28006 4.27875 4.3422 4.28672 4.31085 4.29044 4.38988 4.4452 4.38174 4.33436 4.38505 4.39205 4.26675 4.43284 4.40686 4.29152 4.34313 4.40872 4.428 4.32246 4.42224 4.39468 4.40958 4.39568 4.38508 4.39112 4.35641 4.40161 4.35145
12.2132 12.2491 10.9568 12.0478 12.0979 12.0858 11.4621 11.7433 11.4611 12.0929 12.5353 11.2483 11.9839 11.9229 11.9529 11.2945 12.2127 11.0777 11.6739 11.3272 12.1748 12.0982 11.742 11.8054 11.9067 11.7524 11.2317 11.8069 11.9113
4.41489 4.39038 4.40172 4.34715 4.38947 4.38182 4.4151 4.61782 4.39066 4.52714 4.54922 4.58506 4.542 4.54091 4.5354 4.53044 4.51302 4.56721 4.47822 4.54684 4.5782 4.55323 4.53955 4.55125 4.51705 4.43334 4.5455 4.52943 4.63982
4.41278 4.37433 4.39582 4.37827 4.34987 4.37491 4.48331 4.51446 4.3792 4.43209 4.45697 4.44271 4.4659 4.4289 4.42126 4.42022 4.42764 4.43769 4.44531 4.42826 4.46514 4.44167 4.43997 4.45621 4.40258 4.37014 4.41338 4.42616 4.46506
5.63867 5.79659 6.83996 5.8316 5.86902 5.83919 6.55141 5.72087 6.53476 5.49179 5.60081 5.49664 5.54653 5.25596 5.23449 5.47771 5.5781 5.52836 5.66621 5.33783 4.90262 5.35145 4.9556 5.48274 5.3224 5.30135 5.7616 5.30757 5.62635
4.38893 4.38145 4.21334 4.15823 4.26958 4.2708 4.23823 4.511 4.21313 4.50438 4.67628 4.34045 4.75716 4.54587 4.35399 4.55712 4.39384 4.34071 4.61134 4.33867 4.80647 4.42662 4.64786 4.81418 4.36118 4.56213 4.06171 4.52547 4.95276
4.19956 4.20177 4.25501 4.15845 4.18805 4.15817 4.20505 4.37822 4.09798 4.28483 4.31521 4.3034 4.30136 4.32937 4.3245 4.21289 4.42662 4.3019 4.29499 4.30525 4.31788 4.29855 4.29901 4.26144 4.28313 4.15078 4.31243 4.29168 4.314
7.6384 7.76357 8.16067 7.71627 7.70968 7.71687 8.35589 8.05894 8.16516 7.57288 7.76642 7.71321 7.60083 7.62585 7.57176 7.6461 7.72942 7.8391 7.8202 7.55689 7.70629 7.56537 7.50095 7.84752 7.61087 7.72551 7.8161 7.55914 7.74183
159.946 160.155 161.301 160.011 159.274 159.371 160.311 161.884 160.389 160.629 162.612 160.805 160.125 159.997 160.251 155.838 157.409 161.259 159.18 156.75 159.13 160.588 158.563 161.316 160.654 158.09 158.661 160.14 160.162
92.1295 92.3013 92.5874 92.5152 92.2004 92.0916 92.6863 92.5454 92.4275 92.9445 93.2079 93.0533 92.2223 92.832 92.9764 93.0639 93.0208 92.9209 90.9081 92.6242 92.8268 92.9562 93.0575 92.9068 92.325 93.2088 92.8342 92.9515 92.825
76.0067 76.2924 75.9146 76.3184 76.2972 76.4005 76.2602 76.3129 76.0464 75.8868 75.9056 75.7588 75.8189 76.0169 75.6634 75.3619 75.998 75.8614 75.8645 76.0554 75.85 75.7785 75.6808 75.9815 75.8741 76.0258 75.9714 75.9458 75.7298
73.1903 73.3287 73.6864 73.6749 73.3131 73.4699 73.6553 73.4342 73.2051 73.1943 72.4262 73.5126 72.9264 73.0306 72.646 72.86 73.6641 72.7732 73.0862 73.0622 72.9717 72.9742 72.8945 72.6869 72.573 72.9704 72.6535 72.5868 73.5106
83.5166 83.5375 83.5227 83.5719 83.5788 83.6141 83.4463 83.4314 83.5886 83.189 81.9995 83.0377 83.2746 83.2362 82.8898 83.3652 83.7503 83.1937 82.992 83.4641 82.8684 83.0774 82.8349 83.0067 83.3972 83.1305 83.0486 83.1467 81.9564
96.0985 96.7962 97.685 95.8862 96.2944 96.2976 96.8589 97.6139 96.1139 96.8325 96.2279 97.3491 97.2704 99.1535 98.604 97.0197 98.6946 96.8797 97.8247 96.7207 98.9709 96.8335 97.7477 96.5335 96.8527 97.5248 96.9961 97.3789 98.3909
64.6677 64.6352 64.9583 64.935 64.724 64.6157 64.9331 65.0382 64.7207 65.4945 66.5081 65.4444 64.8869 65.4595 65.2183 65.0847 65.4938 65.6368 66.0198 65.0529 64.9027 65.6955 65.5039 65.359 64.7534 65.5986 65.011 65.2087 65.8258
142.203 140.978 141.221 141.519 141.351 141.209 141.415 141.626 141.593 142.152 141.502 141.539 142.424 142.339 142.302 141.578 142.79 141.662 142.083 141.067 142.01 141.516 141.476 141.409 142.336 142.38 141.733 141.986 141.398
5.57433 5.54272 5.58957 5.56698 5.56028 5.57338 5.60858 5.642 5.57392 5.59577 5.66065 5.6305 5.66092 5.60503 5.60622 5.58003 5.4987 5.59528 5.85096 5.58186 5.67601 5.565 5.57377 5.59204 5.58071 5.62731 5.63336 5.59993 5.68004
4.50011 4.19528 4.30761 4.20244 4.21728 4.19104 4.18778 4.31433 4.21898 4.46389 4.43901 4.32128 4.4224 4.33937 4.42759 4.40146 4.33498 4.49169 4.24886 4.34822 4.4896 4.46123 4.39733 4.45658 4.52132 4.4279 4.35098 4.46106 4.385
4.46057 4.36208 4.4407 4.42419 4.43363 4.4448 4.45644 4.48255 4.41838 4.49597 4.48922 4.52253 4.46869 4.48567 4.48798 4.45526 4.43518 4.48873 4.41502 4.49345 4.48808 4.4959 4.47132 4.49473 4.5 4.47135 4.51209 4.48142 4.5253
4.32319 4.32435 4.32296 4.32684 4.32067 4.32497 4.35038 4.37392 4.33474 4.36061 4.39731 4.38686 4.38925 4.34705 4.35705 4.37437 4.35817 4.37234 4.33341 4.36479 4.36318 4.37843 4.37637 4.37857 4.36049 4.37115 4.37577 4.37361 4.44222
5.76292 5.70291 5.7451 5.54347 5.65753 5.60639 5.6392 5.74729 5.73315 5.57815 5.72788 5.71418 5.91613 5.74587 5.69245 5.65334 5.64352 5.65848 6.22313 5.59514 5.68466 5.66429 5.59865 5.67094 5.57296 5.41302 5.55293 5.36491 5.87661
4.13973 3.98455 4.07072 4.0319 4.06893 4.08255 4.10849 4.53571 4.05411 4.29635 4.61731 4.42164 4.58899 4.54433 4.55079 4.30188 4.4321 4.42617 4.32259 4.31313 4.48706 4.49404 4.52288 4.40758 4.3788 4.34295 4.36917 4.38027 4.52165
4.14958 4.0895 4.11406 4.0842 4.08678 4.08557 4.11486 4.41192 4.1502 4.53116 4.52712 4.48897 4.49153 4.57637 4.56451 4.51156 4.44314 4.49943 4.3504 4.49404 4.52749 4.49937 4.48558 4.49344 4.42595 4.46704 4.51521 4.49111 4.53654
7.98739 7.69292 7.76509 7.71254 7.76832 7.72358 7.81893 7.73377 7.89461 7.93414 7.7152 7.78671 7.91695 7.82383 7.8684 7.7858 7.76144 7.77681 7.65515 7.6675 7.83274 7.7859 7.72443 7.77593 7.6686 7.73962 7.70956 7.72532 7.80158
91.9819 91.5638 92.5753 92.3083 92.1329 92.1008 92.5412 91.6561 92.3013 92.5848 92.0871 92.0121 92.5114 92.1206 92.6407 92.4393 92.3644 92.2049 91.382 92.0439 92.0305 92.3142 92.2612 92.1598 91.9973 92.5577 92.0729 92.7335 90.218
154.602 154.498 152.306 153.894 154.098 153.967 152.468 154.043 153.509 154.404 153.599 154.233 154.395 153.412 154.798 153.702 154.948 153.431 153.49 153.186 154.579 153.558 153.317 153.26 153.622 154.608 152.99 154.191 155.09
76.0061 76.0783 76.104 76.1405 76.0791 76.1118 76.372 75.7779 76.3252 76.0937 76.2109 75.8968 75.642 75.8367 75.8215 75.8466 76.1422 75.8838 75.8371 76.0851 75.8386 75.8617 75.8879 75.8303 75.7275 75.6109 75.8426 75.7822 76.5497
74.1435 74.2787 73.4697 73.4988 73.4148 73.4848 74.5975 73.8554 74.6802 72.981 73.9131 73.3812 73.7535 73.4761 73.2733 73.5212 72.9949 73.5486 74.455 73.974 73.8426 73.5707 73.6965 73.5242 73.2952 73.6355 73.4995 73.505 74.9843
83.0396 83.3934 82.8061 82.9375 82.953 83.0148 82.8458 83.2152 82.5441 82.099 82.5942 82.9367 82.4846 82.8606 82.5751 82.7645 82.6357 82.5542 83.3627 83.1227 82.9122 82.5043 82.6621 82.6811 82.6681 82.0877 82.4951 82.1063 83.0265
65.8063 65.6836 65.7846 65.9159 65.6328 65.667 66.2361 65.5687 65.86 65.7415 65.8356 65.7705 65.6107 65.6229 65.7299 65.807 65.6948 65.7837 65.8481 65.807 65.7806 65.7936 65.6987 65.7032 65.6083 65.9351 65.7954 65.8688 66.392
140.04 138.574 140.329 139.569 138.857 138.884 139.774 139.492 139.791 139.549 139.575 140.143 139.172 140.215 139.802 140.052 139.859 139.658 139.787 140.866 140.109 139.515 139.957 139.621 138.384 140.056 139.459 139.815 142.114
5.99202 5.95407 5.93349 5.8924 5.90816 5.95058 5.92575 6.4407 5.91686 6.39456 6.43567 6.45429 6.50351 6.46002 6.48105 6.45513 6.39453 6.45235 6.44984 6.45697 6.49008 6.42729 6.46744 6.46585 6.44873 6.24982 6.45826 6.30759 6.39597
8.00585 7.4206 6.76132 7.13599 7.24963 7.20775 6.71759 7.34514 6.85398 7.8425 7.07728 7.42647 7.48199 7.22435 7.62189 7.19397 8.19058 7.05771 7.79756 6.9519 7.55195 7.02244 7.05009 7.02441 7.34632 7.5095 6.8816 7.61832 7.55665
4.6118 4.39393 4.39945 4.33649 4.33592 4.33274 4.35124 4.68032 4.34913 4.6759 4.62226 4.78932 4.73111 4.72626 4.71246 4.6904 4.69114 4.68779 4.6381 4.66378 4.71283 4.70667 4.7425 4.71806 4.74348 4.52544 4.65977 4.58512 4.72477
4.72298 4.70498 4.67 4.70266 4.65848 4.6586 4.67261 4.86126 4.67074 4.91847 4.87504 4.88607 4.86292 4.84441 4.86977 4.85163 4.93312 4.8366 4.81654 4.82405 4.87035 4.87548 4.86213 4.85287 4.83622 4.89376 4.76574 4.81704 4.94815
4.504 4.49787 4.47649 4.49455 4.49018 4.49025 4.49568 4.62174 4.5183 4.63308 4.61792 4.62767 4.64929 4.62201 4.63561 4.62632 4.60346 4.62159 4.6053 4.60234 4.62239 4.61864 4.61647 4.61521 4.59919 4.61547 4.60931 4.61669 4.67488
4.49383 4.50826 4.4941 4.44814 4.52603 4.53801 4.3407 4.7715 4.28791 4.54773 4.7243 4.59716 4.57705 4.72015 4.65807 4.6243 4.65266 4.65881 4.65506 4.65109 4.62142 4.6193 4.648 4.74851 4.78182 4.5262 4.70395 4.57919 4.51959
4.24248 4.19041 4.24167 4.22344 4.22395 4.22392 4.20549 4.42858 4.19333 4.49208 4.48328 4.46096 4.47554 4.4706 4.50504 4.44576 4.47451 4.46732 4.4564 4.46454 4.46365 4.46972 4.47473 4.46894 4.45796 4.47806 4.4637 4.48137 4.42921
8.07085 8.07201 8.09908 8.06088 8.03304 8.06618 8.08407 7.99119 7.99083 7.92763 8.01781 8.04545 7.84394 8.1468 8.06446 8.03069 8.01032 7.95943 7.96927 8.14603 8.03659 7.93418 8.01019 7.97338 7.90434 8.20888 8.08136 8.09614 8.02946
92.2408 91.8735 92.2349 92.0425 92.0324 91.919 91.6251 92.5571 91.954 92.423 92.7703 92.3589 92.6741 92.8458 92.5802 92.6096 92.4397 92.6096 92.5036 92.9668 92.4982 92.6407 92.7948 92.6774 92.5838 92.2399 92.9076 92.4644 92.4894
75.5635 75.718 75.4747 75.4584 75.483 75.4888 75.3229 75.3414 75.6291 75.4724 75.3731 75.3037 75.219 75.447 75.3881 75.2358 75.3691 75.2991 75.2058 75.3158 75.3018 75.2613 75.3796 75.2579 75.1457 75.2259 75.2018 75.3754 75.1265
73.0906 72.804 73.7369 73.4397 73.1005 73.2039 73.4995 72.6547 72.8561 73.3153 73.4852 72.7905 73.1293 73.0874 73.4453 73.1358 72.8306 73.101 72.8159 73.2066 73.3876 73.4642 73.0147 73.3783 73.416 72.9958 73.0866 73.407 72.4958
82.9018 82.9617 83.1166 82.8829 82.7995 82.8818 83.0325 82.6938 82.7356 82.7701 82.687 82.3724 82.4824 82.5746 82.585 82.5863 82.6409 82.6534 82.6267 82.5398 82.5135 82.8402 82.3995 82.6204 82.4943 82.6594 82.3991 82.7369 82.3053
65.8012 65.5801 65.7656 65.6511 65.5034 65.5122 65.5609 65.5935 65.565 65.757 66.1083 66.0482 66.0972 66.0323 66.042 65.8863 65.4907 65.9211 65.8616 66.1565 66.1529 66.0328 66.0078 66.0824 66.067 65.6257 65.8973 65.7636 65.3807
136.791 135.808 136.571 136.649 136.486 136.447 137.091 136.082 136.92 136.827 136.784 135.832 135.661 136.151 136.024 135.722 136.35 135.869 135.821 137.293 136.27 136.174 135.883 135.979 135.988 136.641 135.271 136.579 136.808
12.2945 12.1979 12.8075 12.4924 12.4795 12.5132 13.0103 12.3517 12.2106 12.2666 12.1769 12.5921 12.4232 12.5793 12.3231 12.5752 12.3156 12.4252 12.3783 12.7331 12.4373 12.4788 12.2944 12.4028 12.3399 12.441 12.2731 12.3777 12.3698
5.58895 5.56254 5.68679 5.56071 5.53393 5.53781 5.44764 5.7433 5.51228 5.76423 5.74577 5.50444 5.70973 5.71233 5.55133 5.74799 5.74921 5.78219 5.75456 5.67938 5.60048 5.79232 5.74104 5.75413 5.7029 5.73464 5.73941 5.77856 5.73905
4.46938 4.22355 4.18795 4.20588 4.20904 4.214 4.20285 4.53654 4.26061 4.58566 4.53454 4.56342 4.54648 4.54875 4.54854 4.55357 4.58496 4.57289 4.62123 4.5798 4.59322 4.56507 4.51495 4.57786 4.56631 4.58749 4.57838 4.61216 4.54399
4.52604 4.48806 4.41672 4.46137 4.47283 4.46555 4.51179 4.54537 4.47852 4.55727 4.54773 4.46667 4.5217 4.49403 4.5241 4.55525 4.46948 4.52439 4.46097 4.50286 4.51263 4.54491 4.48636 4.53263 4.53838 4.52427 4.51188 4.53301 4.58007
4.49656 4.48933 4.46274 4.50109 4.48415 4.47252 4.50187 4.53383 4.46675 4.50816 4.52631 4.5209 4.50757 4.50682 4.4993 4.52347 4.51211 4.51765 4.50004 4.52316 4.49143 4.51382 4.52108 4.51311 4.50438 4.52901 4.52136 4.51688 4.54125
4.44945 4.51605 4.42124 4.5431 4.53789 4.53611 4.48854 4.7082 4.49543 4.75454 4.73021 4.41261 4.5002 4.5875 4.58671 4.65187 4.72544 4.58773 4.60171 4.64206 4.49112 4.57166 4.33022 4.53386 4.41886 4.85004 4.46744 4.78262 4.83306
4.20737 4.19107 4.17292 4.19343 4.18001 4.18504 4.18539 4.29001 4.19562 4.30536 4.43693 4.29286 4.30009 4.30971 4.29499 4.31205 4.2629 4.2999 4.30484 4.47339 4.29956 4.28725 4.28573 4.30614 4.30283 4.32958 4.31016 4.30344 4.29
7.52556 7.33944 7.30462 7.39207 7.32163 7.26559 7.26968 7.41918 7.35036 7.47824 7.70936 7.45003 7.20397 7.35161 7.2293 7.35754 7.33768 7.46649 7.50827 7.78503 7.32711 7.41325 7.43629 7.40402 7.3989 7.50006 7.41103 7.48486 7.80688
148.007 147.027 148.516 148.179 147.704 147.798 147.941 148.509 147.783 147.704 146.686 149.298 147.929 148.697 147.794 148.242 147.66 147.284 148.36 147.951 147.572 147.611 146.554 146.791 148.032 147.567 146.712 146.987 146.987
93.5917 93.7745 94.0877 94.1581 94.2249 94.1395 94.0421 94.0251 94.1013 93.9563 93.8138 93.9862 93.842 94.1802 93.9069 93.9733 94.098 94.0914 94.0142 94.0829 94.131 94.0257 93.8595 94.011 93.9529 94.0731 94.1167 94.0324 94.0492
75.4462 75.439 75.8595 75.5552 75.4294 75.4971 75.1242 75.3701 75.2815 75.5138 75.688 75.5025 75.6576 75.5858 75.711 75.5322 75.4751 75.5505 75.697 75.5454 75.3751 75.4538 75.7319 75.5338 75.4276 75.4777 75.4827 75.4926 75.6252
72.1078 71.8669 71.5405 71.745 71.607 71.6486 72.3278 71.9535 72.3361 71.7356 71.9804 71.9477 72.1513 71.7995 72.0292 71.8531 71.8974 72.0124 71.7831 71.6879 71.9552 71.9169 72.0033 72.0245 71.8133 71.8579 71.9372 71.8533 72.0259
82.6564 82.5218 82.2014 82.2886 82.2455 82.2457 82.3966 82.4751 82.5318 82.5217 82.4856 82.578 82.5155 82.2926 82.4628 82.5025 82.235 82.5043 82.4435 82.3338 82.3884 82.5319 82.5095 82.3584 82.4423 82.3309 82.3483 82.3608 82.6345
96.1834 96.3246 95.9106 96.2353 96.674 96.4222 96.6168 96.1822 97.0605 97.1426 95.8596 95.7958 95.9143 96.3755 96.3599 95.7005 95.6588 95.9582 97.218 95.8267 96.0985 95.7753 95.9405 96.4843 95.692 95.8044 96.1553 95.9282 96.0816
64.6647 64.704 64.614 64.713 64.6274 64.6652 64.936 64.609 64.6124 65.0062 64.7396 64.764 64.7839 64.6609 64.824 64.7884 64.7214 64.8245 64.9197 64.9073 64.7907 64.7788 64.7427 64.7643 64.7825 64.8899 64.8296 64.9003 64.851
140.984 140.903 140.879 140.77 140.671 140.674 140.801 140.528 140.893 141.459 141.233 141.036 141.122 140.913 141.115 140.903 141.119 141.061 141.535 141.264 141.131 140.822 141.178 141.027 141.06 141.016 140.983 141.173 140.755
5.5312 5.50175 5.49288 5.50214 5.48887 5.47868 5.45019 5.57795 5.46453 5.55676 5.5741 5.5642 5.57833 5.61572 5.57626 5.60597 5.55689 5.5962 5.54902 5.59381 5.5772 5.60078 5.58196 5.58723 5.5697 5.56297 5.59277 5.59573 5.5809
4.26087 4.19218 4.15571 4.17964 4.17637 4.17167 4.333 4.41922 4.15048 4.39568 4.31634 4.38476 4.3334 4.37693 4.32205 4.35494 4.35582 4.36053 4.41234 4.4171 4.38912 4.37532 4.29033 4.39999 4.40311 4.41118 4.39276 4.40788 4.31488
4.43885 4.44307 4.41895 4.43629 4.4365 4.43618 4.42125 4.44945 4.43302 4.43301 4.47313 4.46127 4.47978 4.47707 4.48072 4.48267 4.51174 4.47641 4.45019 4.47491 4.47081 4.47741 4.47917 4.45576 4.47097 4.46144 4.47219 4.46533 4.48347
4.36394 4.34842 4.35442 4.34079 4.34669 4.33987 4.33079 4.4011 4.38183 4.38426 4.40866 4.40136 4.39777 4.40541 4.40067 4.40337 4.41517 4.39732 4.36243 4.40015 4.40073 4.40795 4.40488 4.3957 4.40421 4.39183 4.39915 4.39764 4.40366
5.15907 5.08463 5.15757 4.95116 5.09656 5.03676 5.22068 5.10398 5.35357 5.26344 5.04312 5.05835 5.01893 5.07994 5.17368 4.97215 5.02249 5.03544 5.13737 5.04001 5.11421 4.99601 5.07644 5.07713 5.05277 5.00953 5.02143 5.0523 5.08467
4.5015 4.34674 4.30291 4.34177 4.30851 4.30797 4.40293 4.52615 4.36647 4.69296 4.49767 4.48447 4.47616 4.52353 4.45251 4.53808 4.47422 4.5139 4.58875 4.48951 4.49494 4.54761 4.46415 4.49901 4.50599 4.48627 4.51264 4.53687 4.50574
4.14157 4.13324 4.10227 4.13506 4.14365 4.14823 4.17046 4.4927 4.09087 4.46018 4.49125 4.48537 4.48282 4.50583 4.50631 4.49084 4.47068 4.49021 4.47886 4.50425 4.49005 4.49564 4.51406 4.49379 4.49876 4.4913 4.49896 4.48116 4.4919
7.54239 7.61375 7.65847 7.64969 7.6203 7.62264 7.6522 7.55481 7.64192 7.68708 7.68845 7.66026 7.65073 7.63516 7.67388 7.60624 7.70298 7.64009 7.71538 7.68815 7.67089 7.59549 7.69425 7.66285 7.67323 7.65181 7.61763 7.64434 7.6587
93.2084 93.5277 93.5649 93.6616 93.4325 93.5258 94.0901 94.0137 94.3908 94.1806 94.0945 94.1636 94.034 94.1858 94.0152 94.0107 94.2158 94.1077 94.3079 94.3609 94.0879 94.1854 93.9568 94.2047 94.1966 94.2935 94.1185 94.162 93.9233
75.861 75.5855 75.7659 75.9829 75.9486 76.0131 75.8117 75.9339 75.82 75.8716 75.9326 75.8398 75.8224 75.7364 75.8825 75.8944 75.9605 75.8183 76.0488 75.8286 75.7475 75.7979 75.9623 75.9642 75.7269 75.9146 75.9195 75.7461 75.6975
72.2267 72.1905 72.1833 72.423 72.2575 72.2062 72.2245 71.5016 72.3287 71.5031 71.7306 71.6396 71.7562 71.6345 71.601 71.7214 71.7324 71.9539 71.2324 71.5191 71.4183 71.7712 71.7779 71.6635 71.6414 71.5831 71.8445 71.7944 71.944
82.9315 82.6677 82.628 82.5063 82.6948 82.6166 82.2012 82.2129 82.383 82.1543 82.2657 82.2142 82.1103 82.1839 82.2199 82.3557 82.2942 82.2564 81.9733 82.0436 82.3096 82.2254 82.339 82.2391 82.1904 82.0048 82.1576 82.167 82.6
97.8174 97.0738 97.0062 97.1424 97.2545 97.2525 97.7498 98.5508 97.565 96.6393 96.2029 96.6608 97.1404 96.8015 96.8987 96.903 97.0937 97.4365 97.0842 96.615 96.555 96.7459 96.4875 98.7001 96.62 96.9658 97.2252 97.015 95.7528
64.6305 64.5411 64.5543 64.5009 64.4124 64.3912 64.5193 64.6102 64.737 64.6568 64.8346 64.6901 64.6838 64.6909 64.7369 64.5336 64.9143 64.559 64.3939 64.7411 64.7595 64.7352 64.7775 64.7256 64.7063 64.6797 64.6774 64.6981 64.6444
141.497 141.059 140.949 140.883 140.843 140.892 141.307 141.811 141.493 141.629 141.728 141.531 141.525 141.627 141.548 141.451 141.43 141.521 141.422 141.577 141.561 141.544 141.626 142.001 141.556 141.451 141.623 141.636 141.142
5.5989 5.56258 5.57059 5.5745 5.5934 5.57694 5.54893 5.62429 5.55257 5.62494 5.62646 5.60911 5.61427 5.62905 5.61147 5.63326 5.60516 5.6237 5.64213 5.63436 5.59618 5.61266 5.62269 5.61616 5.60551 5.62702 5.61767 5.62247 5.58853
4.28636 4.16335 4.14628 4.12823 4.13036 4.12815 4.18975 4.3712 4.15189 4.42099 4.3917 4.39506 4.40724 4.40608 4.39064 4.36984 4.33265 4.37502 4.40156 4.39421 4.43003 4.38022 4.37873 4.37598 4.41167 4.4224 4.3739 4.39854 4.38064
4.42411 4.43739 4.43593 4.45271 4.44115 4.4423 4.42449 4.43158 4.45264 4.44865 4.47231 4.45151 4.45248 4.46396 4.4482 4.46484 4.47303 4.4525 4.43497 4.4569 4.44411 4.46393 4.46487 4.43962 4.45226 4.43719 4.45658 4.45404 4.46366
4.34636 4.34167 4.33621 4.35999 4.3642 4.3654 4.38415 4.39181 4.34658 4.40197 4.40815 4.40885 4.40712 4.4016 4.4095 4.40446 4.40446 4.4072 4.4197 4.41142 4.41223 4.40095 4.40881 4.37524 4.40506 4.40442 4.40393 4.40709 4.38302
5.51249 5.49993 5.48865 5.45168 5.47225 5.47418 5.41313 5.45112 5.50015 5.41192 5.40107 5.37977 5.42891 5.36699 5.44337 5.35505 5.27161 5.41145 5.42833 5.37254 5.38172 5.35979 5.40846 5.49251 5.37022 5.36401 5.38039 5.3833 5.31169
4.60147 4.49186 4.42988 4.44065 4.51129 4.49907 4.34567 4.61453 4.40413 4.53856 4.36348 4.41925 4.40672 4.44161 4.41913 4.59108 4.45094 4.55337 4.64042 4.45094 4.45526 4.44236 4.40917 4.64907 4.46355 4.44996 4.46185 4.46669 4.6189
4.13304 4.10066 4.07448 4.14829 4.10502 4.10141 4.11211 4.4781 4.08792 4.47673 4.48975 4.47943 4.464 4.49376 4.47484 4.48251 4.47927 4.47181 4.45249 4.48971 4.48626 4.48587 4.48399 4.52196 4.47934 4.48349 4.48217 4.47751 4.47792
7.82102 7.79092 7.80855 7.79896 7.79289 7.79863 7.76911 7.78242 7.73161 7.78782 7.82536 7.77161 7.77766 7.78963 7.78269 7.76481 7.77893 7.7505 7.79593 7.78 7.7699 7.76658 7.79967 7.78862 7.76794 7.76319 7.75846 7.77014 7.77379
92.6219 93.3908 93.4349 93.4064 93.4735 93.4041 93.3094 92.6805 93.5982 93.639 93.4398 93.5157 93.5119 93.4585 93.4494 93.316 93.4798 93.3679 93.2776 93.459 93.4991 93.4203 93.4169 93.499 93.4529 93.4685 93.3602 93.4149 93.5069
76.9625 77.103 76.8475 76.9934 76.9388 77.0009 77.106 77.1356 76.8459 76.9703 76.9245 77.0332 76.9374 76.9599 76.9266 76.9657 77.0537 76.9922 76.9521 77.0253 77.0288 76.9747 76.934 77.0153 77.0215 77.0303 77.0427 77.0003 76.8067
70.115 69.6721 69.8452 69.8736 69.5354 69.6438 69.6628 69.9822 69.5768 69.715 69.7245 69.444 69.6389 69.7451 69.5228 69.5646 69.6513 69.8444 69.1615 69.6174 69.44 69.707 69.6026 69.3904 69.6766 69.6594 69.6613 69.662 69.7093
82.7123 82.0792 82.1817 82.0689 82.048 82.0873 82.152 82.4769 82.193 81.9073 81.9763 82.0108 81.8381 82.1293 81.876 82.1838 81.5327 82.1486 82.0996 82.1346 81.8383 82.1286 82.0081 82.0518 82.0376 81.879 82.0439 82.1208 82.1166
98.7092 98.2469 98.7507 97.9415 97.7 97.8578 98.868 98.9927 97.7018 97.746 97.5443 97.7231 97.6879 97.9121 97.3798 97.7806 96.2028 98.3945 97.2611 97.7985 97.685 98.0089 97.6323 98.2088 97.8434 99.1748 98.4759 98.0885 97.5398
64.5161 64.6696 64.514 64.59 64.5119 64.5228 64.7044 64.3598 64.6076 64.721 64.7632 64.6707 64.6599 64.6643 64.6692 64.5289 64.6365 64.6578 64.4341 64.7033 64.7526 64.6657 64.7378 64.5248 64.7103 64.3972 64.6 64.6414 64.6775
141.763 141.648 141.346 141.486 141.388 141.42 141.475 141.621 141.396 141.786 141.735 141.606 141.591 141.773 141.583 141.654 141.433 141.76 141.458 141.775 141.524 141.67 141.684 141.721 141.704 141.742 141.651 141.733 141.574
5.63804 5.64053 5.61229 5.60775 5.60532 5.61731 5.63109 5.70271 5.61355 5.69012 5.63832 5.67218 5.64724 5.68069 5.64036 5.67527 5.55245 5.67685 5.67958 5.6735 5.65943 5.66027 5.65185 5.68219 5.6682 5.67832 5.67088 5.67901 5.61373
4.20509 4.03821 4.07125 4.09056 4.02197 4.02462 4.11623 4.21213 4.02169 4.2027 4.19168 4.18881 4.1977 4.20552 4.19632 4.21753 4.1085 4.17867 4.20654 4.19473 4.17268 4.17742 4.1896 4.20085 4.18966 4.31057 4.16735 4.19902 4.19103
4.31971 4.3114 4.29972 4.30172 4.3018 4.30976 4.315 4.36026 4.32387 4.33538 4.34108 4.32809 4.33504 4.33303 4.33269 4.32573 4.32816 4.3357 4.33234 4.33052 4.32982 4.32997 4.34407 4.3308 4.33023 4.30038 4.32952 4.33035 4.33659
4.31924 4.3222 4.32859 4.31836 4.31385 4.32177 4.34547 4.37879 4.333 4.37117 4.36168 4.38537 4.37131 4.3708 4.36988 4.37729 4.38555 4.37299 4.37207 4.37202 4.38146 4.3751 4.36775 4.37765 4.37604 4.36493 4.38075 4.37773 4.34661
5.5948 5.55226 5.63082 5.55908 5.54245 5.55179 5.60498 5.52045 5.54751 5.47868 5.45584 5.47466 5.47187 5.44905 5.46927 5.46221 5.41386 5.48745 5.48917 5.46184 5.4846 5.48422 5.47051 5.533 5.47678 5.49208 5.50753 5.4778 5.47429
4.51516 4.29751 4.32378 4.27231 4.28578 4.28536 4.29223 4.66819 4.23771 4.35578 4.33367 4.33634 4.38606 4.39695 4.38157 4.49568 4.21672 4.3539 4.58667 4.39189 4.28371 4.36825 4.34335 4.46432 4.36151 4.45059 4.36488 4.40955 4.38487
4.1518 4.14162 4.12627 4.11462 4.14261 4.13431 4.09395 4.49844 4.16162 4.48396 4.48473 4.48507 4.4762 4.47925 4.48139 4.47804 4.47218 4.48367 4.4952 4.48377 4.47929 4.48204 4.50013 4.50497 4.47576 4.44902 4.48783 4.47887 4.47098
7.77301 7.74601 7.74225 7.76594 7.75006 7.75912 7.75222 7.82732 7.75988 7.78057 7.7692 7.77162 7.76139 7.76094 7.76663 7.76258 7.7741 7.76108 7.81118 7.76871 7.7676 7.75974 7.76913 7.796 7.7651 7.76083 7.75322 7.76026 7.75558
