92.4411 92.4273 92.4292 92.029 92.0233 91.9882 91.9837 92.0631 92.0603 92.0271 92.0002 92.1553 92.0032 92.0412 91.9812 92.125 92.0812 91.9686 92.0966 92.0458 92.1066 91.9594 91.9785 91.9979 92.066 92.2017 92.0748 92.0203 92.1395 92.2025
137.664 137.787 138.62 137.764 138.758 138.857 138.845 138.802 138.678 138.935 138.747 139.098 139.054 138.954 139.452 138.797 138.946 139.174 138.877 138.797 138.69 139.136 138.819 138.8 138.836 138.291 138.443 138.992 138.517 139.075
12.644 12.6221 12.5183 12.1054 12.408 12.3478 12.4032 12.4214 12.4512 12.3663 12.4148 12.4785 12.3722 12.3917 12.448 12.4201 12.4662 11.8064 12.4317 12.4456 12.3875 12.456 12.4424 12.3217 12.3704 12.5332 12.4199 12.4176 12.4459 12.4456
5.73141 5.72235 5.74014 5.70161 5.89672 5.9045 5.90224 5.90233 5.90567 5.90602 5.90084 5.90269 5.91719 5.90663 5.90449 5.89752 5.90071 5.91849 5.89179 5.89191 5.90797 5.91765 5.90151 5.90622 5.90157 5.90693 5.89606 5.89815 5.90174 5.90771
4.68425 4.66667 4.69521 4.3033 4.70082 4.70687 4.71029 4.68979 4.71816 4.71797 4.68334 4.67324 4.71048 4.7063 4.78514 4.72189 4.7129 4.71488 4.74877 4.7064 4.74697 4.68015 4.63371 4.68974 4.71402 4.66231 4.6929 4.63219 4.68747 4.66214
4.5806 4.5806 4.5799 4.5799 4.57711 4.57711 4.48124 4.48124 4.64016 4.64016 4.63998 4.63998 4.6656 4.6656 4.63426 4.63426 4.63568 4.63568 4.62994 4.62994 4.61041 4.61041 4.65849 4.65849 4.64562 4.64562 4.63124 4.63124 4.69562 4.69562
4.64599 4.64599 4.62137 4.62137 4.6228 4.6228 4.66879 4.66879 4.64677 4.64677 4.62444 4.62444 4.64961 4.64961 4.62197 4.62197 4.61079 4.61079 4.6305 4.6305 4.68478 4.68478 4.59091 4.59091 4.63265 4.63265 4.62854 4.62854 4.61761 4.61761
4.51309 4.51309 4.51109 4.51109 4.50016 4.50016 4.46413 4.46413 4.52916 4.52916 4.5354 4.5354 4.5296 4.5296 4.5295 4.5295 4.53182 4.53182 4.5313 4.5313 4.54532 4.54532 4.53154 4.53154 4.52566 4.52566 4.5309 4.5309 4.5244 4.5244
4.52622 4.52622 4.54227 4.54227 4.51148 4.51148 4.53823 4.53823 4.53254 4.53254 4.52961 4.52961 4.52744 4.52744 4.52005 4.52005 4.52041 4.52041 4.5315 4.5315 4.63143 4.63143 4.54325 4.54325 4.53527 4.53527 4.53654 4.53654 4.52124 4.52124
7.95222 7.95222 7.9347 7.9347 7.91521 7.91521 7.87285 7.87285 8.07815 8.07815 8.09061 8.09061 8.09294 8.09294 8.00729 8.00729 8.01097 8.01097 8.00775 8.00775 8.0356 8.0356 7.9994 7.9994 8.008 8.008 8.02541 8.02541 8.04572 8.04572
8.03667 8.03667 8.01563 8.01563 8.05618 8.05618 8.11008 8.11008 8.08872 8.08872 8.03864 8.03864 7.98633 7.98633 8.00754 8.00754 8.02387 8.02387 8.02851 8.02851 8.11272 8.11272 8.00925 8.00925 8.01252 8.01252 8.09602 8.09602 8.00236 8.00236
145.997 145.997 146.339 146.339 146.191 146.191 144.438 144.438 145.382 145.382 145.052 145.052 145.314 145.314 145.285 145.285 145.327 145.327 145.024 145.024 145.505 145.505 145.316 145.316 144.976 144.976 145.027 145.027 145.042 145.042
145.397 145.397 145.643 145.643 144.488 144.488 145.472 145.472 145.553 145.553 144.996 144.996 144.849 144.849 145.638 145.638 144.937 144.937 145.265 145.265 146.162 146.162 145.577 145.577 145.46 145.46 145.61 145.61 145.262 145.262
92.857 92.857 92.9342 92.9342 93.046 93.046 92.9337 92.9337 92.8067 92.8067 92.9258 92.9258 92.8444 92.8444 92.847 92.847 92.8229 92.8229 92.8959 92.8959 92.8168 92.8168 92.7149 92.7149 92.8261 92.8261 92.8608 92.8608 92.5969 92.5969
92.8924 92.8924 92.7914 92.7914 92.8312 92.8312 92.8428 92.8428 92.6835 92.6835 92.9682 92.9682 92.7824 92.7824 92.7665 92.7665 92.7761 92.7761 92.8743 92.8743 93.05 93.05 92.8719 92.8719 92.8094 92.8094 92.9028 92.9028 92.6947 92.6947
136.687 136.687 136.67 136.67 136.456 136.456 136.413 136.413 136.319 136.319 136.405 136.405 136.385 136.385 136.194 136.194 136.059 136.059 136.408 136.408 136.414 136.414 137.061 137.061 136.286 136.286 136.502 136.502 136.877 136.877
136.318 136.318 136.622 136.622 136.894 136.894 136.314 136.314 136.508 136.508 136.478 136.478 136.603 136.603 136.627 136.627 136.357 136.357 136.433 136.433 136.903 136.903 136.179 136.179 136.825 136.825 136.415 136.415 137.263 137.263
13.1683 13.1683 13.2557 13.2557 13.3204 13.3204 12.8226 12.8226 13.1697 13.1697 13.1352 13.1352 13.1555 13.1555 13.1507 13.1507 13.1761 13.1761 13.2024 13.2024 13.1638 13.1638 13.2647 13.2647 13.1695 13.1695 13.1538 13.1538 13.1553 13.1553
13.1835 13.1835 13.1802 13.1802 13.037 13.037 13.1862 13.1862 13.1332 13.1332 13.1085 13.1085 13.0741 13.0741 13.2224 13.2224 13.117 13.117 13.1218 13.1218 13.2185 13.2185 13.1222 13.1222 13.1739 13.1739 13.1539 13.1539 13.2799 13.2799
5.70297 5.70858 5.73274 5.68126 5.89619 5.90082 5.89585 5.89211 5.89092 5.89274 5.89193 5.94002 5.90576 5.89329 5.94695 5.89395 5.89579 5.92558 5.89931 5.88897 5.89898 5.89729 5.88958 5.86424 5.88917 5.80226 5.87595 5.90343 5.88878 5.93253
4.55512 4.54763 4.51441 4.242 4.60748 4.59273 4.59403 4.58366 4.57442 4.60012 4.61912 4.66748 4.58909 4.62015 4.66465 4.58819 4.59603 4.6389 4.58465 4.57947 4.58189 4.57472 4.6142 4.57403 4.58855 4.57141 4.59804 4.60673 4.59737 4.66708
4.59422 4.58601 4.60393 4.57459 4.61008 4.60776 4.62635 4.60832 4.62393 4.61373 4.57922 4.64282 4.60765 4.61346 4.63449 4.62765 4.59634 4.60799 4.62443 4.60762 4.61327 4.60966 4.60069 4.54575 4.60564 4.59407 4.59771 4.61847 4.59871 4.62814
4.50161 4.50762 4.5155 4.4868 4.52603 4.54003 4.52786 4.53889 4.53702 4.54396 4.53024 4.5399 4.53146 4.53235 4.55347 4.53461 4.54882 4.52102 4.5413 4.53391 4.54081 4.53477 4.52737 4.53649 4.52838 4.58089 4.53235 4.53057 4.52681 4.55462
7.34992 7.40136 7.43643 7.49787 7.47208 7.48433 7.46025 7.48496 7.49784 7.47909 7.50321 7.45546 7.4731 7.48572 7.44259 7.50463 7.47809 7.54697 7.44094 7.42921 7.49803 7.49903 7.59151 7.49515 7.49451 7.7579 7.53219 7.5482 7.53023 7.62227
148.695 148.755 149.252 148.806 149.691 149.538 149.646 149.582 149.605 149.817 149.461 149.498 149.757 149.689 149.297 149.694 149.5 149.14 149.57 149.373 149.516 149.349 149.613 149.549 149.553 148.643 149.523 149.538 149.393 149.263
93.9516 94.1185 94.1518 94.2122 94.1293 94.143 94.0727 94.0272 93.9828 94.2786 94.1926 93.8281 94.0091 94.2542 93.6946 94.2309 94.1722 94.1183 94.1466 94.0527 94.1761 94.0857 94.1571 94.1379 94.1499 94.0549 94.1901 94.1403 94.23 93.9938
95.8563 95.5478 95.1108 97.8851 95.6034 96.3051 95.6433 95.5422 95.4485 95.7906 96.2666 96.0817 95.7308 96.0721 94.7886 95.9349 95.9981 96.2411 95.7883 95.8153 96.8387 95.7895 95.7525 96.0689 96.0665 96.1268 95.6435 95.8685 95.9953 96.0805
141.195 141.074 141.052 140.723 141.145 141.191 141.053 141.064 140.971 141.01 141.189 141.103 141.059 141.081 141.469 141.09 141.114 141.299 141.253 141.067 141.268 141.082 141.182 140.985 141.103 141.221 140.972 141.275 141.21 141.472
5.56983 5.56665 5.56201 5.54067 5.62053 5.62663 5.61763 5.62333 5.60947 5.63741 5.64005 5.65671 5.62051 5.63211 5.64298 5.62683 5.63215 5.64281 5.62473 5.61356 5.62222 5.62104 5.6286 5.60105 5.62594 5.6192 5.60662 5.63399 5.61238 5.65571
4.38029 4.40547 4.3899 4.22206 4.42126 4.4323 4.41394 4.3756 4.4013 4.40113 4.39976 4.4106 4.41634 4.42833 4.3954 4.38747 4.43867 4.44023 4.4008 4.40336 4.39285 4.38203 4.39856 4.39926 4.42538 4.36709 4.41229 4.42491 4.42062 4.39493
4.47365 4.46256 4.4794 4.41355 4.47523 4.47887 4.47966 4.49108 4.48123 4.49244 4.45691 4.48779 4.47783 4.48128 4.50681 4.48995 4.46699 4.48244 4.49263 4.47563 4.48989 4.4873 4.48192 4.4444 4.47419 4.50509 4.47786 4.4753 4.47783 4.50179
5.03304 5.06586 5.01888 5.3113 5.01021 5.07836 4.97463 4.84855 4.90287 5.06339 5.10217 4.88779 4.95804 5.06401 4.58565 5.07666 5.07331 5.1076 5.01469 5.02671 5.15614 4.91524 5.04122 5.12678 5.01161 4.97205 5.03298 4.98299 5.01575 4.96666
7.62583 7.58762 7.62977 7.63023 7.65761 7.67514 7.64176 7.62028 7.62359 7.66909 7.66712 7.60069 7.65347 7.67477 7.65378 7.66745 7.66896 7.69212 7.66161 7.65621 7.68659 7.65037 7.68432 7.66825 7.65239 7.65311 7.65035 7.65794 7.67129 7.63823
93.9547 94.3773 94.2753 94.2658 94.3557 94.1579 94.2619 94.2673 94.226 94.3077 94.2952 93.9969 94.277 94.4658 94.1118 94.2124 94.465 94.2259 94.2856 94.3289 94.2741 94.3319 94.2707 94.3133 94.2981 94.1278 94.3957 94.2781 94.5397 94.2212
98.0375 97.5789 97.3914 98.0467 96.9685 98.71 97.1286 97.5931 97.0881 96.9289 97.6748 97.3041 97.0764 97.2309 97.0442 97.2129 97.5057 97.6626 97.2632 97.0747 99.3541 97.3996 97.2518 96.8769 98.6344 97.4294 96.947 97.4275 97.82 97.3525
141.753 141.581 141.534 141.459 141.602 141.887 141.575 141.579 141.55 141.559 141.35 141.603 141.546 141.541 141.569 141.588 141.713 141.724 141.497 141.554 142.189 141.542 141.57 141.391 141.898 141.528 141.405 141.728 141.866 141.659
5.53693 5.56245 5.54216 5.56275 5.5902 5.60917 5.60145 5.59754 5.59264 5.61575 5.6308 5.62918 5.59572 5.60714 5.59976 5.61538 5.57595 5.63469 5.60568 5.59027 5.58727 5.60614 5.60015 5.58082 5.6079 5.5703 5.58418 5.63837 5.63026 5.60231
4.40026 4.37475 4.40093 4.19272 4.39035 4.45261 4.39779 4.40523 4.40077 4.4173 4.41799 4.44676 4.39889 4.40744 4.41582 4.38653 4.28546 4.4475 4.39922 4.392 4.28056 4.3833 4.3865 4.38203 4.47428 4.29491 4.36935 4.40739 4.42457 4.38969
4.4084 4.39306 4.41702 4.42002 4.42162 4.41039 4.4276 4.42801 4.42666 4.41842 4.42639 4.4251 4.42359 4.42135 4.42905 4.42117 4.40474 4.41928 4.42108 4.4225 4.38948 4.42155 4.41991 4.38956 4.39617 4.43271 4.42361 4.42141 4.3989 4.42963
4.37589 4.38018 4.37757 4.36788 4.41865 4.39931 4.42099 4.4233 4.41902 4.42563 4.43349 4.42268 4.42124 4.4245 4.42277 4.43199 4.42665 4.41393 4.43186 4.42031 4.36858 4.42352 4.42399 4.41731 4.38886 4.42178 4.42633 4.42768 4.44505 4.41966
5.51239 5.50711 5.45771 5.44614 5.37433 5.47226 5.37094 5.35513 5.37712 5.3862 5.41935 5.34684 5.36139 5.38094 5.36889 5.39126 5.42905 5.40626 5.38434 5.36812 5.56106 5.37125 5.37467 5.3818 5.43274 5.38889 5.41782 5.40428 5.4779 5.36907
7.71925 7.7123 7.71082 7.71307 7.73376 7.74955 7.73134 7.72903 7.72091 7.73902 7.7649 7.72053 7.73175 7.72834 7.73521 7.74345 7.77149 7.75043 7.73428 7.72966 7.80811 7.73191 7.73314 7.70302 7.73975 7.75495 7.72775 7.74269 7.77635 7.7462
93.82 94.0173 93.8203 93.8357 94.0034 93.8503 93.8517 93.9308 93.8159 93.6039 93.7427 93.5914 94.018 93.9787 93.9587 93.4673 94.1172 93.6749 93.9493 93.9406 93.4629 93.7961 93.8866 93.7815 93.9558 93.599 93.9512 93.4919 94.1459 93.9323
104.268 103.68 104.662 104.166 103.558 104.109 103.855 104.308 103.616 103.64 103.934 103.811 103.533 103.8 103.505 103.825 102.777 103.414 103.491 103.638 103.834 103.633 103.866 102.596 103.801 103.419 103.52 104.744 104.413 103.619
142.027 141.858 141.945 141.939 141.91 141.961 141.924 142.361 141.931 142.165 142.496 141.995 141.893 141.956 141.896 142.133 142.194 141.932 141.841 141.919 142.453 142.017 141.977 141.888 141.934 142.12 142.013 142.637 142.607 141.938
5.55714 5.56965 5.56073 5.56816 5.54834 5.55972 5.55661 5.53324 5.54649 5.56809 5.53164 5.56071 5.55735 5.55939 5.55113 5.5751 5.57177 5.58839 5.56247 5.5359 5.50861 5.54879 5.55585 5.53885 5.5517 5.52815 5.5619 5.58144 5.42036 5.54463
4.41119 4.40612 4.41027 4.30483 4.39855 4.38514 4.38829 4.40394 4.391 4.42192 4.30746 4.38483 4.40367 4.40828 4.41102 4.42748 4.36779 4.36623 4.37801 4.36641 4.37239 4.40153 4.40859 4.38998 4.39131 4.39563 4.38648 4.504 4.3908 4.38789
13.8062 14.023 13.7591 13.8599 13.5997 13.58 13.5698 13.4782 13.5214 13.6543 13.5031 13.4552 13.5925 13.6462 13.5709 13.6632 13.7284 13.3797 13.6199 13.4998 13.5005 13.6767 13.6033 13.5241 13.4658 13.5776 13.1775 13.4349 13.4227 13.4161
4.51613 4.51351 4.52002 4.47446 4.58207 4.59924 4.59353 4.57653 4.58902 4.59913 4.57177 4.59471 4.59 4.58038 4.59665 4.59483 4.51309 4.56958 4.59999 4.59695 4.50461 4.5836 4.58147 4.56429 4.60404 4.5457 4.60596 4.57351 4.55248 4.59757
4.43971 4.44054 4.44121 4.40425 4.46594 4.46505 4.46424 4.46704 4.47191 4.47413 4.4643 4.4645 4.46051 4.48205 4.47089 4.45157 4.48889 4.4679 4.45792 4.46653 4.47454 4.4583 4.48275 4.45568 4.45455 4.46149 4.46872 4.46717 4.53837 4.47445
5.47349 5.4388 5.45378 5.44008 5.40131 5.43968 5.37337 5.40801 5.39308 5.3753 5.38218 5.43206 5.37051 5.37783 5.38362 5.37271 5.44012 5.39138 5.38669 5.38973 5.4899 5.36196 5.39017 5.30577 5.42567 5.38211 5.44844 5.48467 5.57358 5.3783
7.85356 7.86483 7.84996 7.84012 7.84817 7.84289 7.82392 7.81411 7.83005 7.8375 7.80374 7.84357 7.82647 7.83228 7.83422 7.83829 7.87025 7.8155 7.84533 7.84062 7.88569 7.83957 7.84159 7.81032 7.8494 7.87054 7.81563 7.87751 7.85914 7.84358
162.394 161.63 161.645 161.583 161.197 161.967 161.821 161.42 161.416 161.806 161.315 161.721 161.581 161.672 162.027 161.985 160.616 160.895 161.269 161.383 158.782 161.768 161.542 160.837 161.433 160.233 160.915 161.785 160.373 161.665
93.3473 93.3704 93.3218 93.4201 93.2847 93.3109 93.2041 93.4926 93.3369 93.0635 91.4102 93.4026 93.4029 93.2616 93.4724 93.055 93.1713 90.9157 93.3015 93.3134 93.1066 93.2832 93.1904 93.1544 93.4749 93.0902 92.6906 93.3102 93.858 93.5139
103.17 102.858 103.043 103.332 103.006 103.147 103.037 103.145 102.818 102.781 103.497 103.678 103.045 103.523 102.977 103.204 103.166 103.869 103.248 103.318 103.094 103.112 103.53 102.456 102.996 102.948 102.193 104.027 103.146 103.531
142.372 142.37 142.383 142.584 142.395 142.311 142.383 142.504 142.253 142.463 143.326 142.507 142.439 142.933 142.318 142.722 142.632 142.813 142.422 142.512 142.629 142.453 143.012 142.613 142.021 142.696 142.791 142.59 142.512 142.424
5.57871 5.56254 5.57029 5.52858 5.54159 5.5473 5.56097 5.53844 5.54659 5.56101 5.86938 5.55349 5.54142 5.56947 5.52857 5.55753 5.61608 6.00948 5.54137 5.53272 5.56287 5.54611 5.55146 5.54336 5.5205 5.54829 5.6022 5.6139 5.55341 5.54371
4.34518 4.35582 4.35757 4.59276 4.44075 4.37347 4.37397 4.36712 4.37277 4.421 4.55483 4.37162 4.40315 4.37101 4.41496 4.40368 4.31732 4.31399 4.33671 4.39396 4.39916 4.43033 4.39884 4.36607 4.36618 4.38374 4.45328 4.42983 4.42349 4.34758
13.7873 14.2174 13.8913 13.5117 13.5004 13.3741 13.396 13.3141 13.3644 13.2884 13.5339 13.7687 13.4621 13.555 13.3851 13.2114 13.5167 13.355 13.4781 13.4327 13.5354 13.3185 13.4006 13.1908 13.3031 13.6602 12.5511 12.8645 13.5189 12.8176
4.54425 4.54669 4.54732 4.49503 4.61688 4.62959 4.64362 4.63747 4.6412 4.63864 4.53544 4.6487 4.63055 4.5948 4.63812 4.64162 4.60121 4.54151 4.62575 4.60705 4.59442 4.62793 4.59087 4.61295 4.6093 4.60837 4.59074 4.60153 4.64498 4.60222
4.4512 4.44314 4.44923 4.42026 4.45984 4.45755 4.46055 4.47722 4.47184 4.4619 4.45141 4.44601 4.4638 4.46077 4.46674 4.462 4.48057 4.48114 4.46893 4.47445 4.47677 4.45625 4.46299 4.45944 4.46874 4.4927 4.47197 4.54351 4.47345 4.47369
5.64262 5.59938 5.61354 5.62145 5.51627 5.55713 5.54421 5.53902 5.53427 5.55292 5.56615 5.56383 5.55634 5.55108 5.56334 5.47863 5.45707 5.56868 5.49763 5.54732 5.47938 5.48874 5.55845 5.43585 5.4599 5.4377 5.68701 5.7022 5.53733 5.53946
8.04014 8.05126 8.03887 8.02943 7.99496 8.0183 8.01673 8.03057 8.00761 8.00144 7.95029 7.99499 8.02597 7.96901 8.01913 7.96943 7.91939 7.97698 7.97654 7.99473 7.89227 7.98401 7.96982 7.90391 8.03148 7.85506 8.03096 7.89564 8.02471 8.007
161.462 163.055 161.572 162.008 162.506 162.745 162.229 163.278 161.962 162.184 161.976 163.023 162.901 161.97 163.07 162.113 161.744 162.296 162.59 162.222 160.34 162.786 161.557 161.687 161.956 159.569 161.302 159.852 162.991 161.989
93.5476 93.6335 93.585 93.7652 93.4818 93.4701 93.4386 93.5279 93.493 93.5213 93.7 93.5491 93.7877 93.476 93.6231 93.5352 93.099 93.9531 93.3298 93.5693 93.603 93.5372 93.6386 93.0303 93.2722 93.549 92.8859 93.5543 93.6381 91.4357
95.9628 96.3556 96.5143 98.3111 97.2099 96.1766 96.3179 96.6815 96.1146 96.4965 98.0483 99.296 96.4154 98.3085 96.771 98.2811 96.8541 98.5924 97.7946 96.9782 96.6782 97.2139 97.2863 96.6085 97.2761 98.9537 96.1083 96.3903 96.9835 95.9961
142.199 142.228 142.283 141.634 142.088 142.02 142.081 142.069 142.027 142.012 142.174 142.272 141.93 142.395 141.895 142.239 142.116 142.605 141.952 141.989 142.106 142.155 142.334 142.366 141.887 142.539 143.793 141.883 142.068 142.342
5.53977 5.50916 5.52326 5.48796 5.57109 5.56072 5.56906 5.54874 5.57081 5.5659 5.58897 5.61064 5.54827 5.60144 5.55016 5.56424 5.59071 5.57731 5.58178 5.55696 5.54796 5.55534 5.56211 5.53142 5.58152 5.56744 5.59815 5.58159 5.5744 5.71856
4.32469 4.34033 4.3394 4.22622 4.36279 4.36406 4.36515 4.35397 4.34615 4.38854 4.38723 4.39948 4.39417 4.4703 4.2867 4.38227 4.42895 4.40593 4.36895 4.39412 4.39675 4.42553 4.44871 4.52085 4.24171 4.37511 4.44398 4.36344 4.34488 4.38595
4.47258 4.45702 4.45937 4.45001 4.44033 4.45682 4.4606 4.44797 4.46539 4.45958 4.42732 4.4293 4.45506 4.43714 4.46066 4.46718 4.43896 4.41277 4.44217 4.45325 4.44582 4.45473 4.43183 4.4461 4.42038 4.44736 4.41532 4.4669 4.46076 4.49833
4.37616 4.37799 4.3822 4.39022 4.42387 4.41791 4.41893 4.42185 4.4218 4.42308 4.40853 4.40486 4.42221 4.39224 4.42359 4.43159 4.41861 4.37332 4.46144 4.4173 4.42457 4.42109 4.38936 4.42148 4.43031 4.38172 4.39522 4.41045 4.42423 4.43278
5.69407 5.66981 5.68585 5.6351 5.58746 5.58765 5.56043 5.56919 5.58882 5.56284 5.63876 5.64147 5.57216 5.61634 5.57023 5.5586 5.57894 5.74361 5.56459 5.58587 5.53932 5.55486 5.59486 5.62773 5.62256 5.62462 5.64488 5.66339 5.5903 5.73395
7.94209 7.94349 7.93637 7.85943 7.88442 7.92177 7.92426 7.91514 7.91784 7.89727 7.84428 7.80976 7.90299 7.93725 7.90509 7.85963 7.92763 7.81899 7.86811 7.89141 7.89508 7.88738 7.9282 7.90753 7.85329 7.84031 7.83938 7.88017 7.90368 8.06192
75.6556 75.742 75.8179 75.3144 75.8255 75.7782 75.7382 75.7571 75.5816 75.596 75.8413 75.7129 75.6502 75.8938 76.3083 75.8129 75.6975 75.6423 75.8872 76.5142 75.8439 76.3916 76.0404 75.691 76.3426 76.4384 75.6678 76.5435 75.9987 75.1379
97.7197 97.3004 97.3912 98.053 96.84 96.582 96.7177 97.0187 96.7451 96.6858 97.5612 96.9913 96.6868 97.0471 97.2633 98.5461 96.5558 97.2297 96.8382 98.1104 96.5988 97.9762 99.0231 99.5007 98.8554 98.6012 102.131 98.7243 97.8229 100.119
141.586 141.49 141.577 141.264 141.506 141.543 141.466 141.527 141.391 141.572 141.727 141.58 141.475 141.581 141.243 142.017 141.589 141.379 141.426 141.861 141.47 141.968 141.925 142.865 141.146 142.118 142.214 141.018 141.528 142.172
5.51644 5.5099 5.51423 5.50279 5.56692 5.54424 5.55614 5.57057 5.54558 5.54936 5.56202 5.53139 5.54456 5.57352 5.58679 5.58927 5.55871 5.56015 5.55874 5.55553 5.56322 5.57197 5.60028 5.58632 5.60719 5.55549 4.7273 5.5935 5.59138 5.63291
4.32739 4.32576 4.32529 4.43131 4.36071 4.34158 4.36414 4.37312 4.34352 4.40467 4.40596 4.4026 4.39636 4.44226 4.27751 4.42126 4.41857 4.39472 4.35112 4.34267 4.39568 4.29921 4.50934 4.79057 4.29245 4.28902 4.21497 4.42311 4.43386 4.48895
4.43499 4.42903 4.4373 4.41301 4.44397 4.43511 4.44022 4.43877 4.43376 4.43581 4.3955 4.4327 4.43215 4.42982 4.46494 4.42605 4.3987 4.42114 4.45544 4.45701 4.3946 4.46895 4.41322 4.42055 4.49637 4.52604 4.35165 4.47314 4.4477 4.34915
4.35 4.34792 4.35056 4.32 4.39682 4.38825 4.39847 4.39655 4.39676 4.38773 4.38526 4.39058 4.39428 4.40621 4.4035 4.36531 4.39557 4.38767 4.40217 4.39593 4.40319 4.40924 4.36829 4.38768 4.3932 4.43469 4.28147 4.40757 4.40072 4.36129
5.50112 5.45961 5.49194 5.47076 5.43329 5.41525 5.42537 5.41029 5.42641 5.39782 5.45288 5.46511 5.43012 5.49284 5.44964 5.54668 5.41974 5.49231 5.39881 5.48556 5.39858 5.51599 5.52795 5.64828 6.06902 5.59664 5.79 5.59765 5.40698 5.61547
7.73782 7.74618 7.74753 7.71272 7.77335 7.75251 7.75705 7.74341 7.74414 7.73708 7.73377 7.75955 7.73067 7.77485 7.7712 7.81003 7.77231 7.71356 7.79023 7.74361 7.74216 7.74978 7.75728 7.7921 7.79403 7.75621 7.6269 7.69596 7.73333 7.80322
93.1679 93.5893 93.4839 93.6078 93.4584 93.4249 93.3677 93.4358 93.3126 93.3656 93.4147 93.5588 93.5749 93.7209 92.6044 93.772 93.7544 93.2424 93.8632 94.0915 93.6887 92.7678 93.2282 92.6538 93.0936 93.3298 92.5723 90.9115 93.2363 92.847
97.6872 96.9196 97.1616 98.6873 97.1273 97.5588 97.3302 97.6106 97.2795 97.5687 97.9164 97.4092 97.4071 97.0896 97.151 97.3897 97.2801 98.6575 97.208 100.014 96.7765 100.273 99.6504 100.146 101.761 100.53 101.44 99.984 97.7972 101.665
141.458 141.213 141.311 140.721 141.001 141.152 141.104 141.144 141.217 141.45 141.808 141.206 141.283 141.468 141.462 141.836 141.66 141.43 140.864 141.692 141.531 142.17 141.753 141.989 142.241 141.606 143.22 138.649 140.887 141.89
5.45967 5.44685 5.44768 5.50141 5.55073 5.53518 5.53722 5.54072 5.54464 5.56511 5.62179 5.54984 5.53961 5.59725 5.47317 5.60262 5.57293 5.53297 5.36773 5.36549 5.57809 5.52147 5.60786 5.69621 5.65194 5.4604 5.68362 6.13861 5.6231 5.61228
4.47401 4.45965 4.46945 4.43978 4.35228 4.38272 4.42166 4.45367 4.35135 4.40929 4.40883 4.44001 4.50508 4.43607 4.28887 4.37512 4.47231 4.42466 4.06799 4.25004 4.42885 4.43478 4.56337 4.35276 4.47913 4.35381 4.30034 4.21569 4.47592 4.50428
4.50572 4.48495 4.4876 4.48146 4.48764 4.45987 4.4847 4.47107 4.48844 4.52711 4.48284 4.46979 4.49183 4.50434 4.47585 4.5838 4.48067 4.46329 4.46069 4.57862 4.44502 4.49141 4.49135 4.4689 4.42865 4.49114 4.59353 4.51947 4.49728 4.4532
4.30262 4.31304 4.31002 4.32354 4.36192 4.35621 4.35747 4.3625 4.34016 4.36143 4.3559 4.35627 4.34975 4.36247 4.3418 4.37523 4.34751 4.31647 4.24774 4.38868 4.33961 4.34488 4.32063 4.38778 4.30211 4.3872 4.28765 4.29708 4.35668 4.3599
5.47219 5.35324 5.37261 5.49222 5.39925 5.31804 5.4099 5.42488 5.29006 5.36853 5.26135 5.35323 5.43107 5.43378 5.57404 5.55217 5.24451 5.4613 5.48384 5.72307 5.16778 5.68491 5.67364 5.57461 5.78257 5.62583 5.75191 5.42634 5.56849 5.55662
7.66939 7.63498 7.63453 7.66138 7.69472 7.66317 7.67822 7.68803 7.64032 7.65188 7.7678 7.66931 7.69332 7.73674 7.75212 7.76071 7.64861 7.65363 7.70558 7.76255 7.65276 7.73532 7.77336 7.60953 7.71368 7.7021 7.7857 7.85128 7.73179 7.63672
92.3779 92.9116 92.9281 92.2938 91.8275 91.921 91.8922 92.1405 91.8553 91.7561 93.2644 92.073 92.4738 93.0168 91.9425 92.0462 92.8893 91.8415 90.3879 91.9225 92.3199 92.1035 91.9175 91.9645 92.106 92.3319 91.9159 91.7596 92.024 92.4716
150.717 150.965 150.8 151.374 151.21 151.028 151.722 151.241 151.194 150.633 154.133 150.538 152.769 153.749 153.442 154.066 153.536 150.385 154.576 154.025 153.465 154.317 154.17 154.341 153.533 153.336 153.441 153.705 154.655 154.242
139.506 139.47 139.516 139.395 139.064 139.52 139.179 139.111 139.147 138.248 139.582 138.973 139.256 138.854 140.109 141.066 139.537 139.089 142.601 139.461 139.835 141.211 141.783 141.682 141.154 141.722 142.078 139.089 141.66 140.497
5.90886 6.05514 6.04948 5.87263 6.30651 6.37243 6.41071 6.21929 6.38637 6.35853 6.09105 6.1751 6.34047 6.40769 6.32763 6.42766 6.18009 6.40956 6.38224 6.40971 6.23364 6.41119 6.40536 6.40727 6.54653 6.40642 6.02664 6.38317 6.44522 6.40037
6.88241 7.45659 7.36943 6.49943 6.54144 6.698 6.61221 6.68203 6.53693 6.32277 7.35228 6.99387 7.26654 7.08413 7.26353 7.50699 7.31833 6.38626 7.52993 7.716 7.26927 7.37884 7.56786 7.54794 7.19286 7.24421 7.08051 7.32458 7.76266 7.43613
4.51685 4.51087 4.52372 4.48311 4.6054 4.64327 4.57515 4.60312 4.45725 4.46526 4.6586 4.6401 4.7936 4.61175 4.64867 4.56814 4.57858 4.49175 4.6444 4.74142 4.63019 4.57274 4.83638 4.64597 4.46282 4.63957 4.72815 4.8502 4.67843 4.76514
4.61648 4.61605 4.61829 4.60907 4.81375 4.84217 4.7879 4.80659 4.72885 4.74239 4.68135 4.82789 4.79276 4.75236 4.85293 4.79206 4.80359 4.7565 4.87378 4.86677 4.88549 4.74675 4.99056 4.84978 5.02035 4.93185 4.94654 4.83666 4.82519 4.90703
4.48176 4.48973 4.49056 4.45085 4.53765 4.5384 4.53857 4.54817 4.54587 4.53783 4.56318 4.54319 4.58243 4.57241 4.5686 4.59561 4.60248 4.5463 4.59747 4.58904 4.60702 4.56282 4.57582 4.60143 4.90016 4.58449 4.59324 4.59357 4.58976 4.61159
8.11091 8.13465 8.13851 8.13942 8.05218 8.10626 7.98783 7.9695 8.22482 8.08689 8.23367 8.02502 7.93812 7.9632 7.99545 8.34199 8.13809 8.10046 8.34041 7.91093 8.32659 8.14392 8.00513 8.16836 8.28649 8.13686 8.53469 7.91703 8.15592 7.667
91.6387 91.4915 91.5515 90.9689 92.5722 92.618 92.4648 92.6096 92.6027 92.5687 92.2662 92.6318 91.1693 93.0829 92.6833 90.9096 93.3503 92.598 92.3236 93.9272 95.1014 92.6212 92.6163 92.6948 92.7139 92.8962 93.3164 92.6478 92.6482 93.1402
97.0941 98.7724 98.8885 101.4 98.1064 97.7469 98.8386 98.1488 97.349 97.0238 98.8974 97.8003 103.158 98.129 98.4679 97.5259 100.805 97.6388 101.51 99.8926 99.3533 101.821 99.4006 98.7235 101.108 101.188 100.305 97.622 100.273 97.4298
141.473 141.685 141.683 142.171 142.147 142.106 141.982 142.209 142.071 141.906 141.933 141.948 142.849 140.215 141.72 140.914 142.455 142.223 142.373 141.543 142.33 144.333 142.104 141.567 140.98 141.76 142.656 141.383 140.988 140.645
5.40683 5.31101 5.28964 5.6511 5.51337 5.49974 5.53089 5.51534 5.49612 5.49137 5.50929 5.50558 5.85639 5.20106 5.55523 5.53008 5.4565 5.49961 5.75249 5.36275 5.54252 5.56709 5.56337 5.43382 5.51435 4.55866 5.41147 5.50838 5.53369 5.24836
4.18201 4.158 4.1572 4.17644 4.50319 4.46504 4.53267 4.50168 4.43242 4.41055 4.37582 4.38763 4.14431 4.33559 4.37618 3.97092 4.6884 4.43713 4.29899 4.38032 4.89434 4.64249 4.51969 4.52327 4.36018 4.4385 4.56408 4.52559 4.40526 4.42935
4.22967 4.15875 4.17072 4.3146 4.39525 4.37852 4.39681 4.39051 4.39003 4.37019 4.46617 4.36292 4.4393 4.36324 4.44501 4.36836 4.48527 4.38475 4.49408 4.42495 4.54532 4.47099 4.54046 4.46912 4.53128 4.43929 4.50655 4.47577 4.44202 4.38257
4.2514 3.50706 3.53352 4.21556 4.32041 4.30594 4.35106 4.31703 4.32551 4.31402 4.30757 4.31851 4.27494 3.97177 4.34186 4.27624 4.27348 4.30563 4.31752 4.32357 4.28394 4.32339 4.32968 4.35797 4.3309 4.35117 4.41144 4.36667 4.33408 4.32418
5.6344 5.80178 5.79904 5.60718 5.47642 5.45612 5.46467 5.56509 5.39988 5.39943 5.31808 5.46846 5.82771 5.25965 4.89008 5.06721 5.74119 5.45058 6.09817 6.13153 5.66849 5.90577 5.34058 5.39809 6.44366 5.78851 5.83629 5.18343 5.87407 4.93168
4.04199 3.56655 3.6378 4.0707 4.35973 4.32744 4.38855 4.3915 4.38287 4.37378 4.35895 4.38688 4.51133 4.17217 4.4025 4.06505 4.43638 4.33666 4.44944 4.44426 4.43557 4.56049 4.5082 4.46506 4.41189 4.49661 4.58309 4.36283 4.45091 4.40095
7.3331 7.52807 7.53607 7.51697 7.58117 7.57218 7.53226 7.61233 7.57239 7.55758 7.55693 7.56795 7.6802 7.39187 7.36043 7.39416 7.59246 7.60651 7.59474 7.66886 7.52597 7.60515 7.47325 7.32163 7.64896 7.69243 7.81136 7.31432 7.5535 7.32129
91.0353 89.6867 89.7701 92.0816 92.0962 91.9432 92.0663 92.1065 92.0926 91.9304 91.1624 92.0318 91.0996 91.2861 92.4628 90.1645 91.6779 91.9055 90.2227 90.9051 91.2023 91.8925 90.8795 91.4546 91.0972 91.6148 91.7602 91.6649 91.3626 91.5573
154.533 153.816 153.883 154.597 153.743 153.857 153.756 153.733 153.906 153.911 154.293 153.964 154.98 154.54 153.716 154.473 154.568 154.021 154.425 155.17 154.477 153.93 154.498 154.708 154.391 153.833 154.66 153.692 154.489 154.284
139.989 139.923 140.186 138.365 138.249 137.964 138.409 139.22 138.27 138.645 140.497 138.119 141.032 140.461 140.225 141.775 141.94 137.843 142.136 141.78 141.372 141.562 141.805 140.177 141.771 141.11 141.924 138.785 141.594 139.068
5.78847 5.86685 5.89117 5.88524 6.30898 6.33536 6.31718 6.32974 6.30341 6.32769 6.43639 6.34859 6.41616 6.41918 6.17276 6.30359 6.39304 6.2947 6.25067 6.40983 6.44906 6.32533 6.45619 6.30283 6.45099 6.38554 6.44453 6.39843 6.418 6.22232
7.87294 7.95378 7.96238 7.81796 7.05667 7.08573 7.06727 7.05091 7.09783 7.10833 7.4125 7.04195 7.37927 7.32425 7.30486 7.47981 7.46789 7.26594 7.47296 7.5118 7.47319 7.32844 7.49811 8.13437 7.42651 7.29126 7.47159 7.16853 7.49574 7.48401
4.56174 4.67944 4.62931 4.28622 4.66888 4.64948 4.69808 4.67049 4.73715 4.71783 4.57286 4.71404 4.55945 4.65383 4.4729 4.73797 4.4931 4.65834 4.7127 4.63492 4.4983 4.57217 4.50146 4.6621 4.52081 4.62583 4.64136 4.59874 4.51018 4.71992
4.66747 4.7839 4.64211 4.65367 4.76615 4.75207 4.77653 4.77464 4.8024 4.81128 4.99015 4.71964 4.82051 4.81133 4.67115 4.90519 4.87545 4.80542 5.02926 4.85371 4.85323 4.83923 4.87333 4.95691 4.9309 4.83675 4.77979 4.78292 4.75348 4.85945
4.41212 4.41162 4.40512 4.39239 4.52078 4.52487 4.52334 4.5276 4.53595 4.52704 4.55251 4.52669 4.51153 4.53848 4.55733 4.52932 4.32767 4.52087 4.36701 4.53365 4.54262 4.62209 4.60988 4.54024 4.55995 4.54682 4.56239 4.55668 4.44311 4.54266
8.06356 8.14201 8.12748 7.80213 7.84026 7.87976 7.8602 7.86817 7.87416 7.8624 7.78937 7.81643 8.27505 8.10797 8.43726 8.37044 8.26916 7.91675 8.53205 8.27484 8.63466 8.4 8.39734 8.283 8.08132 8.07166 8.23504 7.88141 8.28551 7.59989
92.469 92.0628 92.0029 91.5695 92.1741 92.3112 92.2004 91.9287 92.3525 92.2011 91.8402 92.4785 90.9536 91.5377 91.2466 91.8961 89.6304 91.929 90.037 90.3631 90.2145 89.8189 91.3162 90.3404 90.8247 91.4904 90.452 91.2273 91.0909 91.6029
154.154 153.883 153.763 154.91 154.997 154.502 155.219 155.453 154.638 154.929 155.007 155.117 155.752 155.553 155.025 153.625 155.135 155.05 154.96 155.239 154.7 155.081 154.993 154.983 155.125 155.67 155.518 154.052 155.227 153.844
139.103 138.751 138.819 138.808 139.008 138.511 139.229 139.946 138.511 138.754 140.707 138.66 140.098 140.781 140.834 140.77 142.738 138.809 142.543 140.529 141.665 142.034 142.444 142.352 142.083 140.898 141.92 140.486 142.506 141.346
5.85983 5.83762 5.86296 5.53276 6.33921 6.31138 6.34137 6.38981 6.28253 6.32326 6.47529 6.27997 6.22157 6.24538 6.42972 6.38229 6.32855 6.30783 6.3572 6.19487 6.41974 6.29571 6.32637 6.26539 6.44767 6.45545 6.44619 6.35559 6.50046 6.3352
8.10734 8.19261 8.1601 8.04205 7.63469 7.52649 7.6913 7.75538 7.54284 7.64385 7.70318 7.66217 7.92388 7.96555 7.52901 7.20444 7.54152 7.68369 7.51442 8.20489 7.5754 7.53503 7.53452 8.99324 7.53243 7.79211 7.68509 7.4392 7.87569 7.30468
4.84288 4.874 4.83708 4.37904 4.65346 4.78676 4.65706 4.64087 4.76625 4.74445 4.63064 4.64184 4.48615 4.74569 4.71045 4.69041 4.71616 4.68081 4.76744 4.58908 4.78667 4.69888 4.5144 4.62502 4.50259 4.60096 4.55704 4.5372 4.54979 4.8112
4.71215 4.69592 4.66991 4.59528 4.7713 4.78244 4.79796 4.8378 4.78119 4.7831 4.91379 4.75198 4.75231 4.81603 4.91328 4.83777 4.98266 4.76551 4.97262 4.89336 4.99209 4.97691 4.7454 4.79404 4.8642 4.85696 4.69352 4.43015 4.19663 4.4472
4.49673 4.50263 4.5011 4.43698 4.58282 4.59412 4.57827 4.58202 4.59111 4.57853 4.6362 4.5771 4.57946 4.56957 4.6092 4.60064 4.6513 4.58898 4.66986 4.57753 4.62924 4.50275 4.71241 4.65652 4.63107 4.58642 4.46655 4.57926 4.63588 4.62178
7.77328 7.67271 7.74414 7.69084 7.62993 7.47937 7.64762 7.74729 7.55655 7.60838 8.47407 7.46535 7.6259 7.81282 7.83908 7.90187 8.12773 7.53593 7.93389 7.63081 8.03341 8.07873 8.25382 8.4388 8.02755 7.88512 7.97442 7.81926 8.27079 7.99153
91.7685 91.851 91.9082 91.6126 91.9298 92.2082 92.2706 91.8245 92.1518 92.0275 92.2566 91.8273 91.714 92.1897 91.7253 92.1593 91.5544 91.897 92.6184 91.7006 93.6218 91.2281 91.9658 90.8595 91.0071 91.4391 91.1966 91.9155 92.3793 91.6985
136.042 135.965 136.076 135.819 136.722 135.78 137.066 137.408 135.905 136.172 138.215 136.594 137.894 137.473 136.466 137.899 138.228 136.557 138.29 139.603 137.851 139.131 138.189 139.806 139.059 137.145 135.808 135.044 138.011 137.853
12.4234 12.1587 12.0988 11.5088 11.722 11.8067 11.7052 11.6098 11.8625 11.6755 11.947 11.7653 11.5493 11.6686 12.0532 12.3686 11.8581 11.6572 11.8648 12.7316 11.9818 12.8336 12.4938 13.0933 12.5904 12.7327 12.837 12.0207 12.3011 12.6903
5.16921 5.03626 5.07264 4.39145 5.19641 5.57029 4.89204 4.12706 5.51898 5.29755 4.68889 5.11456 5.43885 5.22566 5.71822 5.64832 5.87241 4.93769 5.81272 5.85492 5.87351 5.92877 5.78017 5.933 5.90673 5.03248 5.63183 5.83989 5.92158 5.10318
4.60607 4.61479 4.59609 4.44957 4.64289 4.66488 4.66756 4.63317 4.65187 4.65988 4.58397 4.5773 4.64606 4.55859 4.61703 4.69613 4.75164 4.60805 4.83802 5.01947 4.76195 4.57994 4.52065 5.12102 4.43008 4.76642 4.52465 4.76407 4.52357 4.81603
4.56905 4.54259 4.55329 4.45719 4.5202 4.51213 4.53682 4.53491 4.55973 4.49233 4.58257 4.52726 4.55485 4.50406 4.61024 4.57967 4.5939 4.54801 4.66387 4.6988 4.58707 4.6127 4.59771 4.9219 4.97559 4.83867 4.64127 4.56313 4.64114 4.83023
4.51089 4.49884 4.49256 4.45519 4.50068 4.52216 4.53648 4.49965 4.52786 4.50276 4.5988 4.49375 4.45917 4.43513 4.51168 4.54727 4.54637 4.50013 4.64424 4.55246 4.6488 4.52369 4.58586 4.52226 4.59599 4.48416 4.53606 4.52419 4.70137 4.52363
7.31352 7.50262 7.47125 7.30255 7.78159 7.37625 8.00229 7.92505 7.49223 7.616 7.91192 7.5733 7.99966 7.8334 7.46775 7.72423 7.85418 7.69806 7.97757 7.97927 7.74418 7.59176 8.40258 7.82833 7.94659 7.78722 7.32818 7.19251 7.68298 7.62611
147.365 147.356 146.968 145.11 145.092 145.83 144.951 144.587 145.939 145.002 145.419 145.167 144.489 144.484 146.841 145.675 144.581 145.407 145.45 146.762 144.546 148.054 147.62 147.87 148.857 146.917 148.201 146.55 146.726 149.112
92.1467 92.3159 92.1901 92.5378 92.2618 92.3078 92.5008 92.3875 92.2734 92.4217 92.6611 92.4333 92.436 92.5988 92.4288 92.3496 92.3854 92.0998 92.6181 93.3853 92.5995 92.5761 92.7164 92.0567 92.0512 92.7825 91.614 92.7461 92.9453 91.6917
136.544 136.188 136.655 136.447 136.143 136.015 136.025 136.081 136.086 136.02 137.308 137.11 136.963 136.863 136.37 136.428 136.453 136.548 136.463 136.763 136.415 138.46 137.851 138.934 136.337 136.802 137.432 137.569 136.238 139.909
12.6363 12.4005 12.4643 12.2606 12.2639 12.3096 12.3532 12.3157 12.3102 12.3146 12.382 12.3104 12.3988 12.2913 12.2736 12.5949 12.2061 12.4434 12.053 11.8216 12.3044 12.1576 12.232 12.5956 11.9197 12.3673 12.416 12.1525 12.4188 12.3417
5.66459 5.66348 5.67199 5.63835 5.85016 5.83904 5.82864 5.82402 5.83142 5.84435 5.803 5.84561 5.82185 5.85438 5.86074 5.90504 5.91651 5.82256 5.89085 5.57892 5.91811 5.87184 5.60502 5.91797 5.88851 5.7238 5.88499 5.86702 6.11955 5.94331
4.68665 4.73286 4.70986 4.32316 4.67648 4.6753 4.68046 4.56372 4.66199 4.67373 4.72214 4.76938 4.74461 4.7247 4.66072 4.58289 4.66099 4.61209 4.5944 4.51335 4.71124 4.73715 4.56293 4.55888 4.60505 4.72999 4.51117 4.69492 4.47779 5.1082
4.64187 4.63326 4.61971 4.54629 4.62844 4.60856 4.6176 4.58762 4.61674 4.62481 4.65842 4.64797 4.65964 4.61042 4.62896 4.65185 4.63919 4.64345 4.68589 4.56346 4.62104 4.61409 4.67856 4.60831 4.62213 4.71566 4.5788 4.62376 4.69285 4.96909
7.51659 7.51102 7.32466 7.39666 7.39745 7.39943 7.33972 7.39739 7.38772 7.4027 7.69177 7.62153 7.53571 7.66302 7.51116 7.41632 7.45803 7.36173 7.47999 7.84095 7.34209 7.95175 7.78039 7.5326 7.17428 7.87933 7.39083 7.70996 7.34196 7.95042
146.89 146.793 146.332 147.433 146.353 146.466 146.493 146.64 146.316 146.226 145.232 145.842 146.552 146.004 146.385 146.249 145.909 147.061 145.565 145.625 145.782 145.247 145.359 147.303 148.303 145.22 147.418 146.555 147.259 147.937
92.1268 92.2911 92.2713 92.4127 92.4526 92.2324 92.259 92.1815 92.1752 92.4649 92.4797 92.5851 92.1123 92.4525 92.3641 92.7064 92.7325 92.0893 92.3511 92.3421 92.5972 92.3047 92.2869 92.368 92.772 92.433 92.0999 92.1617 92.121 91.5569
136.461 136.331 136.697 135.749 136.07 135.965 135.944 136.508 136.097 135.848 135.931 135.729 136.165 135.923 136.62 136.547 136.463 136.968 136.714 137.415 136.003 136.261 135.982 136.647 136.879 136.109 135.557 136.411 136.964 137.525
12.3326 12.1294 12.2457 12.1679 12.1413 12.0917 12.1622 12.1238 12.1098 12.1315 12.2033 12.2161 12.1181 12.0588 12.094 11.9943 12.0841 12.3834 12.135 12.0922 12.0533 12.1488 12.078 11.9758 12.0102 12.2664 11.0235 12.2049 12.1358 12.0162
5.61872 5.62113 5.64445 5.61565 5.81726 5.7965 5.80447 5.81356 5.79678 5.80871 5.81682 5.83782 5.82541 5.83306 5.82774 5.90594 5.82466 5.8734 5.84123 5.84508 5.85248 5.84291 5.7828 5.35967 5.64525 5.81487 5.78932 5.84725 5.77855 5.82102
4.65048 4.65715 4.63774 4.31142 4.63151 4.65174 4.6422 4.64989 4.62188 4.64121 4.65453 4.65208 4.6845 4.6842 4.63631 4.6051 4.64527 4.72704 4.63744 4.67126 4.66546 4.67314 4.63324 4.70519 4.62912 4.62384 4.618 4.55496 4.6506 4.68087
7.27062 7.25503 7.33391 7.31021 7.38164 7.41794 7.38527 7.73099 7.41928 7.37514 7.3194 7.35787 7.3251 7.31327 7.50767 7.51825 7.70603 7.55664 7.58113 7.79885 7.38786 7.37879 7.34922 7.84714 7.68193 7.33049 7.61162 7.41511 7.61328 7.703
147.099 146.94 147.196 147.253 147.716 147.878 147.899 147.177 147.88 147.645 147.633 148.404 148.049 147.818 147.021 147.001 147.385 146.891 147.723 147.399 147.651 147.469 147.334 146.836 146.164 148.222 147.501 147.368 146.617 147.216
92.0721 92.1758 92.0961 92.3314 92.2036 92.2483 92.0941 92.1998 92.0002 92.2358 92.3024 92.2992 92.2956 92.2552 92.1754 91.9385 92.3361 92.019 92.1313 92.2871 92.2613 92.251 92.3477 92.1591 92.1698 92.0995 92.0977 92.2666 92.2421 92.6343
153.574 153.267 153.394 152.751 153.238 152.841 152.965 152.329 153.169 153.395 153.209 152.364 152.706 153.028 152.71 153.756 152.564 152.467 152.698 152.978 152.955 153.122 153.31 152.609 153.727 152.701 153.091 153.108 153.759 152.93
139.705 139.545 139.8 139.167 139.309 139.208 139.191 138.935 139.245 139.136 139.196 139.377 139.128 139.011 139.466 139.474 139.011 140.974 138.983 139.151 139.182 139.216 138.911 139.235 139.558 139.527 139.375 140.44 139.363 140.019
5.88901 5.90777 5.91136 5.89667 6.4159 6.3813 6.37168 6.40871 6.37679 6.41391 6.40855 6.40251 6.39079 6.40295 6.39897 6.44091 6.41854 6.11167 6.41973 6.36541 6.41088 6.41518 6.42181 6.40763 6.35006 6.39069 6.37333 6.11192 6.40317 6.37573
7.59801 7.42202 7.56544 7.18326 6.89348 6.78934 6.85927 6.46835 6.94473 6.98414 6.91328 6.79329 6.74205 6.79153 6.70295 7.14145 6.55636 6.63841 6.71295 6.85009 6.80853 6.82166 6.78249 6.62157 6.99541 6.9914 6.98593 6.62976 7.11819 6.80389
4.68764 4.66812 4.64163 4.23123 4.61213 4.69811 4.7108 4.68504 4.6766 4.60424 4.64164 4.69396 4.70904 4.69086 4.67317 4.53843 4.69321 4.59093 4.71059 4.70697 4.67556 4.69284 4.65207 4.68151 4.68387 4.65798 4.69326 4.57745 4.66385 4.71998
4.68418 4.68835 4.70919 4.62889 4.88843 4.85204 4.86104 4.81843 4.8766 4.89621 4.86729 4.84607 4.84744 4.84857 4.85817 4.87568 4.81685 4.85824 4.84792 4.86549 4.89041 4.88829 4.8567 4.86345 4.86842 4.88346 4.89202 4.88571 4.85828 4.87001
4.46029 4.45777 4.46674 4.43303 4.55402 4.55985 4.55706 4.5652 4.55576 4.55174 4.55823 4.56349 4.56056 4.55749 4.5609 4.56976 4.56096 4.35622 4.56184 4.5559 4.55532 4.5682 4.55036 4.56032 4.55868 4.57086 4.55138 4.59638 4.57298 4.57145
7.77021 7.71409 7.81027 7.74318 7.69553 7.68398 7.64919 7.5999 7.67712 7.70588 7.6671 7.68638 7.64842 7.61174 7.77988 7.82987 7.63953 8.04364 7.57637 7.68228 7.66595 7.66864 7.64944 7.73459 7.7952 7.6886 7.78138 7.95476 7.64092 7.90488
92.1827 92.1889 92.0549 92.3276 91.7859 92.2292 92.2293 92.3939 91.9787 91.6725 91.9941 92.2885 92.2539 92.1895 92.197 91.7609 92.2681 93.4603 92.269 92.1738 91.7441 91.9372 92.0554 91.9128 91.9864 91.7538 92.0222 92.7689 91.025 92.0483
153.197 152.448 153.383 152.595 152.531 152.268 152.545 152.195 152.482 153.131 152.842 152.64 152.172 152.533 152.116 153.174 153.104 152.176 152.246 152.516 152.745 152.66 152.548 152.672 152.321 153.117 152.396 153.023 152.679 152.368
139.898 139.512 139.971 139.02 139.646 139.203 139.319 138.714 139.456 139.936 139.679 139.237 139.083 139.379 139.107 140.323 139.219 139.351 139.144 139.322 139.572 139.734 139.26 139.362 139.541 139.901 139.821 139.771 141.028 139.456
5.92165 5.93985 5.93974 5.80907 6.35753 6.39325 6.38723 6.39318 6.38143 6.32779 6.37803 6.38602 6.39832 6.39223 6.40185 6.35467 6.43647 6.50096 6.39873 6.3786 6.39155 6.38426 6.39118 6.3944 6.37194 6.38907 6.35792 6.38101 6.29138 6.38206
7.55861 7.52057 7.65637 7.35491 6.92239 6.9159 6.97834 6.86781 6.96289 7.04517 7.06789 7.0361 6.90274 6.94362 6.89592 6.96622 7.10741 7.00617 6.91168 6.98485 7.04871 6.93991 6.94647 7.03366 6.94152 7.10839 6.9525 7.14861 6.75392 6.94255
4.7314 4.72224 4.68329 4.48219 4.64416 4.7181 4.73857 4.70618 4.73183 4.55537 4.69317 4.68837 4.73271 4.69984 4.71933 4.64705 4.60368 4.60377 4.74944 4.73263 4.71147 4.67043 4.71968 4.6293 4.72781 4.65369 4.70969 4.7542 4.71792 4.72258
4.66243 4.64813 4.65428 4.6093 4.76729 4.79216 4.79338 4.79976 4.79781 4.77684 4.78917 4.8009 4.79202 4.78349 4.79791 4.86628 4.80827 4.7773 4.78906 4.80495 4.81677 4.81867 4.7821 4.81139 4.78299 4.83152 4.80513 4.84632 4.89741 4.79733
4.50371 4.50648 4.50967 4.46017 4.59645 4.60099 4.60592 4.60667 4.60486 4.59732 4.60952 4.6062 4.60028 4.60735 4.60177 4.58442 4.59742 4.62102 4.59304 4.60264 4.60596 4.61848 4.61001 4.59318 4.60173 4.59871 4.59628 4.59758 4.68142 4.59026
7.81082 7.67604 7.73329 7.66647 7.76947 7.5827 7.59355 7.55504 7.60081 7.80135 7.63929 7.61859 7.57377 7.57823 7.58321 7.84135 7.62791 7.59609 7.60185 7.61769 7.5958 7.6455 7.56325 7.64436 7.56921 7.68323 7.73261 7.70554 7.89708 7.63849
92.2085 92.4216 92.4892 92.3594 92.2137 92.3805 92.3927 92.4618 92.4534 92.1282 92.1893 92.208 92.4693 92.3015 92.5551 92.2183 92.33 92.1488 92.4321 92.3084 92.1095 92.4097 92.36 92.3294 92.4442 92.1311 92.2788 92.3704 92.7079 92.3509
136.873 136.765 136.937 136.29 136.105 136.007 136.201 135.921 135.852 137.542 136.15 136.333 135.892 136.244 136.014 137.441 138.17 136.827 136.114 136.081 136.411 137.282 135.978 137.301 135.987 136.916 135.834 136.904 137.509 136.297
12.8327 12.9178 12.9923 12.6 12.6778 12.6111 12.546 12.5694 12.6053 12.5902 12.5954 12.5961 12.6095 12.5804 12.5621 12.5564 12.6267 12.5003 12.6249 12.6403 12.6397 12.5448 12.6033 12.5229 12.6331 12.6127 12.6053 12.4541 12.563 12.6073
5.609 5.64117 5.62273 5.61499 5.81879 5.82172 5.8267 5.84284 5.81972 5.75567 5.82389 5.82199 5.83717 5.82023 5.816 5.64413 5.55582 5.86498 5.83096 5.81817 5.859 5.78075 5.81514 5.79174 5.81392 5.82174 5.82027 5.77047 5.83048 5.80904
4.58386 4.66056 4.65891 4.54178 4.67301 4.65974 4.67583 4.67839 4.68838 4.67846 4.68048 4.66659 4.68478 4.68059 4.66045 4.62822 4.68837 4.62593 4.66978 4.66821 4.68934 4.65837 4.65755 4.67993 4.66865 4.67024 4.68015 4.69275 4.71483 4.60519
4.57604 4.58299 4.57779 4.49559 4.571 4.57339 4.59116 4.56822 4.52381 4.60331 4.54861 4.58457 4.56319 4.58471 4.51309 4.57224 4.59106 4.59451 4.57976 4.57419 4.48889 4.5785 4.54671 4.58677 4.58568 4.58192 4.55227 4.58871 4.60511 4.57506
7.31875 7.25173 7.36924 7.27933 7.22724 7.3328 7.34234 7.33646 7.33102 7.61065 7.25316 7.20213 7.32979 7.28117 7.30699 7.64562 7.71867 7.5105 7.34498 7.33848 7.34328 7.59554 7.28248 7.62453 7.32249 7.49334 7.28653 7.50582 7.53321 7.35412
146.084 146.297 147.34 146.121 145.876 145.889 145.481 145.578 145.73 145.313 145.528 145.925 145.64 145.485 145.679 145.379 143.849 145.048 145.589 145.847 144.683 145.085 145.787 145.11 145.826 145.423 145.768 145.58 145.126 145.865
92.8681 93.0752 93.0946 93.1738 92.9794 93.0041 93.0763 93.1213 93.1065 92.8884 93.0366 92.8622 93.1215 93.0683 93.1976 92.8336 92.907 93.0403 93.1848 92.9664 92.8888 93.0176 92.9759 93.0274 93.0321 92.8444 93.0036 92.9436 92.9723 93.0086
137.137 136.751 135.842 136.553 136.056 136.28 136.11 136.021 135.79 136.211 136.088 136.01 136 136.169 135.874 136.326 136.383 136.762 135.793 136.06 136.393 136.297 136.044 136.534 136.169 136.258 135.96 136.146 136.36 136.51
13.2169 13.2086 13.071 12.9646 13.2131 13.1337 13.1981 13.2004 13.2178 13.2355 13.1728 13.2486 13.19 13.1515 13.2071 13.2051 13.2195 13.115 13.153 13.1516 13.0293 13.1512 13.2362 13.1266 13.1539 13.1644 13.1191 13.1754 13.1521 13.2709
5.68388 5.69912 5.68887 5.67535 5.87119 5.86514 5.88661 5.87045 5.86917 5.88941 5.86515 5.87258 5.86695 5.87519 5.87601 5.87901 5.88047 5.88712 5.87089 5.86695 5.86645 5.88262 5.87029 5.87388 5.86108 5.8633 5.87134 5.8884 5.88824 5.88551
4.55482 4.53423 4.5289 4.2541 4.60919 4.62373 4.57656 4.5578 4.56203 4.60022 4.60246 4.60433 4.60426 4.61747 4.62341 4.59871 4.61433 4.62361 4.5662 4.59534 4.60981 4.56317 4.61433 4.61984 4.60387 4.60292 4.60311 4.59848 4.59909 4.60444
7.46399 7.38131 7.48101 7.42751 7.45554 7.48981 7.42223 7.472 7.47578 7.42301 7.46981 7.46251 7.45685 7.45593 7.45715 7.45378 7.43466 7.54271 7.43818 7.46833 7.48322 7.4744 7.48083 7.45982 7.46096 7.45241 7.46723 7.42736 7.44625 7.594
148.789 149.573 148.398 149.189 149.67 149.255 149.465 149.341 149.472 149.662 149.528 149.611 149.536 149.622 149.418 149.393 149.524 149.185 149.371 149.359 149.349 149.289 149.644 149.435 149.388 149.229 149.677 149.751 149.553 149.35
94.0231 94.0144 94.1788 94.1327 94.1544 94.1419 94.1088 94.0554 94.0038 94.1344 94.1874 94.1455 94.0348 94.2118 94.1123 94.0858 94.1963 94.2908 94.1774 94.0672 94.0585 94.0803 94.1957 94.2532 94.1571 94.0676 94.0373 94.2169 94.0595 94.1352
96.7562 96.6108 95.6893 96.4288 95.8545 96.8867 95.9939 95.8521 95.5271 96.0873 96.3814 95.7001 96.423 96.2997 97.2029 95.8661 96.2587 98.3625 95.9018 95.9999 96.2601 96.6493 95.9957 98.1717 96.0684 95.9691 96.0122 96.0781 96.1035 96.0144
141.223 141.395 140.812 140.849 141.174 141.153 141.065 141.045 140.977 141.23 141.131 141.044 141.102 141.101 141.529 141.336 141.204 141.421 141.25 141.124 141.182 141.04 141.123 141.624 141.119 141.16 141.185 141.157 141.221 141.336
5.58686 5.56971 5.56133 5.59688 5.62414 5.63388 5.6299 5.62092 5.61574 5.63854 5.63652 5.63146 5.61161 5.63938 5.61953 5.62782 5.64138 5.64989 5.62437 5.61928 5.63462 5.6225 5.63289 5.64205 5.61799 5.62103 5.62291 5.63668 5.63096 5.64052
4.32086 4.3255 4.30607 4.13831 4.3881 4.39892 4.38308 4.35111 4.37782 4.39564 4.42617 4.3731 4.44355 4.40241 4.39884 4.39735 4.41566 4.39535 4.39059 4.38301 4.4046 4.39172 4.38613 4.4183 4.40132 4.39462 4.38606 4.39057 4.38672 4.38454
4.46591 4.46678 4.46377 4.45423 4.47624 4.46663 4.4764 4.47212 4.48213 4.47492 4.466 4.48014 4.43932 4.47348 4.44934 4.46878 4.46944 4.43977 4.45933 4.47154 4.47718 4.47469 4.47396 4.43717 4.47055 4.47395 4.47797 4.48243 4.47812 4.48821
4.37026 4.37007 4.36172 4.36966 4.40659 4.40044 4.4095 4.40878 4.40682 4.4104 4.39899 4.40579 4.39773 4.41 4.3801 4.40877 4.39919 4.37469 4.39782 4.40307 4.40418 4.40436 4.40458 4.36406 4.40898 4.40269 4.39885 4.40876 4.4042 4.40761
5.27965 5.27938 5.08275 5.19537 5.04301 5.17551 4.99074 4.92534 4.90398 5.06016 5.05162 4.96577 5.05307 5.09046 5.07301 5.0146 5.0339 5.32807 5.09055 5.01188 5.00792 5.01911 5.04899 5.25247 5.06236 5.01581 5.00949 5.02431 4.99537 5.00662
7.65553 7.68012 7.62853 7.62704 7.67101 7.67014 7.65913 7.64256 7.63844 7.66887 7.67152 7.65247 7.66693 7.67877 7.68276 7.67262 7.66973 7.73221 7.68805 7.66181 7.66325 7.65642 7.677 7.7076 7.67421 7.64936 7.65671 7.65361 7.65206 7.6728
93.0021 93.0062 93.1582 93.2919 93.419 93.5207 93.5007 93.4329 93.4174 93.4985 93.5439 93.4294 92.0121 93.5349 93.5834 93.5 93.5038 93.7291 93.519 93.3473 93.4674 93.6587 93.478 93.5526 93.5112 93.2505 93.3711 93.4481 93.3686 93.4117
98.576 98.6421 98.4332 98.0435 97.9437 97.9538 97.8361 97.9209 97.6419 97.9812 99.2046 97.9828 98.6387 98.0898 97.7235 97.7488 99.3143 98.1454 97.7629 98.0569 98.1008 99.3999 98.0207 99.2912 97.6908 98.2152 98.41 97.9422 98.3123 97.8717
141.834 141.761 141.655 141.53 141.689 141.701 141.649 141.61 141.709 141.736 142.117 141.617 142.13 141.688 141.717 141.744 142.127 141.646 141.688 141.696 141.73 141.998 141.721 141.943 141.591 141.839 141.749 141.709 141.817 141.685
5.62164 5.62454 5.63368 5.65608 5.67746 5.6905 5.68074 5.67986 5.67236 5.68881 5.67555 5.68197 5.86445 5.68452 5.693 5.67685 5.67827 5.68502 5.68286 5.67425 5.69226 5.66135 5.67773 5.69372 5.6735 5.69019 5.67826 5.68037 5.68314 5.68177
4.13732 4.13068 4.13088 4.122 4.17071 4.20618 4.18502 4.17167 4.17691 4.18302 4.28188 4.16708 4.12371 4.17934 4.19876 4.18352 4.27299 4.14269 4.17496 4.17685 4.18848 4.23196 4.18153 4.40932 4.17523 4.19769 4.17145 4.17804 4.17632 4.18357
4.32592 4.32423 4.3308 4.33927 4.38906 4.39426 4.38853 4.38905 4.38169 4.38813 4.35015 4.39218 4.34655 4.39023 4.38986 4.38873 4.35039 4.39281 4.3893 4.38575 4.39103 4.3455 4.38592 4.34401 4.3952 4.39346 4.3869 4.38809 4.38321 4.39161
5.52086 5.51655 5.48646 5.51522 5.44792 5.46505 5.43311 5.4324 5.41027 5.43999 5.48684 5.43947 5.4523 5.45382 5.47425 5.4379 5.48458 5.5132 5.45909 5.45023 5.45529 5.53593 5.43739 5.52484 5.44568 5.47862 5.45936 5.43848 5.44404 5.42646
7.75603 7.74946 7.75 7.76318 7.75782 7.77265 7.75114 7.75421 7.75442 7.75818 7.77098 7.75549 7.76218 7.76057 7.78344 7.76238 7.76588 7.77326 7.76797 7.74938 7.76014 7.78034 7.75343 7.78063 7.76081 7.7645 7.74374 7.75424 7.74906 7.75452
