5.74128 5.75441 5.75233 5.74456 5.76162 5.92729 5.72855 5.91253 5.91411 5.91295 5.92563 5.9079 5.92111 5.89679 5.91418 5.89794 5.91864 5.91958 5.91146 5.91373 5.89699 5.89712 5.90279 5.91217 5.90387 5.89362 5.90989 5.90859 5.89683 5.88587
7.77764 7.84063 7.83231 7.83122 7.82465 8.12699 7.76066 8.07816 8.07043 7.98302 7.98871 8.00073 8.04643 8.1469 8.01963 8.10687 8.13202 8.03552 8.05323 8.11458 8.05014 8.12869 8.06071 8.05062 8.06588 8.11289 8.03769 8.11283 8.02127 7.83341
92.154 92.1765 92.1035 92.0915 92.1044 92.5816 92.2991 92.1153 92.2953 92.3663 92.1931 92.2925 92.1519 92.1463 92.2059 92.235 92.4249 92.3813 92.2437 92.2662 92.2285 92.3477 92.3054 92.4215 92.2297 92.1849 92.2932 92.1053 92.186 92.2316
75.5588 75.5935 75.4744 75.7278 75.4849 75.723 75.6153 75.6163 75.5383 75.9954 75.6427 75.4831 75.9041 75.5213 75.5647 75.6351 75.8379 76.0454 75.7023 75.6423 75.4515 75.5041 75.5254 75.7231 75.5659 75.5598 75.5405 75.6236 75.5414 75.7174
73.214 73.177 73.2642 73.1378 73.2203 74.1824 73.1138 73.5714 73.5202 73.5292 73.262 73.5682 73.636 73.4104 73.3937 73.4837 73.8176 73.461 73.7701 73.3159 73.482 73.3227 73.5025 73.7854 73.456 73.2971 73.2832 74.2928 73.4959 73.4004
65.9055 65.8799 65.8925 65.8667 65.8627 66.2083 65.9944 66.0944 66.0406 66.1848 65.9615 65.9474 65.8995 65.9557 66.0103 65.9911 66.0206 65.9551 65.9761 65.9505 66.0053 65.9585 65.9563 66.2504 65.979 65.9628 65.9406 66.196 66.07 65.8919
137.767 137.783 137.872 137.706 137.973 137.756 136.77 137.253 137.058 137.03 137.019 137.151 137.332 136.968 137.045 137.064 136.994 136.91 137.005 136.899 137.014 136.961 137.034 137.644 136.913 136.814 136.884 137.355 136.918 136.774
5.78099 5.77227 5.77497 5.77254 5.79193 5.95176 5.76304 5.97508 5.96639 5.95542 5.96239 5.93358 5.96606 5.95435 5.96481 5.94155 5.9673 5.96153 5.94008 5.96115 5.92449 5.92673 5.9401 5.93544 5.9343 5.93993 5.95676 5.97965 5.93884 5.91487
4.62595 4.60988 4.60982 4.57696 4.63549 4.7712 4.32596 4.74612 4.74821 4.68789 4.71259 4.71074 4.60288 4.74909 4.74645 4.70233 4.62506 4.59899 4.66312 4.68873 4.71362 4.71153 4.71881 4.75169 4.70215 4.70676 4.74074 4.92632 4.71257 4.61713
4.5874 4.59606 4.58539 4.59998 4.58683 4.68296 4.54066 4.65123 4.6603 4.57489 4.60556 4.63871 4.65552 4.66075 4.64958 4.64456 4.64405 4.63261 4.65283 4.6416 4.64043 4.63486 4.661 4.67928 4.60962 4.61965 4.64148 4.67702 4.64206 4.65214
4.42986 4.40754 4.40548 4.41855 4.41981 4.60696 4.39268 4.6809 4.68681 4.77049 4.70224 4.67798 4.71156 4.71267 4.70868 4.70811 4.6791 4.67796 4.69981 4.67818 4.69087 4.67022 4.67917 4.68265 4.67588 4.67954 4.69877 4.73655 4.68754 4.65284
4.30721 4.3118 4.30739 4.30435 4.31351 4.39017 4.29205 4.36843 4.36862 4.44298 4.3609 4.36751 4.35746 4.36032 4.36499 4.36299 4.38624 4.37416 4.37381 4.36556 4.36273 4.36706 4.3825 4.51707 4.36587 4.36248 4.37118 4.37919 4.36744 4.36883
7.55956 7.56605 7.57692 7.53265 7.59457 7.66563 7.40613 7.46992 7.42343 7.62058 7.42323 7.45835 7.44244 7.42803 7.46787 7.40287 7.47262 7.45133 7.41631 7.4189 7.4163 7.40996 7.44581 7.62051 7.43569 7.41528 7.42923 7.45166 7.45555 7.38503
92.0924 92.0938 92.0558 91.9516 92.0968 92.2703 92.4344 92.473 92.3295 92.1949 92.3524 92.3424 92.3039 92.3425 92.5064 92.2158 92.4041 92.2584 92.1582 92.4526 92.2441 92.3311 92.3847 92.2516 92.3605 92.1631 92.454 92.4607 92.4517 91.9609
75.5703 75.3985 75.5904 75.3493 75.4074 75.521 75.4549 75.494 75.7401 75.5273 75.7143 75.4516 75.5919 75.5054 75.3756 75.6372 75.6772 75.8529 75.5675 75.4143 75.4138 75.45 75.4616 75.5748 75.4325 75.7461 75.4638 75.4945 75.4594 75.7594
73.1599 73.3804 73.21 73.4568 73.2252 73.2262 73.3384 73.4509 73.5827 73.4133 73.3788 73.3315 73.8153 73.1199 73.1915 73.5356 73.8701 73.745 73.684 73.3487 73.4026 73.0828 73.293 73.2247 73.4896 73.5925 73.1762 71.7519 73.194 74.5926
65.793 65.9051 65.8362 65.9293 65.9316 65.8713 66.1345 66.0463 66.1616 65.7975 65.9991 65.968 66.184 65.9562 66.0291 66.0329 66.2245 65.9715 66.0677 66.0188 65.9643 65.8715 65.9483 65.9299 66.0904 66.027 66.1023 66.0042 66.0486 66.0698
137.392 137.515 137.505 137.615 137.582 136.54 136.512 136.977 136.448 136.838 136.373 136.39 137.19 136.192 136.411 136.44 137.199 137.162 137.039 136.377 136.342 136.19 136.399 136.284 136.285 136.238 136.125 136.468 136.253 137.089
5.69698 5.69921 5.69775 5.67819 5.66836 5.88481 5.67751 5.93615 5.93369 5.91268 5.93116 5.87704 5.87634 5.89822 5.91061 5.89637 5.90839 5.89726 5.88839 5.89061 5.85863 5.866 5.8753 5.87726 5.87927 5.8848 5.87979 5.88259 5.89716 5.87281
4.57764 4.5934 4.57074 4.5774 4.55132 4.65785 4.46183 4.56846 4.60955 4.58753 4.54624 4.64804 4.66188 4.64269 4.58951 4.63517 4.6835 4.6295 4.66147 4.60456 4.65827 4.64917 4.65283 4.66094 4.65243 4.62974 4.64447 4.57939 4.62508 4.6612
4.60091 4.59195 4.60182 4.58788 4.59617 4.66215 4.52413 4.63619 4.65192 4.64036 4.63795 4.647 4.58574 4.64186 4.60745 4.67356 4.63563 4.66389 4.64191 4.60594 4.66332 4.65761 4.65038 4.62859 4.63341 4.67563 4.61118 4.58906 4.63124 4.71561
4.42856 4.43025 4.40888 4.4454 4.40377 4.69854 4.36845 4.6683 4.66732 4.70186 4.66821 4.66546 4.6424 4.65809 4.65935 4.69091 4.63351 4.58563 4.66487 4.65505 4.66239 4.65211 4.66121 4.68672 4.66452 4.67637 4.6865 4.81109 4.65741 4.64461
4.31792 4.31478 4.3177 4.31473 4.32841 4.33788 4.22429 4.36673 4.36158 4.32468 4.36105 4.35893 4.39509 4.36322 4.36587 4.35993 4.43102 4.41472 4.40978 4.36287 4.36147 4.35917 4.36885 4.33826 4.35758 4.36846 4.37421 4.50772 4.36424 4.41179
7.67013 7.63487 7.64662 7.68767 7.67629 7.27653 7.48782 7.47325 7.42662 7.43832 7.45199 7.40008 7.61146 7.39883 7.45104 7.42243 7.60777 7.61654 7.56036 7.44466 7.41913 7.39213 7.37262 7.37045 7.44537 7.44321 7.43473 7.77443 7.43568 7.47044
92.5897 92.6554 92.4922 92.5752 92.6947 92.8608 93.0334 92.8132 92.5261 92.8867 92.4131 92.94 93.0168 92.8682 92.8223 92.7552 93.0633 92.7195 92.8071 92.9107 92.774 93.0225 92.85 92.9046 92.8807 92.4929 92.7675 92.3993 92.9962 92.2063
154.286 154.28 154.279 154.226 154.23 154.361 154.395 154.058 154.396 154.275 154.541 154.276 154.167 154.068 154.054 154.269 154.013 154.141 153.976 154.18 154.027 154.052 154.23 154.132 154.099 154.3 154.004 154.404 154.143 153.999
75.4116 75.4503 75.4499 75.4167 75.4746 75.6095 75.3416 75.9501 75.5667 75.375 75.6578 75.4514 75.3939 75.477 75.5439 75.4848 75.5092 75.6246 75.2712 75.3141 75.3515 75.4665 75.5559 75.3814 75.484 75.7017 75.4782 75.7868 75.6353 75.7009
73.1755 73.2494 73.2607 73.2376 73.1053 72.6819 73.1959 73.3303 72.669 73.1323 73.0746 72.695 72.8359 72.8811 73.2832 72.7615 72.8857 72.4825 72.9053 72.9163 73.2576 72.7773 72.8338 72.8681 73.1423 72.7431 72.9635 72.4627 72.761 72.2809
65.5175 65.5506 65.5012 65.4715 65.519 65.5748 65.48 65.514 65.893 65.5884 65.6831 65.5785 65.5975 65.5721 65.6073 65.5088 65.5458 65.3215 65.6307 65.5042 65.5491 65.4717 65.5276 65.4821 65.5996 65.2931 65.5624 65.7298 65.7422 65.3348
140.151 140.457 140.312 140.516 140.507 139.607 139.697 141.615 139.198 139.576 139.823 139.501 139.233 139.475 139.912 139.534 139.29 139.109 139.388 139.169 139.515 139.119 139.625 139.202 139.419 139.517 139.564 139.99 139.512 138.895
5.9697 5.9768 5.9809 5.97543 5.98099 6.45745 5.94513 6.44169 6.44264 6.45315 6.44265 6.44004 6.4476 6.455 6.45631 6.45539 6.4666 6.47051 6.45519 6.44898 6.42312 6.44434 6.43938 6.43244 6.4314 6.43567 6.43155 6.44445 6.47164 6.37046
7.84172 7.86742 7.85078 7.84558 7.94426 7.26107 7.9004 7.47775 7.31343 7.3668 7.27621 7.36472 7.27731 7.30959 7.28902 7.30869 7.21203 7.40826 7.30415 7.31243 7.32635 7.39391 7.32494 7.33129 7.32616 7.32068 7.28582 7.48487 7.33064 7.37004
4.52271 4.51207 4.49914 4.50332 4.55822 4.62483 4.22744 4.57622 4.61637 4.58813 4.60872 4.65114 4.64205 4.62608 4.61401 4.66086 4.62471 4.56143 4.66707 4.64724 4.63398 4.59293 4.65453 4.66151 4.66103 4.64385 4.65651 4.62612 4.60352 4.6314
4.66753 4.6804 4.66709 4.68799 4.6809 4.84195 4.64038 4.85932 4.77786 4.81812 4.75902 4.83151 4.82786 4.8444 4.81428 4.80064 4.82715 4.82499 4.81549 4.8466 4.84845 4.88165 4.85126 4.8348 4.83795 4.84126 4.8616 4.73456 4.8276 4.9216
4.52923 4.51826 4.52861 4.5227 4.52691 4.70077 4.45493 4.70842 5.0146 4.67148 4.79605 4.67208 4.73474 4.67895 4.67456 4.67624 4.73334 4.70268 4.7012 4.62409 4.70853 4.66275 4.68701 4.71303 4.65769 4.71141 4.70781 4.78345 4.66917 6.47747
4.28895 4.29142 4.28274 4.2935 4.29208 4.4809 4.26085 4.47353 4.41726 4.45458 4.40248 4.48189 4.48892 4.48607 4.47365 4.48383 4.49313 4.47082 4.49388 4.47944 4.48116 4.47499 4.49432 4.48634 4.47588 4.49353 4.50637 4.4584 4.46901 4.59373
7.97982 8.04263 8.00801 8.05413 8.06676 7.76192 7.83693 8.25193 7.86064 7.83679 7.92203 7.74875 7.74905 7.76028 7.86009 7.77317 7.72621 7.73092 7.73764 7.76409 7.78477 7.72817 7.76339 7.73205 7.79384 7.75336 7.80071 7.99641 7.86886 7.86187
93.6177 93.6314 93.6429 93.5333 93.6776 93.4973 94.156 94.0037 93.9416 94.0339 93.6999 93.9221 93.5948 93.9639 93.8721 93.7733 93.4264 93.9728 93.6495 93.7699 93.5434 94.0632 93.5701 93.8717 93.795 93.5031 93.3827 93.8824 93.5265 93.4553
75.7143 75.7854 75.6835 75.6645 75.7207 75.86 75.2373 75.5188 75.4366 75.4128 75.293 75.3403 75.2965 75.6028 75.3114 75.3028 75.9797 75.7047 75.316 75.9371 75.1191 75.6748 75.715 75.1722 75.1131 75.6235 76.0634 75.5608 76.0337 75.5431
71.9498 71.9509 71.9504 72.0047 71.9864 71.6519 72.0699 71.5854 71.8955 71.9681 72.1111 71.9912 72.1608 71.6986 71.9489 71.7627 72.4105 71.4103 72.1642 71.9491 72.2564 71.8511 71.4915 72.1504 72.4148 72.3294 71.605 71.0933 71.401 72.3315
82.5254 82.6284 82.5881 82.6129 82.4963 82.135 81.9615 82.0855 81.9706 82.2309 81.6135 82.0967 82.185 82.2385 81.9922 81.9657 82.2622 82.3371 82.1105 82.3357 82.2917 82.2514 81.8937 82.2023 82.2666 82.1751 82.1204 80.9436 82.281 82.1527
97.2612 97.3441 97.243 97.1243 97.1805 97.2109 97.6546 99.6219 96.7869 96.4007 97.7477 96.7682 96.61 96.5398 97.2744 96.6942 96.8866 96.5917 97.3486 97.8152 97.1308 96.9609 97.2704 96.314 96.5852 98.1825 97.3988 97.7287 97.3955 96.743
64.977 65.0735 64.9425 64.9482 65.0751 64.8355 64.9116 65.9901 65.0435 65.1101 64.5986 65.0502 64.9479 64.9498 64.9423 65.008 65.1706 65.2019 64.8724 65.1036 64.8661 65.3048 65.1849 65.1165 65.2598 64.4666 65.0139 64.6749 65.2404 64.9632
141.289 141.347 141.382 141.326 141.289 141.193 140.774 142.519 140.903 140.639 141.247 140.892 140.867 140.57 140.816 140.815 140.804 140.847 141.192 141.25 140.903 140.666 141.388 140.62 140.878 141.737 141.322 141.858 141.433 141.349
5.48981 5.50272 5.50039 5.51233 5.45277 5.47177 5.45663 5.52756 5.54506 5.52686 5.57254 5.51313 5.53414 5.5337 5.55385 5.51284 5.52513 5.52665 5.5258 5.52601 5.53207 5.524 5.46351 5.52385 5.52097 5.46066 5.50167 5.55693 5.48169 5.49801
4.35936 4.37145 4.40745 4.38591 4.35366 4.40627 4.16883 4.38628 4.37692 4.38022 4.23778 4.27764 4.38296 4.37994 4.34233 4.43009 4.43525 4.35422 4.42788 4.33315 4.38467 4.32583 4.4616 4.26954 4.36608 4.29703 4.36259 4.85174 4.42697 4.34828
4.42011 4.42521 4.42519 4.43056 4.41546 4.41127 4.41005 4.40487 4.41726 4.43767 4.42107 4.42316 4.42276 4.43594 4.41975 4.42109 4.43453 4.44244 4.41719 4.44852 4.4139 4.46088 4.43164 4.43472 4.40996 4.46332 4.43719 4.39922 4.43945 4.45955
4.35467 4.35578 4.35683 4.35894 4.35238 4.41112 4.34776 4.32512 4.40562 4.39675 4.41281 4.41008 4.40425 4.41564 4.41686 4.41552 4.39973 4.40027 4.39948 4.41151 4.40581 4.40476 4.42057 4.41031 4.41252 4.39178 4.4188 4.42341 4.40514 4.41235
5.35061 5.31624 5.31065 5.27657 5.39857 5.19503 5.3292 5.48515 5.09435 4.92937 5.237 5.12624 5.0478 5.03837 5.13825 5.14477 5.01799 4.99742 5.09231 5.03645 5.10562 4.98156 5.21151 5.08523 5.17001 5.35492 5.13266 5.28322 5.18576 5.13732
4.53385 4.5188 4.53476 4.54439 4.48975 4.73239 4.36959 4.59477 4.31472 4.38004 4.47546 4.46706 4.41876 4.45307 4.27332 4.43001 4.36163 4.30959 4.56504 4.62938 4.40735 4.31666 4.729 4.35928 4.22947 4.89206 4.6799 4.53574 4.75113 4.17533
4.19864 4.19681 4.19221 4.19013 4.19907 4.49275 4.16654 4.67568 4.51622 4.50122 4.48845 4.49789 4.51743 4.51134 4.5297 4.52377 4.56267 4.54212 4.51279 4.53212 4.50948 4.5194 4.51909 4.50402 4.49913 4.66732 4.38385 4.48761 4.52166 4.53172
7.55651 7.5546 7.55536 7.55583 7.55146 7.46355 7.48405 7.68348 7.43017 7.42029 7.47551 7.42829 7.44287 7.43675 7.45111 7.40126 7.40714 7.51188 7.52227 7.56113 7.46027 7.44193 7.45307 7.44845 7.51115 7.61441 7.46762 7.48111 7.45481 7.51031
93.8495 93.8892 93.9763 93.7174 93.7572 93.2572 94.0291 93.999 93.7589 93.8672 93.1129 93.4623 93.4201 94.3557 93.6663 93.4628 91.1089 94.0438 93.5833 93.6172 93.444 93.928 93.1701 93.2999 93.2317 93.406 93.3903 93.0836 93.7098 93.7455
75.6452 75.5983 75.7088 75.6838 75.6988 75.5987 75.1535 75.3947 75.2388 75.8422 75.5617 75.3318 75.3306 75.254 75.3448 75.6029 76.27 75.4834 75.6622 75.4985 75.5631 75.8094 75.6899 75.6459 75.8197 75.4869 75.6151 75.3693 75.9647 75.1682
72.0259 72.0955 71.9365 72.0191 71.9358 71.6653 72.3156 72.6869 72.5832 71.8023 72.0607 72.3319 72.4624 71.9663 72.0994 72.532 74.0734 71.5826 73.0299 72.7074 72.1937 72.1513 73.315 71.9852 72.6019 72.0448 73.0235 73.5017 73.3344 72.1649
82.6801 82.6033 82.5445 82.7893 82.6686 82.9064 82.4533 82.8346 82.7613 82.4541 83.0476 82.9886 83.0955 82.1545 82.9544 83.0677 83.3006 81.6562 83.0837 82.4616 83.0181 81.5438 83.4116 83.0827 82.9732 83.0453 83.2636 82.7639 80.6938 82.7077
98.3907 98.1042 98.311 98.4743 98.4426 98.8207 98.9062 99.647 98.3964 97.7137 100.793 100.334 100.005 97.3765 99.0068 99.6858 101.761 96.2156 99.3549 99.1127 99.8254 96.381 98.9734 97.8816 98.8382 96.6366 100.891 99.9514 100.118 98.0428
65.0166 65.0105 64.944 64.9689 64.8941 64.6886 64.8415 64.9208 64.8475 64.9069 64.8963 64.8773 64.9027 64.9348 64.9009 64.8879 65.6427 64.7804 64.8768 64.604 64.917 64.7697 65.4431 65.0224 65.5669 65.0942 65.8536 64.8556 65.0761 64.928
141.702 141.769 141.759 141.75 141.75 142.065 141.407 142.009 141.934 141.673 142.08 142.117 141.882 141.501 141.833 141.724 142.953 141.657 142.313 141.851 142.167 141.624 143.256 141.98 142.278 142.035 143.677 142.402 142.968 141.612
5.52704 5.49836 5.51418 5.54608 5.53062 5.62121 5.52889 5.55134 5.59665 5.59798 5.61669 5.59992 5.59942 5.56869 5.58487 5.61151 5.75549 5.44194 5.59298 5.55893 5.62082 5.4504 5.58869 5.58335 5.58431 5.54796 5.58811 5.58635 5.3097 5.56758
4.35578 4.37077 4.34076 4.37613 4.3529 4.4721 4.08077 4.36245 4.42986 4.39681 4.53269 4.33626 4.41948 4.35801 4.3941 4.41699 4.37143 4.30094 4.40966 4.30584 4.51431 4.22424 4.47568 4.39799 4.4529 4.39552 4.63898 4.27967 4.50118 4.43751
4.42894 4.42324 4.43117 4.431 4.43978 4.47741 4.44962 4.42464 4.44567 4.4588 4.44367 4.46413 4.46054 4.45011 4.44837 4.44612 4.46215 4.42445 4.42533 4.45995 4.4526 4.46659 4.36347 4.47107 4.43915 4.48904 4.36003 4.4554 4.35951 4.48232
4.38162 4.37678 4.37617 4.37592 4.38131 4.43083 4.38011 4.40469 4.43127 4.44876 4.41856 4.39975 4.41632 4.44791 4.42796 4.43396 4.44393 4.45045 4.42019 4.45069 4.42125 4.46532 4.43522 4.41332 4.4236 4.42337 4.39543 4.42757 4.50554 4.43119
5.56464 5.58623 5.58905 5.55612 5.56896 5.43431 5.45992 5.54797 5.3677 5.42491 5.60904 5.46404 5.55104 5.36893 5.42549 5.63878 5.76566 5.39379 5.5911 5.54298 5.47121 5.38273 5.61535 5.24262 5.31661 5.37032 5.68613 5.89679 5.72392 5.29093
4.54782 4.51531 4.543 4.54811 4.575 4.83911 4.45264 4.65633 4.53754 4.50586 4.7455 4.64222 4.60071 4.50349 4.57984 4.67185 4.66773 4.45663 4.55452 4.63755 4.68465 4.3608 4.87215 4.613 4.53738 4.56902 4.75933 4.43348 4.46223 4.43248
4.24635 4.24738 4.26789 4.24441 4.28264 4.56589 4.22806 4.64159 4.57777 4.57586 4.56284 4.59799 4.55582 4.57481 4.58313 4.57449 4.52132 4.58615 4.57724 4.5908 4.55848 4.5913 4.60305 4.56573 4.56491 4.55471 4.74143 4.55897 4.63115 4.54978
7.71248 7.71723 7.70677 7.70496 7.69955 7.81151 7.65031 7.77906 7.72093 7.73874 7.74897 7.7718 7.70279 7.7236 7.70963 7.71278 7.77104 7.74194 7.75342 7.79882 7.66038 7.72909 7.83578 7.73144 7.73679 7.79473 7.84533 7.69325 7.78253 7.6703
93.3681 93.3745 93.1757 93.2163 93.2002 92.9721 93.5767 93.8194 93.427 92.7957 93.2867 93.0343 93.6198 93.3262 94.004 93.7878 93.0473 92.989 93.9162 93.0229 93.5822 93.107 93.2516 92.8498 91.8515 93.6136 93.7722 91.1518 92.831 94.2555
75.6601 75.6184 75.7748 75.7885 75.7808 76.3668 74.9847 75.4721 75.5081 76.0899 75.725 75.6213 75.7601 75.8895 74.9094 75.2945 75.5322 75.378 75.67 74.9331 75.1363 75.4104 75.9797 75.8299 75.4444 76.1982 75.7931 75.2777 76.0077 75.0998
73.3937 73.3408 72.6225 73.3336 72.6099 72.5589 74.6473 71.4663 73.2948 72.3124 72.0507 72.8189 72.1523 72.8559 72.0884 72.9105 72.8346 71.3914 73.5318 74.4247 71.9132 72.8284 71.8711 73.5035 76.1563 72.9155 71.1417 76.1884 73.2026 72.8565
104.67 105.139 105.402 105.386 105.046 103.405 104.331 103.559 104.318 106.713 104.15 105.754 102.894 104.395 103.832 102.298 104.222 106.287 103.747 103.772 103.597 105.919 103.55 103.176 105.452 102.051 104.537 104.412 106.397 102.973
142.172 142.263 142.047 142.211 141.931 142.05 142.136 141.736 142.417 142.132 142.376 142.575 142.074 142.231 141.855 142.026 143.434 142.215 142.709 142.819 142.109 142.306 142.87 142.491 143.284 142.104 142.683 143.744 143.351 142.092
5.47834 5.48028 5.50661 5.54704 5.49649 5.55427 5.56705 5.4398 5.51024 5.5958 5.55983 5.58343 5.50306 5.2719 5.48074 5.41956 5.57284 5.56419 5.43905 5.62051 5.52338 5.56468 5.53486 5.52307 5.89294 5.47535 5.37551 6.12 5.58949 5.50196
4.33706 4.35156 4.326 4.36511 4.32436 4.37655 4.01086 4.2788 4.37052 4.30121 4.5061 4.52888 4.51502 4.21615 4.41011 4.33965 4.44903 4.45486 4.36156 4.36182 4.40819 4.41407 4.45456 4.33393 4.31712 4.06569 4.39704 4.40674 4.34773 4.40001
4.45893 4.4568 4.5028 4.45036 4.50518 4.60117 4.47934 4.60116 4.58768 4.63097 4.6255 4.56481 4.6084 4.63025 4.59943 4.58941 4.61765 4.57884 4.51141 4.56908 4.6182 4.62587 4.65301 4.55029 4.55678 4.64964 4.60756 4.63062 4.55655 4.60933
5.60233 5.60506 5.55978 5.58185 5.54254 5.44541 5.36317 5.34742 5.33449 5.41246 5.47896 5.49171 5.34535 5.38977 5.42087 5.3665 5.67347 5.54984 5.39256 5.47915 5.48638 5.56839 5.58257 5.42921 5.51173 5.35306 5.59303 5.60393 5.68143 5.2957
7.8419 7.82805 7.79456 7.84386 7.79266 7.82985 7.77566 7.79934 7.75651 7.88566 7.80949 7.83986 7.82078 7.88358 7.84022 7.86029 7.91625 7.91113 7.80105 7.91005 7.83942 7.81367 7.88464 7.89241 7.86533 7.85491 7.86216 7.84112 7.84042 7.72019
92.896 92.9251 93.0226 92.8504 92.9388 92.7409 93.5143 92.6775 92.9619 92.9454 92.1399 92.7564 92.3443 91.9794 92.852 91.3232 92.4116 93.2453 92.4129 92.7225 92.8299 93.076 92.5938 92.8937 92.6984 93.0029 92.6327 92.9401 89.9751 90.483
75.7174 75.7078 75.3621 75.64 75.4881 75.201 74.9478 75.442 74.7931 75.7827 75.6812 75.8269 75.8496 76.0949 75.583 75.0429 75.7079 75.9198 75.3313 76.1558 75.624 75.8894 75.7459 75.5775 75.7212 75.6427 75.1484 75.3991 75.2787 76.2458
73.4885 73.3656 73.6393 73.5036 73.6176 72.812 73.1033 72.5314 71.9017 72.8301 73.0331 73.0156 73.5384 76.3364 72.9773 76.0742 73.2021 72.1742 72.5873 73.1364 72.008 72.797 72.3189 72.772 73.6063 72.902 72.3416 74.4491 75.0616 75.7685
83.429 83.2258 83.693 83.3754 83.6947 82.9188 85.2451 81.5364 81.3389 83.3981 83.1225 82.8957 82.9933 83.5616 82.3198 83.6335 83.367 83.1454 82.2241 83.0289 82.5812 82.7537 83.1787 82.767 83.3886 83.1792 82.5151 83.7327 82.71 83.0924
105.238 105.344 104.33 104.967 104.339 104.154 104.102 105.401 103.881 103.865 102.727 103.76 103.111 105.882 103.522 103.764 103.404 104.164 103.624 105.949 103.628 104.885 102.509 104.688 104.859 105.262 102.956 104.561 106.051 106.386
65.6181 65.6281 65.1277 65.4607 65.1641 64.5061 66.7529 64.6567 65.7282 64.8514 64.1152 64.5327 64.6593 65.4474 65.5657 65.7225 64.4843 65.2997 65.5797 66.3702 64.6981 65.6512 64.5878 65.1063 64.6566 64.9617 64.0228 65.402 64.4852 67.0022
143.187 143.2 142.594 143.124 142.539 142.957 142.345 142.506 143.384 142.958 143.353 143.696 143.26 143.974 142.343 142.958 143.27 142.983 142.916 143.45 143.119 142.007 142.875 143.077 143.223 143.172 142.724 143.016 144.328 144.036
5.60033 5.61681 5.60302 5.56038 5.5952 5.6074 5.5969 5.61175 5.44647 5.61613 5.64673 5.60916 5.60056 5.6776 5.75441 5.81361 5.60725 5.57926 5.47428 5.59047 5.52975 5.60163 5.61438 5.57855 5.60588 5.60881 5.62969 5.60353 5.92694 5.9544
4.46991 4.47442 4.48461 4.51069 4.47647 4.327 4.56494 4.37664 4.54664 4.44042 4.34023 4.31688 4.19456 4.23804 4.35488 4.49732 4.447 4.43711 4.49675 4.42081 4.38547 4.3546 4.47811 4.39878 4.46638 4.40067 4.13912 4.14727 4.6827 4.38874
4.49495 4.49429 4.51171 4.48671 4.51073 4.6473 4.50235 4.61897 4.62008 4.63549 4.64257 4.62594 4.61732 4.67492 4.66422 4.56802 4.62275 4.6087 4.62664 4.67546 4.65162 4.65137 4.63393 4.63296 4.65333 4.67882 4.68591 4.6665 4.61705 4.67245
4.51888 4.53314 4.5782 4.4749 4.55001 4.4923 4.24805 4.69255 4.82366 4.46901 4.49075 4.49451 4.49491 4.51119 4.54588 4.49877 4.46991 4.47161 4.56376 4.48118 4.49221 4.48139 4.47545 4.49475 4.46731 4.47802 4.52868 4.50744 4.62826 4.57665
5.55802 5.57316 5.75457 5.5577 5.75544 5.98604 5.65318 5.68501 5.65278 5.87223 5.78802 5.72137 5.75455 5.73422 5.63366 5.52105 5.80944 5.4766 5.67635 5.65374 5.58049 5.45815 5.77044 5.71068 5.75306 5.66208 5.7211 5.60376 5.92599 5.7281
4.13825 4.12768 4.22923 4.12009 4.22378 4.49253 4.362 4.3694 4.40404 4.49678 4.35191 4.44281 4.57978 4.49137 4.78928 4.55215 4.48448 4.45746 4.18834 4.61187 4.55688 4.65013 4.46084 4.55035 4.50027 4.62615 4.43914 4.46779 4.02758 4.68222
4.2477 4.26222 4.20074 4.24379 4.20474 4.33144 4.22972 4.37853 4.17949 4.34989 4.30351 4.29912 4.26635 4.28887 4.30354 4.31738 4.29079 4.37465 4.29147 4.51655 4.30581 4.33658 4.33213 4.35416 4.32466 4.36614 4.30236 4.27098 4.31969 4.35638
7.80358 7.79705 7.97424 7.81076 7.97427 7.98497 7.90479 7.91932 7.95413 7.94086 8.08683 7.96327 8.03042 7.92297 7.94299 7.81867 8.00916 7.93167 7.95744 7.77717 7.96759 7.88817 8.10223 7.92514 7.91353 7.92026 8.05011 8.08649 7.92989 7.89206
92.8612 93.0216 92.985 92.7972 92.9421 93.1021 92.8873 93.2626 93.0966 93.4469 93.0618 93.1102 92.9268 92.3824 93.1306 92.9928 93.1476 93.0209 93.1096 92.7447 92.8459 92.6937 93.0394 93.2813 93.3112 93.4413 93.2309 93.0218 93.9376 93.8967
76.1016 76.1312 76.2644 76.1677 76.0543 75.8964 76.2328 75.7191 76.3005 75.5163 75.9479 75.9062 75.836 76.004 75.7254 75.4069 75.6028 75.4231 75.8438 76.1787 75.6012 75.6948 75.5599 75.6157 75.7156 75.7344 75.6754 75.5944 76.0855 75.3994
83.0145 82.9889 82.928 83.0462 82.9495 83.0287 82.9472 82.9552 83.0772 82.229 83.0575 83.0106 83.0254 84.4638 82.8949 82.8761 82.6169 82.066 82.9124 82.1652 82.3136 81.9722 81.8391 82.686 82.6958 82.2653 83.243 83.3792 81.2467 83.1403
98.4697 98.4546 98.458 99.556 98.508 98.5538 100.613 99.0659 99.463 97.9544 98.6493 100.404 98.731 99.2538 98.3336 98.3767 100.022 99.5546 98.7451 98.1944 98.5642 98.8993 99.4448 99.0011 98.4086 96.3603 97.4304 97.4753 101.654 98.0571
65.4467 65.599 65.5833 64.8995 65.6807 65.1452 64.9057 65.3329 66.3524 65.385 64.6456 65.5108 64.7473 66.5689 65.2136 65.2886 65.5928 65.2627 65.6583 64.9211 65.0188 65.5862 64.9957 64.8468 65.3566 65.3752 65.3379 64.9463 67.6081 66.4855
143.221 143.011 143.079 143.448 143.1 142.874 143.282 142.842 142.821 142.079 142.089 142.903 142.552 143.349 142.734 142.676 142.703 142.241 142.67 142.423 143.116 141.665 142.313 142.258 142.308 142.008 142.582 142.814 141.648 143.219
5.57836 5.58202 5.59589 5.61795 5.57851 5.64468 5.61132 5.61712 5.62908 5.69469 5.63983 5.64293 5.63902 5.49778 5.61804 5.6229 5.60496 5.5498 5.60759 5.56785 5.60688 5.42719 5.6272 5.65309 5.65097 5.68194 5.61886 5.62897 5.35239 5.48392
4.42381 4.40377 4.41484 4.39122 4.44665 4.4982 4.19709 4.4761 4.33354 4.43488 4.34823 4.4431 4.43842 4.31548 4.42861 4.3017 4.40604 4.46723 4.44753 4.08948 4.4377 4.46254 4.53976 4.42066 4.41414 4.39561 4.42397 4.45949 4.18026 4.43436
4.50664 4.50306 4.51202 4.5128 4.51207 4.48006 4.51645 4.44249 4.49211 4.45761 4.48432 4.46362 4.45706 4.47962 4.4935 4.49109 4.42454 4.42263 4.47228 4.47789 4.42213 4.4757 4.45076 4.40565 4.49933 4.51358 4.44853 4.46784 4.49609 4.50911
4.36084 4.36361 4.36209 4.3552 4.36373 4.40578 4.39068 4.40481 4.42489 4.44116 4.42124 4.37557 4.41296 4.17176 4.42254 4.41996 4.40297 4.40174 4.42353 4.441 4.41787 4.33649 4.41311 4.44 4.44547 4.45641 4.40668 4.40382 4.45388 4.42817
5.86193 5.81685 5.80628 5.87479 5.81133 5.73544 5.79773 5.63952 5.66656 5.72198 5.76412 5.76645 5.81672 5.77038 5.66276 5.68379 5.75856 5.74312 5.68158 6.05675 5.79237 5.73592 5.74196 5.59026 5.65053 5.85115 5.88935 5.98579 5.55918 5.69519
4.42008 4.44115 4.45433 4.32942 4.45682 4.51797 4.34286 4.58482 4.7299 4.56507 4.42105 4.73484 4.53752 3.99168 4.58034 4.54231 4.73786 4.53691 4.5951 4.52796 4.6392 4.53162 4.56362 4.59321 4.49404 4.55154 4.57989 4.3572 4.67581 4.17903
4.20947 4.22064 4.21027 4.19053 4.21454 4.48046 4.13787 4.59026 4.4542 4.5189 4.48701 4.63523 4.48362 4.36595 4.54075 4.47832 4.60886 4.56334 4.46518 4.4886 4.63468 4.49302 4.57277 4.45863 4.50091 4.59237 4.54172 4.44366 4.7731 4.53786
7.91752 7.89869 7.89572 7.88984 7.89409 7.83897 7.92356 7.85245 7.83506 7.83718 7.76508 7.82044 7.82993 7.75713 7.87844 7.80666 7.80995 7.8641 7.8272 7.73717 7.88534 7.79477 7.87451 7.81835 7.79173 7.85633 7.88008 7.84009 7.67383 7.89972
93.6366 93.8771 93.9168 93.174 93.9388 93.5691 94.0306 93.8995 93.2984 92.8687 93.1589 93.4786 93.4357 92.6351 93.1758 92.7532 93.1691 92.6535 93.5219 90.3955 92.7416 91.9709 92.8227 93.0306 93.2115 93.3503 93.6562 93.2506 92.8094 93.2703
75.87 75.7928 75.7265 75.6524 75.5636 75.9302 75.9564 75.7027 75.7362 75.8456 76.099 76.0144 75.6927 75.9369 76.0849 75.7409 75.7771 75.9895 75.8184 76.0874 75.2834 75.6099 75.2097 75.8667 75.6652 75.7118 75.6247 75.6999 75.7566 75.378
71.7929 71.9576 71.3875 71.7129 71.436 71.8729 71.9437 71.2279 72.2003 72.1227 72.5948 72.3589 72.0075 73.0097 71.6221 71.7672 72.1538 72.3905 72.0066 74.7899 71.0085 75.0749 72.4051 72.2688 72.4047 72.098 72.1111 71.9437 73.3028 73.3476
100.746 100.265 99.7366 101.165 99.9939 97.3653 99.4569 98.5357 96.9369 102.543 98.6013 99.5765 99.1435 100.432 97.0979 101.044 100.665 102.261 98.0629 98.7183 100.541 103.063 101.699 97.8636 98.605 97.7174 97.9977 97.7426 99.9781 98.1515
142.402 142.223 142.456 142.767 142.441 141.941 142.253 142.534 141.712 143.502 141.519 141.722 141.768 143.222 141.619 141.873 142.302 143 142.059 142.067 142.604 142.706 142.347 141.554 141.419 141.507 141.875 141.883 141.567 141.924
5.52351 5.48969 5.49525 5.56241 5.48079 5.502 5.33901 5.50714 5.58295 5.64994 5.59318 5.50802 5.56801 5.60475 5.56653 5.62428 5.61309 5.6389 5.57185 5.59821 5.6195 5.76873 5.5012 5.61775 5.54803 5.54427 5.47201 5.57395 5.60572 5.40946
4.49803 4.46083 4.53239 4.60736 4.55805 4.40467 4.19556 4.45077 4.38241 4.46879 4.43525 4.42296 4.40838 4.49613 4.44075 4.39603 4.39488 4.3762 4.42347 4.16395 4.49949 4.24059 4.36327 4.35628 4.47191 4.51755 4.4258 4.48378 4.36137 4.60882
4.46335 4.4567 4.46188 4.44454 4.45605 4.4964 4.50645 4.54077 4.51902 4.45329 4.48715 4.45597 4.44933 4.52885 4.49711 4.51925 4.43898 4.42105 4.48891 4.42924 4.4257 4.58681 4.44232 4.51724 4.51148 4.52828 4.47904 4.51447 4.47881 4.55559
5.73188 5.77548 5.79367 5.52417 5.76656 5.47132 5.75021 5.52731 5.76522 5.8907 5.50466 5.61486 5.55653 6.23155 5.50999 5.30553 5.517 5.79969 5.45607 5.34285 5.73995 5.80707 5.8248 5.28649 5.44554 5.38766 5.64995 5.30085 5.58934 5.53969
7.74063 7.74632 7.74273 7.67906 7.76396 7.71005 7.72366 7.6447 7.67636 7.66545 7.5905 7.6355 7.6379 7.7608 7.60973 7.54881 7.56148 7.66572 7.664 7.44132 7.67087 7.66875 7.72628 7.60809 7.62113 7.60597 7.82564 7.62864 7.70866 7.65396
92.2685 92.0696 92.5495 92.9566 92.4915 92.793 92.3568 92.4909 91.9618 92.7873 92.0847 92.0896 92.4654 92.1176 92.5538 92.2935 92.4666 92.7351 92.9168 91.4526 92.034 91.1973 91.3388 92.0862 92.011 92.2278 92.1927 92.1122 90.6866 90.5815
154.769 154.817 154.795 154.629 154.787 152.361 154.487 151.488 153.838 152.757 153.024 152.731 153.208 154.182 153.974 154.392 151.534 152.883 153.179 153.925 151.423 154.814 152.826 152.253 153.209 152.539 153.194 154.224 154.802 154.986
75.9357 75.9416 75.9118 75.8482 75.8909 75.7722 76.0882 76.007 76.1047 75.9926 75.9244 76.1444 76.0492 76.4026 75.8874 75.5055 75.7687 76.0262 75.6055 75.7579 75.4401 75.8082 75.5749 75.8342 75.729 75.7521 76.0515 75.5706 75.5955 75.2379
73.2132 73.3934 72.9846 72.6622 72.9579 72.8863 73.1761 73.7309 73.469 72.4055 73.2355 73.0422 73.0724 74.0228 73.0959 72.5149 73.1066 73.2121 73.1205 73.3704 73.7922 74.4887 73.6604 74.2389 73.2802 73.3542 73.6211 74.1751 77.2506 83.093
65.9122 65.9118 65.9685 66.0714 66.001 65.5145 65.653 65.4811 65.6013 65.5558 65.5973 65.5605 65.5569 66.1592 65.5988 64.7339 65.3808 65.814 65.814 65.6674 65.5464 65.962 65.8206 65.6555 65.5438 65.7047 65.9245 65.7885 66.4769 67.1088
139.974 140.201 139.841 139.862 139.82 139.583 138.944 140.65 139.439 139.88 139.242 139.669 139.44 140.318 138.63 137.984 139.465 140.573 139.521 142.45 138.448 141.46 140.097 138.981 139.137 138.892 139.488 139.379 141.733 141.276
5.9692 5.97827 5.94564 5.87692 5.95425 6.26634 5.89789 6.22255 6.42619 6.40869 6.36909 6.37885 6.27863 6.4249 6.3204 6.33796 6.27302 6.40531 6.19251 6.44282 6.37438 6.45472 6.40688 6.17562 6.37291 6.33539 6.39808 6.34657 6.39516 6.40953
7.83654 7.82635 7.84476 7.81375 7.83166 6.98984 7.7686 6.32327 7.16296 6.91421 7.03413 7.16487 7.07465 7.36361 7.26011 7.48597 6.70126 6.94955 6.94539 7.10441 6.35203 7.40238 7.08431 6.96935 6.98917 6.88885 7.10051 7.55631 7.32419 7.56173
4.63845 4.63057 4.64485 4.62819 4.62829 4.50607 4.18021 4.51388 4.56173 4.61736 4.80109 4.73489 4.63095 4.73474 4.67801 4.59633 4.62791 4.62629 4.671 4.62886 4.69625 4.60088 4.82689 4.61785 4.66757 4.68052 4.81488 4.58205 4.7208 4.72356
4.67159 4.67732 4.67967 4.67276 4.67901 4.79471 4.64307 4.86076 4.88616 4.9133 4.97395 5.00821 4.87665 4.88657 4.86878 4.87601 4.91411 4.91102 4.8407 4.84966 4.87827 4.87856 4.95214 4.92797 4.86019 4.86857 5.0077 4.88677 5.04011 5.10993
4.41368 4.39232 4.37282 4.34246 4.34347 4.54252 4.4769 4.57315 4.59288 4.44232 4.65755 4.54891 4.75998 4.42558 4.59965 4.8416 4.70982 4.5746 4.54227 4.54704 4.61371 4.56951 4.59366 4.62901 4.54082 4.54655 4.49162 4.5103 4.66558 4.71496
4.27564 4.26794 4.29381 4.30055 4.28771 4.4644 4.25711 4.47307 4.46205 4.53877 4.48849 4.49681 4.55081 4.48063 4.48625 4.76514 4.48833 4.50673 4.4714 4.46156 4.48694 4.42621 4.48713 4.41517 4.45528 4.46678 4.49189 4.50654 4.4028 4.59421
8.17082 8.17723 8.14682 8.1492 8.13576 8.1969 8.08479 8.49199 8.1236 8.10269 7.99633 7.79393 8.26993 8.10909 8.07236 7.79521 8.23826 8.22298 8.18798 8.58452 8.29479 8.25943 7.70064 8.23833 7.93893 7.96419 7.80886 8.08487 8.34863 8.12736
92.0404 91.9901 92.1075 92.0406 92.0968 91.493 91.8411 91.8806 91.4483 92.1206 91.6786 91.5529 91.7856 91.9631 92.0691 91.5512 92.3074 91.7311 92.2446 91.6569 92.2455 91.375 91.7835 91.6409 92.0695 92.1802 91.3776 90.6867 90.028 92.9324
153.518 153.648 153.428 153.66 153.486 153.735 154.668 153.15 153.676 152.843 153.416 153.649 153.066 152.428 152.934 152.612 153.402 153.138 153.769 153.661 152.947 153.391 153.499 154.152 153.473 153.716 153.457 155.204 154.924 153.934
73.8883 73.9568 73.6958 73.7779 73.7046 75.805 73.6024 72.8359 73.5691 73.7263 73.2227 73.6622 73.3423 73.699 73.4688 72.7178 72.6901 74.3046 73.645 73.3338 73.3928 74.112 73.6677 73.4399 73.2952 73.3597 73.5394 73.9001 75.9095 73.2918
140.455 140.555 140.293 140.365 140.275 140.323 140.456 139.315 140.157 140.265 140.462 140.915 140.556 140.74 139.65 139.289 139.135 140.905 139.468 139.473 139.43 140.024 140.137 139.477 139.513 139.12 140.362 142.596 142.286 138.578
5.6408 5.66181 5.62675 5.64423 5.63772 6.23575 5.56756 6.40708 6.31714 6.20167 5.87166 6.01435 5.81573 5.78679 6.05246 5.6401 6.37071 6.17408 6.35412 6.28449 6.33412 6.11215 6.26049 6.38653 6.32269 6.37223 6.10012 6.59243 6.40504 6.41874
7.76955 7.79474 7.72244 7.7413 7.79673 7.15978 8.16804 7.37892 7.29661 7.15607 7.22004 7.29314 7.12617 7.32242 7.26864 6.99187 7.22944 7.16691 7.39243 7.3309 7.09147 7.42152 7.14472 7.38819 7.32958 7.3029 7.2395 8.50781 7.80424 7.43263
4.54294 4.54213 4.57011 4.54171 4.57606 4.73623 4.15799 4.63474 4.56148 4.62322 4.63503 4.59681 4.58934 4.70837 4.71029 4.62036 4.69938 4.61568 4.60463 4.47857 4.6722 4.71307 4.70563 4.68354 4.64017 4.76522 4.72966 4.62179 4.76543 4.70801
4.59777 4.59987 4.58657 4.59804 4.58873 4.99336 4.58071 4.7637 4.67976 4.83192 4.85319 4.91126 4.83151 4.80523 4.84737 4.8445 4.83589 4.85597 4.85185 4.72318 4.89505 4.87857 4.90594 4.78124 4.79372 4.82652 4.93366 3.71782 4.83549 4.84222
7.86835 7.88159 7.85381 7.84475 7.85823 7.87091 8.00936 7.85865 7.78279 7.9387 7.98102 7.96218 7.98737 8.06771 7.87784 7.91142 7.64709 7.99362 7.67987 7.55522 7.81612 7.82269 7.79927 7.53932 7.70044 7.6448 7.76493 8.23794 8.37544 7.85669
92.4472 92.4089 92.5519 92.4497 92.5574 91.3939 92.7557 92.4369 92.4997 92.5616 92.3133 92.0527 92.2115 92.9778 92.6592 92.423 92.3446 92.3915 92.4476 92.1771 92.3632 92.3466 92.0994 92.2196 92.3575 92.5268 92.3455 91.9047 92.4632 92.4409
75.1008 75.1576 75.0338 75.3719 75.0284 75.3157 74.7698 75.2644 75.3352 75.35 74.7528 75.5995 75.6793 75.0416 74.9124 75.1079 74.9965 75.1832 75.5242 75.1932 75.0699 75.0945 75.3703 75.3921 75.023 74.9801 74.9905 76.0119 75.1804 75.1824
73.474 73.5749 73.4188 73.3262 73.3802 73.9455 73.7659 73.2879 73.2848 73.8157 73.0255 74.488 73.0033 73.3828 73.7672 73.5496 73.2747 73.613 74.4395 73.3631 73.0383 74.0602 74.2532 74.3163 73.8034 73.4281 73.0234 75.8487 72.7625 73.012
66.215 66.2267 66.3125 66.2154 66.3314 65.9458 66.4443 65.8424 65.6357 66.1495 65.77 66.4786 65.9471 66.3426 66.2693 65.8651 65.9497 65.9594 66.4617 65.4806 65.6737 66.371 66.0947 66.2562 65.7693 65.9979 65.8632 66.5421 67.9044 65.7765
137.271 137.391 137.026 137.216 137.196 138.453 138.002 136.754 136.637 137.374 136.535 138.38 136.24 136.197 136.545 135.899 136.443 137.507 138.394 137.505 136.49 137.639 138.899 137.229 136.576 136.471 137.152 139.876 137.976 136.124
5.60454 5.60932 5.57811 5.61546 5.57157 5.73438 5.21586 5.73441 5.75302 5.72575 5.66777 5.16636 5.76129 5.72897 5.69318 5.74611 5.62203 5.80034 5.40223 5.78645 5.7191 5.71601 5.7864 5.67385 5.72086 5.69989 5.77443 5.85714 5.86034 5.69206
4.54598 4.55148 4.53395 4.54078 4.55329 4.60086 4.36928 4.56636 4.58823 4.66315 4.47148 4.69101 4.55441 4.59871 4.56645 4.55016 4.54192 4.62811 4.68417 4.58915 4.54544 4.6303 4.67125 4.67268 4.56949 4.55591 4.56569 5.02616 4.56986 4.55612
4.48708 4.48921 4.47405 4.4973 4.47071 4.52402 4.41675 4.47679 4.49964 4.54311 4.4378 4.56559 4.51463 4.46688 4.50766 4.5227 4.50316 4.5111 4.58982 4.5403 4.47904 4.516 4.61407 4.54431 4.51608 4.49794 4.45354 4.71539 4.48618 4.49131
4.34606 4.3682 4.27932 4.33694 4.24529 4.81894 4.04069 4.73302 4.80589 4.72536 4.71408 4.86108 4.8073 4.44081 4.44719 4.74358 4.74551 4.62162 4.70043 4.92982 4.85596 4.42657 4.77207 4.77927 4.75295 4.57412 4.76896 4.58557 4.76618 4.57109
4.34333 4.34251 4.3443 4.35563 4.34023 4.44293 4.33965 4.36371 4.41417 4.46294 4.37096 4.4002 4.43168 4.40137 4.3706 4.38447 4.39394 4.3664 4.38159 4.38041 4.36078 4.37595 5.24622 4.42802 4.35983 4.35671 4.34526 4.34306 4.41976 4.32762
7.56126 7.57429 7.4993 7.54517 7.51738 7.67154 7.67057 7.25531 7.59389 7.42981 7.29907 7.85063 7.14805 7.32933 7.3722 6.89661 7.25217 7.48734 7.70658 7.6101 7.1592 7.51564 7.87224 7.47191 7.30363 7.35635 7.42049 8.01483 8.02472 7.10967
93.3907 93.3618 93.3731 93.2879 93.394 93.5813 93.9833 91.2773 93.8311 93.6988 93.7371 93.6017 93.3139 93.852 93.9644 93.7145 93.4801 93.6482 93.5859 93.5571 93.6859 93.6191 93.4462 93.4841 93.6692 93.5204 93.5781 94.2687 93.4809 93.2972
75.2789 75.3001 75.2843 75.2952 75.5028 75.1923 75.039 75.0409 75.5196 75.3557 75.6317 75.296 75.3587 75.3058 75.2788 75.2291 75.3967 75.2665 75.5422 75.2779 75.1001 75.2811 75.5223 75.4458 75.3153 75.1149 75.6987 75.8096 75.6323 75.3098
103.292 103.32 103.246 103.065 103.149 102.93 102.921 103.447 102.914 102.671 102.727 102.547 102.824 102.776 102.593 102.627 102.783 102.703 102.746 102.7 102.791 102.662 102.777 102.666 102.474 102.653 102.978 103.562 103.565 102.787
141.784 141.789 141.816 141.74 141.837 141.739 141.726 142.524 141.724 141.857 141.734 141.943 141.811 141.684 141.487 141.548 141.528 141.696 141.947 141.58 141.537 141.699 141.834 141.882 141.465 141.565 141.679 142.828 142.161 141.837
5.56677 5.56205 5.56716 5.56456 5.57447 5.56648 5.56636 5.97008 5.58203 5.58089 5.58156 5.56217 5.5638 5.57734 5.57757 5.56837 5.52843 5.57754 5.59325 5.5657 5.54454 5.56789 5.57867 5.57684 5.5618 5.55229 5.55721 5.51463 5.56773 5.52113
4.41238 4.39799 4.40894 4.37717 4.42076 4.45679 4.21214 4.36084 4.38749 4.39844 4.38296 4.42457 4.3748 4.44863 4.4558 4.40377 4.43424 4.43522 4.43366 4.45079 4.39879 4.44597 4.40197 4.43034 4.45425 4.40581 4.39634 4.41675 4.40562 4.42254
4.51588 4.52045 4.51998 4.53123 4.51784 4.62544 4.48434 4.56269 4.6603 4.65776 4.61751 4.65798 4.63908 4.64634 4.64055 4.65207 4.61545 4.65076 4.67237 4.65796 4.64217 4.6541 4.65811 4.66541 4.66149 4.64158 4.63785 4.69136 4.59458 4.61148
5.22006 5.23193 5.24247 5.17835 5.2218 5.0283 5.25548 5.11889 5.04096 4.89783 5.20651 4.98209 4.93339 5.02185 5.06908 4.97885 5.06923 4.96038 4.95761 5.00177 5.00192 5.01581 5.08335 4.9352 5.03982 4.99616 5.00762 5.35705 5.45942 4.82728
7.78058 7.76248 7.79788 7.72261 7.80436 7.7234 7.80101 7.72758 7.733 7.72279 7.75708 7.72729 7.65835 7.74953 7.77478 7.72315 7.70135 7.71598 7.69338 7.71843 7.71303 7.72815 7.71753 7.73401 7.76061 7.74122 7.7155 7.89533 7.74172 7.68323
93.4039 93.3946 93.3779 93.3538 93.4522 93.7951 94.074 93.4358 93.9312 93.8082 93.7402 93.8514 93.7215 93.916 93.7916 93.7972 93.7843 93.8962 93.8727 93.8623 93.7306 93.9017 93.784 93.7739 93.8436 93.7231 93.6579 92.291 93.6551 93.6443
75.6022 75.5909 75.6529 75.6934 75.6333 75.8184 75.0714 75.3268 75.3064 75.2427 75.3288 75.2831 75.2656 75.7879 75.6144 75.2779 75.4516 75.0495 75.3443 75.1574 75.2791 75.2074 75.4085 75.232 75.2487 75.3252 75.4754 75.3413 75.2967 75.2998
72.9251 72.8271 72.8612 72.8226 72.8352 71.9195 72.849 72.6205 72.4435 72.4432 72.5861 72.453 72.4571 71.4604 72.301 72.485 71.8917 72.5189 71.7809 72.4651 72.4485 72.4731 72.2128 72.4518 72.4561 72.6873 72.4457 74.017 72.4813 72.6045
97.7671 97.8129 97.7048 97.6572 98.0349 98.4819 97.9368 98.4776 97.8454 97.0602 97.562 97.4303 97.0619 98.949 98.7444 97.1577 97.6033 97.2575 99.6007 97.1942 96.9361 97.289 97.3569 97.0813 97.0435 96.8449 99.5251 100.842 97.1914 97.2189
142.544 142.549 142.488 142.55 142.455 142.341 141.997 142.316 142.115 142.104 142.229 142.044 142.243 142.49 142.304 142.105 142.157 142.065 142.307 141.999 142.028 142.013 141.845 142.101 142.102 142.081 142.388 142.412 142.17 142.061
5.5563 5.55267 5.5639 5.56059 5.56514 5.62745 5.54988 5.61413 5.59349 5.58144 5.59751 5.58303 5.57546 5.61906 5.62633 5.58428 5.58562 5.5635 5.60207 5.57125 5.57665 5.57673 5.58088 5.57634 5.57368 5.5857 5.61607 5.57211 5.59251 5.5647
4.35631 4.36448 4.35326 4.36948 4.37961 4.45494 4.28106 4.3895 4.40932 4.37749 4.39326 4.38155 4.39442 4.42373 4.47191 4.38837 4.44845 4.35889 4.39978 4.36998 4.36703 4.37686 4.35888 4.38767 4.38275 4.38771 4.40958 4.16327 4.40064 4.35277
4.38096 4.38493 4.38912 4.3899 4.38743 4.39638 4.41643 4.39546 4.42166 4.41748 4.41813 4.41914 4.41014 4.40477 4.40646 4.42296 4.39549 4.41494 4.39681 4.41983 4.42091 4.42194 4.41885 4.41971 4.42001 4.42277 4.39349 4.37089 4.41708 4.4344
5.70346 5.70361 5.70144 5.70338 5.69949 5.59036 5.62161 5.71913 5.52033 5.54677 5.53167 5.53459 5.55063 5.60443 5.57892 5.55524 5.55117 5.55541 5.58419 5.54734 5.57184 5.55419 5.55731 5.54148 5.53044 5.56468 5.5955 5.62851 5.60328 5.52318
7.85915 7.8646 7.85603 7.87496 7.85548 7.88054 7.8252 7.81443 7.88176 7.88799 7.8787 7.86213 7.90047 7.87498 7.87066 7.87364 7.87508 7.87548 7.81391 7.86665 7.86833 7.86156 7.86553 7.88682 7.88096 7.87758 7.81224 7.66366 7.89091 7.84609
93.2548 93.3022 93.2965 93.2506 93.2406 93.6524 94.0544 93.9631 93.8816 93.937 93.7967 93.8835 93.8991 93.7594 93.7489 93.8385 93.9212 93.9799 93.77 93.9311 93.7703 93.8642 93.9394 93.8422 93.802 93.86 93.7922 93.9339 93.8791 93.624
75.7793 75.6522 75.7417 75.7398 75.7552 75.5042 75.9734 75.8134 75.8443 75.7824 75.8552 75.7158 75.6669 75.9064 75.8958 75.8195 75.4861 75.6586 76.0859 75.7711 75.7771 75.7597 75.7478 75.9157 75.7594 75.8998 75.7666 75.8139 76.0594 75.667
72.5719 72.6092 72.6522 72.5589 72.6581 72.1879 71.3053 71.2792 71.6677 72.0214 72.1537 71.3295 71.6499 72.208 71.6044 71.8585 72.0174 71.3123 71.8276 71.7392 72.0056 71.5159 71.0176 71.7166 71.9835 71.579 71.5351 71.2154 71.8111 72.0109
105.203 105.052 105.129 105.078 105.413 104.276 104.537 104.057 103.562 103.679 103.681 103.697 103.568 104.385 104.123 103.7 103.934 103.356 105.01 103.6 103.662 103.633 103.345 103.637 103.677 103.478 104.119 104.769 103.715 103.417
64.6314 64.6558 64.6459 64.6293 64.6251 64.3005 64.6545 64.6817 64.6561 64.6367 64.6457 64.5586 64.6529 64.5139 64.4551 64.6252 64.601 64.7554 64.6031 64.6273 64.6603 64.6456 64.6732 64.6714 64.647 64.6297 64.5053 64.7319 64.6789 64.6369
5.59415 5.57701 5.5849 5.59166 5.58823 5.57756 5.58973 5.59891 5.59201 5.5788 5.59274 5.5555 5.56987 5.57495 5.59826 5.56555 5.5731 5.54518 5.54766 5.56163 5.55354 5.54791 5.53632 5.55944 5.5595 5.57219 5.56969 5.56852 5.58044 5.54562
4.34945 4.37216 4.37579 4.31495 4.39949 4.39111 4.32924 4.36917 4.34985 4.28766 4.39023 4.3701 4.39231 4.27111 4.32718 4.33207 4.35306 4.38246 4.27366 4.35641 4.34843 4.37627 4.38009 4.3745 4.35737 4.33189 4.37068 4.34949 4.30566 4.36879
4.46796 4.45678 4.46176 4.46873 4.45757 4.58089 4.44394 4.59195 4.58892 4.57916 4.57051 4.5839 4.57307 4.57251 4.59972 4.58738 4.56673 4.58039 4.55943 4.58186 4.5776 4.58286 4.57126 4.57855 4.58047 4.59102 4.5921 4.55099 4.58507 4.58756
5.6246 5.6263 5.62756 5.62433 5.63107 5.56158 5.51813 5.52015 5.43901 5.44638 5.4552 5.4705 5.43862 5.56552 5.50211 5.46669 5.47422 5.4481 5.55764 5.45199 5.47546 5.48026 5.46655 5.46962 5.46709 5.46671 5.50879 5.48743 5.47205 5.43769
4.4312 4.39896 4.41315 4.4231 4.43798 4.78725 4.35223 4.50953 4.54991 4.55492 4.56647 4.54314 4.55942 4.73783 4.70299 4.57797 4.64295 4.48826 4.51557 4.53881 4.56214 4.5269 4.53389 4.55018 4.55193 4.54642 4.59489 4.50809 4.57234 4.56256
4.20303 4.20489 4.20434 4.20513 4.2069 4.31804 4.2 4.33202 4.33654 4.32583 4.32654 4.3332 4.33471 4.30092 4.33127 4.32674 4.33056 4.34193 4.30929 4.32959 4.32122 4.33388 4.33314 4.3278 4.32566 4.32699 4.3431 4.32287 4.32658 4.31948
7.86066 7.85957 7.85638 7.86082 7.86729 7.84121 7.88804 7.8482 7.83446 7.83633 7.8316 7.8564 7.83855 7.82886 7.83691 7.83354 7.82429 7.85053 7.82126 7.83931 7.83923 7.85516 7.86907 7.84785 7.84759 7.84012 7.85212 7.84793 7.84004 7.8373
5.66807 5.66959 5.67031 5.67987 5.66751 5.70695 5.71185 5.72678 5.71733 5.72861 5.72857 5.69662 5.73422 5.92904 5.73351 5.70897 5.72378 5.72754 5.74911 5.72589 5.69773 5.69785 5.71915 5.70663 5.70037 5.70501 5.71707 5.72481 5.71486 5.70082
4.20019 4.2012 4.20077 4.2021 4.19743 4.22112 4.09464 4.1737 4.17461 4.18058 4.24157 4.1642 4.2949 4.1888 4.18031 4.16034 4.28215 4.1872 4.18647 4.18075 4.15818 4.16113 4.17824 4.16429 4.16153 4.16467 4.17001 4.17593 4.15351 4.16139
7.87223 7.87434 7.8754 7.8904 7.86157 7.88862 7.85967 7.86431 7.86498 7.90581 7.86117 7.8442 7.89739 7.86632 7.8817 7.85221 7.92508 7.8585 7.88823 7.86018 7.84244 7.84077 7.86773 7.83513 7.84072 7.87008 7.84444 7.86633 7.86866 7.83298
