92.1227 92.4423 92.1986 92.0708 92.3181 92.4172 92.2772 92.329 91.9375 91.9414 91.9692 92.1395 92.0036 91.9365 91.8371 91.9471 91.9658 91.9704 91.9755 91.8984 91.9032 91.9324 91.9255 91.951 91.9074 91.987 91.8909 91.9386 91.9155 91.8491
75.492 75.502 75.47 75.4671 75.4657 75.3852 75.419 75.448 75.6183 75.8258 75.6002 75.2988 75.7348 75.6303 75.5711 75.5357 75.6919 75.5604 75.7744 75.7873 75.5443 75.6578 75.5263 75.5558 75.5252 75.514 75.5203 75.5915 75.6314 75.5385
73.8452 73.3453 73.4515 73.5076 72.7953 72.8819 72.8541 73.3327 74.0997 73.9318 73.7996 73.8527 73.5279 74.1588 74.4671 73.9447 73.9925 73.9086 74.4064 74.4864 73.9134 74.3631 74.0301 73.9919 73.9141 74.0476 74.0585 74.259 74.2991 74.1271
83.2373 82.9697 82.9833 83.1018 82.7756 82.7667 82.7251 82.9882 83.2593 83.1758 83.0528 83.1257 83.0113 83.2022 83.2312 83.1459 83.079 83.0441 83.3098 83.317 83.1036 83.2379 83.1396 83.1024 83.095 83.0805 83.0878 83.2085 83.207 83.0798
65.9099 65.8476 65.8585 65.8769 66.47 66.4725 65.8111 65.8963 65.948 65.8618 65.9114 66.5249 65.8497 65.9524 66.0252 65.9632 66.0128 66.005 65.9207 66.057 65.9914 65.989 66.0176 66.044 66.0177 66.0371 66.0243 66.0176 66.047 66.0358
138.952 138.446 138.394 138.686 138.285 138.359 138.105 138.366 139.192 138.905 138.831 138.839 138.723 139.108 139.299 138.866 138.913 138.85 139.414 139.361 138.805 139.28 138.876 138.885 138.751 138.876 138.799 139.215 139.064 138.801
12.5976 12.5318 12.6445 12.659 12.4154 12.4236 12.583 12.5834 12.3338 12.3204 12.2737 12.4541 12.3081 12.3078 12.3579 12.3208 12.3344 12.3297 12.3355 12.3459 12.3163 12.3215 12.3207 12.3304 12.3127 12.312 12.3162 12.3038 12.3089 12.2969
5.73985 5.7362 5.73859 5.73943 5.72832 5.72153 5.72773 5.73685 5.92765 5.91305 5.90922 5.70445 5.90558 5.90163 5.91777 5.90916 5.89754 5.9092 5.92387 5.90737 5.91337 5.91792 5.90747 5.9112 5.90771 5.90557 5.8994 5.91479 5.90513 5.90125
4.68497 4.71864 4.65617 4.66424 4.56004 4.55174 4.70441 4.68251 4.66616 4.60812 4.6741 4.50885 4.63377 4.6483 4.72091 4.67885 4.6934 4.68538 4.64546 4.74465 4.69339 4.69546 4.69904 4.70799 4.67791 4.695 4.69851 4.69434 4.7076 4.70196
4.61337 4.63868 4.61217 4.59982 4.47252 4.47448 4.57965 4.59884 4.62235 4.59324 4.61304 4.51269 4.61485 4.64167 4.62057 4.63677 4.64575 4.60246 4.64929 4.68162 4.61782 4.63079 4.64944 4.61975 4.62615 4.62759 4.63962 4.65735 4.65925 4.64341
4.51476 4.51558 4.52143 4.51759 4.4723 4.45795 4.5247 4.52 4.5173 4.51292 4.52536 4.43899 4.52101 4.52786 4.51628 4.52111 4.52989 4.53763 4.52164 4.51603 4.52761 4.53749 4.52588 4.5203 4.53099 4.53451 4.53431 4.53319 4.53716 4.54074
4.53694 4.43958 4.46282 4.53238 4.26621 4.26303 4.48942 4.52779 4.73063 4.72627 4.73841 4.26143 4.74171 4.74062 4.73729 4.73762 4.74532 4.73911 4.72825 4.74986 4.73971 4.7397 4.74447 4.74122 4.745 4.74236 4.75207 4.74282 4.75056 4.74964
4.29336 4.29078 4.31727 4.27654 4.23486 4.21462 4.37211 4.29652 4.30618 4.30534 4.31077 4.21955 4.31669 4.30528 4.30272 4.31074 4.31117 4.31334 4.30702 4.30173 4.31309 4.30366 4.31557 4.31375 4.31735 4.31287 4.31628 4.31071 4.31013 4.31834
7.96486 8.09283 8.10347 8.16286 7.82592 7.84265 8.24189 8.0372 7.99241 7.94372 8.05199 7.78338 8.13731 8.04164 7.98682 8.05814 8.1061 7.99968 8.02005 8.04471 8.05309 7.99478 8.10429 8.05584 8.06017 8.04156 8.11466 8.06428 8.04245 8.18014
92.7538 92.7683 92.8014 92.8294 92.9025 92.8626 92.7917 92.8324 92.7276 92.7839 92.7147 92.6413 92.6346 92.6388 92.5184 92.6866 92.5765 92.7069 92.9335 92.4201 92.7231 92.7683 92.7427 92.6744 92.6786 92.6965 92.6416 92.8142 92.5977 92.6639
74.8341 75.1797 74.9849 74.9354 75.6422 75.6248 75.0673 75.17 75.2867 75.5266 75.3709 75.5728 75.671 75.5381 75.6613 75.2957 75.3929 75.1834 75.8447 75.3955 75.4049 75.6034 75.3764 75.4919 75.1873 75.4401 75.2245 75.3622 75.3094 75.3297
73.59 73.8419 74.0084 74.0543 72.9376 72.8439 73.7853 73.8078 73.1804 73.6852 73.0847 73.2764 73.6873 73.7041 72.4606 73.1359 73.3484 73.341 73.6879 73.2443 73.1474 73.4156 73.2242 73.2681 73.3669 73.5198 73.5219 73.3744 73.3468 73.3778
82.8699 82.9047 82.95 82.8647 82.4266 82.4408 82.7725 82.8567 82.6354 82.778 82.6129 82.889 82.809 82.8197 82.4685 82.6694 82.8124 82.6199 82.6235 82.73 82.4798 82.6449 82.5457 82.6124 82.6876 82.7277 82.7461 82.6912 82.801 82.6545
65.8798 65.9481 65.9179 65.9555 65.7603 65.7776 66.0199 66.0065 65.776 65.969 65.7583 65.8879 66.0237 65.8933 65.8629 65.805 65.7879 65.8241 65.9584 65.7676 65.7341 65.8192 65.8235 65.8028 65.8519 65.8926 65.8549 65.8879 65.8153 65.8998
136.625 136.362 136.719 136.593 137.083 137.003 136.141 136.283 137.182 137.581 136.838 136.72 137.189 137.097 136.813 136.881 136.827 136.801 137.918 137.084 136.97 137.127 136.772 137.04 136.766 136.819 136.871 137.067 136.89 136.772
11.4179 11.6016 11.1244 11.0922 11.4352 11.4503 11.4217 10.9629 11.3751 11.4689 11.4519 11.3512 11.3641 11.3499 11.2011 11.3327 11.3525 11.3192 11.1874 11.306 11.3209 11.2275 11.3171 11.2891 11.3091 11.2765 11.2716 11.1692 11.3792 11.2753
5.74887 5.77619 5.75698 5.75343 5.72844 5.73085 5.7579 5.76373 5.91162 5.9085 5.90885 5.7295 5.93505 5.93031 5.90742 5.90551 5.93124 5.90402 5.94248 5.91708 5.90225 5.9317 5.9079 5.91175 5.90379 5.92385 5.90516 5.92998 5.9178 5.90701
4.67031 4.63713 4.6486 4.73677 4.29813 4.28654 4.70936 4.68409 4.66361 4.61595 4.6193 4.25308 4.69112 4.64158 4.5951 4.62157 4.62015 4.62654 4.66884 4.64029 4.62884 4.59553 4.61908 4.60203 4.63175 4.59396 4.62743 4.62707 4.61381 4.63993
4.58687 4.6028 4.61134 4.59342 4.52539 4.53519 4.5932 4.59545 4.59406 4.59437 4.57361 4.52857 4.62032 4.61889 4.53807 4.59191 4.6178 4.61053 4.63164 4.60013 4.59647 4.61612 4.58448 4.60819 4.59727 4.62348 4.63481 4.61606 4.61915 4.60212
4.49931 4.51499 4.49622 4.4928 4.48091 4.49813 4.50129 4.50594 4.52286 4.53933 4.53347 4.47374 4.5142 4.50793 4.5248 4.525 4.51418 4.52072 4.52798 4.52274 4.522 4.51921 4.54486 4.53111 4.51115 4.5256 4.52847 4.51749 4.51919 4.52835
4.53058 4.58478 4.53623 4.52853 4.46612 4.46348 4.53804 4.56371 4.72633 4.80308 4.75093 4.42264 4.8149 4.79501 4.73258 4.72985 4.79026 4.7316 4.82121 4.79507 4.72883 4.75021 4.73947 4.73794 4.73753 4.75348 4.75434 4.75158 4.763 4.74854
4.28375 4.27603 4.28386 4.27837 4.254 4.24725 4.28824 4.28563 4.34773 4.4613 4.34429 4.23813 4.36495 4.36288 4.35221 4.34279 4.33774 4.3536 4.44767 4.32789 4.3458 4.34322 4.34667 4.34625 4.34914 4.35033 4.3506 4.35858 4.3359 4.35095
7.37769 7.32996 7.35044 7.30605 7.53055 7.52459 7.34382 7.33765 7.50946 7.68649 7.48339 7.31144 7.58769 7.51049 7.6158 7.49237 7.44928 7.49389 7.63963 7.49944 7.5067 7.48469 7.47507 7.51816 7.4895 7.48455 7.49137 7.49548 7.43965 7.48128
94.0426 93.8073 93.7626 94.1079 93.9401 93.952 93.9413 93.9323 93.6243 93.6382 93.6754 93.6173 93.6471 93.5744 93.5765 93.5769 93.5073 93.6534 93.5962 93.5541 93.6469 93.5065 93.6578 93.6977 93.59 93.5484 93.5716 93.5813 93.5321 93.6293
76.0887 75.9505 75.9611 75.9926 75.9014 75.9225 76.0149 76.1067 75.97 75.8226 75.8758 75.9118 76.0699 75.912 76.0945 75.769 75.8903 75.7552 76.0399 75.866 75.9485 76.0223 75.8279 75.9578 75.7308 75.7059 75.8066 76.0172 75.8017 75.853
71.3763 71.4245 71.7117 71.9118 72.0495 72.0428 71.9248 71.8095 72.2072 71.9528 72.2568 72.1563 72.6762 72.0245 72.6243 72.1807 72.0925 72.2046 71.7332 72.2255 71.6401 72.4038 72.3356 72.4642 72.3603 72.2706 72.2718 72.4516 72.4122 72.4492
82.364 82.5073 82.4943 82.4698 82.1965 82.1843 82.4802 82.508 82.3979 82.4818 82.4059 82.5312 82.2457 82.3987 82.4452 82.4642 82.4323 82.4351 82.1712 82.4462 82.4571 82.4233 82.4191 82.3943 82.4769 82.4908 82.4672 82.2957 82.5295 82.4501
95.4664 94.9012 95.7748 95.5488 97.7701 97.7223 95.6174 95.6628 97.7937 96.7309 96.5032 97.1344 97.5914 96.8859 97.1583 96.6182 96.4544 96.5602 99.4405 96.9549 98.6624 97.5839 96.685 97.4435 96.4813 97.0291 96.8073 97.0371 96.7118 96.7964
65.2537 65.2917 65.2712 65.2776 65.0738 65.0178 65.2605 65.3109 65.1144 65.1089 65.1133 65.2744 65.1342 64.9565 65.1587 65.1362 65.0532 65.1216 65.2147 65.0782 65.2746 65.0089 65.1666 65.0648 65.1125 65.0288 65.0839 65.133 65.1492 65.1695
141.01 141.215 141.188 141.108 140.615 140.595 141.112 141.27 141.26 141.048 140.912 140.843 141.345 140.993 141.112 140.848 140.985 140.782 141.673 141.115 141.599 140.865 140.892 140.951 140.85 140.812 140.731 141.023 140.858 140.827
5.64851 5.64653 5.63131 5.62999 5.66168 5.65982 5.62013 5.63031 5.71682 5.71587 5.7296 5.62976 5.78157 5.70477 5.71486 5.70288 5.69042 5.68698 5.7473 5.69307 5.66959 5.71624 5.69895 5.71117 5.68174 5.69292 5.68581 5.73046 5.6994 5.69639
4.5295 4.54586 4.54505 4.53446 4.36342 4.36442 4.50061 4.51275 4.46969 4.49225 4.49698 4.21251 4.5364 4.42467 4.40857 4.47571 4.49722 4.49461 4.54424 4.50248 4.48369 4.37385 4.47969 4.5134 4.49487 4.4906 4.49008 4.4273 4.47108 4.47601
4.51794 4.52963 4.51779 4.52797 4.47337 4.46755 4.53362 4.50842 4.47925 4.52332 4.52158 4.47524 4.55857 4.52581 4.5121 4.5106 4.53764 4.51129 4.48959 4.51074 4.50671 4.51245 4.52432 4.53353 4.53066 4.53141 4.53681 4.5345 4.52001 4.51918
4.38693 4.38745 4.38789 4.38675 4.36955 4.37244 4.38657 4.37959 4.40357 4.42423 4.41406 4.35633 4.4271 4.42239 4.3999 4.41816 4.42649 4.42726 4.38466 4.41555 4.38958 4.41352 4.41568 4.41787 4.41512 4.42257 4.42204 4.4208 4.41636 4.42152
4.73683 4.61799 4.79385 4.7497 5.3165 5.32333 4.79753 4.61282 5.25924 5.06535 5.02014 5.21309 5.22129 5.10218 5.19779 5.089 5.02874 5.05988 5.40149 5.15789 5.32491 5.19942 5.1086 5.22278 5.04533 5.09478 5.10818 5.1228 5.06281 5.15391
4.42882 4.44743 4.44824 4.38349 4.39453 4.39348 4.393 4.43359 4.62558 4.5396 4.54468 4.37316 4.59478 4.57436 4.50902 4.52532 4.60352 4.51426 4.64768 4.62217 4.67347 4.50236 4.51989 4.51422 4.54662 4.54764 4.53979 4.54221 4.52037 4.54086
4.22022 4.22557 4.20695 4.21324 4.2043 4.20271 4.21189 4.21421 4.50586 4.5567 4.54517 4.15317 4.52194 4.55374 4.54941 4.54319 4.54747 4.55179 4.61213 4.51559 4.60018 4.56368 4.55415 4.55515 4.54531 4.56664 4.5468 4.57415 4.56178 4.54764
7.59154 7.61057 7.61988 7.67266 7.56075 7.5549 7.67432 7.62988 7.63208 7.61697 7.58014 7.61549 7.61735 7.61089 7.63456 7.59707 7.56938 7.58396 7.63193 7.60709 7.6572 7.61804 7.60819 7.61046 7.58836 7.57224 7.58354 7.61066 7.59904 7.60679
92.8396 93.2883 92.9378 93.1036 93.0586 92.9934 92.8758 92.8134 93.4032 93.3302 93.3611 93.2422 93.7493 92.9639 93.4221 93.0903 92.9495 93.16 92.9966 93.0243 92.6658 93.1639 93.1413 93.4391 93.0362 93.0474 92.9131 92.8105 93.1015 93.0074
75.7761 75.6718 75.6073 75.6219 75.7644 75.7504 75.5841 75.5986 75.2917 75.176 75.1857 75.0107 75.3576 75.8143 75.3508 75.2308 75.1199 75.0577 75.3596 75.1909 75.2209 75.4536 75.1574 75.4275 75.0944 75.1076 75.2102 75.209 75.0399 75.1401
73.7469 72.9448 73.3001 73.5238 73.1301 72.9657 73.5074 73.9677 73.373 73.2548 73.347 73.3215 72.6865 73.165 73.4883 73.3396 73.2796 73.1562 73.4591 73.3573 73.5715 73.5673 72.8554 72.9285 73.1668 73.2836 73.3393 73.4471 73.2964 73.2932
83.0082 82.6791 82.9661 82.959 82.6557 82.7298 82.9657 83.0992 82.3889 82.4467 82.4712 82.4305 81.751 82.7797 82.3761 82.6331 82.6915 82.5026 82.6618 82.5968 82.854 82.5545 82.3496 82.0566 82.6152 82.6489 82.7201 82.8284 82.6198 82.6652
65.966 65.9707 65.9207 66.0628 65.8783 65.8131 66.0448 65.9566 65.933 65.9565 65.9687 65.8018 65.8292 65.962 65.9867 65.9985 65.8035 65.9382 65.8238 65.8967 65.7126 65.9592 65.9198 65.7954 65.9367 65.9744 65.9313 65.8598 65.9912 65.9617
136.594 136.324 136.921 136.977 137.11 137.141 136.973 137.019 136.862 136.414 136.777 136.501 136.925 137.125 136.655 136.722 136.712 136.592 136.727 136.629 136.529 136.833 136.552 137.587 136.651 136.646 136.563 137.58 136.673 136.699
12.8893 12.8426 12.6922 12.7174 12.4825 12.5564 12.8681 12.7254 12.7373 12.6688 12.6962 12.8726 12.7531 12.587 12.7591 12.6616 12.6519 12.6477 12.5664 12.6532 12.6228 12.6592 12.6405 12.6529 12.6343 12.5558 12.6429 12.9658 12.5726 12.6006
5.77268 5.7473 5.75263 5.74528 5.72752 5.73235 5.74406 5.77324 5.89736 5.86117 5.88275 5.66697 5.89207 5.90919 5.8692 5.87569 5.86685 5.85803 5.90676 5.87368 5.88065 5.87256 5.84965 5.87691 5.85636 5.8591 5.86302 5.87639 5.85509 5.86365
4.72469 4.68884 4.67728 4.70006 4.35728 4.35418 4.70941 4.73432 4.6522 4.58797 4.60899 4.34113 4.629 4.6537 4.63097 4.61577 4.59757 4.58535 4.63122 4.6055 4.6073 4.62494 4.57924 4.63324 4.59428 4.59047 4.61287 4.60359 4.58932 4.61004
4.56061 4.55758 4.55284 4.55932 4.49412 4.4904 4.56788 4.5786 4.5519 4.52155 4.55747 4.50066 4.51086 4.5967 4.51281 4.53719 4.53511 4.54419 4.55831 4.52872 4.55796 4.52122 4.49378 4.56081 4.53163 4.54489 4.52969 4.54089 4.52052 4.52709
4.53056 4.5402 4.5281 4.53559 4.50434 4.50279 4.53315 4.53151 4.56906 4.55174 4.56352 4.5155 4.5871 4.54932 4.55387 4.53274 4.53966 4.54994 4.54702 4.54353 4.53575 4.56137 4.57325 4.57229 4.54169 4.53437 4.53182 4.53522 4.54118 4.53647
4.63347 4.60919 4.63512 4.59533 4.52075 4.54333 4.62522 4.63214 4.7715 4.68729 4.70153 4.4583 4.6809 4.81458 4.74311 4.69007 4.8099 4.69743 4.84634 4.75157 4.88899 4.78412 4.70645 4.70161 4.72794 4.69957 4.7618 4.77597 4.6946 4.73866
4.33525 4.34405 4.31264 4.356 4.29816 4.29394 4.34928 4.34955 4.4277 4.38524 4.38835 4.28192 4.69211 4.44858 4.50929 4.38535 4.36648 4.39176 4.37497 4.37713 4.35964 4.47031 4.37444 5.20144 4.38532 4.3849 4.3807 4.39172 4.37948 4.37967
7.65361 7.73969 7.62807 7.79144 7.5469 7.53146 7.79909 7.70612 7.76411 7.66166 7.63644 7.52803 7.91884 7.82154 7.66484 7.69635 7.66474 7.70356 7.65512 7.69864 7.62579 7.72879 7.68951 8.17835 7.71992 7.71162 7.72768 7.71647 7.669 7.70187
94.3543 94.4065 94.2535 94.3471 93.8319 93.8057 94.5527 94.2635 94.362 94.0176 93.9239 94.2198 94.2728 93.3925 94.0563 93.8622 93.984 93.9621 93.7387 93.965 93.8903 93.9507 93.9865 93.8933 93.8848 93.8556 93.8842 93.6267 93.8189 93.7854
75.1493 75.5895 75.1427 75.1121 74.6844 74.6601 75.3577 75.0293 75.3067 75.098 75.3908 75.1597 74.9832 75.8498 74.9607 74.9389 74.883 74.94 75.4016 75.1101 75.0489 75.0603 74.8201 75.9158 75.0099 74.8319 74.9464 75.2252 75.001 75.0179
72.3111 72.1692 72.023 71.9262 72.8894 72.9318 71.6186 71.871 72.378 72.7335 72.4898 72.5389 72.3097 72.4837 72.3067 72.4069 71.9297 72.3245 72.1383 72.2376 72.225 72.282 72.7479 71.9867 72.5629 72.2151 72.4333 72.502 72.6698 72.91
82.6589 82.6996 82.7134 82.443 83.1404 83.1697 82.4028 82.4931 82.5655 82.752 82.7436 82.9094 82.5544 83.0961 82.4981 82.7103 82.6704 82.69 82.7409 82.6764 82.7387 82.7234 82.8037 83.0572 82.7281 82.754 82.7532 82.7522 82.9003 82.8016
103.418 103.196 103.279 103.49 103.284 103.23 103.146 102.895 103.192 102.908 103.328 102.965 103.191 103.385 102.942 103.007 102.971 103.047 103.057 103.021 103.073 102.919 103.067 103.345 103.054 103.088 103.028 103.075 102.995 103.003
64.9782 65.0689 64.9446 64.9499 64.8738 64.9507 65.1765 65.0469 65.0943 65.0175 64.92 65.0041 64.9295 65.1877 64.9586 64.9462 64.9893 64.9441 64.9224 64.9515 64.9566 64.8945 64.8974 64.8286 64.9449 64.9099 64.9417 64.7799 65.0303 64.9559
142.002 141.553 141.685 141.945 142.01 142.012 141.656 141.708 141.703 141.659 141.581 141.271 141.65 142.18 141.658 141.658 141.438 141.467 141.654 141.506 141.52 141.608 141.488 141.934 141.467 141.511 141.509 141.711 141.508 141.594
5.61047 5.65514 5.63264 5.6332 5.58945 5.58724 5.66346 5.60452 5.62547 5.57368 5.56282 5.56155 5.59041 5.60966 5.57219 5.56161 5.5564 5.55214 5.57391 5.57179 5.56202 5.5719 5.54273 5.58973 5.5593 5.54489 5.55903 5.57494 5.5487 5.56565
4.46028 4.46873 4.46547 4.45547 4.37446 4.3797 4.46715 4.46441 4.43506 4.40712 4.40825 4.24603 4.42728 4.40034 4.42254 4.40681 4.4196 4.40889 4.35462 4.41794 4.42186 4.41926 4.39329 4.3689 4.41579 4.41488 4.42309 4.40029 4.42953 4.43027
14.5191 14.6309 14.6116 14.6121 14.4003 14.3428 14.686 14.7813 13.9703 13.9776 13.953 14.2394 14.0017 13.989 13.9368 13.9467 13.9535 13.9177 14.0331 13.899 13.8491 13.9145 13.843 13.9743 13.8169 13.7693 13.8156 13.9841 13.7745 13.7885
4.52653 4.52449 4.54043 4.54503 4.4787 4.47208 4.54037 4.54328 4.62421 4.59914 4.58461 4.49696 4.61586 4.57843 4.61499 4.6126 4.61153 4.5986 4.61958 4.60711 4.61476 4.61129 4.59088 4.57666 4.60375 4.60316 4.60116 4.59521 4.59189 4.59288
4.44616 4.45058 4.44691 4.44864 4.42323 4.4203 4.44415 4.44438 4.46775 4.46853 4.44943 4.42467 4.44813 4.47518 4.46234 4.46266 4.44269 4.45337 4.45821 4.45051 4.45217 4.45805 4.44647 4.45217 4.45008 4.45275 4.45839 4.48128 4.44666 4.46365
5.20805 5.14222 5.18968 5.194 5.28256 5.30559 5.04848 4.99556 5.11196 5.13984 4.98906 5.24245 5.0613 5.12268 5.04567 5.06291 5.09373 5.09154 5.05828 5.08603 5.11602 5.05389 5.03702 5.12211 5.07803 5.09838 5.10009 5.02633 5.03291 5.04482
4.46201 4.47302 4.48599 4.46561 4.39403 4.39392 4.44396 4.44898 4.61889 4.59018 4.57503 4.3551 4.60321 4.4608 4.61725 4.59067 4.58889 4.58894 4.59866 4.60039 4.59084 4.617 4.59074 4.48764 4.60689 4.57435 4.60685 4.60181 4.60581 4.61428
4.30677 4.30279 4.29244 4.29907 4.26284 4.23885 4.30643 4.30892 4.40491 4.38058 4.39025 4.25514 4.39407 4.34892 4.406 4.39161 4.39892 4.39854 4.41173 4.3874 4.39308 4.38226 4.37814 4.38193 4.39845 4.39516 4.38844 4.41196 4.38136 4.38519
7.73934 7.60001 7.63464 7.69171 7.76948 7.77301 7.69212 7.73259 7.73648 7.7636 7.71153 7.77611 7.72271 7.63027 7.74389 7.74068 7.74352 7.73912 7.73298 7.74492 7.74074 7.73989 7.72121 7.69618 7.7226 7.73864 7.73304 7.72854 7.73779 7.72471
94.0758 93.7641 93.9483 94.0108 93.891 93.8517 93.9987 93.9972 93.3118 93.4651 93.2833 94.0263 93.4477 93.2116 93.2311 93.221 93.5723 93.3744 93.1469 93.4369 93.3419 93.3639 93.4364 92.8737 93.2765 93.3539 93.3485 93.1979 93.3485 93.2625
75.2193 75.024 75.316 75.3174 75.3923 75.4203 75.0948 75.6365 75.4752 75.9163 75.6337 74.7846 75.6049 75.8443 75.1065 75.55 75.8168 75.583 75.621 75.4821 75.5009 75.5814 75.4449 75.7751 75.493 75.4334 75.4788 75.8205 75.2658 75.2911
72.8407 73.3122 72.7954 72.1133 72.5044 72.6308 73.0027 72.1829 72.2115 72.0018 72.2076 72.8155 71.9673 72.6324 72.4289 72.7804 71.8604 72.1264 71.8847 72.4244 72.3695 71.9392 72.3307 72.2384 72.2342 72.3469 72.8882 72.3417 72.9474 72.5559
82.649 82.9919 82.8407 82.5655 82.7292 82.8789 82.9543 82.7231 82.6426 82.63 82.7256 82.4505 82.5449 82.7593 82.4212 82.703 82.3941 82.5194 82.5804 82.6857 82.5209 82.6059 82.6719 82.5859 82.599 82.6828 82.7517 82.6563 82.8346 82.917
103.779 103.816 103.387 103.225 103.577 103.499 103.493 103.187 103.186 103.046 103.972 103.627 102.998 103.103 103.514 103.081 103.183 103.144 103.348 103.104 103.191 103.087 102.974 103.504 103.096 103.04 103.116 103.355 103.021 102.706
65.4665 64.8545 65.1473 65.3013 65.162 65.1548 65.0049 65.2528 64.8924 65.2477 65.0064 65.3109 65.1996 64.4688 65.1946 65.3077 65.298 65.1794 65.122 64.9809 65.1207 65.1513 65.1431 64.7787 65.1478 65.242 65.3008 65.0552 65.2296 65.1102
142.394 142.507 142.616 142.541 142.453 142.438 142.579 142.325 142.656 142.317 142.96 142.172 142.425 142.707 142.524 142.549 142.361 142.385 142.707 142.439 142.45 142.329 142.327 143.046 142.421 142.405 142.426 142.887 142.45 142.421
5.63929 5.66204 5.62456 5.60608 5.59364 5.59519 5.62685 5.61368 5.57819 5.58566 5.58884 5.58061 5.56194 5.58552 5.54383 5.55721 5.56995 5.55529 5.57275 5.55197 5.55637 5.55239 5.54119 5.60566 5.54564 5.54149 5.53892 5.58243 5.53206 5.53274
4.41875 4.42223 4.44885 4.47238 4.25792 4.25708 4.45197 4.45299 4.43903 4.39963 4.38586 4.28657 4.43485 4.41916 4.43144 4.42398 4.39127 4.4326 4.39052 4.41319 4.41178 4.41059 4.42569 4.30664 4.43219 4.45797 4.41392 4.37375 4.44939 4.48734
14.4914 14.2479 14.5996 14.7463 13.5699 13.4809 14.6484 14.6946 13.7236 13.6104 13.5737 13.4279 13.807 13.9002 13.3773 13.6931 13.7941 13.7311 13.7128 13.7004 13.5579 13.5946 13.6257 13.342 13.5872 13.5665 13.4088 13.627 13.3795 13.538
4.50083 4.51177 4.52103 4.52543 4.47268 4.46403 4.50788 4.52817 4.6408 4.62767 4.5882 4.44171 4.64065 4.6472 4.62515 4.62722 4.6411 4.62941 4.59523 4.6299 4.64457 4.63872 4.62021 4.59499 4.6355 4.61734 4.61724 4.58904 4.60623 4.59931
4.45325 4.45282 4.43609 4.43731 4.44084 4.43822 4.44008 4.43921 4.47018 4.45929 4.48095 4.44599 4.4582 4.46689 4.46791 4.46772 4.46347 4.46596 4.49082 4.46077 4.48492 4.4582 4.457 4.49154 4.46378 4.45981 4.46403 4.47007 4.46093 4.44618
5.56998 5.5848 5.63457 5.6574 5.58381 5.59497 5.60741 5.59613 5.55183 5.48385 5.52303 5.51913 5.51582 5.53952 5.53305 5.52976 5.50363 5.49797 5.4817 5.51595 5.51486 5.5072 5.50034 5.4837 5.53567 5.53982 5.51964 5.47808 5.51056 5.56421
4.39191 4.11889 4.22411 4.29261 4.28741 4.30199 4.15694 4.32605 4.46696 4.60342 4.39755 4.40751 4.60489 4.35366 4.64098 4.60701 4.64659 4.61822 4.60229 4.55446 4.6162 4.59542 4.58606 4.47328 4.62821 4.61034 4.64792 4.48645 4.65793 4.59486
4.25343 4.25775 4.25282 4.26451 4.20703 4.22079 4.24868 4.25309 4.36067 4.34598 4.35119 4.19045 4.35395 4.34748 4.36399 4.34077 4.35396 4.35229 4.31235 4.33594 4.34312 4.34295 4.3352 4.37171 4.35788 4.33517 4.33854 4.35854 4.33755 4.32837
7.954 7.98763 8.0829 8.1074 7.99179 7.99084 8.05705 8.04378 8.01434 7.98257 7.9271 7.95068 8.01486 7.99392 7.9874 8.00167 7.98289 7.97108 7.91789 7.99433 7.99765 7.99501 7.98877 7.91808 7.99094 8.00428 7.98119 7.91809 7.98687 8.00387
93.9578 93.4647 93.7378 93.714 93.6912 93.7391 93.853 93.7517 93.6506 92.6144 93.2223 93.5899 93.3974 93.0486 92.8772 92.9875 92.8105 93.098 92.7064 93.5332 93.1732 93.3826 93.4841 92.7791 92.8751 93.3974 93.0908 93.1535 93.3239 93.3774
76.0364 75.9177 75.8813 75.8583 76.3297 76.2921 75.7349 75.7957 75.8201 76.1877 75.8124 75.9087 75.8324 76.0116 75.8561 76.2515 76.3313 75.9667 76.0627 75.7499 75.8431 75.8282 76.1991 75.9305 75.8754 75.5201 76.1096 75.8519 76.2502 76.2895
71.4002 71.9674 71.4176 71.9744 72.7658 72.7856 71.26 71.1971 72.4194 73.2114 72.6068 72.3305 72.4528 72.3235 73.0788 73.4179 72.8446 72.6091 72.6791 72.4791 72.8038 72.3511 72.4932 72.9981 73.3023 72.3619 72.9431 72.1439 72.6214 72.7132
82.4332 82.6029 82.5001 82.4326 82.6429 82.6008 82.4472 82.2552 82.4527 83.007 82.7844 82.9489 82.3946 82.1303 83.1984 82.7386 82.4066 82.2707 82.5858 82.4737 82.4373 82.4723 82.631 82.9352 82.6433 82.4708 82.6752 82.3989 82.6645 82.6596
96.6241 96.7948 96.9209 97.4697 98.0851 98.1929 96.565 97.1233 97.7181 97.5783 97.0714 97.5906 97.9929 99.0812 98.3888 98.1002 98.4739 98.0936 98.8182 97.804 97.7968 97.8104 96.968 97.6065 97.9502 97.8251 98.0141 98.7676 97.4606 97.5424
65.5515 65.655 65.4754 65.7022 65.9089 65.9643 65.6903 65.612 65.6797 64.7154 65.3923 65.3398 65.6007 65.2764 64.9661 65.5679 65.0541 65.6461 64.9857 65.5624 65.4231 65.8449 65.6432 64.8146 65.5559 65.6669 65.5561 64.9668 65.5721 65.728
142.43 142.588 141.913 142.237 142.631 142.672 142.226 141.8 142.163 142.212 142.094 141.913 141.594 142.21 142.109 142.347 142.386 142.05 142.554 141.463 141.904 141.455 142.011 141.653 142.141 141.401 141.575 141.906 141.516 141.85
5.59303 5.58861 5.60733 5.62047 5.603 5.60224 5.58091 5.60369 5.60237 5.66303 5.61829 5.58211 5.61757 5.65501 5.6712 5.65656 5.65615 5.57351 5.59829 5.6118 5.54637 5.59986 5.61603 5.61221 5.55024 5.59178 5.59104 5.64907 5.60297 5.59426
4.61858 4.63703 4.59803 4.67436 4.20576 4.20487 4.64082 4.56085 4.46305 4.42244 4.53075 4.24001 4.51694 4.53073 4.51695 4.45987 4.43841 4.39364 4.45644 4.55276 4.37283 4.53316 4.38321 4.42919 4.37441 4.4646 4.39397 4.57381 4.36524 4.34775
4.48322 4.46755 4.50643 4.48323 4.46779 4.4698 4.48499 4.47984 4.501 4.48026 4.49984 4.42776 4.48984 4.47462 4.53366 4.53476 4.48218 4.50145 4.48264 4.52344 4.56928 4.51103 4.49347 4.50821 4.50391 4.48573 4.51104 4.51874 4.51303 4.50014
4.39478 4.37855 4.39536 4.39477 4.37364 4.36919 4.38736 4.39561 4.44014 4.46219 4.42394 4.34573 4.45742 4.46417 4.41947 4.43697 4.43913 4.44674 4.39618 4.45557 4.46377 4.43948 4.4358 4.42481 4.43092 4.44747 4.43254 4.42391 4.43206 4.42669
5.70892 5.77896 5.72081 5.76202 5.83407 5.83346 5.72996 5.67469 5.66425 5.65026 5.61412 5.45304 5.55227 5.66509 5.70815 5.69931 5.67795 5.64995 5.6812 5.53509 5.63482 5.49469 5.48901 5.54924 5.66094 5.53168 5.55257 5.58398 5.3626 5.39251
4.41183 4.44946 4.49602 4.4705 4.37242 4.37033 4.48978 4.5144 4.52961 4.33373 4.41832 4.24483 4.56701 4.68594 4.36981 4.51284 4.57702 4.59161 4.55604 4.52236 4.52629 4.65123 4.55287 4.38944 4.63149 4.5766 4.58406 4.54197 4.5695 4.60063
4.27767 4.26873 4.26413 4.25571 4.22362 4.2185 4.27726 4.28199 4.56252 4.54398 4.55614 4.21297 4.54971 4.57746 4.55466 4.54186 4.55323 4.56301 4.59276 4.54058 4.5415 4.56344 4.5519 4.55441 4.55718 4.53606 4.55608 4.59295 4.55739 4.55589
7.91115 7.89429 7.86896 7.8864 7.88471 7.90241 7.87825 7.84413 7.87114 7.92013 7.88152 7.74107 7.81132 7.78289 7.76576 7.86652 7.85717 7.84801 7.92613 7.79263 7.88512 7.79801 7.85509 7.79585 7.84121 7.78271 7.76281 7.84896 7.73592 7.77937
93.4398 92.8783 93.2782 93.1439 92.801 92.7844 93.4216 93.5849 92.5539 92.6389 93.144 93.5017 93.0463 92.5108 93.0039 92.4293 92.0723 92.2401 92.0522 93.1418 92.1271 92.8343 93.2181 91.8173 91.7537 93.0724 91.9298 93.0234 92.1899 92.0811
75.5966 75.4664 75.6076 75.6279 75.4999 75.5215 75.5947 75.4112 75.9707 75.9874 75.8248 75.9044 75.6354 75.4464 75.3212 75.4222 76.2079 75.8622 75.651 75.6239 75.6327 75.9513 76.0204 75.6772 75.541 76.1151 75.5386 76.3371 75.809 75.8922
72.3465 72.7673 72.8157 72.4788 72.9129 73.0667 72.4961 71.9499 72.8531 73.0248 72.8548 73.1872 72.5482 73.5537 72.4064 72.5659 72.4917 73.2725 72.7463 72.5573 73.1754 72.8426 74.5014 73.8791 74.3142 73.7084 73.4918 73.4186 74.3021 73.699
81.192 80.7947 81.142 80.7347 82.0876 82.1064 80.7821 80.3095 82.9842 82.4662 82.2554 81.6995 82.0113 81.9366 82.5327 82.1866 82.0861 82.7449 82.4319 82.215 83.0103 81.9567 82.565 82.3788 82.9805 82.412 82.491 82.2934 82.4948 82.3079
65.9945 66.2677 66.1178 66.0679 65.9301 65.8928 66.2409 66.0648 66.3885 65.921 65.9013 66.0487 65.95 65.6562 65.7944 65.793 65.471 65.9152 65.7243 66.0564 65.9108 65.7714 65.95 65.5272 65.6805 66.0709 65.4876 65.9338 65.6766 65.5603
136.79 137.455 136.477 137.383 138.027 138.12 136.611 136.09 138.022 139.096 136.329 136.708 135.939 137.299 136.682 138.103 138.266 137.71 137.779 136.112 137.262 136.464 136.999 136.742 138.338 136.748 136.61 135.848 137.719 138.33
11.0304 11.0898 11.0031 11.0717 11.0672 11.0858 11.0652 11.0949 10.8628 11.0953 10.821 10.8677 10.3266 11.2925 11.0962 11.1697 11.3957 11.6412 11.3227 10.9515 9.71314 10.6015 11.1516 10.4413 11.0124 10.7354 9.73708 10.7319 10.4217 10.8993
5.55849 5.62674 5.6655 5.56103 5.69667 5.71053 5.6265 5.55964 5.89862 5.86086 5.82595 5.52471 5.81363 5.84965 5.88136 5.78536 5.85547 5.88458 5.87252 5.77555 5.86092 5.76415 5.57591 5.80067 5.87709 5.82518 5.83172 5.88427 5.79142 5.77939
4.58316 4.64765 4.65637 4.63253 4.13408 4.13539 4.61741 4.57294 4.63829 4.54937 4.5884 3.99328 4.60345 4.69879 4.61848 4.5343 4.58483 4.65237 4.63076 4.57743 4.59415 4.5625 4.51014 4.65011 4.68216 4.49855 4.71687 4.44713 4.67496 4.55823
4.61474 4.58594 4.62633 4.59602 4.53618 4.5459 4.61558 4.58077 4.60741 4.56235 4.59106 4.48271 4.5488 4.625 4.6178 4.55762 4.63113 4.57112 4.51095 4.55488 4.62541 4.55398 4.59974 4.60843 4.65877 4.5884 4.62382 4.53575 4.67868 4.6563
4.56013 4.62227 4.58946 4.59161 4.54489 4.54599 4.58366 4.61049 4.52613 4.55558 4.53277 4.4639 4.52814 4.53599 4.52127 4.57965 4.55898 4.51503 4.54597 4.52643 4.52314 4.51674 4.50756 4.52916 4.51164 4.526 4.53888 4.53326 4.54525 4.55563
4.5181 4.30432 4.40846 4.37078 4.4762 4.50536 4.36339 4.41816 4.93821 4.84286 4.60085 4.34361 4.66374 4.86305 4.7296 4.85496 4.98653 4.8594 4.79023 4.63438 4.85996 4.67402 4.7325 4.81474 4.84491 4.64914 4.90511 4.7441 4.95536 4.89744
4.36766 4.37033 4.3527 4.37138 4.33471 4.33926 4.37057 4.4094 4.45259 4.66008 4.34036 4.2174 4.37488 4.39689 4.37429 4.46931 4.48619 4.39585 4.55123 4.35644 4.35983 4.35204 4.40112 4.36385 4.33988 4.39529 4.37789 4.32074 4.51358 4.77279
7.88102 7.96635 7.67362 7.95157 7.94043 7.94882 7.7507 7.82483 7.81158 8.09319 7.70507 7.87152 7.65519 7.58434 7.77846 8.04376 7.88885 7.7882 7.88766 7.75661 7.7305 7.78476 7.90806 7.81607 7.80817 7.86961 7.90407 7.66705 8.10853 8.40069
93.6567 93.7114 93.9558 94.0562 93.6493 93.6011 93.7108 93.9348 93.1809 93.3295 93.7234 93.5915 93.4994 93.3216 94.1445 93.9609 93.5387 93.7475 93.8005 93.4762 92.8806 93.2183 92.9328 93.2101 93.262 93.3587 93.228 93.6385 93.2137 93.1475
75.4572 75.6869 75.6288 75.7602 75.6067 75.5774 75.6473 75.3787 74.9549 75.5287 75.6454 75.2666 75.6729 75.3212 75.4724 75.6872 75.068 75.3244 74.9688 75.2902 75.07 75.1196 75.3935 75.4051 75.385 75.1893 75.5759 74.8694 75.5136 75.6073
69.3715 70.7339 70.7121 70.3505 70.9498 71.0181 70.7032 68.7551 72.0892 73.5316 73.8263 73.1024 73.3652 72.0923 72.0026 73.4531 73.1494 72.7461 72.4271 73.4553 72.1789 73.4646 73.6726 72.8041 72.0753 73.9163 72.0908 73.2481 72.1533 72.9907
80.5956 81.1772 80.9869 81.0279 81.479 81.4379 80.9684 80.0119 82.4998 83.2881 83.6675 84.1006 82.6312 82.804 82.6632 82.5344 82.5557 82.905 82.7147 83.5459 82.3302 83.0242 84.6455 83.3149 82.9553 83.6968 83.2848 83.9714 83.1949 84.2156
97.2084 96.8742 97.6062 97.6675 98.5718 98.8135 97.8551 97.1533 99.0567 98.749 97.982 98.5916 98.3245 98.5191 96.9064 97.8827 101.48 98.1723 98.2397 98.926 98.122 100.738 97.6548 98.6316 98.9607 99.8748 97.9442 97.136 99.1738 100.329
64.6138 65.1184 64.9943 65.041 64.8251 64.7163 64.6593 64.423 65.3969 65.8994 65.1095 64.4349 64.9549 64.9719 64.9903 65.4517 65.1022 65.2694 65.228 65.3939 64.7549 65.0682 64.655 65.4001 65.3379 65.0788 65.3708 65.27 65.9728 65.7056
141.63 141.886 141.861 141.682 141.07 141.086 141.838 141.708 141.003 142.52 141.596 141.369 141.443 142.345 140.678 141.744 142.685 141.841 141.493 141.683 141.141 141.65 141.724 142.656 142.394 141.72 142.518 141.289 142.765 143.112
5.62216 5.02207 5.49106 5.44429 5.50073 5.49683 5.47323 5.46874 5.0974 5.50921 5.91329 5.55279 5.59294 5.60479 5.64209 5.40948 5.11665 5.66826 5.63718 5.47166 5.43619 5.47229 5.40403 5.61187 5.59506 5.35718 5.61329 5.28507 5.61912 5.58066
4.35251 4.45698 4.52026 4.44872 4.31941 4.3147 4.50058 4.33122 4.50652 4.41691 4.40864 4.36879 4.4243 4.4168 4.44703 4.42189 4.39479 4.51054 4.49012 4.47379 4.35641 4.51653 4.41582 4.40969 4.42284 4.57589 4.40591 4.3966 4.45645 4.29416
4.50166 4.46836 4.47442 4.47369 4.47564 4.47628 4.47082 4.49441 4.35994 4.33194 4.39645 4.42577 4.41212 4.4789 4.43268 4.38264 4.3782 4.40455 4.44767 4.36273 4.38321 4.35859 4.39066 4.45583 4.41076 4.35643 4.43867 4.37717 4.4298 4.40794
4.50003 4.46429 4.47837 4.43974 4.39106 4.40449 4.4669 4.5559 4.32817 4.36122 4.4072 4.24184 4.4019 4.4175 4.4314 4.28894 4.33406 4.41615 4.40063 4.32303 4.42097 4.30494 4.16912 4.39648 4.40838 4.31959 4.40505 4.31869 4.39847 4.40096
5.28076 5.41461 5.42019 5.42023 5.27409 5.30833 5.43386 5.29634 5.47686 5.48791 5.43411 5.49207 5.27031 5.35994 5.15874 5.20605 5.73782 5.29791 5.2156 5.31609 5.48948 5.60848 5.17996 5.46851 5.66435 5.49901 5.37938 5.16753 5.50564 5.61141
4.93739 4.69064 4.81153 4.68814 4.63809 4.6639 4.94841 5.08253 4.75616 4.50102 4.60023 4.82193 4.67575 4.53685 4.70609 4.50581 4.83854 4.65701 4.53354 4.56016 4.79481 4.68882 4.25379 4.67711 4.76349 4.53538 4.69554 4.47945 4.74171 4.6264
4.59488 4.47333 4.47762 4.4721 4.51247 4.53245 4.54149 4.65204 4.5659 4.62383 4.51046 4.31181 4.64161 4.57304 4.60013 4.65162 4.5836 4.56353 4.5685 4.5363 4.63279 4.53736 4.46221 4.522 4.53351 4.51969 4.54449 4.47361 4.50577 4.45964
7.62687 7.73208 7.67328 7.688 7.56578 7.55827 7.68183 7.63578 7.39347 7.6491 7.6287 7.55935 7.59904 7.62309 7.48214 7.63965 7.68845 7.60403 7.60486 7.5289 7.52396 7.56536 7.58077 7.72012 7.71229 7.56183 7.70583 7.49495 7.69803 7.75573
90.3983 91.0529 90.6977 91.1819 90.1737 90.131 90.2477 90.454 92.6267 93.3118 93.2283 91.2903 92.7216 93.6149 94.1418 92.9025 92.4188 93.9595 93.2698 92.6532 92.6151 92.9412 92.6756 93.2863 93.3268 90.1208 93.2098 90.8523 93.3423 92.7328
76.1686 75.9971 75.6583 76.128 75.7099 75.6566 76.1466 76.2537 74.9269 75.5205 75.9521 75.2483 75.2829 75.6167 74.8634 75.6173 76.2635 74.7533 75.3659 76.2675 75.4377 75.6052 76.0914 75.3471 75.8267 76.0716 75.7127 75.8107 75.1347 75.359
76.316 75.755 75.777 75.8812 76.2028 76.3071 76.1625 76.1373 73.2594 71.6658 74.7996 75.5878 72.5896 71.5241 72.1154 74.6172 73.9952 72.2975 73.0831 74.2111 73.1904 73.119 71.6629 72.6979 72.5609 74.3088 72.1432 75.267 72.7144 73.1754
83.1912 82.9052 83.4393 82.7922 83.748 83.8403 83.8705 83.5469 83.4878 82.9263 83.334 83.2748 83.2751 82.7464 82.4324 84.2902 83.6621 80.9132 82.2049 83.8375 83.2451 83.3605 82.8839 82.9164 83.0525 82.3074 82.9404 83.3654 82.9932 83.5937
105.76 105.55 106.678 105.094 105.834 105.738 107.312 106.208 106.333 105.777 105.971 106.938 105.665 104.678 104.071 105.884 105.423 105.899 104.76 106.128 105.844 106.109 105.887 103.224 104.863 106.115 102.113 106.943 101.667 104.464
67.4355 67.8931 67.8562 67.6808 67.3076 67.3475 67.0519 67.184 64.9247 65.6577 65.2032 67.6949 65.1259 65.272 64.9191 66.644 65.2293 65.1016 65.3252 65.3004 65.1912 64.9193 66.3447 64.6437 64.9282 66.1663 64.1223 67.0677 64.2937 64.8592
142.562 142.998 142.996 142.847 142.997 142.976 142.813 142.593 142.997 143.032 142.854 143.317 142.208 142.201 141.714 143.233 143.12 143.027 142.858 143.334 142.453 142.994 143.199 141.87 142.409 143.773 141.597 144.347 141.625 142.129
6.02586 5.99057 5.99284 5.97367 6.17485 6.18466 6.12901 6.02292 5.56053 5.50409 5.3979 5.95397 5.60856 5.49328 5.54427 5.5804 5.65402 5.22885 5.56589 5.60805 5.57522 5.58953 5.60273 5.56157 5.55538 6.10057 5.54199 5.91123 5.52676 5.59371
4.34422 4.33978 4.33062 4.34444 4.16934 4.16978 4.34832 4.34741 4.39411 4.4659 4.41712 4.36499 4.44949 4.43453 4.39417 4.3614 4.34448 4.40425 4.48409 4.4335 4.43696 4.43109 4.34485 4.43017 4.38248 4.39542 4.42323 4.38169 4.41423 4.45129
4.41171 4.41407 4.40669 4.41495 4.38451 4.37706 4.39172 4.40087 4.53648 4.54971 4.50707 4.38114 4.59026 4.55706 4.56959 4.5388 4.51929 4.49598 4.55947 4.47607 4.51135 4.53456 4.54978 4.58373 4.54548 4.47782 4.37319 4.48462 4.50935 4.56582
4.59077 4.61164 4.60206 4.60103 4.51297 4.52304 4.56778 4.5758 4.43938 4.44325 4.3753 4.46743 4.46172 4.44539 4.47069 4.57058 4.47758 4.23567 4.46524 4.43355 4.48121 4.44512 4.45747 4.45719 4.4434 4.26219 4.43036 4.46208 4.43776 4.44426
5.59201 5.61109 5.58676 5.6191 5.5832 5.59443 5.62227 5.63169 5.85996 5.67491 5.65411 5.6174 5.64961 5.44442 5.49225 5.65904 5.70349 5.66161 5.50582 5.71559 5.59036 5.69059 5.64295 5.18464 5.65525 5.68034 4.87888 5.68006 5.17479 5.52254
4.44881 4.4594 4.48401 4.23913 4.51794 4.51501 4.61848 4.58858 4.65707 4.15275 4.41901 4.4581 4.69161 4.47455 4.6238 4.19637 4.69866 4.46526 4.63675 4.63745 4.64959 4.67372 4.19743 4.6103 4.68231 4.68326 4.74957 4.27571 4.76372 4.74414
4.16276 4.12361 4.16454 4.16356 4.14951 4.138 4.17724 4.1671 4.35524 4.36858 4.32314 4.25185 4.35184 4.30988 4.36742 4.53548 4.37217 4.34714 4.44407 4.33585 4.31117 4.34128 4.13278 4.2496 4.39748 4.22646 3.95802 4.28777 4.09926 4.25583
7.84861 7.80662 7.79323 7.83074 7.83664 7.83785 7.79015 7.86105 7.87243 7.80831 7.78507 7.82269 7.79776 7.77959 7.78525 7.86038 7.86727 7.80653 7.7206 7.83598 7.74024 7.83798 7.72535 7.79592 7.79848 7.79012 7.80421 7.84425 7.80533 7.79604
90.4836 90.913 90.7345 90.5277 90.589 90.4914 90.7637 90.2941 93.978 92.2772 89.9868 90.6208 92.202 93.1115 92.7187 92.9581 92.7555 93.6882 91.7573 92.218 92.2118 92.5846 92.2264 92.6204 92.4206 91.8331 92.4343 92.8801 92.5907 92.49
76.2743 76.0506 75.8019 76.1733 75.8706 75.8775 75.8584 76.054 75.3225 76.5009 75.7603 75.3526 76.3286 75.098 75.9085 76.2021 75.1128 75.459 76.2167 76.0446 76.2418 76.1115 75.9768 75.9041 75.3617 76.1867 75.9142 76.3206 75.7929 75.6714
76.8203 75.4729 75.1893 76.1814 76.379 76.4354 75.4157 76.3175 73.2696 74.0776 76.6402 76.1362 74.0968 72.295 74.3702 74.6736 73.2719 71.5451 73.9093 73.0116 73.1078 72.2607 73.0975 73.3422 72.2523 74.8953 73.2017 74.5094 73.2852 73.0845
85.0615 84.6787 84.5864 84.8793 84.7321 84.7544 84.6313 84.7943 83.0527 83.3518 83.9244 84.4627 83.4117 82.0934 82.1774 84.1865 83.6911 82.7086 83.8001 82.4358 83.6647 82.2634 82.6607 83.0368 81.8608 83.641 83.2385 83.9159 82.6263 82.6676
106.143 106.455 106.391 106.524 106.046 105.977 106.291 106.255 105.342 105.811 106.532 105.607 106.05 104.855 105.543 106.097 106.102 104.967 105.718 105.192 104.388 105.046 105.877 103.989 105.202 105.862 103.584 106.014 103.103 103.651
66.7531 66.905 67.2619 66.9836 66.2847 66.3649 67.2475 67.1008 66.4797 68.6343 66.5141 66.241 66.0763 65.6051 66.1613 66.2455 64.9655 65.4002 67.7529 65.4001 65.0065 65.6244 65.6032 65.2634 65.1564 64.8517 64.8006 65.3581 65.7159 65.5042
144.509 145.062 144.926 144.877 143.955 143.934 144.244 144.354 143.613 142.755 143.63 143.747 142.336 141.696 142.205 143.179 141.756 142.379 142.965 142.723 141.71 142.502 143.378 142.548 141.568 143.244 142.664 143.104 142.046 141.586
6.06851 6.04736 6.19902 6.14933 6.19727 6.21914 6.09875 6.17238 5.66794 5.66963 6.07397 6.04096 5.65287 5.58525 5.71138 5.59255 5.9164 5.59467 5.67414 5.8505 5.60525 5.67752 5.68694 5.62941 5.50925 5.66555 5.58268 5.53779 5.5989 5.64028
4.59743 4.58216 4.53744 4.60428 4.10425 4.08739 4.53935 4.57999 4.601 4.29915 4.40786 4.37075 4.4345 4.51079 4.31793 4.34257 4.64969 4.55181 4.37138 4.35758 4.5313 4.53727 4.49509 4.4538 4.51222 4.41753 4.54818 4.28785 4.55601 4.54025
4.46342 4.44486 4.46569 4.44764 4.42914 4.4346 4.4747 4.47925 4.57248 4.66874 4.61731 4.45906 4.72688 4.60921 4.65256 4.61869 4.62622 4.61902 4.61044 4.65233 4.6229 4.627 4.66037 4.66046 4.59331 4.62888 4.65343 4.63098 4.66466 4.67228
4.39186 4.39319 4.40279 4.39976 4.34155 4.32626 4.40447 4.40092 4.45018 4.50381 4.45574 4.33832 4.43134 4.46497 4.43108 4.43169 4.4623 4.42454 4.4429 4.57998 4.40273 4.45839 4.46139 4.45371 4.49514 4.44901 4.42957 4.43348 4.47371 4.46757
5.97233 6.00327 6.02072 5.98663 6.02122 6.04292 5.95673 5.95307 5.97471 5.73639 5.75356 6.2168 5.82347 5.74132 5.7003 5.70555 5.94034 5.93626 5.90041 5.31154 5.52219 5.59052 5.93269 5.74658 5.73314 5.83236 5.82676 5.72201 5.68823 5.83529
4.24707 4.25923 4.30771 4.26131 4.22239 4.21082 4.27971 4.28001 4.70031 4.17695 4.54068 4.28166 4.55901 4.52871 4.50539 4.15145 4.37065 4.43265 4.60714 3.91864 4.44692 4.20335 4.35519 4.57259 4.48957 4.43235 4.43068 4.19133 4.79942 4.64175
4.25507 4.25048 4.24378 4.25735 4.23208 4.24184 4.2515 4.25424 4.34462 4.32885 4.33723 4.20908 4.31922 4.32675 4.28875 4.3606 4.30499 4.27909 4.43544 4.33032 4.24621 4.34507 4.36751 4.33238 4.30242 4.31084 4.29894 4.28955 4.3439 4.33368
7.84881 7.85503 7.83638 7.84175 7.80406 7.80533 7.83724 7.86177 7.98462 7.80574 7.86248 7.97817 7.81369 7.8576 7.74216 7.75856 7.91662 8.30445 7.88422 7.46062 7.74105 7.68707 7.80306 7.86997 7.8008 7.86518 7.8867 7.77792 7.88187 7.90419
91.1781 91.5092 91.6268 91.377 90.8227 90.7359 91.8924 91.6781 91.8243 91.5352 91.5445 90.8205 92.2463 91.4488 89.3999 91.739 89.1696 91.6122 91.1393 91.6008 91.5927 91.7479 91.4418 91.9056 91.6716 91.8509 92.0542 90.9978 92.0278 91.8722
154.061 154.779 153.723 154.283 153.649 153.639 154.078 153.738 154.704 154.133 155.185 153.917 155.958 154.597 155.145 154.868 155.201 155.082 153.915 154.37 154.447 154.225 154.188 153.797 154.549 154.486 153.725 154.47 153.729 153.804
76.4453 76.3833 76.2917 76.2921 76.5436 76.5271 76.3021 76.2747 76.4391 77.0062 76.1996 76.4159 76.405 76.8796 77.0975 76.2709 76.8891 76.1896 75.4068 76.032 76.1915 76.1803 76.0279 76.0581 76.2625 76.0979 75.819 76.3218 75.7592 75.7866
75.6293 75.5323 75.2497 75.3267 75.5397 75.4824 75.3718 75.3129 74.4627 75.4362 74.3878 75.5134 73.6895 74.5303 77.663 73.996 76.4501 74.8874 74.7071 74.1457 74.2755 73.0439 74.3561 72.8366 74.0588 73.8385 73.6289 73.8693 73.6394 73.8952
84.1974 84.129 83.8218 83.9309 83.8258 83.8541 83.9831 83.9367 83.3353 84.5892 83.2841 84.1574 82.2688 82.4827 84.1494 83.7198 83.79 83.0238 81.9107 82.6973 82.7852 82.3114 82.6069 82.3695 83.1556 83.0147 82.5146 83.448 82.5954 82.8697
67.2424 67.2902 67.3316 67.5286 66.828 66.7632 67.5334 67.2539 67.4395 66.8012 66.1149 66.0728 66.325 67.7615 66.5043 65.7846 68.2344 68.0454 68.0562 66.2539 66.3046 66.2644 66.7708 66.2067 65.792 66.2611 66.5494 65.4195 66.5162 66.3709
143.954 143.704 143.26 143.402 143.437 143.391 143.405 143.483 142.054 141.105 142.098 141.755 141.717 140.735 143.173 141.492 143.128 142.311 142.132 140.643 140.569 140.324 141.698 140.476 141.642 141.404 140.181 141.991 140.239 140.517
6.19908 6.18827 6.17338 6.18343 6.11088 6.11429 6.15932 6.18887 6.80877 6.59464 6.56079 6.05908 6.42373 6.54571 6.47739 6.44822 6.42739 6.4816 6.52203 6.63143 6.56781 6.58075 6.6429 6.62446 6.51088 6.50007 6.56258 6.52391 6.52332 6.5117
7.65512 7.70289 7.24231 7.62914 7.29286 7.27546 7.49732 7.57108 7.32324 7.03339 7.69697 7.3548 7.60641 7.48453 7.49248 8.00508 7.54024 7.55135 7.07078 7.32487 7.39215 7.38088 7.5358 7.14968 7.42248 7.62963 7.2223 7.77588 7.2117 7.26885
4.67306 4.6768 4.66181 4.68729 4.45796 4.45961 4.68946 4.67461 4.56044 4.66017 4.88974 4.5242 4.6105 4.68425 4.86296 4.89112 4.74042 4.52915 4.59809 4.7841 4.64575 4.7802 4.60991 4.69119 4.72435 4.74444 4.83396 4.77655 4.85865 4.84281
4.74608 4.74714 4.74768 4.74284 4.73304 4.73134 4.75075 4.74573 4.85826 4.93736 4.90232 4.69678 4.85395 5.01117 4.96502 4.95456 5.05289 4.80043 4.85675 4.89577 4.8455 4.88359 4.78409 4.82071 4.90583 4.87568 4.8737 4.92688 4.88383 4.87922
4.55101 4.55294 4.5636 4.56508 4.50079 4.49069 4.55523 4.55998 4.81884 4.77737 4.62165 4.46022 4.72977 4.68848 4.64443 4.60705 4.66897 4.87385 4.78447 4.65114 4.62144 4.65166 4.64813 4.64979 4.6159 4.67759 4.65169 4.62124 4.64736 4.64222
4.21809 4.195 4.18127 4.12516 4.31331 4.30188 4.15988 4.19094 4.74281 4.59445 4.51193 3.8634 4.24443 4.76603 4.55987 5.0498 4.52585 4.72602 4.77646 4.68628 4.70557 4.74431 4.70464 4.76646 4.57902 4.57213 4.7733 4.71612 4.77614 4.71823
4.28237 4.28564 4.29515 4.29772 4.22691 4.21779 4.29969 4.2922 4.48608 4.57169 4.50658 4.22249 4.56984 4.61718 4.47024 4.45889 4.35908 4.51695 4.61096 4.53946 4.47539 4.51578 4.53817 4.51238 4.49005 4.52622 4.49204 4.57008 4.49605 4.50214
8.48081 8.48144 8.47698 8.50784 8.41907 8.40456 8.41604 8.48194 8.24179 7.96539 8.20264 8.13979 8.2819 7.74049 8.40689 7.86608 8.22989 8.47641 8.17177 8.05217 8.14234 8.07577 8.15263 8.29084 7.95735 8.37282 8.21927 8.16695 8.09602 8.08095
92.4754 92.6064 92.3239 92.202 92.1434 92.1105 92.3251 92.3242 92.7815 92.4189 92.1152 91.8193 91.594 91.3147 91.5594 91.7589 92.7333 92.4193 91.9492 91.7788 91.8242 91.5745 91.8842 91.6244 91.4415 91.7524 91.9082 91.603 91.9497 91.9256
75.2857 75.3985 75.2663 75.3701 75.3739 75.4002 75.2225 75.1726 75.7052 75.5433 75.4893 75.8815 75.627 76.1492 75.7353 75.6561 76.1254 75.5926 76.2261 75.502 75.6053 75.4292 75.4953 75.4093 75.6417 75.4959 75.3392 75.6365 75.3991 75.3968
72.5964 72.2837 72.3849 72.502 73.3455 73.3151 72.2765 72.9679 73.3694 73.6138 73.5051 73.7468 73.4194 74.6844 72.3239 73.6937 72.8684 73.8219 72.4981 73.7657 74.0164 73.8935 73.5471 73.4146 73.7034 74.1024 73.4873 74.0042 73.2088 73.4986
82.0624 81.9694 82.0112 81.8913 82.2859 82.2872 82.1481 82.323 82.5244 81.5491 82.3894 83.0743 82.6626 82.5716 82.9861 83.0407 81.2945 82.6304 79.5128 82.6115 82.8743 82.6467 82.7619 82.6627 82.7455 82.958 82.4909 82.96 82.4738 82.6257
66.24 66.1591 66.1094 66.1044 66.0475 66.0254 66.1438 66.2502 67.7465 65.5108 66.7528 66.3013 65.9992 65.6148 66.0317 66.2948 68.4539 68.1571 65.8566 66.3882 66.267 66.642 66.1825 65.7455 66.4536 66.282 66.4005 66.7714 66.4321 66.4514
137.995 137.809 137.385 137.768 137.663 137.646 137.971 137.589 138.103 136.391 137.938 136.682 137.511 138.508 136.384 137.827 138.693 138.166 136.269 137.608 138.135 137.105 137.574 136.656 137.761 136.761 136.438 137.11 136.041 136.347
12.4939 12.7134 12.6698 12.6705 11.5756 11.6129 12.7199 12.7939 11.7028 11.7219 11.4349 12.0284 11.4404 11.9125 12.7928 11.9434 11.8982 11.832 11.97 11.547 11.6521 11.523 12.1082 11.7767 11.806 11.6182 11.6964 11.5794 11.8198 11.7756
5.64308 5.5299 5.67085 5.67372 5.67929 5.67345 5.61141 5.69893 5.94135 5.71392 5.22597 5.48066 5.79588 5.87645 5.83334 5.743 5.96774 5.87634 6.01902 5.51022 5.65823 5.26424 5.73467 5.66147 4.817 5.43969 5.59867 5.08488 5.62406 5.64566
4.7358 4.5901 4.70204 4.64727 4.1952 4.20051 4.72184 4.80751 4.63876 4.58194 4.66002 4.22536 4.67659 4.59728 4.6379 4.65147 4.57176 4.67833 4.41793 4.65277 4.63498 4.64825 4.65207 4.655 4.62394 4.64173 4.63687 4.63875 4.64055 4.62996
4.61844 4.5714 4.5969 4.59801 4.50952 4.50176 4.60087 4.62994 4.57569 4.58546 4.52231 4.54034 4.54116 4.6509 4.55112 4.5491 4.61379 4.57212 4.54492 4.55754 4.5733 4.53246 4.59294 4.51564 4.53936 4.55872 4.52496 4.53517 4.51152 4.53383
4.52111 4.53241 4.53052 4.54452 4.50271 4.49433 4.51877 4.51839 4.53007 4.66087 4.41951 4.43222 4.51907 4.60906 4.48819 4.51175 4.60338 4.52665 4.74717 4.46073 4.4743 4.44845 4.4718 4.48826 4.47331 4.47749 4.48246 4.44286 4.4828 4.47806
4.53341 4.53412 4.53836 4.54724 4.44356 4.45891 4.53483 4.51128 4.84408 4.63531 4.28101 4.40991 4.8314 4.78816 4.79226 4.55544 4.91027 4.74653 4.81732 4.48286 4.601 4.40256 4.74153 4.82829 4.55006 4.56698 4.3918 4.38919 4.40558 4.39698
4.34761 4.40233 4.36139 4.37881 4.33741 4.35014 4.34743 4.31861 4.42031 4.31802 4.37404 4.27785 4.4106 4.37782 4.37232 4.56443 4.32417 4.49013 4.4939 4.36209 4.46381 4.3528 4.46805 4.32533 4.66285 4.31591 4.33851 4.32128 4.33827 4.33496
7.61814 7.72466 7.54668 7.61021 7.57554 7.5725 7.60167 7.49365 7.75891 7.39312 7.83718 7.53761 7.60059 7.83138 7.5281 7.75872 7.86243 7.76943 7.39474 7.68062 7.79189 7.60405 7.84484 7.17978 7.88848 7.25777 7.34902 7.63619 7.33132 7.36054
92.1449 92.1121 92.1084 92.0179 92.1322 92.1363 92.1325 92.2672 92.3899 92.3657 92.5657 92.3968 92.4067 91.8252 92.0695 92.0909 92.1879 92.297 92.0321 92.1921 92.0106 92.1682 92.0937 92.1457 91.8076 92.1822 92.0798 92.2055 92.1293 91.9417
153.352 153.634 153.406 153.676 153.47 153.497 153.227 152.756 153.265 153.048 154.9 152.448 153.011 152.584 153.399 153.324 152.742 152.735 153.139 153.121 152.939 152.876 153.005 153.068 153.162 153.082 152.969 152.963 153.056 153.372
75.648 75.5054 75.7535 75.7437 75.3768 75.3729 75.6438 75.7212 75.8373 75.1654 75.9187 75.1771 75.5667 75.5778 75.4575 75.5035 75.6652 75.4446 75.639 75.4871 75.5144 75.6525 75.5762 75.5041 75.6182 75.5195 75.4581 75.5657 75.4622 75.6994
72.7822 73.0158 72.5731 72.4441 73.2917 73.1934 72.3727 72.3814 73.2673 73.9793 73.6614 73.4778 73.1917 73.7475 73.3167 73.3701 72.7764 73.1988 73.4378 73.3402 73.2396 73.3289 73.2688 73.4094 73.1977 73.7827 73.4689 73.4816 73.4158 73.114
82.3716 82.4934 82.5567 82.6054 82.3168 82.2909 82.3296 82.3961 82.5822 83.4265 82.7116 82.8218 82.6654 82.8177 82.5865 82.835 81.4063 82.5421 82.1844 82.7526 82.7526 82.844 82.777 82.7292 82.8351 82.947 82.8035 82.8704 82.7678 82.7831
65.7346 65.7986 65.7591 65.6796 65.6812 65.659 65.657 65.7807 65.9196 65.6114 65.9665 65.9324 65.689 65.9632 65.3964 65.776 66.1609 65.7614 65.0811 65.6326 65.618 65.8587 65.6652 65.7175 65.5429 65.833 65.7249 65.8967 65.672 65.6654
139.054 139.295 138.934 139.07 139.451 139.319 138.522 139.197 139.454 139.631 139.656 139.124 139.357 139.884 139.704 139.52 139.789 139.377 138.684 139.433 139.335 139.398 139.35 139.329 139.248 139.459 139.417 139.444 139.328 139.329
6.04871 5.99967 6.03092 5.99806 5.91058 5.90884 6.02423 6.02419 6.45067 6.28458 6.43312 5.41952 6.42743 6.43288 6.28464 6.36663 6.50491 6.41275 6.55109 6.41527 6.37629 6.40702 6.40531 6.38027 6.37215 6.37686 6.37819 6.3904 6.36246 6.37749
7.39328 7.32189 7.45409 7.56528 7.25445 7.26892 7.42655 7.31421 6.80853 6.67797 7.06341 7.22387 6.74409 6.48207 6.92662 7.00769 6.56857 6.73894 6.76535 6.83214 6.77242 6.74984 6.81726 6.74018 6.92793 6.82931 6.81182 6.7279 6.81605 6.97835
4.57968 4.59603 4.52055 4.5169 4.39567 4.41688 4.54833 4.53608 4.59906 4.69919 4.73694 4.35981 4.66702 4.66367 4.60288 4.71098 4.64958 4.64592 4.6583 4.64938 4.70033 4.68826 4.66742 4.68699 4.67231 4.69373 4.70122 4.70678 4.70593 4.67223
4.66101 4.65138 4.65166 4.64627 4.6377 4.63629 4.66687 4.62301 4.85556 4.81312 4.87508 4.59783 4.84757 4.83133 4.84227 4.86202 4.8363 4.83649 4.86414 4.8478 4.83852 4.84388 4.84288 4.85157 4.8397 4.86343 4.85335 4.85787 4.85553 4.856
4.50924 4.48839 4.48956 4.48016 4.46529 4.46435 4.49856 4.48989 4.55735 4.46995 4.55855 4.42083 4.56443 4.58277 4.55613 4.56051 4.67506 4.55356 4.60154 4.5541 4.55536 4.54323 4.56101 4.55447 4.55851 4.55734 4.55752 4.55766 4.55777 4.54724
4.77627 4.67157 4.71531 4.6677 4.63256 4.65711 4.75509 4.77256 4.65551 4.65266 4.60332 4.42639 4.63214 4.67067 4.56996 4.60221 4.71515 4.69522 4.72901 4.65841 4.67359 4.63084 4.68813 4.67233 4.69414 4.59381 4.66978 4.6183 4.67467 4.61843
4.37741 4.34927 4.34161 4.33098 4.32418 4.32081 4.35527 4.35092 4.47725 4.44417 4.50435 4.25284 4.49525 4.41397 4.50171 4.47793 4.52027 4.48633 4.48581 4.49767 4.47734 4.48313 4.48738 4.48983 4.4748 4.4818 4.48722 4.47954 4.49382 4.48355
7.68303 7.77326 7.80443 7.7558 7.79436 7.7569 7.75124 7.82473 7.68486 7.77699 7.7094 7.94073 7.65295 7.83914 7.98781 7.69463 7.77877 7.6622 7.57765 7.67304 7.62312 7.66011 7.68618 7.68428 7.58827 7.67992 7.68005 7.67754 7.68589 7.6636
92.6808 93.0173 92.5053 92.4842 93.1685 93.1383 92.4756 92.7044 92.0319 92.6369 92.4346 93.0109 92.7081 92.5722 92.2855 92.4738 92.4814 92.4334 92.1257 92.3793 92.5801 92.5257 92.5121 92.4426 92.3844 92.4727 92.4932 92.4324 92.5265 92.4336
154.134 154.021 153.991 153.923 153.67 153.687 153.857 154.17 154.035 153.883 153.632 153.777 153.855 153.728 153.838 153.63 153.683 153.901 153.896 153.924 153.675 153.677 153.591 153.654 153.596 153.672 153.646 153.777 153.516 153.733
75.6042 75.7279 75.58 75.4454 75.6118 75.6995 75.2405 75.6797 75.5383 75.6374 75.2144 75.4127 75.4038 75.1745 75.5272 75.458 75.4031 75.5017 75.3398 75.5234 75.4231 75.4545 75.3617 75.3925 75.293 75.414 75.3525 75.4873 75.3406 75.3674
72.7171 72.5722 72.7108 72.9499 72.5533 72.5846 72.9811 72.6191 73.2521 73.0875 73.2573 72.7033 72.9697 72.7281 73.3098 73.1574 72.9528 73.2339 73.2722 73.2321 72.7804 72.7664 73.3176 73.2829 73.1931 73.0144 73.0313 73.0985 73.2576 73.3061
139.593 139.61 139.615 139.782 138.757 138.688 139.318 139.51 139.52 139.322 140.599 138.902 139.347 138.69 139.591 139.513 138.911 139.257 139.241 139.436 139.128 139.162 139.245 139.175 139.34 139.342 139.16 139.402 139.241 139.482
5.91948 5.91963 5.90353 5.89158 5.83939 5.84877 5.90163 5.88921 6.3611 6.34672 5.88507 5.79247 6.36369 6.3696 6.37184 6.34027 6.39613 6.38733 6.35411 6.36547 6.35312 6.36244 6.35518 6.36793 6.34852 6.34504 6.35467 6.351 6.33344 6.34403
7.88357 7.77952 7.7983 7.77582 7.85099 7.87143 7.7502 7.84689 7.18131 7.23119 6.95788 7.90431 7.18892 7.07034 7.20262 7.26385 7.26698 7.28791 7.24551 7.26087 7.24368 7.25419 7.22947 7.22165 7.23577 7.21867 7.24884 7.2243 7.19548 7.25749
4.49102 4.53629 4.47654 4.51079 4.18042 4.1806 4.53205 4.48641 4.55977 4.63146 4.50857 4.36311 4.56008 4.69428 4.54015 4.63943 4.61881 4.54321 4.67567 4.54221 4.62817 4.6347 4.61086 4.61543 4.62417 4.65359 4.64105 4.65784 4.63483 4.59843
4.50829 4.55973 4.49311 4.51706 4.54033 4.54203 4.50906 4.527 4.76747 4.75528 4.72944 4.51823 4.71598 4.72824 4.72961 4.7656 4.73779 4.70768 4.76376 4.70618 4.72702 4.72079 4.75713 4.74591 4.74396 4.75689 4.73624 4.76496 4.758 4.74563
4.34469 4.29071 4.3045 4.28833 4.26231 4.25651 4.28834 4.32589 4.4472 4.42457 4.44327 4.23069 4.46458 4.47068 4.4379 4.45099 4.52864 4.45931 4.4436 4.44948 4.45541 4.46183 4.45602 4.45407 4.45669 4.45316 4.45677 4.45091 4.45659 4.45464
7.94965 7.96171 7.94207 7.85991 7.7489 7.75765 7.76348 7.98011 7.64587 7.64741 8.04043 7.74057 7.69332 7.57002 7.79065 7.71436 7.56222 7.72518 7.59828 7.76153 7.6481 7.63061 7.64404 7.61554 7.65425 7.66964 7.62902 7.68302 7.66131 7.69636
94.2006 93.9468 93.8892 94.316 93.6036 93.5865 94.1811 94.0495 93.4979 93.6159 93.4078 93.5816 93.3146 93.5385 93.3515 93.5619 93.6078 93.37 93.457 93.4282 93.5781 93.5475 93.417 93.4156 93.4149 93.3795 93.5173 93.5602 93.3886 93.3746
75.9865 76.0636 75.9395 75.9906 75.5943 75.5853 76.0519 75.8845 75.7581 75.7365 75.7736 75.5023 75.6667 75.7528 75.8081 75.8246 75.674 75.6114 75.676 75.6013 75.664 75.7148 75.7749 75.723 75.6821 75.7075 75.6738 76.2555 75.7329 75.805
71.1451 71.2517 71.1058 71.2443 72.4414 72.6209 71.0415 71.1769 71.6119 72.034 72.5992 72.5247 72.0878 72.0995 72.0629 72.3033 72.0715 72.1754 72.0079 72.1057 72.1336 72.1942 72.3131 72.2659 72.3291 72.2111 72.3391 72.3194 72.3368 72.2043
81.9481 82.1234 82.1056 81.9998 82.1945 82.1778 82.1591 82.0118 81.9754 82.076 82.3861 81.9629 82.386 82.3441 82.2876 82.4381 82.2373 82.3217 82.3756 82.3004 82.2764 82.2496 82.4249 82.4035 82.4217 82.373 82.3716 82.5433 82.4247 82.4665
96.6958 97.0101 96.4753 96.474 98.0778 98.2656 96.4118 97.3202 98.439 97.7581 98.5232 97.8043 97.119 98.1548 97.3478 97.3443 97.586 97.7034 98.8258 97.6662 97.0398 97.3527 97.5545 97.3653 97.3256 97.238 97.1987 97.3404 97.2985 97.3277
65.198 65.335 65.0909 65.392 65.1091 65.1024 65.4641 65.236 65.3601 65.1027 65.4025 65.2315 65.0706 65.2927 64.9343 65.3694 65.3372 64.7586 65.3407 64.7752 65.3544 65.417 65.1095 65.2163 65.2512 65.3812 65.2946 65.4281 65.3674 65.208
140.555 140.969 140.525 140.275 140.81 140.875 140.505 141.025 140.977 140.408 141.5 140.503 140.665 141.02 140.486 140.595 140.318 140.531 141.205 140.522 140.415 140.342 140.375 140.392 140.38 140.509 140.431 140.813 140.453 140.409
5.4972 5.41504 5.50098 5.52179 5.43884 5.4249 5.53317 5.42988 5.55982 5.54495 5.58692 5.38371 5.56429 5.55083 5.58025 5.58711 5.58313 5.57531 5.53814 5.57253 5.54768 5.56836 5.56777 5.57649 5.56689 5.55625 5.55589 5.58866 5.58182 5.56648
4.5399 4.49885 4.56113 4.54287 4.4611 4.45817 4.53581 4.52289 4.60687 4.48635 4.66376 4.2297 4.52848 4.52639 4.49903 4.48837 4.49926 4.53773 4.54958 4.53395 4.4912 4.47068 4.44036 4.51356 4.48826 4.49016 4.48815 4.36616 4.49843 4.42799
4.45146 4.43832 4.45677 4.45049 4.40489 4.41162 4.44121 4.43412 4.44297 4.40315 4.51017 4.38716 4.4448 4.47383 4.44322 4.4412 4.43084 4.47039 4.45885 4.46604 4.44581 4.43784 4.44135 4.45337 4.44613 4.43292 4.46169 4.46211 4.4467 4.44574
4.38847 4.38191 4.39385 4.37785 4.36768 4.36405 4.3811 4.38298 4.42054 4.43218 4.39545 4.34798 4.41079 4.39758 4.42993 4.41197 4.42554 4.42965 4.38065 4.42857 4.40641 4.40838 4.40802 4.41503 4.40909 4.41271 4.40305 4.42307 4.40992 4.40292
5.23493 5.47826 5.20299 5.17054 5.54144 5.58581 5.04209 5.45697 5.26616 5.24143 4.88735 5.49308 5.14338 5.16884 5.04437 5.17931 5.20985 5.14517 5.23455 5.14598 5.15803 5.18593 5.1108 5.11771 5.12305 5.14648 5.15307 5.14958 5.09073 5.15546
4.45037 4.60005 4.56295 4.33308 4.37831 4.40388 4.47226 4.59411 4.75873 4.45912 4.60078 4.29983 4.67492 4.59261 4.59182 4.34093 4.37473 4.7076 4.6247 4.6776 4.3347 4.28748 4.45488 4.48451 4.43727 4.3437 4.43936 4.40999 4.34921 4.38251
4.25905 4.25217 4.25348 4.25805 4.19591 4.19607 4.26314 4.24887 4.5578 4.52797 4.55716 4.14588 4.532 4.56145 4.5425 4.53133 4.55605 4.55823 4.58634 4.55274 4.53854 4.54 4.53054 4.53568 4.53215 4.52523 4.53533 4.5468 4.53138 4.53995
7.19819 7.43244 7.29794 7.2378 7.53094 7.54479 7.3661 7.41062 7.33617 7.34871 7.47747 7.41724 7.40292 7.48488 7.3522 7.42641 7.4137 7.39972 7.44654 7.39325 7.38006 7.36566 7.39659 7.38714 7.39607 7.38724 7.39431 7.39599 7.38938 7.41425
93.1161 93.0966 93.1067 93.364 93.1129 93.1202 93.0602 92.9903 93.4869 93.3056 93.6202 93.193 93.4458 92.9728 93.1625 93.5303 93.1881 93.1829 93.2425 93.3073 93.1343 93.2034 93.0548 93.2652 93.1853 93.1629 93.135 93.4733 93.2782 93.0385
75.7142 75.8533 75.6864 75.6507 75.4477 75.4786 75.7214 75.6716 75.3731 75.1409 75.1775 75.6547 75.1418 75.2105 75.2517 75.2662 75.2127 75.2835 75.2096 75.119 75.2063 75.1268 75.4153 75.1147 75.1159 75.1189 75.1085 75.45 75.1295 75.4888
73.5114 73.3487 73.239 72.8855 73.3638 73.2217 73.3794 73.2906 72.9226 73.2946 72.5195 73.2708 73.3601 72.9667 73.2892 73.6701 72.9021 72.7186 72.638 72.6684 72.9928 73.2833 73.2494 72.849 72.9691 72.8785 72.9837 73.9664 73.0357 73.3034
82.8219 82.7869 82.7569 82.7058 82.6195 82.6249 82.7543 82.8232 82.2123 82.4456 81.6783 82.5056 82.3948 82.501 82.5411 82.297 82.359 82.3618 82.2877 82.3097 82.539 82.5533 82.6186 82.5405 82.4867 82.3829 82.5551 82.8157 82.3959 82.6182
66.0147 66.0133 65.945 66.0407 65.9956 65.943 65.9207 65.9336 65.9696 66.0508 65.6466 66.1272 66.0962 65.8383 65.999 66.0211 66.0653 65.9596 65.8707 65.9573 65.9412 66.0098 65.9919 65.9894 65.9916 65.9774 65.9339 66.0085 66.0185 65.9846
136.1 136.237 135.935 136.051 137.082 137.071 136.043 136.275 136.362 136.458 137.346 137.408 136.557 136.539 136.611 136.41 136.182 136.166 136.135 136.137 136.385 136.624 136.635 136.371 136.407 136.273 136.498 136.171 136.174 136.52
13.0181 12.9953 12.9531 12.8645 12.7097 12.7893 13.0752 12.8889 12.6557 12.6487 12.6635 12.7256 12.851 12.6501 12.7875 12.6715 12.6395 12.5817 12.6746 12.6013 12.6221 12.6893 12.6543 12.656 12.6084 12.5709 12.6022 12.7404 12.657 12.6423
5.75891 5.76914 5.75416 5.73701 5.67185 5.67181 5.754 5.75263 5.90804 5.86914 5.87833 5.69994 5.89179 5.87513 5.87771 5.86062 5.86584 5.86285 5.87964 5.85359 5.85819 5.86113 5.86808 5.86581 5.85078 5.85004 5.84653 5.66791 5.85783 5.86732
4.72643 4.72045 4.68692 4.68866 4.2714 4.27557 4.68683 4.67909 4.63673 4.61113 4.6203 4.28724 4.6399 4.607 4.62917 4.60508 4.60001 4.59723 4.60019 4.58925 4.59457 4.60104 4.62505 4.59605 4.58971 4.58211 4.58009 4.6236 4.5899 4.6291
4.57218 4.57841 4.57454 4.56097 4.48115 4.48423 4.56732 4.58247 4.53606 4.55082 4.54921 4.46516 4.55755 4.52415 4.54413 4.53557 4.51191 4.51505 4.49947 4.52437 4.5332 4.53145 4.50927 4.52407 4.52037 4.52143 4.5204 4.56214 4.50172 4.51068
4.53478 4.53781 4.53117 4.52801 4.49178 4.49889 4.53169 4.53234 4.55333 4.55277 4.58521 4.50506 4.54901 4.55069 4.54677 4.53831 4.54093 4.54527 4.54895 4.55118 4.5343 4.54173 4.54768 4.53437 4.54341 4.55345 4.54243 4.56767 4.52695 4.54762
4.64189 4.64005 4.66743 4.62971 4.47723 4.47882 4.63812 4.6406 4.8356 4.72387 4.92689 4.42482 4.70491 4.82537 4.74641 4.70745 4.68204 4.70461 4.74593 4.71344 4.73665 4.71666 4.76707 4.7032 4.7136 4.70395 4.73955 4.82691 4.69021 4.78593
4.35248 4.35755 4.33445 4.35548 4.31945 4.31577 4.34508 4.35688 4.39306 4.40652 4.73309 4.35564 4.40146 4.37176 4.39171 4.40103 4.39981 4.38495 4.38593 4.38584 4.38849 4.39458 4.42564 4.38512 4.39316 4.3967 4.38232 4.41064 4.3904 4.4331
7.53535 7.57824 7.49768 7.58963 7.71262 7.6953 7.62335 7.56684 7.67364 7.67975 8.42976 7.72602 7.64019 7.67122 7.66139 7.5301 7.64699 7.69945 7.70083 7.70066 7.68566 7.65857 7.69741 7.69595 7.68958 7.70505 7.69202 7.73055 7.56817 7.6857
93.9767 93.917 93.8623 93.8905 93.9902 94.0102 94.0107 93.8175 94.0221 93.9642 94.0793 93.917 94.1669 93.8048 93.9171 93.8803 93.8712 93.8681 94.0594 93.8403 93.842 93.9034 93.8874 94.0782 93.8985 93.8747 93.9104 93.8605 93.9074 93.7931
75.5655 75.3713 75.6944 75.6375 75.2299 75.1897 75.5009 75.8189 75.5252 75.5268 75.3958 74.9722 75.5589 75.7094 75.6037 75.562 75.3794 75.4458 75.6601 75.594 75.517 75.5696 75.5204 75.3243 75.5656 75.4997 75.5174 75.6176 75.4402 75.5291
71.957 71.5776 71.9228 71.8028 72.3029 72.2066 71.5129 71.4112 71.7529 71.6713 71.9868 72.3177 71.7367 71.7627 71.8573 71.7027 71.6056 71.4798 71.4789 72.1425 71.9852 71.5557 71.8073 71.5743 71.7548 71.5814 71.7452 71.5099 71.6316 71.643
82.0966 82.0849 82.1961 82.0869 82.5353 82.4887 81.9776 82.0768 82.1713 82.1896 82.1628 82.71 82.1401 82.171 82.2479 82.1954 82.1369 82.1764 82.126 82.269 82.2654 82.2382 82.1442 82.1392 82.1955 82.2379 82.2686 82.1977 82.1582 82.1707
103.093 103.176 103.043 103.21 103.407 103.342 103.241 103.111 103.172 102.986 103.274 103.106 103.113 103.1 102.823 102.742 102.939 102.941 103.319 103.142 103.143 102.939 103.101 103.265 103.033 102.995 103.087 102.849 102.849 103.068
64.8267 64.8181 64.7443 64.8092 64.6594 64.6882 64.9399 64.8598 64.7467 64.7469 64.7326 64.3481 64.7988 64.8074 64.7229 64.6944 64.668 64.6061 64.6903 64.8337 64.6069 64.6758 64.6254 64.6848 64.6154 64.7002 64.6214 64.5884 64.656 64.7303
141.519 141.563 141.403 141.466 141.31 141.345 141.655 141.54 141.512 141.34 141.331 141.66 141.488 141.307 141.355 141.367 141.309 141.296 141.439 141.31 141.413 141.258 141.579 141.329 141.301 141.252 141.256 141.405 141.26 141.609
5.67239 5.64318 5.65431 5.67932 5.60049 5.60609 5.60109 5.61474 5.63929 5.62189 5.63677 5.5903 5.64738 5.62337 5.63282 5.60493 5.59197 5.59222 5.62506 5.61533 5.6054 5.61715 5.61954 5.60117 5.59369 5.58931 5.59347 5.59631 5.60335 5.61996
4.31848 4.32528 4.32088 4.31177 4.22424 4.21734 4.36235 4.29006 4.38292 4.37823 4.38794 4.22942 4.36425 4.36724 4.34759 4.37933 4.41224 4.38211 4.35682 4.3475 4.34018 4.37011 4.36694 4.39679 4.36237 4.3863 4.359 4.37851 4.38102 4.38061
11.8642 12.1414 11.8575 11.6961 11.6897 11.8417 12.1551 11.7916 12.0094 11.9753 12.1742 12.0448 12.0651 11.9435 12.1082 12.0876 11.9823 11.9045 11.9997 11.9249 11.924 11.9647 12.0273 12.0417 11.8833 11.9313 11.8671 12.158 11.9447 12.0225
4.53056 4.52266 4.51951 4.50435 4.46872 4.47625 4.4852 4.50034 4.62218 4.61622 4.59736 4.49199 4.62068 4.60644 4.61783 4.61429 4.60204 4.60507 4.60779 4.59915 4.60783 4.60685 4.61476 4.59508 4.60568 4.59911 4.5982 4.61197 4.60238 4.61055
4.43123 4.42785 4.42728 4.42744 4.39035 4.38968 4.42019 4.42355 4.43568 4.42972 4.43881 4.39796 4.44498 4.42797 4.44979 4.44064 4.42961 4.43192 4.4294 4.43054 4.43159 4.42759 4.44135 4.43247 4.42873 4.42539 4.42845 4.42354 4.43209 4.43493
5.01086 4.96632 5.09827 5.09191 5.28369 5.29496 5.10119 5.12926 5.21017 5.16278 5.03019 5.36697 5.1464 5.1225 5.03219 5.03031 5.11901 5.14328 5.19746 5.15254 5.18191 5.14509 5.13098 5.17503 5.15944 5.12815 5.1805 5.04514 5.09399 5.12145
4.44904 4.45055 4.45991 4.46195 4.33198 4.33284 4.40451 4.44475 4.61604 4.59639 4.58791 4.35857 4.61285 4.6047 4.61502 4.60607 4.59327 4.59556 4.60162 4.60046 4.59516 4.59423 4.61334 4.57692 4.58994 4.588 4.59652 4.63426 4.5977 4.62422
4.24559 4.24089 4.2307 4.21686 4.23197 4.22278 4.21251 4.19321 4.35355 4.34293 4.33701 4.26381 4.33941 4.33344 4.33932 4.3379 4.3409 4.33971 4.33293 4.32504 4.33484 4.34092 4.33534 4.33937 4.33717 4.3308 4.32948 4.32319 4.33809 4.3312
7.63521 7.66948 7.61195 7.61244 7.75326 7.75479 7.77487 7.72717 7.72389 7.74445 7.66987 7.73798 7.74859 7.7168 7.71162 7.73458 7.73288 7.71215 7.74967 7.71069 7.7333 7.73734 7.7298 7.74639 7.72941 7.72388 7.72454 7.71105 7.75434 7.73718
92.9547 92.9125 93.0417 93.1031 92.935 92.966 93.119 93.0742 92.9525 92.9154 93.0737 92.9855 93.0062 92.9193 93.0407 92.9602 93.0005 92.9905 93.0917 92.9487 92.8991 93.1198 93.0139 93.1087 92.9388 93.0169 93.0272 93.129 92.9696 93.0408
77.1218 77.1943 77.1319 77.1412 77.2322 77.1898 77.1493 77.1919 77.2018 77.1994 77.0915 77.1544 77.1839 77.2374 77.1921 77.1588 77.1275 77.1634 77.1863 77.1937 77.1846 77.1893 77.1761 77.0214 77.2354 77.138 77.1549 77.218 77.1971 77.239
70.3306 70.2129 70.3871 70.604 70.5833 70.5444 70.5433 70.2752 70.1359 70.0651 69.8606 70.3782 69.9362 70.1453 70.0816 70.1232 70.092 70.0189 69.9655 70.0688 70.1505 69.8833 70.1362 69.9004 70.0596 70.2874 70.0956 69.8061 70.113 70.0031
82.502 82.6825 82.1327 82.1869 82.6782 82.6706 82.2525 82.2715 82.4535 82.5355 82.3978 82.4453 82.5139 82.4059 82.3544 82.4654 82.3725 82.406 82.3307 82.4521 82.5436 82.3465 82.3725 82.3225 82.4293 82.3704 82.4309 82.2373 82.457 82.3445
96.7273 96.3792 97.4999 97.2198 97.7427 97.6627 97.1494 97.3155 97.3912 97.3111 98.5006 97.9616 97.0559 97.4323 97.4291 97.5402 97.4308 97.2107 97.4027 97.0715 97.4056 97.2319 97.6068 98.6112 97.6571 97.5023 97.2988 97.4829 97.0741 97.2854
64.9911 64.9993 65.114 64.8537 64.9317 64.9994 64.9693 64.7541 65.0048 64.9754 64.9147 64.9485 64.9881 64.9141 65.0235 65.0719 64.949 65.1125 64.9748 64.8975 64.9083 65.0637 64.9743 64.8071 65.036 65.0538 65.0329 65.0711 65.0929 65.0119
142.169 142.638 142.153 142.156 142.115 142.128 142.315 142.156 142.168 142.164 142.632 141.96 142.218 142.13 142.133 142.086 142.065 142.079 142.148 142.164 142.146 142.044 142.053 142.447 141.992 142.166 142.133 141.971 142.125 142.081
5.67227 5.66813 5.68763 5.69409 5.68027 5.68175 5.69009 5.72229 5.72975 5.72129 5.72978 5.68175 5.73717 5.73729 5.74654 5.71896 5.72089 5.71856 5.75781 5.73114 5.72024 5.74421 5.73224 5.73874 5.72011 5.72787 5.72431 5.75421 5.71833 5.73873
4.13283 4.16726 4.15469 4.15331 4.07749 4.08382 4.1675 4.16375 4.18057 4.16793 4.25561 4.08108 4.17875 4.16526 4.16901 4.15603 4.17456 4.17013 4.19347 4.17083 4.16627 4.17726 4.16461 4.27341 4.15457 4.16928 4.16508 4.16984 4.16349 4.17301
4.32523 4.29842 4.33187 4.31819 4.31427 4.31106 4.32024 4.31241 4.32634 4.32438 4.29242 4.30766 4.32668 4.32618 4.32529 4.32375 4.31606 4.32222 4.3247 4.32349 4.32501 4.32044 4.32168 4.29511 4.31913 4.31957 4.31999 4.31688 4.32109 4.32084
4.36007 4.34046 4.3786 4.37508 4.32934 4.32527 4.37095 4.38187 4.40035 4.39896 4.3626 4.36011 4.40586 4.4035 4.41368 4.40266 4.40352 4.40299 4.41297 4.40454 4.39978 4.41578 4.4113 4.36746 4.40895 4.39986 4.40351 4.42587 4.39931 4.41418
5.70802 5.71496 5.6754 5.68067 5.71238 5.70922 5.69931 5.67889 5.64157 5.64015 5.67368 5.74191 5.65575 5.64383 5.63498 5.63325 5.63199 5.62552 5.63348 5.66073 5.65187 5.6196 5.63908 5.65358 5.63882 5.62877 5.63916 5.62383 5.62929 5.63801
4.26277 4.34081 4.33634 4.26836 4.18549 4.19134 4.29364 4.26754 4.4135 4.4082 4.49171 4.26168 4.38887 4.40552 4.42925 4.44687 4.44889 4.44621 4.41348 4.39101 4.3942 4.44971 4.43465 4.48368 4.45771 4.44409 4.43318 4.46823 4.43931 4.4335
4.18669 4.15971 4.18955 4.16427 4.12452 4.13227 4.1593 4.17775 4.48726 4.49274 4.51125 4.13978 4.50368 4.48935 4.49829 4.49407 4.47601 4.48808 4.50103 4.49464 4.4914 4.4983 4.48833 4.49888 4.48788 4.48083 4.49237 4.50176 4.48888 4.48843
7.87017 7.93447 7.86222 7.87031 7.82266 7.82903 7.89017 7.86677 7.85501 7.85477 7.88605 7.82625 7.87377 7.8509 7.85679 7.8378 7.84009 7.84756 7.8627 7.86701 7.85658 7.85674 7.838 7.87473 7.83101 7.84293 7.85448 7.83876 7.85526 7.8533
