75.496 75.5018 75.5052 75.4981 75.4785 75.4844 75.4806 75.4413 75.6895 75.5264 75.4929 75.5678 75.7584 75.6925 75.579 75.6275 75.5398 75.5217 75.6418 75.4553 75.5751 75.7176 75.634 75.6562 75.6352 75.6028 75.5722 75.1705 75.5377 75.5669
74.1171 74.1077 74.1312 74.1015 72.9292 73.1959 73.5207 73.4821 74.1516 74.217 73.7709 74.1738 75.3987 73.8892 74.0419 74.1596 74.1959 74.0069 74.215 73.7233 73.9827 73.8934 74.173 74.0019 74.3591 73.775 73.8111 75.1306 74.1326 74.0443
139.498 139.493 139.52 139.489 137.935 138.14 138.532 138.432 139.038 139.094 138.691 139.029 139.594 138.859 138.857 139.018 139.066 138.946 138.945 138.533 138.917 138.95 138.825 138.689 139.42 138.779 138.885 138.18 139.02 139.079
12.6935 12.687 12.6812 12.6793 12.5014 12.6524 12.4603 12.3645 12.3602 12.2704 12.3897 12.3243 12.4752 12.3894 12.3536 12.3039 12.3018 12.3709 12.3809 12.3365 12.3288 12.3292 12.3991 12.38 11.8127 12.3873 12.3372 12.5246 12.3937 12.4007
5.78084 5.78128 5.78033 5.7804 5.69868 5.7287 5.71527 5.71345 5.90675 5.91028 5.89247 5.91067 5.90413 5.89134 5.89577 5.91443 5.90599 5.89697 5.88743 5.89032 5.90989 5.90794 5.88389 5.8874 5.92171 5.8896 5.91639 5.79077 5.89611 5.89954
4.54485 4.54793 4.54793 4.54654 4.32995 4.34779 4.36246 4.36254 4.71076 4.72127 4.69452 4.71019 4.90388 4.67004 4.70456 4.71789 4.72123 4.71663 4.6582 4.70642 4.72953 4.63204 4.69984 4.66547 4.75775 4.65077 4.72122 4.72154 4.71996 4.71968
4.62912 4.62911 4.63024 4.62901 4.47286 4.49978 4.51331 4.50382 4.64023 4.65298 4.61224 4.63106 4.79317 4.62593 4.64094 4.62749 4.67024 4.64122 4.6397 4.59753 4.6556 4.5904 4.66706 4.60396 4.66631 4.607 4.61209 4.68624 4.63729 4.64708
7.87188 7.87248 7.87695 7.87213 7.87709 7.86406 7.89156 7.85205 8.04119 8.03418 8.01758 8.02006 8.05666 8.07459 8.07718 8.01335 8.0759 8.04345 8.02092 8.02731 8.10768 7.97385 8.14957 8.02434 8.09156 8.10321 7.98436 8.07765 8.04577 8.03367
92.8066 92.82 92.8065 92.8402 92.9406 92.9369 93.0661 92.9538 92.7945 93.033 92.8519 92.8463 92.3644 92.6284 92.8278 92.8508 92.8882 92.8307 92.7004 92.8026 92.8428 92.8468 92.6567 92.6635 92.7198 92.6116 92.8521 92.203 92.8028 92.7101
75.3757 75.3763 75.3803 75.3921 75.4271 75.3489 75.408 75.4912 75.4981 75.439 75.2484 75.412 75.5221 75.4919 75.3067 75.3374 75.3115 75.3033 75.3405 75.1946 75.4116 75.7224 75.1653 75.5551 75.567 75.3764 75.4405 75.2888 75.4033 75.4246
137.635 137.633 137.641 137.611 136.343 136.508 136.717 136.695 136.634 136.417 136.51 136.59 137.887 136.687 136.605 136.691 136.407 136.451 136.803 136.309 136.508 136.91 136.441 136.484 137.424 137.058 136.413 137.101 136.749 136.533
13.0308 13.0419 13.0321 13.0834 13.0466 12.8704 12.9425 13.0736 13.1968 13.174 13.1863 13.148 13.1801 13.1517 13.1389 13.0756 13.0658 13.1609 13.1549 13.1314 13.0877 13.1645 13.1193 13.137 12.9531 13.1398 13.1263 13.0717 13.1687 13.158
5.72573 5.72737 5.72793 5.72567 5.68405 5.67892 5.69896 5.69905 5.89501 5.8962 5.87704 5.89651 5.89282 5.90784 5.88401 5.90501 5.90315 5.88976 5.90148 5.87744 5.89936 5.91766 5.87498 5.8896 5.91239 5.89837 5.88465 5.85325 5.88856 5.90666
4.54993 4.55031 4.55017 4.54884 4.29293 4.26729 4.26975 4.2528 4.60568 4.624 4.63068 4.62083 4.63346 4.61702 4.64926 4.62209 4.60766 4.63135 4.6466 4.62917 4.58935 4.60634 4.59713 4.62497 4.62499 4.62737 4.63316 4.66119 4.63614 4.63778
4.61779 4.61773 4.61923 4.61535 4.59296 4.53783 4.56808 4.54666 4.58204 4.55247 4.6022 4.61342 4.63999 4.61121 4.60728 4.61295 4.59044 4.5904 4.63497 4.6046 4.59917 4.58709 4.62291 4.57131 4.62919 4.63426 4.55379 4.67014 4.60741 4.5928
7.45417 7.45815 7.46031 7.46434 7.48859 7.51846 7.50665 7.50068 7.49172 7.47676 7.49734 7.49726 7.88725 7.50176 7.47954 7.5024 7.46866 7.47786 7.55322 7.52183 7.48365 7.57665 7.5406 7.51039 7.60116 7.60813 7.52291 7.57683 7.44747 7.47936
93.9892 93.9987 93.9884 94.0319 93.834 94.2364 94.2111 94.0167 94.2771 94.3793 94.298 94.5033 93.9501 94.0105 94.2831 93.9884 94.2581 94.3093 94.0161 94.2094 93.964 94.0718 94.0124 93.7859 94.0828 94.1479 94.2609 93.5438 94.2255 94.2465
74.9267 74.9285 74.9231 74.9197 75.2046 74.9675 75.0722 75.3114 75.1195 75.1645 74.9967 75.6918 74.7539 74.9987 75.121 75.3944 75.205 75.1522 75.0768 74.981 75.3715 75.0233 75.1359 75.429 75.3321 75.117 75.4577 74.9102 75.2708 75.148
141.037 141.029 141.038 141.008 141 140.718 140.714 140.862 140.986 141.104 141.002 140.832 141.432 141.269 141.187 141.548 141.17 141.079 141.155 141.101 141.246 141.24 141.091 141.5 141.648 141.192 141.223 141.176 141.221 141.195
5.54997 5.55026 5.5486 5.54857 5.54185 5.54443 5.55233 5.56942 5.61057 5.63408 5.60796 5.61382 5.59654 5.58794 5.61714 5.6053 5.61001 5.60416 5.60807 5.57806 5.60672 5.61098 5.58348 5.60766 5.61127 5.59984 5.60499 5.58865 5.62987 5.60548
4.36638 4.3649 4.36608 4.36944 4.3134 4.36687 4.35811 4.34422 4.40315 4.44133 4.40261 4.40417 4.36742 4.37144 4.41115 4.47098 4.42082 4.40192 4.42967 4.39031 4.38908 4.39125 4.37227 4.55153 4.44588 4.39852 4.34765 4.47212 4.39453 4.39612
4.40328 4.40304 4.40211 4.39755 4.4296 4.4124 4.42756 4.42174 4.4331 4.44192 4.43606 4.41532 4.4245 4.43392 4.44058 4.40154 4.449 4.43564 4.45406 4.42714 4.42335 4.43384 4.43616 4.415 4.39167 4.4313 4.40855 4.38458 4.43013 4.43276
5.19481 5.19481 5.19407 5.19407 5.1959 5.1959 5.1661 5.1661 5.32186 5.32186 5.21325 5.21325 5.20273 5.20273 5.19751 5.19751 5.11995 5.11995 5.15201 5.15201 5.0576 5.0576 5.13055 5.13055 5.16862 5.16862 5.04047 5.04047 5.12208 5.12208
5.17195 5.17195 4.94154 4.94154 5.01696 5.01696 5.09969 5.09969 5.05135 5.05135 5.06223 5.06223 5.1312 5.1312 4.93219 4.93219 5.09734 5.09734 5.37894 5.37894 5.0848 5.0848 5.22202 5.22202 5.20505 5.20505 5.17442 5.17442 5.12601 5.12601
4.24762 4.24865 4.24598 4.2474 4.22153 4.23322 4.24228 4.23573 4.57069 4.57873 4.55158 4.56764 4.56077 4.56669 4.56537 4.57473 4.57694 4.55575 4.5751 4.56265 4.56436 4.56548 4.5625 4.52924 4.56022 4.56235 4.54972 4.50657 4.5557 4.5698
7.57697 7.57702 7.57681 7.57515 7.56053 7.55049 7.54966 7.57572 7.62658 7.64395 7.60513 7.64633 7.64017 7.62938 7.62652 7.61179 7.61144 7.63018 7.59318 7.61867 7.62331 7.62636 7.60154 7.55663 7.67485 7.63032 7.67869 7.51714 7.64325 7.65538
91.8336 91.8941 91.841 91.551 91.2149 91.3068 91.137 90.881 93.9296 93.9018 93.9227 94.1438 93.0331 93.5582 93.9037 93.8358 94.2365 94.1092 93.936 93.8573 93.396 93.8482 93.2814 94.0166 93.8284 93.7551 93.5997 93.4526 93.4373 93.8003
75.6069 75.5177 75.6305 75.8937 75.8806 75.5544 75.5636 75.4027 72.4318 72.6559 72.2152 72.737 71.8448 73.5438 72.0865 72.1707 71.8762 72.3067 72.2739 73.2227 72.5036 72.2964 72.8001 73.2796 72.4826 72.4323 73.2727 74.6208 72.8387 73.009
142.49 142.491 142.504 142.584 142.694 142.772 142.641 142.802 141.923 142.051 142.001 142.111 142.175 142.111 141.831 142.093 141.933 142.029 141.764 142.104 142.234 142.171 142.186 142.326 142.054 142.136 142.444 142.408 142.303 142.335
5.91597 5.91597 5.93644 5.93644 5.9074 5.9074 5.86384 5.86384 6.14305 6.14305 6.16774 6.16774 6.15792 6.15792 6.32057 6.32057 5.56081 5.56081 5.57835 5.57835 5.58683 5.58683 5.51154 5.51154 5.46624 5.46624 5.52243 5.52243 5.55688 5.55688
5.59625 5.59625 5.56702 5.56702 5.57413 5.57413 5.55227 5.55227 5.55681 5.55681 5.45434 5.45434 5.59983 5.59983 5.40599 5.40599 5.51183 5.51183 5.59065 5.59065 5.43127 5.43127 5.57511 5.57511 5.56624 5.56624 5.59125 5.59125 5.4825 5.4825
4.34146 4.34186 4.34199 4.33781 4.52103 4.55124 4.54447 4.48069 4.38279 4.43368 4.45275 4.32937 4.34818 4.37243 4.41466 4.42057 4.43455 4.41447 4.40404 4.40043 4.30682 4.44885 4.24814 4.49904 4.39991 4.24953 4.3497 4.33307 4.44018 4.3834
4.40561 4.40388 4.40333 4.40413 4.37594 4.36981 4.38585 4.40401 4.57613 4.57284 4.5651 4.51758 4.55143 4.55979 4.58124 4.58946 4.57766 4.55347 4.58918 4.53493 4.51088 4.55328 4.52532 4.54535 4.5755 4.5276 4.47682 4.51944 4.56834 4.52489
5.53996 5.53996 5.53417 5.53417 5.5381 5.5381 5.55178 5.55178 5.5572 5.5572 5.58385 5.58385 5.57997 5.57997 5.50363 5.50363 5.43137 5.43137 5.4101 5.4101 5.4155 5.4155 5.49283 5.49283 5.47169 5.47169 5.46542 5.46542 5.41304 5.41304
5.47749 5.47749 5.42345 5.42345 5.38746 5.38746 5.42168 5.42168 5.40887 5.40887 5.43499 5.43499 5.39428 5.39428 5.41899 5.41899 5.48566 5.48566 5.47963 5.47963 5.39855 5.39855 5.45035 5.45035 5.41459 5.41459 5.41243 5.41243 5.42408 5.42408
7.75428 7.75428 7.75394 7.75394 7.75469 7.75469 7.76942 7.76942 7.82713 7.82713 7.82069 7.82069 7.80669 7.80669 7.82697 7.82697 7.80391 7.80391 7.82341 7.82341 7.81659 7.81659 7.78949 7.78949 7.89324 7.89324 7.84984 7.84984 7.80867 7.80867
7.8323 7.8323 7.81019 7.81019 7.81403 7.81403 7.79856 7.79856 7.80615 7.80615 7.83139 7.83139 7.84944 7.84944 7.85323 7.85323 7.80277 7.80277 7.847 7.847 7.82855 7.82855 7.8158 7.8158 7.73985 7.73985 7.82622 7.82622 7.83362 7.83362
90.0449 90.0257 90.0348 92.0265 89.0759 89.7973 90.1148 90.0639 89.7421 92.3468 92.3273 91.9906 91.8972 92.2678 92.6102 89.8342 92.5606 92.4727 92.8976 92.584 89.4331 92.0827 91.4178 92.9224 92.7782 91.3065 91.8843 89.7154 91.9989 90.4743
74.8476 74.8842 74.8508 76.0303 75.1498 75.4258 75.0463 75.1733 75.4294 75.832 75.7332 76.0847 75.7421 75.951 75.6014 75.221 75.9871 75.8323 75.3651 75.6099 75.6067 76.2815 76.0842 75.913 75.0662 75.8707 76.1726 75.3515 76.2291 75.4487
76.6085 76.6203 76.6241 73.4258 76.368 75.9069 75.9034 76.1032 76.6884 73.9496 73.1578 74.3031 74.435 73.3266 73.1827 76.4789 74.1833 73.497 73.5672 71.6039 76.017 74.0191 74.9075 73.1718 73.6656 73.9683 73.0957 78.0621 73.6303 76.3143
143.758 143.741 143.753 142.994 143.739 143.669 143.835 143.722 142.762 142.664 142.39 142.734 143.561 141.906 141.782 143.009 142.325 142.665 141.773 142.054 144.716 143.717 143.508 142.157 142.044 143.953 142.973 144.31 142.971 143.714
5.91952 5.92052 5.91891 5.60654 6.45863 6.2186 6.16854 6.21564 5.77483 5.57036 5.57881 5.64832 5.60815 5.439 5.44303 5.90554 5.51294 5.56549 5.49246 5.45681 6.0761 5.63707 5.63887 5.48631 5.39354 5.71506 5.59543 6.04537 5.63778 5.94543
4.4416 4.44271 4.44283 4.3889 4.59243 4.47379 4.48769 4.50845 4.35331 4.53203 4.58336 4.36264 4.46588 4.38339 4.43238 4.35052 4.42008 4.55964 4.3808 4.48228 4.44905 4.51111 4.33479 4.4759 4.3977 4.37106 4.44257 4.59521 4.38922 4.41933
4.527 4.52578 4.52743 4.59169 4.49253 4.48392 4.47511 4.48192 4.57073 4.6499 4.63189 4.62044 4.56739 4.73014 4.64371 4.60118 4.61986 4.62765 4.64473 4.58509 4.6041 4.65759 4.61234 4.62743 4.61486 4.59784 4.64491 4.67814 4.68349 4.57815
4.37857 4.37648 4.37695 4.38647 4.34768 4.35396 4.31356 4.35277 4.40273 4.41825 4.40931 4.42438 4.45209 4.46689 4.41671 4.42644 4.41498 4.41374 4.42155 4.43061 4.39253 4.42666 4.38311 4.39906 4.42348 4.41809 4.39582 4.50435 4.43414 4.32494
5.67101 5.66712 5.66689 5.44225 5.72581 5.85516 5.90931 5.85214 5.70339 5.67685 5.67839 5.93918 5.35364 5.16764 5.6338 5.68464 5.70187 5.58728 5.64204 5.62977 5.91503 5.90355 5.74992 5.70464 5.64604 5.84243 5.96481 5.78347 5.91582 5.74069
7.87395 7.8774 7.87074 7.88602 7.94527 7.9527 7.96431 7.97312 7.81555 7.82613 7.85863 7.86323 7.71575 7.68418 7.86602 7.87535 7.88034 7.81772 7.88718 7.81834 7.96058 7.83913 7.79145 7.82464 7.88477 7.88355 7.85811 7.82418 8.04197 7.81852
91.5035 91.5192 91.4776 91.3809 91.6251 91.5171 91.5882 91.6378 91.2943 91.7969 91.9009 91.7443 91.4025 90.0299 91.648 91.1258 91.7332 91.8704 91.6927 91.9556 91.4473 91.3863 91.6672 91.547 90.8766 91.4107 91.5826 90.5942 91.0875 92.2036
154.469 154.456 154.469 154.188 154.009 154.402 154.651 154.369 154.319 153.914 154.058 153.894 154.456 154.979 154.448 154.368 154.419 153.871 154.671 154.676 153.502 154.712 153.883 154.929 153.879 153.868 154.591 152.775 155.023 154.184
76.0524 76.0611 76.0492 75.8249 75.7599 75.9004 75.8269 75.7328 75.9345 75.8603 76.3991 75.9314 76.4956 76.4688 76.0262 75.9254 75.8654 76.2706 76.1743 76.5209 76.3 75.7025 75.8026 76.4758 76.4489 76.0125 76.1956 75.5691 76.1667 75.8882
75.0423 75.0406 75.0771 74.9639 74.7448 74.6739 74.7888 75.0591 74.3258 74.1105 74.017 74.7396 75.418 76.0632 73.8147 73.6022 73.7585 74.1919 74.1002 74.2949 75.2729 74.1767 74.6083 74.2075 76.0536 74.7419 74.4793 75.7921 75.2666 74.4778
141.243 141.144 141.213 141.117 141.793 141.467 141.562 141.924 142.455 140.253 140.847 141.413 141.544 143.219 141.526 141.779 141.322 140.598 141.574 141.085 140.778 141.866 141.163 141.78 141.421 141.08 140.708 142.595 141.68 140.857
6.03968 6.04232 6.0445 6.04862 6.00924 5.92637 5.96069 6.00108 6.47613 6.48829 6.52603 6.48246 6.55279 6.41276 6.47129 6.52278 6.49925 6.51909 6.48729 6.48016 6.46446 6.50284 6.40405 6.52441 5.96043 6.48039 6.6019 6.51284 6.50133 6.4326
7.86221 7.8573 7.87453 7.82094 7.39719 7.63448 7.6923 7.74496 7.2741 7.20461 7.34087 7.26011 7.32318 7.52345 7.31675 7.39519 7.31918 7.1786 7.45251 7.38801 7.16546 7.36475 7.13497 7.42796 7.41813 7.17583 7.22161 9.79433 7.47764 7.49147
4.65868 4.66361 4.65572 4.66236 4.50098 4.43494 4.59523 4.44835 4.75859 4.80251 4.62717 4.67202 4.66884 4.76633 4.78263 4.67591 4.90332 4.69028 4.63639 4.67139 4.64393 4.63236 4.78027 4.63367 4.62508 4.72488 4.66788 4.65402 4.86566 4.70957
4.70378 4.70855 4.70472 4.69066 4.61561 4.65836 4.64689 4.62593 4.84205 4.8637 4.81265 4.82691 4.93825 4.92255 4.87929 4.77944 4.87578 4.87305 4.82809 4.86536 4.82137 4.85238 4.88292 4.89008 4.87241 4.86793 4.80104 4.80535 4.95531 4.79842
4.51878 4.51838 4.51659 4.52743 4.48768 4.46778 4.50346 4.48624 4.59891 4.62647 4.62332 4.61138 4.63518 4.63503 4.60688 4.61379 4.60792 4.61776 4.5991 4.59994 4.62568 4.76132 4.61283 4.60427 4.75001 4.6265 4.62631 4.61702 4.63371 4.62966
8.30697 8.31548 8.31932 8.45043 8.24736 8.0276 8.08006 8.1734 8.29495 8.00615 8.14066 8.29534 8.05059 8.42615 8.04557 8.3189 7.98899 8.10758 8.06532 8.0159 8.06476 8.1953 7.81178 8.09863 7.90225 7.74504 8.11692 8.43166 7.87574 8.17667
91.8939 91.9003 91.888 91.8042 92.0395 91.7727 91.8359 92.1066 91.7517 91.8242 91.6346 91.7289 91.7572 91.6453 91.7226 91.6663 91.9679 92.0387 91.6723 91.4836 91.6562 91.3193 91.8262 91.4973 91.5838 91.8809 91.687 91.703 91.7131 91.9227
75.5279 75.525 75.5243 75.5008 75.131 75.5992 75.418 75.1109 75.5497 75.5173 75.5962 75.5284 75.4424 75.4766 75.5073 75.5448 75.4519 75.4996 75.356 75.7688 75.664 75.7237 75.4531 75.3347 75.6873 75.6256 75.77 75.5611 75.5122 75.4328
137.49 137.509 137.502 137.39 136.742 136.519 136.392 136.826 136.705 136.485 137.301 136.59 137.653 138.161 136.397 136.258 136.394 137.479 137.625 137.795 137.142 137.322 136.877 137.922 139.558 137.078 138.26 138.552 138.077 136.671
11.7561 11.7461 11.7546 11.8164 11.0655 12.0118 11.7432 11.6843 11.6494 11.8508 11.8118 11.32 11.595 11.7014 11.6893 11.7582 11.8219 11.6687 11.992 12.1229 11.7473 11.8847 11.6769 11.853 11.9703 11.9269 11.9778 12.1757 12.3051 11.8782
5.54684 5.54443 5.54972 5.55015 5.512 5.50937 5.50863 5.52025 5.68451 5.68734 5.6558 5.73209 5.7689 5.7948 5.61967 5.66229 5.60783 5.64871 5.34962 4.86711 5.77081 5.77848 5.74789 4.35386 5.83439 5.78138 5.60578 5.70463 5.02815 5.68224
4.61104 4.61021 4.61253 4.6147 4.4843 4.28183 4.29857 4.4021 4.64674 4.63977 4.64815 4.68182 4.69731 4.68585 4.66246 4.65263 4.63057 4.67388 4.66337 4.57286 4.68027 4.68277 4.70124 4.5507 4.81972 4.67759 4.65624 4.67198 4.59917 4.65109
4.56262 4.5617 4.56383 4.56671 4.44917 4.44362 4.46949 4.4507 4.52852 4.55744 4.56663 4.55235 4.58402 4.58345 4.50884 4.56905 4.50926 4.4811 4.60599 4.4658 4.59618 4.57139 4.50934 4.53303 4.67381 4.57565 4.55696 4.62461 4.5651 4.57764
4.21104 4.21299 4.20049 4.2239 4.34597 4.42868 4.33391 4.3204 4.55317 4.46138 4.70833 4.72732 4.6571 4.70406 4.62296 4.6668 4.2771 4.56492 4.6123 4.0312 4.73037 4.81431 4.66336 4.70541 4.68775 4.54888 4.81236 4.46685 4.49226 4.66102
7.45447 7.45389 7.4592 7.43996 7.3244 7.38511 7.32135 7.36525 7.37593 7.34703 7.46421 7.32606 7.69236 7.61576 7.29743 7.04704 7.42556 7.75094 7.53365 7.59105 7.34397 7.45814 7.34282 7.79074 7.96328 7.41174 7.82881 7.96215 7.65526 7.23168
92.4839 92.4851 92.4924 92.4407 92.6959 92.3875 92.6159 92.5614 92.4667 92.4348 92.4155 92.593 92.728 92.6262 92.7332 92.5091 92.5145 92.6862 92.4264 91.8816 92.37 92.542 92.7789 92.2887 92.7241 92.4171 92.1112 92.2423 92.1754 92.498
153.928 153.942 153.917 153.951 153.837 153.879 153.729 153.992 154.108 153.915 153.956 153.842 153.684 153.913 153.953 153.862 154.037 153.892 153.479 154.276 154.077 154.066 154.024 153.822 153.766 154.41 153.943 154 154.019 154.325
75.0931 75.094 75.081 75.092 74.8418 75.2045 75.2041 75.203 75.0846 75.0128 75.1348 75.0873 75.0408 75.0206 75.0924 74.98 75.0909 75.1611 75.0582 75.0786 75.2022 74.9939 75.0511 75.24 75.3751 75.2909 75.1825 74.9625 75.2024 75.1063
140.122 140.137 140.101 140.09 140.103 139.713 139.697 139.964 139.712 139.756 139.671 139.546 139.638 139.848 139.657 139.562 139.827 139.402 139.995 139.053 139.829 139.63 139.499 139.974 140.052 139.67 139.538 139.418 140.134 139.785
5.91361 5.91636 5.91227 5.91741 5.84317 5.86057 5.89219 5.87624 6.36487 6.3593 6.3877 6.39398 6.39457 6.3898 6.38214 6.37676 6.36253 6.40522 6.36634 6.34621 6.39469 6.39141 6.38644 6.3636 6.45626 6.40597 6.40691 6.36726 6.35692 6.37294
7.78351 7.78351 7.77991 7.77991 7.78077 7.78077 7.78987 7.78987 7.81708 7.81708 7.88637 7.88637 7.921 7.921 7.99778 7.99778 7.15924 7.15924 7.21324 7.21324 7.27552 7.27552 7.08033 7.08033 7.14705 7.14705 7.17294 7.17294 7.23287 7.23287
7.19678 7.19678 7.21609 7.21609 7.09462 7.09462 7.20605 7.20605 7.38942 7.38942 7.20213 7.20213 7.23573 7.23573 7.20954 7.20954 7.17429 7.17429 7.27001 7.27001 7.29567 7.29567 7.16066 7.16066 7.29525 7.29525 7.24043 7.24043 7.28306 7.28306
4.54004 4.54063 4.54118 4.5421 4.33656 4.19312 4.2007 4.20622 4.61953 4.61827 4.63036 4.61553 4.62706 4.62544 4.62582 4.62739 4.63609 4.63569 4.63594 4.62255 4.6311 4.62986 4.6315 4.58833 4.65273 4.63932 4.61863 4.60861 4.67254 4.63604
7.81333 7.81546 7.81079 7.8042 7.9328 7.81692 7.85013 7.82411 7.73382 7.70097 7.70658 7.65065 7.69162 7.74904 7.75534 7.69072 7.764 7.65539 7.83336 7.66273 7.72732 7.68695 7.69415 7.90359 7.78255 7.69721 7.70432 7.63995 7.73897 7.71722
93.3026 93.2956 93.3158 93.2868 93.4626 93.3218 93.3499 93.4084 93.2375 93.2796 93.301 93.2268 93.4738 93.3254 93.4342 93.4162 93.1372 93.45 93.1892 93.0486 93.2389 93.3994 93.4633 93.0924 93.3211 93.371 93.2648 93.3678 92.8849 93.2775
75.4186 75.4325 75.4149 75.409 75.1198 74.713 74.8904 74.7519 75.1375 75.1896 75.2709 75.3044 75.2577 75.2528 75.3567 75.2775 75.3609 75.2642 75.3545 75.6162 75.2212 75.5445 75.171 75.4132 75.2428 75.2654 75.3074 75.1988 75.4564 75.2345
72.593 72.5998 72.6502 72.6608 73.0601 72.984 72.875 72.7319 72.6206 72.411 72.2188 72.6663 72.2362 72.1824 71.8417 72.1549 72.3338 72.1493 72.1766 72.9283 72.2566 72.2316 71.8969 71.777 72.3184 72.018 72.5143 72.1946 72.6022 72.3809
141.224 141.236 141.196 141.177 141.199 141.618 141.639 141.414 141.188 140.998 141 140.874 140.813 140.959 140.916 140.779 141.117 140.833 141.042 141.663 141.031 141.096 140.771 141.049 140.894 141 140.743 140.907 141.418 141.067
5.45033 5.45152 5.44957 5.45044 5.45786 5.25657 5.31842 5.42066 5.4615 5.45295 5.44507 5.46709 5.44929 5.44941 5.44858 5.45428 5.44912 5.4622 5.45544 5.40294 5.45613 5.45092 5.46525 5.43007 5.4755 5.45579 5.47534 5.4652 5.47742 5.45646
4.39426 4.39266 4.39704 4.39792 4.21234 4.28106 4.25283 4.28075 4.43142 4.39276 4.39011 4.39544 4.39157 4.41212 4.39132 4.38804 4.41312 4.38483 4.43621 4.3849 4.41561 4.41629 4.37797 4.28068 4.39626 4.41244 4.35686 4.40842 4.41237 4.44906
13.572 13.5771 13.5883 13.6015 13.5891 13.1018 13.0683 13.426 13.4451 13.4631 13.5187 13.4049 13.4394 13.393 13.3788 13.4982 13.5348 13.4784 13.599 13.457 13.493 13.8492 13.4785 13.267 13.4905 13.7555 13.5531 13.6843 13.4786 13.5645
4.4598 4.46095 4.45914 4.45767 4.41375 4.40154 4.40134 4.41614 4.54503 4.55331 4.54786 4.54163 4.54934 4.54767 4.53479 4.55315 4.55115 4.55147 4.57397 4.53835 4.54657 4.55581 4.55093 4.53322 4.56485 4.55958 4.53399 4.54995 4.5677 4.537
5.20424 5.20314 5.20581 5.19261 5.26889 5.50032 5.47749 5.35734 5.07668 5.10318 5.09225 5.06673 5.12046 5.08566 5.13314 5.06561 5.05989 5.09415 5.21182 5.1682 5.0938 5.1091 5.13715 4.80572 5.05785 5.09454 5.02998 5.10017 4.92239 5.08922
4.23122 4.23015 4.22886 4.24076 4.21964 4.06548 4.08869 4.0825 4.35645 4.36446 4.32975 4.44595 4.39158 4.4372 4.28326 4.33269 4.35658 4.34132 4.35371 4.15032 4.42336 4.35144 4.31873 4.62333 4.48254 4.40184 4.53746 4.36962 4.44828 4.36089
4.22428 4.22427 4.22274 4.22123 4.17422 4.16217 4.20773 4.22881 4.31985 4.3145 4.31606 4.31214 4.31749 4.31759 4.32032 4.32381 4.30966 4.31818 4.32356 4.32033 4.31053 4.32528 4.31903 4.27287 4.33086 4.31259 4.3018 4.32379 4.30407 4.31157
7.5953 7.59382 7.58872 7.59125 7.61534 7.63426 7.66256 7.55569 7.56726 7.55417 7.51568 7.541 7.50548 7.53276 7.50117 7.47094 7.52812 7.49704 7.59274 7.51808 7.54659 7.51927 7.57049 7.46181 7.46004 7.54863 7.49714 7.51633 7.56695 7.53093
92.9532 92.9445 92.9908 92.9675 93.0407 92.8366 92.9249 92.8363 92.7708 92.8238 92.8307 92.8548 92.928 92.8552 92.933 92.9001 92.7786 92.8611 92.8654 92.7379 92.861 92.9912 92.8138 92.2106 92.8976 92.7556 92.8864 92.9641 92.7361 92.8113
73.4477 73.4705 73.4797 73.4793 73.326 72.9994 73.1636 73.0147 73.0009 72.8151 73.0883 73.0221 72.9736 73.1 72.7741 72.9027 73.2956 72.8332 74.2721 72.6395 73.123 72.3503 72.8752 73.5791 72.9512 72.9648 73.1939 73.0295 73.3696 73.2362
141.53 141.552 141.481 141.474 141.226 141.005 141.23 141.462 141.859 141.427 141.566 141.366 141.56 141.427 141.468 141.617 141.575 141.351 141.145 141.547 141.584 141.997 141.516 143.193 141.697 141.817 141.576 141.579 141.537 141.802
5.50744 5.50744 5.51 5.51 5.50985 5.50985 5.50928 5.50928 5.47534 5.47534 5.48618 5.48618 5.48655 5.48655 5.49149 5.49149 5.55873 5.55873 5.51391 5.51391 5.5272 5.5272 5.53031 5.53031 5.52364 5.52364 5.52195 5.52195 5.53994 5.53994
5.52641 5.52641 5.55242 5.55242 5.51191 5.51191 5.54827 5.54827 5.52644 5.52644 5.53397 5.53397 5.609 5.609 5.52736 5.52736 5.6752 5.6752 5.52435 5.52435 5.55947 5.55947 5.52814 5.52814 5.54823 5.54823 5.54767 5.54767 5.54997 5.54997
4.42185 4.42011 4.42527 4.42712 4.29146 4.17074 4.20183 4.19873 4.45444 4.45121 4.42462 4.44049 4.44351 4.42127 4.44932 4.43484 4.34784 4.45872 4.58684 4.3523 4.41914 4.33884 4.43216 4.38885 4.44489 4.35631 4.45709 4.41344 4.42071 4.40966
4.48007 4.48043 4.48258 4.48261 4.45172 4.47412 4.47668 4.47692 4.47388 4.47012 4.47152 4.4669 4.4679 4.47666 4.4603 4.48159 4.49872 4.47393 4.46117 4.45653 4.48679 4.40806 4.48677 4.44927 4.47409 4.47261 4.44119 4.46131 4.47635 4.43363
4.34186 4.34225 4.34413 4.34219 4.31851 4.31108 4.31458 4.30262 4.34683 4.37155 4.36597 4.36996 4.36836 4.36731 4.37655 4.3728 4.37337 4.36506 4.35598 4.33026 4.36154 4.35494 4.3614 4.37726 4.36797 4.30419 4.35087 4.36888 4.37594 4.33159
5.59358 5.59225 5.5771 5.57483 5.66732 5.68006 5.65402 5.68847 5.6433 5.59011 5.60031 5.61993 5.58744 5.58269 5.57664 5.59013 5.5397 5.62771 5.77819 5.71729 5.58619 5.49378 5.57806 5.69509 5.6066 5.63193 5.60602 5.60492 5.54916 5.67978
7.73672 7.73624 7.72629 7.72443 7.71947 7.7088 7.72216 7.74166 7.78972 7.77901 7.788 7.77123 7.78014 7.75356 7.79751 7.79077 7.71514 7.78608 7.7393 7.54975 7.78048 7.7333 7.78797 7.89296 7.79273 7.87245 7.80816 7.79194 7.73922 7.78372
91.9638 91.9439 91.8721 91.869 92.0441 92.1437 92.2359 92.2844 91.9794 92.0368 91.8541 92.0171 91.9677 91.8654 91.9942 91.9489 91.5317 91.9267 91.4579 91.5063 91.9811 91.2202 92.0547 91.9222 91.9377 91.3878 92.1294 91.9524 91.8774 91.6393
153.834 153.879 153.843 153.845 153.25 152.967 152.977 153.278 152.7 153.003 153.73 153.768 153.591 153.894 153.829 153.285 153.967 154.006 154.66 153.997 153.673 154.244 153.362 149.865 153.343 154.291 154.048 153.634 153.531 154.011
74.2486 74.2824 74.4411 74.4308 73.7498 73.8047 73.9225 73.7194 73.6402 73.6805 73.8468 73.7145 73.7374 73.8303 73.5866 73.8228 73.474 73.6469 74.3592 73.0738 73.7654 74.5782 73.8537 74.1941 73.8414 73.8467 73.2048 74.0938 73.939 73.8657
140.068 140.129 139.915 139.895 140.064 139.531 139.602 139.293 139.777 139.825 139.758 139.693 139.75 139.758 139.353 139.747 139.641 139.533 141.545 139.855 139.759 140.334 139.647 139.379 139.943 140.011 139.488 139.943 139.911 139.844
5.93609 5.94068 5.92677 5.92739 5.8595 5.85956 5.90234 5.88575 6.42619 6.40362 6.40931 6.40699 6.40652 6.40181 6.40894 6.40218 6.39544 6.39998 6.41995 6.39218 6.42183 6.40901 6.41235 6.28986 6.40192 6.45066 6.4228 6.4212 6.42098 6.41641
7.57161 7.57161 7.61141 7.61141 7.56138 7.56138 7.56758 7.56758 7.26254 7.26254 7.24745 7.24745 7.18183 7.18183 7.24719 7.24719 6.81867 6.81867 6.82786 6.82786 7.17231 7.17231 7.174 7.174 7.11497 7.11497 7.2004 7.2004 7.06898 7.06898
6.91444 6.91444 7.2042 7.2042 7.2444 7.2444 7.7052 7.7052 7.12439 7.12439 7.14105 7.14105 7.21291 7.21291 6.98363 6.98363 11.4039 11.4039 6.92807 6.92807 7.4504 7.4504 7.10383 7.10383 7.16107 7.16107 7.08509 7.08509 7.26122 7.26122
4.64325 4.64325 4.64376 4.64376 4.5448 4.5448 4.54549 4.54549 4.31792 4.31792 4.31296 4.31296 4.33846 4.33846 4.32508 4.32508 4.71864 4.71864 4.76147 4.76147 4.7533 4.7533 4.6653 4.6653 4.77807 4.77807 4.66812 4.66812 4.5849 4.5849
4.72375 4.72375 4.58756 4.58756 4.70028 4.70028 4.57444 4.57444 4.6329 4.6329 4.77588 4.77588 4.52631 4.52631 4.73531 4.73531 4.62204 4.62204 4.71203 4.71203 4.74136 4.74136 4.73885 4.73885 4.71076 4.71076 4.72233 4.72233 4.60899 4.60899
4.68894 4.68619 4.70204 4.70506 4.63494 4.61995 4.62025 4.61527 4.82977 4.83954 4.84439 4.84848 4.83516 4.84969 4.83164 4.84943 4.78686 4.84444 4.73095 4.80477 4.84913 4.80311 4.85181 4.40265 4.84367 4.7517 4.84129 4.86203 4.84714 4.82055
7.97375 7.97236 7.99733 7.99935 8.05506 8.10765 8.05954 8.08049 7.9369 7.95762 7.8932 7.93076 7.9207 7.90848 7.87294 7.89467 7.99222 7.9575 8.13422 8.01229 7.91176 8.06257 7.93852 8.11885 7.92179 7.8881 7.86966 8.00455 7.90632 7.94722
91.2637 91.2523 91.3202 91.3205 91.4298 91.7118 91.6178 91.6335 91.675 91.3842 91.2846 91.4337 91.2442 91.32 90.8446 91.3528 91.1065 91.134 90.0046 89.4518 91.3562 91.2108 91.4776 89.9579 91.4035 91.5655 91.331 91.3346 91.3227 91.0531
137.403 137.443 137.609 137.596 136.733 136.569 136.628 136.542 136.7 136.385 136.868 137.046 136.739 136.955 137.14 136.929 137.264 136.706 135.957 138.525 136.951 137.613 137.363 140.376 137.024 136.626 136.925 136.744 137.062 136.904
10.08 10.0839 10.2746 10.2934 10.1158 9.8087 9.79322 9.98391 10.369 10.593 10.6752 10.4048 10.5791 10.5103 10.5785 10.7263 10.6479 10.4918 10.5859 11.0227 10.672 11.2857 10.3448 10.9613 10.8644 10.5716 10.5823 10.7445 10.7798 10.5455
5.29775 5.29545 5.23733 5.25606 5.24701 5.33653 5.35932 5.31925 5.60575 5.88258 5.67613 5.59673 5.74554 5.59181 5.64672 5.6968 5.68853 5.60885 5.43346 5.87171 5.8622 5.61937 5.49458 6.06446 5.68845 5.66238 5.1623 5.62604 5.81667 5.64382
4.52814 4.52814 4.52652 4.52652 4.53076 4.53076 4.52669 4.52669 4.33744 4.33744 4.18754 4.18754 4.21468 4.21468 4.24961 4.24961 4.46902 4.46902 4.42863 4.42863 4.48646 4.48646 4.52096 4.52096 4.46823 4.46823 4.5089 4.5089 4.49728 4.49728
4.53907 4.53907 4.48808 4.48808 4.48001 4.48001 4.1653 4.1653 4.40266 4.40266 4.44973 4.44973 4.4678 4.4678 4.52722 4.52722 4.64937 4.64937 4.46117 4.46117 4.6051 4.6051 4.49641 4.49641 4.46314 4.46314 4.4273 4.4273 4.48665 4.48665
4.54457 4.54341 4.54432 4.54483 4.45842 4.44025 4.45884 4.44919 4.52176 4.50453 4.5153 4.50897 4.51485 4.52139 4.53804 4.54124 4.55648 4.52816 4.68138 4.61497 4.54728 4.50752 4.55805 4.69695 4.50956 4.5683 4.55638 4.51406 4.50144 4.52492
4.17051 4.17109 4.36809 4.36732 4.19248 4.14482 4.15928 4.16346 4.26853 4.23394 4.22849 4.26338 4.2222 4.24543 4.25033 4.23408 4.24609 4.21943 4.30512 4.36943 4.2547 4.32969 4.23016 4.47315 4.2215 4.27272 4.27428 4.22178 4.22344 4.22613
7.41165 7.42425 7.6364 7.6369 7.34615 7.26584 7.28213 7.26025 7.40932 7.3999 7.47395 7.5434 7.46606 7.53983 7.57056 7.44863 7.49424 7.49587 7.49306 7.43127 7.50234 7.58112 7.46744 7.88014 7.44023 7.23341 7.59232 7.48302 7.46181 7.54461
91.3661 91.3658 91.354 91.3455 91.3358 91.07 91.3149 91.3218 91.1092 91.1034 91.2962 91.3282 91.2849 91.3405 90.9272 91.2354 91.1834 91.376 91.0322 90.9477 91.0666 91.136 91.3189 90.8002 91.0624 92.296 91.1116 91.296 91.0518 91.3612
154.421 154.448 154.405 154.386 154.535 154.744 154.742 154.706 154.368 154.457 154.483 154.682 154.355 154.579 154.666 154.39 154.606 154.719 154.191 151.855 154.727 154.461 154.586 153.948 154.601 154.402 154.333 154.221 154.467 154.744
75.6586 75.6512 75.678 75.6776 75.9624 75.841 75.8449 75.8543 75.808 75.818 75.8229 75.818 75.6475 75.6533 75.7567 76.2194 75.8824 75.7006 75.3869 75.3393 75.79 75.6629 75.8211 74.6187 75.8178 75.1813 75.8139 75.4543 75.8173 75.7017
141.657 141.706 141.59 141.616 142.07 142.237 142.068 141.962 142.192 142.19 141.816 141.559 141.936 141.667 141.723 141.183 141.788 141.407 141.873 142.022 142.322 142.282 141.671 140.353 141.998 140.471 142.009 141.949 142.179 141.453
5.88078 5.88334 5.885 5.88378 5.91622 5.80799 5.80658 5.84385 6.32995 6.32215 6.37018 6.39854 6.36599 6.38392 6.36766 6.37071 6.36357 6.35744 6.34488 6.31766 6.32704 6.36702 6.34904 5.46014 6.38535 6.09282 6.35526 6.36469 6.375 6.36894
7.69285 7.68859 7.6832 7.68254 7.71329 7.89779 7.94451 7.89721 7.33003 7.32371 7.2167 7.3204 7.12915 7.20217 7.23474 7.45822 7.26094 7.23382 7.13534 7.6787 7.54969 7.4241 7.31587 7.30426 7.22182 7.0834 7.20086 7.09455 7.29247 7.26143
4.63527 4.63435 4.64207 4.63817 4.25436 4.25461 4.271 4.27297 4.64328 4.67006 4.60646 4.55832 4.68323 4.63647 4.64949 4.64783 4.60877 4.68569 4.71802 4.63569 4.60213 4.59274 4.65499 4.72365 4.66213 4.80777 4.65953 4.70896 4.61174 4.66688
4.69941 4.69121 4.71757 4.7171 4.53126 4.51939 4.52227 4.57063 4.79562 4.8083 4.7942 4.76739 4.80418 4.80827 4.83091 4.96472 4.80809 4.8235 4.82754 4.82494 4.83467 4.84305 4.84656 4.79292 4.8246 4.77173 4.81843 4.79748 4.80713 4.81987
4.41499 4.41512 4.42282 4.42375 4.36634 4.35812 4.37421 4.36902 4.49408 4.49615 4.49267 4.49924 4.50588 4.4961 4.5115 4.48758 4.49886 4.50629 4.54447 4.56926 4.51714 4.53031 4.50825 4.57284 4.51126 4.49419 4.49874 4.51011 4.50905 4.50578
8.18827 8.20787 8.14066 8.14387 8.5043 8.47189 8.35605 8.35745 8.4195 8.44819 8.36092 8.39655 8.43261 8.33938 8.18247 7.77319 8.45095 8.19226 8.25811 8.27199 8.25628 8.17471 8.27427 7.73862 8.36682 7.98735 8.41873 8.40521 8.46048 8.22745
91.9575 91.9895 91.9192 91.8888 91.3996 90.9823 91.0865 91.2214 91.5104 91.5551 91.7692 91.3286 91.8918 91.7275 91.7676 91.3278 91.55 91.6563 91.5814 91.1295 91.3167 91.4586 91.6456 91.4564 91.5859 90.7023 91.5459 91.8734 91.5665 91.6276
154.86 154.859 154.686 154.741 154.943 155.189 155.001 155.164 154.204 154.633 154.607 154.934 154.581 154.573 154.77 154.304 154.618 154.864 154.993 155.992 155.417 155.347 154.621 154.209 154.706 155.037 154.522 154.864 154.879 154.8
140.286 140.26 140.624 140.545 140.172 140.234 140.552 140.43 139.941 139.728 139.798 140.136 139.768 139.799 139.568 140.36 139.616 139.494 139.368 139.699 140.304 140.961 140.017 139.669 139.898 142.871 139.695 140.018 140 139.567
5.74786 5.74409 5.74153 5.74505 5.72921 5.69797 5.64895 5.68937 6.26765 6.24471 6.17185 6.04436 6.20545 6.14985 6.12583 6.25126 6.15486 6.07009 6.30048 6.39197 6.32859 6.3705 6.14159 6.10838 6.19439 5.3487 6.21069 6.20893 6.22155 6.07457
7.75199 7.7527 7.73279 7.733 7.89246 8.36813 8.2792 8.34623 7.14736 7.34559 7.2779 7.32789 7.30858 7.25578 7.29756 7.16756 7.28803 7.33292 7.57435 8.08328 7.49799 7.37853 7.40676 7.50713 7.37288 7.71743 7.35438 7.52156 7.47542 7.31713
4.71233 4.71433 4.68731 4.69257 4.30267 4.29563 4.29278 4.28614 4.69434 4.74328 4.66207 4.70687 4.65899 4.6332 4.69811 4.67694 4.72058 4.67362 4.70199 4.60298 4.69176 4.59997 4.74262 4.54027 4.61828 4.42575 4.72877 4.63429 4.64536 4.62798
7.89784 7.90124 7.9634 7.95675 7.5579 7.64571 7.75938 7.66527 7.4382 7.50521 7.41693 7.66648 7.5081 7.44041 7.43967 7.77476 7.44561 7.46399 7.48409 7.45584 7.74899 7.82859 7.66488 7.78903 7.39223 8.30189 7.48471 7.57674 7.60666 7.47763
92.9675 92.9955 92.8026 92.7634 91.7958 91.4829 91.469 91.4437 92.3144 92.3732 92.4824 92.1156 92.5045 92.3591 92.5468 92.1336 92.4147 92.4745 91.631 92.1525 92.2699 92.0475 92.295 91.2559 92.2706 92.2918 92.4385 92.2546 92.4305 92.3757
155.122 155.102 154.948 155.038 155.466 155.333 155.337 155.375 155.275 155.268 154.797 154.902 154.774 154.727 154.661 155.138 154.802 154.704 155.518 151.895 154.745 155.215 155.199 155.223 155.157 155.085 154.655 154.762 154.949 154.711
140.75 140.742 140.552 140.57 141.822 142.281 142.471 142.393 141.184 141.601 140.469 139.55 140.844 140.35 140.55 141.518 140.251 140.282 141.351 140.605 140.737 140.77 141.375 142.459 142.089 140.405 140.336 140.998 140.997 140.374
5.65176 5.65342 5.69097 5.68259 5.77511 5.81219 5.79415 5.7886 6.25831 6.22476 6.22541 6.17072 6.22467 6.2352 6.19311 6.29625 6.2008 6.18855 5.77921 5.73492 5.7445 6.0365 6.26055 6.40517 6.28331 6.14354 6.19641 6.23668 6.18987 6.19433
8.38885 8.38885 8.39989 8.39989 8.31414 8.31414 8.31748 8.31748 8.14557 8.14557 8.05365 8.05365 8.0117 8.0117 8.07735 8.07735 7.73922 7.73922 7.71168 7.71168 7.73905 7.73905 7.80279 7.80279 7.76334 7.76334 7.73623 7.73623 7.72254 7.72254
7.65827 7.65827 7.78608 7.78608 7.73587 7.73587 7.97115 7.97115 7.41076 7.41076 7.72487 7.72487 7.72422 7.72422 7.70384 7.70384 7.72005 7.72005 7.66997 7.66997 7.32211 7.32211 7.72824 7.72824 7.8475 7.8475 7.80331 7.80331 7.73581 7.73581
4.57689 4.57875 4.57622 4.56471 4.23794 4.28819 4.28888 4.23474 4.60716 4.61676 4.63029 4.61615 4.60274 4.63667 4.62047 4.68787 4.61471 4.65096 4.49356 4.60531 4.6125 4.59805 4.65483 4.56889 4.62793 4.65469 4.59363 4.60509 4.63968 4.63767
4.52549 4.52652 4.52278 4.52231 4.5013 4.57727 4.57353 4.55734 4.72125 4.70081 4.73206 4.73544 4.7327 4.72215 4.7226 4.737 4.71007 4.71007 4.62649 4.66789 4.71881 4.64508 4.68775 4.65196 4.71597 4.70669 4.69025 4.73106 4.75007 4.71022
4.47371 4.47428 4.47549 4.47174 4.45869 4.46867 4.47039 4.47637 4.58333 4.57943 4.57101 4.57443 4.58568 4.58824 4.56784 4.57718 4.56988 4.57007 4.54641 4.64942 4.55978 4.55946 4.58774 4.59079 4.58887 4.53249 4.56436 4.58581 4.57172 4.57322
4.22023 4.22036 4.29321 4.27302 4.56622 4.59766 4.61322 4.6364 4.46963 4.37233 4.46155 4.93221 4.58492 4.65465 4.4046 4.44777 4.44533 4.53159 4.71806 4.84423 4.45861 4.55595 4.54026 4.77845 4.58435 4.59776 4.44824 4.66724 4.50214 4.6587
8.16303 8.15609 8.08826 8.06962 8.31217 8.34813 8.28962 8.34581 8.03002 7.91174 7.75577 7.54414 7.92667 7.7455 7.80517 7.83849 7.73493 7.80739 8.11158 8.0969 7.98683 7.77641 7.97995 8.21741 8.09049 7.82267 7.74492 7.94625 8.02956 7.8074
93.0248 93.0649 92.966 92.9295 92.712 92.6777 92.7013 92.7254 92.5762 92.6616 93.0083 92.8369 92.6375 92.8112 92.8457 92.6298 92.6815 93.2825 91.8537 92.3693 92.7193 92.2808 92.2739 91.0646 92.6029 91.6568 92.5914 92.7172 92.6434 92.9804
75.3842 75.3712 75.4414 75.4543 75.3335 75.6322 75.5863 75.4664 75.4897 76.091 75.5371 75.4993 75.684 75.3788 75.5354 76.086 75.5184 75.4192 75.6854 75.8194 75.6031 75.7739 75.7264 75.8321 76.1886 76.3688 75.6625 75.3829 75.5528 75.4572
72.7516 72.7652 72.9084 72.8586 73.667 73.2349 72.435 73.4448 72.9806 73.7411 72.866 72.4866 72.5804 72.3941 72.5571 73.6936 72.8093 72.1609 73.6835 73.9254 73.1935 74.1669 73.2713 76.2223 73.3634 74.6505 72.0293 72.8571 73.0476 72.047
141.141 141.153 141.053 141.042 141.35 141.029 141.148 141.356 141.159 141.91 141.388 140.782 141.558 141.159 142.135 142.225 141.315 140.913 142.689 143.244 141.468 142.124 141.53 141.589 142.241 142.757 142.072 141.647 141.606 140.813
4.95073 4.98082 5.05525 5.10346 4.68184 5.08576 5.11533 4.88912 4.65226 4.23479 5.00846 5.13442 4.86386 5.18729 5.12594 4.34915 5.03468 5.23698 3.86866 5.55566 4.99763 4.91872 4.27604 5.41869 4.34187 5.5848 4.38395 5.03469 4.78674 5.29736
4.52943 4.54122 4.52038 4.51917 4.50268 4.2822 4.28715 4.48389 4.54786 4.37158 4.49133 4.542 4.49554 4.50576 4.46832 4.38952 4.49232 4.56518 4.35487 4.4108 4.48521 4.39953 4.44814 4.43554 4.37955 4.40331 4.39077 4.48699 4.48516 4.51078
13.1257 13.1532 13.1763 13.1875 12.6993 12.5636 12.6384 12.7715 12.8076 13.1628 13.3425 13.0566 13.2368 13.1423 13.1701 13.3578 13.3016 13.1855 11.3792 13.1205 13.2314 13.8562 13.0999 12.5778 13.518 10.9375 13.0317 13.5444 13.3665 13.074
4.48651 4.4854 4.4892 4.48905 4.45578 4.46237 4.49863 4.44151 4.58081 4.5756 4.55839 4.5623 4.56816 4.58151 4.57928 4.56961 4.5648 4.58014 4.58445 4.52049 4.56483 4.53591 4.55624 4.62914 4.56246 4.59608 4.58784 4.57653 4.56443 4.59577
5.72767 5.70682 5.6663 5.65627 6.95165 6.77949 6.58719 6.38614 5.96473 5.75279 5.65964 5.8168 5.7139 5.71623 5.68777 5.69083 5.74483 5.74525 6.02128 5.9343 5.71967 5.64634 5.86377 4.51032 5.67664 5.9065 5.85004 5.62355 5.66591 5.66103
3.92287 3.92472 3.9233 3.92312 4.07424 4.12851 4.16639 4.11336 4.296 4.23719 4.34072 4.19427 4.51535 4.35968 4.31211 4.22624 4.29075 4.22568 4.50885 4.65875 4.36526 4.45622 4.34526 4.63997 4.20916 4.23792 4.32172 4.31703 4.39036 4.31335
7.62953 7.62536 7.59816 7.59769 8.21966 8.26464 8.28306 8.17249 7.83517 7.79814 7.71886 7.68599 7.72505 7.67589 7.63751 7.78096 7.72238 7.65233 7.51901 7.67431 7.7234 7.76891 7.82444 7.22109 7.79442 7.848 7.68038 7.67333 7.74283 7.52234
91.8883 91.9015 91.8807 91.858 91.8662 91.8729 91.9045 91.8907 91.8341 91.4313 91.5245 91.6275 91.6174 91.7029 91.7443 91.4138 91.5717 91.714 91.2454 91.3276 91.6716 91.4535 91.5211 91.1217 91.3582 90.9011 91.0226 91.8172 91.8105 91.6519
75.5958 75.5974 75.5679 75.5828 75.5734 75.6589 75.606 75.7404 75.6292 75.8371 75.9562 75.7928 75.5238 75.4239 75.4978 75.9154 75.6148 75.7953 75.692 75.6965 75.6795 75.734 75.7283 75.7552 75.9753 75.8327 75.9389 75.4977 75.726 75.5916
74.1311 74.1498 74.1821 74.1696 74.1467 74.0564 73.922 74.2543 73.9133 74.6768 73.9619 74.1038 73.8741 73.456 74.0533 74.3436 73.8696 74.0193 73.9509 73.8884 73.7816 74.5056 73.4606 74.0683 74.3142 75.1442 74.1618 73.8971 74 73.9553
136.914 136.954 136.835 136.887 136.929 136.493 136.711 136.93 136.605 137.545 137.419 137.182 137.2 136.707 136.841 137.761 137.445 137.062 137.785 136.736 137.158 138.068 136.998 136.963 137.772 138.586 137.381 137.168 136.823 136.92
11.6045 11.6236 11.55 11.5809 11.325 11.3441 11.695 11.6977 11.3995 11.3958 11.4601 11.4483 11.397 11.4716 11.3853 11.3798 11.5343 11.3928 11.7649 11.5981 11.5142 11.6685 11.3852 11.8478 11.4245 11.6038 11.3647 11.6713 11.6389 11.5106
5.57559 5.57755 5.58284 5.58448 5.57605 5.58282 5.59221 5.59709 5.74314 5.80408 5.7854 5.76365 5.77653 5.76728 5.79573 5.80139 5.78568 5.78315 5.78841 5.84294 5.7646 5.83845 5.75696 5.89139 5.79022 5.67304 5.81196 5.80463 5.77918 5.77239
4.62784 4.62766 4.62543 4.62463 4.39495 4.26937 4.2708 4.27029 4.61273 4.6171 4.64994 4.63228 4.65762 4.64877 4.56705 4.66161 4.64354 4.65038 4.63959 4.56076 4.63506 4.58125 4.64112 4.58564 4.63961 4.7067 4.65078 4.61153 4.59269 4.63049
4.62054 4.62318 4.62001 4.61765 4.53474 4.53826 4.52584 4.55459 4.62497 4.63955 4.6119 4.63038 4.59451 4.61235 4.62497 4.64597 4.5965 4.60545 4.57627 4.48746 4.57775 4.62415 4.55754 4.62664 4.62709 4.59007 4.61366 4.62813 4.64274 4.62009
4.27513 4.27459 4.27097 4.26787 4.23474 4.23375 4.21151 4.22953 4.35289 4.51464 4.38183 4.35155 4.3473 4.42702 4.35942 4.54494 4.34365 4.3382 4.40047 4.52302 4.32456 4.36042 4.34718 4.4757 4.5606 4.29419 4.33447 4.35552 4.32596 4.35945
7.72821 7.72748 7.70743 7.71053 7.63439 7.60264 7.65836 7.66567 7.72342 7.76462 7.76212 7.73166 7.7687 7.62777 7.72091 7.76863 7.72452 7.72573 7.7055 7.57019 7.69673 7.74479 7.74297 7.69315 7.79192 8.17229 7.58572 7.75366 7.67831 7.78588
92.7227 92.7207 92.7212 92.6865 92.8632 92.7196 92.8166 92.8627 92.4319 92.3407 92.2475 92.3987 92.6533 92.5761 92.3123 92.3325 92.4604 92.7055 92.4169 92.1547 92.5465 92.1817 92.5443 92.1016 92.352 92.1743 92.319 92.4635 92.1184 92.4526
153.876 153.889 153.834 153.857 153.618 154.027 153.862 153.783 153.973 153.777 153.889 153.961 153.871 153.818 154.022 153.852 153.986 153.869 153.995 154.066 153.999 153.996 153.902 154.004 153.915 154.09 154.043 154.661 154.147 153.961
73.8627 73.9132 73.9062 73.911 73.5018 73.7498 73.8383 73.6975 73.3111 73.768 73.7235 73.3278 73.5281 73.3904 73.898 73.3956 73.6941 73.4921 73.6444 73.7727 73.5703 73.5843 73.1788 74.5489 73.1557 73.6839 73.3917 75.2539 74.0477 73.4293
139.696 139.72 139.697 139.74 139.554 139.596 139.611 139.545 139.543 139.717 139.461 139.487 139.56 139.533 139.814 139.364 139.875 139.693 139.759 138.838 139.8 139.674 139.656 139.869 139.511 139.825 139.452 140.532 140.05 139.878
5.88106 5.87934 5.87959 5.88224 5.83376 5.75549 5.77686 5.77568 6.35523 6.34503 6.40143 6.35663 6.36825 6.35423 6.37084 6.37988 6.3911 6.3571 6.36167 6.41249 6.37024 6.41994 6.35446 6.0861 6.38692 6.37441 6.3737 6.38124 6.3247 6.40044
7.68419 7.68419 7.69605 7.69605 7.67695 7.67695 7.68324 7.68324 7.6938 7.6938 7.56618 7.56618 7.54201 7.54201 7.40036 7.40036 7.15804 7.15804 7.15884 7.15884 7.16103 7.16103 7.20294 7.20294 7.17667 7.17667 7.15207 7.15207 7.11758 7.11758
7.16679 7.16679 7.20056 7.20056 7.2159 7.2159 7.26349 7.26349 7.2621 7.2621 7.17126 7.17126 7.18524 7.18524 7.19136 7.19136 7.16253 7.16253 7.24599 7.24599 7.20388 7.20388 7.20337 7.20337 7.28814 7.28814 7.26213 7.26213 7.17616 7.17616
4.52552 4.52599 4.52659 4.52683 4.3432 4.32708 4.33679 4.33563 4.62909 4.60201 4.6277 4.62954 4.64265 4.62808 4.60011 4.6104 4.63379 4.63275 4.6489 4.59167 4.62524 4.59251 4.62455 4.58423 4.62714 4.627 4.61683 4.72302 4.59924 4.62258
4.58502 4.58662 4.58346 4.58426 4.59387 4.57192 4.57823 4.56439 4.78378 4.75351 4.7523 4.77837 4.76544 4.79924 4.75623 4.73753 4.78226 4.75161 4.81231 4.76069 4.77134 4.72952 4.7629 4.72976 4.7124 4.75619 4.75916 5.00467 4.80792 4.7396
4.50419 4.50194 4.50222 4.50159 4.48749 4.45499 4.46726 4.46218 4.60623 4.61222 4.61529 4.60715 4.59737 4.61131 4.61754 4.60829 4.6037 4.60003 4.62442 4.63404 4.59734 4.59611 4.59627 4.61343 4.59607 4.59921 4.60227 4.6252 4.60284 4.59896
7.80957 7.80889 7.80816 7.81269 7.87749 7.91314 7.92629 7.94211 7.73085 7.80347 7.69111 7.6904 7.69722 7.70516 7.87924 7.60871 7.72804 7.73315 7.75914 7.72034 7.7459 7.80334 7.76687 7.97087 7.68578 7.69539 7.68362 8.14912 7.85605 7.71086
93.3704 93.3653 93.3822 93.3394 93.5721 93.4101 93.5173 93.5572 93.2151 93.294 93.1641 93.335 93.4929 93.3426 93.3459 93.4257 93.1135 93.6067 93.3132 92.7668 93.2997 93.196 93.4294 93.2819 93.3967 93.4486 93.4515 93.2907 92.9646 93.1704
141.153 141.163 141.152 141.176 140.768 140.884 140.751 140.54 141.174 140.995 140.98 140.918 140.921 140.922 140.945 140.942 141.314 140.87 141.228 141.504 140.993 141.408 140.758 140.888 141.007 140.929 140.876 146.35 141.759 141.436
5.4059 5.40651 5.40609 5.40553 5.42729 5.45329 5.46041 5.46174 5.41596 5.44963 5.47003 5.40741 5.44509 5.43927 5.44694 5.44737 5.47741 5.41965 5.44899 5.50312 5.45686 5.4751 5.43747 5.43605 5.4209 5.43133 5.4549 5.45739 5.48145 5.46714
4.35119 4.35088 4.35247 4.35548 4.16558 4.19793 4.19241 4.21129 4.36252 4.3548 4.40147 4.40828 4.4138 4.42243 4.4023 4.39635 4.39968 4.4254 4.42062 4.3076 4.44754 4.40966 4.39115 4.40708 4.36119 4.44681 4.43593 4.35434 4.43304 4.381
13.5745 13.5815 13.5712 13.5997 14.1283 13.5189 13.644 13.8518 13.4286 13.4855 13.5235 13.5448 13.5386 13.461 13.4534 13.4995 13.5287 13.6569 13.9465 13.5512 13.5855 13.6041 13.5333 13.6334 13.4803 13.6453 13.6131 13.8679 13.5709 13.5064
5.10824 5.1046 5.10267 5.10702 5.12405 4.97412 4.93993 4.9596 5.00622 5.01741 4.96677 5.0186 5.0853 4.99016 4.9413 5.08208 5.02754 5.13205 5.0114 4.51005 5.03211 4.98659 5.03795 5.00484 5.04722 5.07351 5.10465 11.5176 5.20955 5.12134
7.53119 7.52708 7.52539 7.53019 7.5594 7.64106 7.54177 7.52238 7.47144 7.5129 7.47978 7.48013 7.51455 7.50522 7.43689 7.5263 7.52887 7.43137 7.54807 7.50014 7.52848 7.5305 7.46917 7.49399 7.47095 7.55663 7.52478 9.10902 7.75848 7.5183
93.0462 93.0365 93.0505 93.0217 93.0752 93.1636 93.4109 93.2128 92.8461 92.8487 93.0072 92.9328 93.2025 93.2055 92.8972 93.0405 92.8853 93.1111 92.9818 92.5444 93.0338 93.191 93.0633 92.7396 93.0947 92.8137 93.0333 92.8107 92.6814 92.8601
75.8902 75.892 75.8895 75.8861 75.6631 75.4852 75.4615 75.3774 75.91 75.9525 75.8049 75.8836 75.7423 75.9404 76.0284 75.8505 75.8965 75.8735 75.7745 75.9973 76.0133 75.5681 75.9894 76.0748 76.1289 76.3897 75.6852 75.81 76.1037 76.1237
141.62 141.642 141.643 141.648 141.272 141.291 141.347 141.339 142.102 142.064 141.66 141.804 141.71 142.007 141.695 141.857 142.951 142.165 141.62 141.664 142.314 141.871 142.177 141.606 142.048 142.289 142.045 141.458 141.941 142.127
5.49679 5.49935 5.49875 5.49427 5.47433 5.50734 5.50425 5.51618 5.56722 5.56736 5.59353 5.5015 5.53907 5.56841 5.59549 5.54137 5.58157 5.58076 5.61322 5.57726 5.57943 5.56415 5.56099 5.55878 5.55659 5.60138 5.59145 5.54421 5.57844 5.59853
4.47368 4.47397 4.47446 4.47194 4.19923 4.20019 4.17591 4.18057 4.43425 4.42901 4.31696 4.49947 4.49438 4.4068 4.26308 4.4644 4.4041 4.46365 4.31142 4.33341 4.42865 4.45341 4.47847 4.32194 4.38985 4.45868 4.38879 4.35194 4.33784 4.48832
4.49123 4.49193 4.49166 4.49154 4.4537 4.39181 4.38506 4.39753 4.50604 4.51088 4.49158 4.52581 4.46278 4.49876 4.51297 4.4883 4.4739 4.50026 4.48363 4.49122 4.4892 4.46884 4.50211 4.50764 4.50811 4.48369 4.48318 4.50214 4.50627 4.49872
4.34942 4.35058 4.35105 4.34968 4.33255 4.32648 4.34289 4.34633 4.38216 4.3851 4.39726 4.3563 4.39299 4.38686 4.38438 4.38378 4.30749 4.3697 4.35992 4.39242 4.3661 4.39243 4.37651 4.38009 4.40431 4.39288 4.37146 4.38883 4.35713 4.39781
5.1467 5.1388 5.13618 5.17385 5.51082 5.16956 5.22273 5.40927 5.29098 5.35828 5.49104 5.288 5.40599 5.29361 5.39267 5.41163 5.64952 5.50969 5.31177 5.69369 5.66127 5.58814 5.58089 5.42472 5.23717 5.75028 5.68798 5.87641 5.76366 5.68461
4.40005 4.40171 4.40277 4.42176 4.35966 4.46315 4.39267 4.54942 4.39175 4.43981 4.50164 4.46404 4.50895 4.5067 4.4915 4.5172 4.51974 4.51751 4.53934 4.4896 4.50714 4.50794 4.4451 4.49685 4.6789 4.60068 4.5067 4.45454 4.579 4.45
7.62438 7.62321 7.62683 7.6364 7.76167 7.69177 7.7504 7.72824 7.76474 7.78431 7.74067 7.66235 7.74582 7.75967 7.71093 7.76118 7.81529 7.78544 7.50871 7.78162 7.85593 7.83688 7.84111 7.70509 7.77851 7.77069 7.8734 7.78655 7.78266 7.79325
92.6438 92.6286 92.6628 92.5887 92.4271 92.5377 92.4957 92.456 92.1192 91.9369 91.8746 92.4147 92.7006 92.9656 91.5976 92.4047 92.1761 91.8587 91.7851 91.8067 92.536 92.3471 92.6973 91.6816 92.7408 92.2084 91.8354 91.9323 91.4952 92.2185
153.291 153.32 153.326 153.621 153.666 153.213 152.921 152.835 151.732 152.389 152.451 152.907 152.705 152.543 152.048 152.17 152.126 152.611 151.561 151.905 153.15 152.511 152.797 152.32 152.224 152.893 152.915 153.29 152.667 152.799
139.682 139.748 139.74 139.732 139.362 139.226 139.137 139.011 139.058 139.567 139.956 137.615 138.622 139.232 139.693 138.92 140.255 139.573 139.764 140.069 140.087 139.954 139.45 139.343 139.864 140.863 140.662 140.685 141.074 140.906
5.85828 5.85828 5.85627 5.85627 5.85531 5.85531 5.86767 5.86767 5.86219 5.86219 5.83525 5.83525 5.74619 5.74619 5.84085 5.84085 6.36948 6.36948 6.38039 6.38039 6.37859 6.37859 6.17476 6.17476 6.29122 6.29122 6.1895 6.1895 6.44233 6.44233
6.43116 6.43116 6.37454 6.37454 6.33544 6.33544 6.40111 6.40111 6.39895 6.39895 6.29217 6.29217 6.36922 6.36922 6.29173 6.29173 6.45436 6.45436 6.37832 6.37832 6.34113 6.34113 6.43833 6.43833 6.45722 6.45722 6.40972 6.40972 6.35381 6.35381
7.63052 7.62037 7.63509 7.85054 7.45056 7.50851 7.41607 7.32545 6.71825 6.74408 6.82407 7.2524 6.96091 7.01416 6.81047 6.77149 6.73547 6.82113 6.80808 6.71094 7.11901 6.8427 7.10131 6.69034 6.84865 7.37575 7.17657 7.11586 6.90988 7.10725
4.62828 4.62433 4.63413 4.62308 4.50227 4.46227 3.94412 4.35455 4.63849 4.67393 4.58588 4.60108 4.6422 4.61717 4.53585 4.64819 4.62995 4.65507 4.72147 4.68461 4.61323 4.67784 4.67192 4.58533 4.703 4.60237 4.71416 4.65027 4.64651 4.63263
4.69241 4.69057 4.69182 4.6912 4.65325 4.69543 4.65436 4.66504 4.81438 4.85136 4.80288 4.82097 4.83269 4.80995 4.8011 4.81823 4.87298 4.82229 4.90402 4.85516 4.788 4.8403 4.82253 4.78721 4.82352 4.82768 4.88224 4.81892 4.85662 4.83891
4.52531 4.52579 4.5246 4.52505 4.50194 4.5168 4.5827 4.52513 4.62222 4.61795 4.62878 4.6151 4.62446 4.63157 4.60723 4.61596 4.641 4.6262 4.59982 4.61572 4.64055 4.628 4.63949 4.63327 4.6299 4.64544 4.62088 4.62378 4.60382 4.63428
4.46663 4.46294 4.45648 4.46142 4.46789 4.37831 4.39581 4.38739 4.55043 4.49327 4.69607 5.01373 4.5975 4.60468 4.67179 4.5717 4.64478 4.69917 4.60411 4.64164 4.60915 4.52655 4.60896 4.74229 4.56432 4.6513 4.63126 4.66372 4.4497 4.59026
8.07854 8.07173 8.07279 8.06828 8.02255 8.01904 8.04999 7.97156 7.98166 8.04248 8.15725 7.93612 7.87515 8.15484 8.17889 7.99769 8.1517 7.97092 8.19151 8.0135 8.16025 8.07085 8.18862 7.98459 8.1755 8.1936 8.09995 8.03018 8.05097 8.1648
92.3149 92.3083 92.3347 92.3927 92.8713 92.8007 92.736 92.6978 92.6126 92.5481 92.3049 92.2119 92.6084 92.496 92.5359 92.4228 92.5075 92.3351 92.812 92.6895 92.5235 92.5529 92.7542 92.4339 92.7634 93.0178 92.4162 92.2792 92.5637 92.6734
75.3523 75.3388 75.3624 75.3512 75.102 75.2038 75.1743 75.066 75.2361 75.3987 75.2116 75.155 75.3952 75.225 75.5349 74.9404 75.2506 75.2205 75.3072 75.254 75.53 75.2448 75.0511 75.3027 75.3736 75.2452 75.3462 75.3535 75.3937 75.2889
136.705 136.706 136.739 136.753 135.814 135.873 135.468 136.075 135.297 136.272 135.833 135.722 135.668 135.977 137.124 135.572 136.209 135.835 135.994 135.832 136.407 136.062 135.297 136.109 136.06 135.734 136.459 136.215 137.54 135.663
12.9187 12.9355 12.9193 12.9377 12.6427 12.8067 12.7859 13.0369 13.2307 13.0795 13.2078 13.1403 13.1526 13.1739 13.1627 13.0707 13.0884 13.1922 13.0725 13.1908 13.0057 13.1911 13.0075 13.073 13.0916 13.1306 13.3597 13.0222 13.0822 13.2044
5.53327 5.52089 5.54628 5.51819 5.46684 5.48778 5.44556 5.46415 5.72764 5.73846 5.75764 5.32178 5.6979 5.73915 5.80223 5.73525 5.76804 5.69305 5.76732 5.7749 5.75788 5.7975 5.73425 5.77928 5.77597 5.69687 5.79276 5.79147 5.7486 5.68771
4.49029 4.49052 4.48927 4.49428 4.19214 4.21313 4.20485 4.21052 4.58672 4.60304 4.58087 4.57828 4.56987 4.58699 4.61441 4.54572 4.58879 4.58605 4.59275 4.59665 4.58043 4.58501 4.56095 4.58231 4.5555 4.55313 4.61433 4.54722 4.59694 4.56564
4.53124 4.53037 4.53172 4.53332 4.45791 4.47554 4.43581 4.47175 4.50551 4.53019 4.5334 4.53417 4.52394 4.55293 4.59018 4.59371 4.55682 4.52785 4.50415 4.50856 4.5505 4.53545 4.54653 4.54438 4.58185 4.55655 4.52233 4.55168 4.54747 4.50664
4.50555 4.50569 4.50354 4.51171 4.46522 4.47013 4.44542 4.41625 4.51427 4.5246 4.53548 4.48517 4.47671 4.51823 4.52671 4.51279 4.517 4.53418 4.5206 4.52323 4.50578 4.52837 4.50602 4.52667 4.52079 4.42352 4.51366 4.5402 4.52691 4.51729
4.24774 4.24985 4.24573 4.266 4.24583 4.23773 4.26823 4.22849 4.32824 4.35968 4.34456 4.33609 4.31416 4.28928 4.44452 4.30157 4.32615 4.38569 4.3253 4.33374 4.33196 4.34268 4.33245 4.30741 4.31904 4.34442 4.31405 4.30479 4.43779 4.35638
7.47366 7.47384 7.47747 7.50904 7.42993 7.40283 7.34796 7.41867 7.32491 7.342 7.09993 7.30693 7.28551 7.17687 7.57607 7.24285 7.20011 7.29975 7.45756 7.33641 7.31034 7.27012 7.33776 6.94427 7.2439 7.26705 7.29258 7.11197 7.64052 7.30434
93.7505 93.7634 93.7526 93.8276 93.8455 93.8377 93.8145 93.8193 94.0982 94.1832 94.0716 93.6557 93.8348 93.9588 94.096 93.8331 93.9133 94.1505 94.1415 94.0633 93.7967 93.9835 93.9582 93.9992 93.9616 94.2197 93.987 93.9956 94.128 94.124
141.222 141.216 141.206 141.22 140.76 140.802 140.688 140.839 141.147 141.5 141.194 141.063 141.176 141.095 141.466 140.891 141.107 141.168 141.109 141.143 141.579 141.202 140.968 141.201 141.009 140.908 141.257 141.019 141.292 141.205
5.5457 5.5471 5.54506 5.55045 5.53879 5.5512 5.52488 5.54163 5.61971 5.64472 5.62061 5.53431 5.61638 5.60761 5.63756 5.613 5.61982 5.62545 5.62247 5.61 5.62949 5.61773 5.5963 5.60328 5.64513 5.60384 5.62592 5.60412 5.64726 5.60806
4.31862 4.31862 4.31696 4.32347 4.14459 4.14644 4.14924 4.15006 4.40287 4.43199 4.38884 4.40411 4.38128 4.36524 4.3858 4.38834 4.39427 4.39845 4.40443 4.40716 4.42936 4.40512 4.36087 4.39968 4.39421 4.43307 4.40968 4.41003 4.40746 4.39252
5.25033 5.24462 5.24681 5.25635 5.17914 5.1319 5.17773 5.18654 5.01675 5.38875 5.01514 4.98917 4.91858 5.03101 5.15614 4.85491 5.04392 5.05284 5.12234 5.06391 5.24372 5.0468 4.92081 5.08705 4.97036 5.14107 5.10049 5.00119 5.11232 5.1116
7.6122 7.6116 7.61068 7.62107 7.62996 7.60528 7.58411 7.61789 7.65657 7.68827 7.64508 7.61084 7.61495 7.63409 7.69202 7.56217 7.61855 7.64128 7.65461 7.65717 7.61389 7.64391 7.61912 7.64947 7.64431 7.64513 7.67109 7.63785 7.68399 7.66732
93.065 93.0689 93.065 93.0975 93.2674 93.4768 93.3289 93.4655 93.4795 93.5719 93.3405 93.485 92.0052 93.3089 93.5129 93.405 93.5097 93.4812 93.4315 93.4112 93.1287 93.4034 93.34 93.3711 93.4978 93.4613 93.4497 93.3951 93.4757 93.4082
76.9856 76.989 76.9838 76.993 76.9588 76.8845 76.8845 76.8559 77.0397 76.9844 77.0613 77.0709 76.8227 77.0366 77.0579 77.023 77.0644 77.027 77.0359 77.0216 77.0103 77.0298 76.9929 77.0442 77.0934 76.949 77.0318 76.9078 77.0669 77.0302
70.2686 70.2614 70.2692 70.2448 69.812 69.9617 69.8 69.5632 69.47 69.3301 69.5583 69.1752 70.3851 69.5163 69.2974 69.6132 69.2512 69.5967 69.4981 69.5373 69.2368 69.4896 69.531 69.5989 69.248 69.1947 69.5109 69.4892 69.3903 69.4689
141.798 141.799 141.792 141.788 141.231 141.492 141.366 141.415 141.703 141.796 141.762 141.61 142.069 141.678 141.713 141.706 141.72 141.741 141.649 141.701 141.575 141.674 141.62 141.674 141.52 141.959 141.771 141.917 141.707 141.656
5.65663 5.65663 5.6573 5.6573 5.65663 5.65663 5.65776 5.65776 5.62208 5.62208 5.65184 5.65184 5.63254 5.63254 5.62816 5.62816 5.68027 5.68027 5.69323 5.69323 5.67495 5.67495 5.67941 5.67941 5.81633 5.81633 5.67389 5.67389 5.68172 5.68172
5.68404 5.68404 5.69559 5.69559 5.68061 5.68061 5.6726 5.6726 5.66992 5.66992 5.70369 5.70369 5.6804 5.6804 5.6622 5.6622 5.66848 5.66848 5.65683 5.65683 5.65414 5.65414 5.68223 5.68223 5.63806 5.63806 5.68276 5.68276 5.67486 5.67486
4.12289 4.12335 4.12232 4.12192 4.02154 4.13465 4.12029 4.10635 4.19315 4.27706 4.18752 4.19549 4.20566 4.17295 4.18558 4.17664 4.21253 4.17999 4.18091 4.18085 4.23685 4.1848 4.16939 4.18237 4.13291 4.24712 4.20089 4.2545 4.17896 4.16926
4.32681 4.32735 4.3259 4.32676 4.31357 4.31537 4.31311 4.31781 4.33349 4.31446 4.33161 4.33336 4.32679 4.33537 4.33485 4.33466 4.3349 4.33282 4.3292 4.33077 4.34021 4.33 4.3313 4.32879 4.32202 4.30441 4.33138 4.30452 4.33299 4.32976
5.58641 5.58525 5.58783 5.58638 5.5439 5.47784 5.53413 5.49742 5.42576 5.50326 5.42536 5.4107 5.42256 5.45432 5.46226 5.45547 5.45998 5.44843 5.45955 5.45496 5.51788 5.4447 5.41676 5.45268 5.40482 5.46125 5.43967 5.45562 5.45305 5.46286
7.71201 7.71189 7.71063 7.71419 7.69522 7.71682 7.71659 7.71269 7.75468 7.76361 7.74351 7.74461 7.77726 7.75118 7.76982 7.75117 7.76407 7.75245 7.74879 7.75193 7.79227 7.75038 7.7356 7.74152 7.74166 7.76195 7.75538 7.75887 7.75957 7.75288
