92.2519 92.2392 92.297 92.2385 91.8785 92.2503 92.1149 92.1426 92.0333 92.0592 92.098 92.0687 92.0522 92.0252 92.0685 91.9994 92.0577 92.1045 91.977 92.0158 92.0596 91.9586 91.8771 92.0674 92.0137 91.9973 91.9756 92.049 92.105 91.9944
75.5402 75.5799 75.5173 75.5215 75.6744 75.5027 75.3822 75.388 75.5576 75.5411 75.6504 75.5125 75.583 75.6817 75.6397 75.6037 75.5779 75.5725 75.5897 75.5747 75.5857 75.6205 75.9564 75.5018 75.5724 75.6215 75.7951 75.7458 75.7368 75.5144
72.455 72.4246 72.3825 72.6421 73.5481 72.6754 73.1495 73.5988 73.8483 73.9777 73.8651 73.8096 74.0431 73.8789 73.7714 73.9124 73.8566 73.905 73.5414 74.0381 74.097 74.3913 75.173 73.8952 73.8773 74.3166 74.5918 73.4941 74.0425 73.5354
82.8131 82.7683 82.7924 82.7908 82.9403 82.8076 82.9551 82.9588 83.127 83.1754 83.1016 83.1447 83.1927 83.0936 83.0085 83.1376 83.1261 83.1046 82.9823 83.2171 83.2062 83.2843 83.4216 83.1137 83.0859 83.1648 83.4453 82.9492 83.1876 82.8947
137.869 137.799 137.674 137.878 138.253 137.928 138.378 138.72 138.799 138.817 138.867 138.739 138.961 138.752 138.742 138.747 138.792 138.904 138.385 138.882 138.972 139.042 140.037 138.638 138.6 139.085 139.479 138.777 139.063 138.617
5.74492 5.73461 5.73474 5.73095 5.69837 5.73138 5.70266 5.72044 5.90877 5.90733 5.9044 5.90867 5.91222 5.91009 5.90849 5.91335 5.91013 5.90758 5.91046 5.91033 5.9078 5.89908 5.95686 5.90455 5.9046 5.92027 5.90484 5.91845 5.91263 5.91267
4.64542 4.61453 4.63978 4.62429 4.33541 4.64886 4.47024 4.60333 4.69112 4.68711 4.69524 4.70318 4.70464 4.72168 4.71737 4.71256 4.69469 4.71208 4.71789 4.69157 4.69269 4.6915 4.88499 4.7059 4.69065 4.73751 4.75786 4.64936 4.66642 4.66359
4.51566 4.51427 4.51612 4.52599 4.47747 4.51985 4.49838 4.51928 4.62915 4.64045 4.65369 4.64179 4.65545 4.6463 4.62262 4.62756 4.61371 4.63003 4.58561 4.64831 4.63086 4.67309 4.72055 4.63796 4.62174 4.66334 4.70351 4.55817 4.6838 4.64078
4.47805 4.48067 4.47881 4.48255 4.42185 4.48575 4.45347 4.47408 4.52531 4.53125 4.53542 4.51541 4.53868 4.53144 4.54377 4.53304 4.52441 4.53453 4.53079 4.52385 4.52994 4.5283 4.511 4.537 4.54778 4.53116 4.50982 4.56535 4.5296 4.5426
7.79713 7.75982 7.76279 7.80016 7.83298 7.86901 7.89823 7.84823 8.07763 8.04189 8.08684 8.06791 8.07234 8.14392 8.06743 8.08783 8.01157 8.04001 8.08972 8.05177 8.02433 8.05064 8.08882 8.09695 8.09214 7.9981 8.03742 8.03668 8.0723 7.98065
92.757 92.8086 92.8469 92.8168 92.8474 92.8859 92.8932 92.8842 92.8275 92.8482 92.7537 92.8343 92.8798 92.7419 92.8307 92.7865 92.8322 92.8276 92.7656 92.832 92.7952 92.6522 92.5859 92.8035 92.8466 92.6802 92.5209 93.0763 92.7727 92.7679
75.4493 75.3153 75.3066 75.3433 75.0399 75.3192 75.2405 75.3354 75.3387 75.2262 75.4043 75.3946 75.4377 75.2621 75.4054 75.3514 75.3173 75.419 75.3558 75.3992 75.2884 75.2529 75.8984 75.3869 75.3476 75.3901 75.4162 75.6002 75.6678 75.3417
72.7324 72.5601 72.6828 72.592 73.2004 72.6015 73.3973 72.7695 73.0144 73.1693 73.0769 72.966 72.8775 72.9849 72.9855 72.9132 73.1833 72.944 73.1348 73.115 73.2858 73.3628 73.5098 73.1643 73.2736 73.3085 73.5524 73.5494 73.4718 72.8718
82.5244 82.5549 82.5306 82.5155 82.5955 82.4482 82.5874 82.4218 82.4583 82.5799 82.5285 82.5153 82.4036 82.5004 82.4575 82.4762 82.5053 82.4381 82.5484 82.5517 82.5922 82.6785 82.3819 82.5094 82.5584 82.5807 82.6883 82.57 82.6445 82.1426
65.5749 65.5841 65.5606 65.5623 65.6408 65.6161 65.7283 65.7227 65.6379 65.672 65.6242 65.6384 65.6565 65.5789 65.6454 65.6208 65.6872 65.6514 65.6154 65.6586 65.6788 65.7538 65.6156 65.6814 65.7074 65.7202 65.7864 65.8522 65.8669 65.5845
136.747 136.655 136.512 136.405 136.817 136.258 136.913 136.645 136.487 136.391 136.561 136.374 136.525 136.504 136.316 136.437 136.653 136.481 136.409 136.496 136.646 136.519 138.852 136.38 136.407 136.602 136.92 136.996 136.604 136.258
13.0418 12.9948 12.9775 13.044 12.905 13.1361 12.9815 13.1578 13.1184 13.1151 13.1444 13.1126 13.1788 13.0919 13.1966 13.0707 13.1349 13.1049 13.0771 13.1084 13.0992 13.114 12.9036 13.141 13.1173 13.0961 13.1157 13.0102 13.1901 13.1354
5.71285 5.70869 5.69821 5.70271 5.68668 5.70483 5.69722 5.70163 5.89337 5.89673 5.90097 5.90142 5.902 5.89987 5.90305 5.89695 5.89899 5.90161 5.89207 5.89058 5.8945 5.89377 6.03787 5.89501 5.89403 5.9091 5.89938 5.96662 5.9345 5.8791
4.51975 4.53482 4.53894 4.53904 4.28215 4.54505 4.27161 4.26767 4.60884 4.60272 4.59324 4.57932 4.59918 4.61883 4.59437 4.60461 4.61933 4.61095 4.57439 4.59619 4.62171 4.60727 4.70498 4.59353 4.60008 4.59649 4.64757 4.64528 4.64219 4.60316
4.56425 4.56626 4.56126 4.56445 4.54334 4.56461 4.60682 4.56416 4.58619 4.61086 4.59216 4.61058 4.57838 4.60285 4.59267 4.58819 4.6239 4.60042 4.61175 4.59119 4.60572 4.63528 4.67079 4.61081 4.60688 4.65196 4.61805 4.64249 4.59547 4.61218
4.48111 4.49163 4.48415 4.48799 4.44196 4.48508 4.45662 4.4768 4.53429 4.52867 4.52662 4.51786 4.54239 4.53318 4.53708 4.53151 4.52825 4.539 4.53031 4.53171 4.53102 4.53598 4.57879 4.53577 4.52368 4.53173 4.52021 4.52954 4.53225 4.55635
4.40343 4.39579 4.40148 4.40251 4.34662 4.40496 4.3609 4.36298 4.68346 4.6888 4.69102 4.67754 4.67809 4.69689 4.69434 4.67308 4.68854 4.68506 4.681 4.68894 4.68864 4.71657 4.78914 4.69248 4.69598 4.7248 4.72571 4.74352 4.77133 4.77715
4.26146 4.25822 4.25625 4.25836 4.20186 4.25331 4.24322 4.22797 4.31926 4.31706 4.30824 4.31781 4.31471 4.30865 4.31111 4.31294 4.33093 4.32055 4.3089 4.30801 4.31064 4.32587 4.37548 4.32024 4.32014 4.328 4.31873 4.3524 4.33269 4.40095
7.56519 7.57799 7.51713 7.50306 7.49371 7.53107 7.44302 7.47561 7.50409 7.48913 7.48804 7.52763 7.46691 7.47087 7.49095 7.51294 7.53836 7.47601 7.54968 7.50121 7.51111 7.58277 8.03344 7.50815 7.514 7.45562 7.57697 7.58323 7.51747 7.40659
148.281 148.281 148.047 148.047 148.27 148.27 148.759 148.759 149.229 149.229 148.964 148.964 149.184 149.184 149.787 149.787 149.298 149.298 149.404 149.404 149.155 149.155 149.257 149.257 149.333 149.333 149.364 149.364 149.537 149.537
149.314 149.314 149.244 149.244 149.296 149.296 149.093 149.093 149.379 149.379 149.185 149.185 149.322 149.322 147.903 147.903 149.182 149.182 149.274 149.274 149.274 149.274 149.392 149.392 149.109 149.109 149.302 149.302 149.092 149.092
93.6935 93.7663 93.728 93.8473 93.5789 93.8639 93.9386 93.8525 93.7832 93.8184 93.8306 93.8291 93.9409 93.7352 93.9859 93.7729 93.7625 93.9186 93.6645 93.8097 93.6567 93.7814 93.5763 93.7657 93.7354 93.3304 93.8003 93.9642 93.5874 93.7106
75.6869 75.6666 75.7143 75.7007 75.622 75.6527 75.84 75.8953 75.8306 75.8622 75.7763 75.7589 75.84 75.8821 75.7978 75.7825 75.9651 75.9437 75.7267 75.7672 75.781 75.8259 75.8512 75.7799 75.7162 76.2093 76.068 75.8479 75.6524 76.1245
72.3697 72.3037 72.2778 72.2913 72.6838 72.1535 72.2557 72.3384 72.2026 72.1741 72.1569 71.9437 72.1244 72.1653 71.9741 72.2307 72.2474 72.1376 72.4721 72.3969 73.6506 72.2888 72.0535 72.3119 72.5442 72.9935 72.836 71.8408 72.436 72.6328
82.4888 82.5137 82.5398 82.5272 82.6355 82.4576 82.2555 82.3827 82.3703 82.3848 82.3922 82.3765 82.2395 82.3736 82.2807 82.4343 82.3654 82.1602 82.543 82.4749 82.8859 82.436 82.1078 82.4314 82.4009 82.5843 82.4355 82.1055 82.2695 82.2886
97.9425 97.5174 97.3223 97.4178 97.556 97.157 97.4357 97.2173 96.632 96.4877 96.5491 96.4654 96.819 96.557 96.3884 96.7078 98.4476 96.9267 96.803 96.6014 97.9767 96.4687 97.2237 96.7415 96.7827 97.5302 96.926 96.6597 96.8186 96.6757
64.745 64.7997 64.8289 64.8516 64.9219 64.8118 64.8142 64.9365 64.8954 64.8514 64.8841 64.888 64.8596 64.9107 64.9081 64.8974 64.9924 64.9183 64.872 64.9246 65.0692 64.988 65.0846 64.968 64.9229 64.8757 64.8457 64.9414 65.058 64.9982
140.64 140.657 140.501 140.501 140.718 140.469 140.46 140.558 140.964 140.824 141.009 140.877 140.832 140.974 140.837 140.845 141.495 140.93 140.843 140.853 141.674 140.881 141.392 140.832 140.936 140.784 141.146 141.252 141.261 140.731
5.61209 5.61148 5.61642 5.61214 5.6443 5.6078 5.62552 5.62412 5.66489 5.65051 5.66356 5.65564 5.68197 5.65465 5.66234 5.65492 5.64469 5.67441 5.64996 5.65537 5.65418 5.66177 5.70495 5.66659 5.66196 5.66141 5.63814 5.68413 5.65566 5.63858
4.48359 4.47246 4.47298 4.45865 4.25852 4.47834 4.22489 4.22877 4.47226 4.43581 4.469 4.47933 4.46622 4.47519 4.46881 4.47423 4.45574 4.43246 4.44847 4.48409 4.60585 4.47155 4.60293 4.48393 4.44349 4.31332 4.38226 4.49496 4.53879 4.39406
4.48575 4.48264 4.49265 4.48624 4.50685 4.49413 4.49084 4.49336 4.52199 4.51087 4.53629 4.53284 4.52063 4.52146 4.53493 4.50935 4.50587 4.54814 4.50681 4.5005 4.47345 4.54672 4.53615 4.52661 4.54105 4.53942 4.52665 4.51457 4.54545 4.52371
4.3877 4.38364 4.37753 4.37482 4.36716 4.37433 4.36793 4.36121 4.42363 4.41637 4.42079 4.42653 4.42715 4.42234 4.42385 4.42866 4.39146 4.42078 4.41297 4.41298 4.37259 4.42492 4.4499 4.43071 4.42745 4.4067 4.41758 4.43759 4.45334 4.41835
5.21904 5.22166 5.2053 5.23782 5.29376 5.19256 5.27787 5.19827 5.0945 5.0171 5.11935 5.10317 5.14566 5.09616 5.06128 5.13919 5.25471 5.13606 5.11896 5.11751 5.17488 5.04753 5.23996 5.14132 5.12367 5.11661 5.24109 5.15689 5.15231 5.11413
4.32865 4.33765 4.33571 4.32768 4.36421 4.32837 4.36962 4.33753 4.45315 4.43588 4.45324 4.445 4.4385 4.48543 4.43259 4.44782 4.54215 4.42815 4.42493 4.42669 4.44365 4.47951 4.63527 4.45426 4.45783 4.44539 4.44834 4.50836 4.60943 4.51271
4.1921 4.20103 4.19553 4.19418 4.16734 4.19941 4.15809 4.1683 4.50689 4.51115 4.5209 4.51909 4.51035 4.48255 4.51425 4.49641 4.51849 4.52849 4.48901 4.45364 4.1673 4.5153 4.48542 4.5177 4.51343 4.51156 4.45579 4.55317 4.47478 4.53813
7.60492 7.60041 7.60141 7.60368 7.60725 7.59928 7.59384 7.61706 7.6524 7.63478 7.65231 7.64507 7.65506 7.63946 7.64966 7.64955 7.666 7.65648 7.62737 7.63317 7.66281 7.61955 7.65682 7.64877 7.65525 7.59888 7.68552 7.65183 7.62971 7.59822
93.0929 93.027 93.2013 93.109 93.3072 93.1067 93.2277 93.3882 93.0106 92.9357 93.0797 92.9689 93.2506 92.9154 92.925 92.9149 92.8461 92.7312 92.8972 93.0354 93.0496 92.8972 92.6699 92.9482 92.8755 92.0379 92.0064 91.3469 92.5676 92.582
75.7615 75.6993 75.6545 75.6258 75.5012 75.6152 75.6001 75.7324 75.4475 75.6557 75.5917 75.5682 75.7064 75.5776 75.5132 75.5019 75.7049 75.5331 75.9476 75.4291 75.3988 75.7449 75.3334 75.5972 75.2795 75.8097 75.8874 75.9125 75.3425 75.8658
72.6666 72.725 72.6819 72.786 72.6102 72.5372 72.523 72.7626 72.8684 73.6229 72.5367 72.6907 72.378 72.7764 72.8067 72.9605 73.7279 72.7104 72.3926 72.7805 72.2364 73.0935 73.0117 72.8751 73.2379 74.854 73.7472 75.454 72.8825 74.2353
82.1909 82.3105 82.2222 82.3279 82.0778 82.2906 82.0326 82.1015 82.3673 82.6479 82.1576 82.2972 82.0437 82.3848 82.522 82.4241 82.6397 82.1638 82.2441 82.3925 81.9308 82.3515 82.3682 82.4328 82.6389 83.4811 82.9083 82.4844 82.5054 82.4383
65.6173 65.6377 65.6437 65.7051 65.522 65.6583 65.5993 65.5573 65.601 65.6939 65.5456 65.5688 65.5707 65.5714 65.6061 65.6957 65.8958 65.357 65.5581 65.6932 65.5441 65.6069 65.5841 65.8341 65.8917 65.6556 65.12 66.9792 65.8651 66.4639
136.31 136.672 136.109 136.438 136.592 136.265 135.729 135.56 136.163 136.831 136.139 135.89 135.596 136.098 135.925 135.981 137.072 136.254 136.289 135.894 136.378 136.121 136.294 135.974 134.912 137.003 136.356 138.096 136.555 136.813
12.7453 12.7586 12.7962 12.6263 12.3431 12.7491 12.748 12.6607 12.5568 12.6232 12.5359 12.5204 12.5257 12.5552 12.5542 12.5145 12.7636 12.5131 12.1577 12.5017 12.282 12.6075 12.4887 12.2626 12.294 12.3571 12.5344 12.2596 12.2254 12.6641
5.70068 5.71369 5.71304 5.69026 5.68236 5.68634 5.69404 5.6918 5.87421 5.89961 5.85952 5.86679 5.87595 5.87817 5.88065 5.86463 5.90842 5.89684 5.86893 5.85545 5.85413 5.87712 5.88003 5.87825 5.88371 5.7074 5.9111 5.95109 5.86723 5.85727
4.56632 4.57238 4.56149 4.57518 4.26199 4.56365 4.23301 4.23625 4.56347 4.594 4.58547 4.56071 4.53125 4.5766 4.55565 4.56949 4.65387 4.44644 4.4965 4.5867 4.53127 4.55113 4.61775 4.52822 4.46836 4.50251 3.95321 4.67132 4.58753 4.49787
4.50588 4.52322 4.51344 4.51811 4.5154 4.52668 4.49464 4.50581 4.59525 4.61675 4.54295 4.56762 4.52744 4.56772 4.5855 4.57822 4.63877 4.63361 4.53464 4.57778 4.55753 4.58763 4.63136 4.60363 4.59177 4.62894 4.54517 4.69646 4.62245 4.61049
4.50152 4.50398 4.50051 4.4891 4.48056 4.48774 4.47944 4.46984 4.52082 4.52105 4.55615 4.53497 4.53375 4.52267 4.50954 4.52469 4.53778 4.54643 4.52051 4.52038 4.54312 4.53331 4.54744 4.52957 4.5337 4.46775 4.53787 4.54555 4.54197 4.5583
4.37825 4.38671 4.36018 4.3752 4.33285 4.37597 4.3507 4.36067 4.64615 4.71057 4.66035 4.65264 4.62413 4.68369 4.66786 4.63094 4.74276 4.73049 4.61788 4.58422 4.58777 4.70819 4.79885 4.62543 4.68956 4.57795 4.77063 4.66235 4.82464 4.79104
4.23144 4.2383 4.2289 4.22807 4.22036 4.23429 4.19376 4.212 4.30488 4.36792 4.30127 4.29721 4.29964 4.29514 4.29151 4.30035 4.42779 4.32801 4.27941 4.27051 4.31219 4.30706 4.32343 4.31078 4.31604 4.24567 4.16041 4.46236 4.32608 4.45759
7.57346 7.65203 7.57041 7.64517 7.62021 7.64299 7.55417 7.55255 7.72351 7.76056 7.70849 7.73465 7.64811 7.7082 7.73754 7.7526 7.86389 7.72439 7.71204 7.72577 8.14682 7.68413 7.80352 7.7138 7.68866 7.78253 7.74949 7.87169 7.95876 7.74064
147.473 147.473 147.42 147.42 147.338 147.338 146.863 146.863 147.383 147.383 147.522 147.522 147.818 147.818 147.638 147.638 147.614 147.614 147.909 147.909 147.894 147.894 147.994 147.994 147.815 147.815 148.004 148.004 148.101 148.101
147.926 147.926 148.193 148.193 146.859 146.859 146.833 146.833 147.607 147.607 146.528 146.528 147.772 147.772 147.969 147.969 147.002 147.002 146.966 146.966 146.236 146.236 147.231 147.231 147.065 147.065 147.35 147.35 145.874 145.874
93.7745 93.7644 93.8095 93.8465 93.6386 93.7825 93.8539 93.5213 93.5352 93.2792 93.8675 93.6737 93.6187 93.6192 93.6093 93.5579 93.4009 93.3425 93.6037 93.6515 93.3834 93.3152 93.3608 93.1839 93.1147 92.8724 92.5649 93.0182 93.3048 93.0623
75.6725 75.6524 75.6278 75.6191 75.6666 75.646 75.456 75.5566 75.647 75.8028 75.6387 75.5446 75.6806 75.674 75.545 75.745 76.3507 75.1283 76.106 75.7907 76.1362 76.1458 76.0945 75.9704 75.1221 76.2138 75.5978 75.4633 75.6993 75.5895
72.0907 72.1334 72.0912 72.1725 72.2625 72.1332 72.0844 72.4109 72.2224 72.0208 72.1701 72.0422 72.0383 71.9445 72.0522 72.6626 72.8115 70.8689 72.0849 72.3521 72.6251 72.7377 72.3003 72.8006 72.856 71.1041 69.255 73.4736 72.9801 72.1761
82.3396 82.4127 82.3716 82.3955 82.6302 82.4662 82.4506 82.6071 82.6917 82.7894 82.4924 82.5746 82.6424 82.6584 82.7059 82.8412 82.7309 80.8367 82.5517 82.8111 82.8769 82.7789 82.9915 82.929 83.1554 82.552 82.0549 83.2537 83.0549 83.1852
97.5647 97.5489 97.3208 97.4837 97.4924 97.5913 97.0825 97.0488 96.4898 96.9031 96.5865 96.2723 95.9951 96.2771 96.2207 96.5058 97.3195 97.4503 96.4172 96.5257 96.2272 97.888 97.1296 96.7384 95.3778 98.5006 95.5033 98.4454 97.3731 97.5079
64.7798 64.8808 64.8084 64.893 64.8123 64.8543 64.8299 64.8199 64.9096 64.9122 64.8369 64.8097 64.8535 64.8893 64.7488 64.9405 65.3079 64.1529 64.7682 65.1646 64.9803 64.7017 65.1672 65.2677 65.771 64.1303 65.8035 66.2725 66.0114 66.2853
140.853 140.888 140.763 140.831 140.805 140.699 140.688 140.67 140.878 140.564 140.901 140.929 140.956 140.962 140.754 141.065 141.147 140.881 141.784 141.695 141.616 140.992 140.476 141.033 141.347 142.326 143.32 142.01 141.713 142.072
5.55113 5.55712 5.54985 5.5532 5.52346 5.54092 5.53059 5.53389 5.56438 5.6096 5.59438 5.57197 5.55948 5.59135 5.58152 5.60307 5.65096 5.68178 5.63354 5.63849 5.61406 5.57474 5.52816 5.55057 5.58753 5.56595 5.63681 5.67265 5.57063 5.6244
4.49147 4.49044 4.48933 4.47873 4.21409 4.45284 4.3444 4.32611 4.45518 4.43614 4.46388 4.47724 4.47947 4.4732 4.48563 4.35102 4.36791 4.18609 4.38626 4.31544 4.29025 4.26179 4.27156 4.40118 4.39002 4.35864 4.58369 4.31353 4.35896 4.28433
4.48261 4.49084 4.48625 4.49364 4.48627 4.48376 4.45257 4.48976 4.51111 4.51913 4.50258 4.48435 4.50754 4.48043 4.48513 4.52612 4.52279 4.67355 4.47426 4.49621 4.51001 4.52815 4.4303 4.5773 4.50235 4.53262 4.45704 4.55057 4.58495 4.50039
4.33123 4.33312 4.32781 4.32559 4.28586 4.32008 4.30731 4.31594 4.36405 4.40091 4.36255 4.36501 4.36579 4.36167 4.36083 4.35885 4.38916 4.59888 4.38561 4.3695 4.38803 4.391 4.33705 4.35504 4.3641 4.36199 4.29798 4.35725 4.34565 4.37559
5.30799 5.23341 5.19765 5.23961 5.25494 5.29823 5.23285 5.26402 4.99319 5.10592 5.02228 5.00838 4.93548 5.00848 4.8431 4.97265 5.17332 5.20675 5.1611 4.95599 4.713 5.28408 5.20272 5.08988 4.447 5.45721 4.96796 5.73181 5.55032 4.95017
4.35309 4.34303 4.35018 4.34685 4.3797 4.33515 4.32266 4.35847 4.42365 4.52643 4.42141 4.44856 4.4226 4.45488 4.47245 4.41893 4.54301 5.09941 4.49177 4.43026 4.39525 4.4973 4.49641 4.46762 4.50355 4.2577 3.97214 4.41714 4.45606 4.38109
4.18157 4.17989 4.18532 4.17138 4.11774 4.17833 4.12765 4.15683 4.50468 4.49923 4.47596 4.4697 4.49104 4.47043 4.47408 4.49448 4.48113 4.6869 4.48349 4.50167 4.49489 4.46801 4.47846 4.48111 4.50418 4.57274 4.70309 4.4965 4.49584 4.52056
7.61828 7.60801 7.59928 7.60839 7.59398 7.59222 7.56029 7.57489 7.58646 7.60529 7.60704 7.57534 7.58648 7.60253 7.54208 7.58142 7.60712 7.63175 7.66883 7.64717 7.66705 7.64378 7.60892 7.53776 7.58893 7.57972 7.71287 7.70271 7.59758 7.82925
93.3548 93.2861 93.3983 93.3075 93.3919 93.198 93.3162 93.4359 93.0532 92.6674 93.0493 93.2906 93.1455 93.3199 93.038 92.3297 91.366 91.649 93.0634 92.3611 91.9793 92.2717 91.5627 91.3333 92.0346 93.1738 91.317 91.7156 91.5933 92.2971
154.406 154.236 154.354 153.917 154.486 154.185 154.556 154.47 154.155 152.892 155.302 155.576 155.66 155.679 155.426 153.814 154.875 154.263 156.783 155.772 156.744 154.277 154.834 154.365 154.127 154.126 153.76 154.506 154.504 153.912
75.2587 75.1934 75.2204 75.2003 75.4848 75.1521 75.5094 75.4637 75.048 76.0795 75.3969 75.2789 75.5222 74.909 74.7889 75.5543 76.7949 76.2102 74.9459 74.7327 74.1483 75.7969 75.567 76.8616 75.261 75.4626 76.1135 74.6463 75.8694 75.2679
73.29 73.2203 73.1665 73.3473 73.1093 73.5678 73.0544 73.4127 73.0786 74.4889 73.3811 73.7702 72.9717 73.4139 73.6827 74.0531 74.8326 75.1551 74.2462 74.9898 75.3414 73.0805 75.0448 74.7374 73.7478 75.371 75.859 74.6546 73.6487 76.1971
82.3864 82.3839 82.2403 82.4737 82.4019 82.6366 82.5532 82.7201 82.0243 82.7748 82.377 82.1858 82.3313 82.3905 82.554 82.8726 82.7088 84.0996 82.2086 83.3175 82.5015 82.7003 83.3258 82.8676 83.3401 81.2674 84.3546 84.6428 83.5479 82.8044
65.9859 65.9473 65.9541 65.9882 65.7051 66.0071 65.8347 65.9398 65.7336 65.4292 65.5148 65.6352 65.549 65.6486 65.5051 65.6225 66.9527 69.5166 65.4963 65.8984 65.1485 65.344 66.1782 66.0379 65.553 65.5729 67.8811 66.7552 65.6671 65.897
139.848 139.69 139.545 139.667 139.583 139.907 139.981 139.977 139.537 139.124 138.398 138.792 138.419 138.718 138.692 138.676 140.966 140.328 139.602 139.742 139.172 138.767 140.211 140.471 141.389 137.933 142.279 140.905 141.797 136.552
5.97087 5.97761 5.97456 5.99082 5.98919 5.97504 5.94921 5.94811 6.49293 6.47309 6.45876 6.47118 6.43028 6.41392 6.4268 6.40883 6.51386 6.35967 6.02779 6.35136 6.44007 6.40216 6.52234 6.30998 6.42601 6.22027 6.28901 6.25993 6.48094 5.91167
7.57813 7.63984 7.59381 7.63169 7.72904 7.70512 7.6424 7.63145 7.44822 6.44129 7.75136 8.02028 8.09539 8.23101 8.01038 6.474 7.52044 7.48145 6.52685 7.2205 6.20515 7.37633 7.32085 7.46585 7.24532 7.62032 7.66772 7.57492 7.33117 6.71295
4.49088 4.50021 4.49622 4.51247 4.20329 4.49012 4.32577 4.29515 4.52523 4.45689 4.48057 4.58395 4.5449 4.54331 4.66957 4.40553 4.67789 4.63537 4.45551 4.56835 4.6171 4.57737 4.67709 4.46313 4.62007 4.57097 4.69968 4.64465 4.69869 4.77705
4.61668 4.61657 4.62565 4.63329 4.4827 4.6042 4.5636 4.57741 4.78389 4.79257 4.79253 4.79924 4.80579 4.69162 4.73257 4.73385 4.87218 4.90093 4.64616 4.66983 4.74644 4.87928 4.84036 4.82444 4.74538 4.30007 4.88224 4.70491 4.69563 4.93147
4.57191 4.56942 4.58535 4.55767 4.57819 4.56 4.50805 4.51205 4.65321 4.67375 4.58184 4.63178 4.58957 4.58237 4.56243 4.63472 4.7627 4.73434 4.69394 4.56424 4.97401 4.62376 4.6231 4.66469 4.61932 5.09269 4.80558 4.65654 4.63239 4.9794
4.58548 4.57153 4.38764 4.57868 4.56098 4.42475 4.57757 4.63304 4.59205 4.54486 4.60046 4.62854 4.58886 4.56518 4.64741 4.88933 4.51038 5.53445 4.5457 4.69749 4.17983 4.62483 4.87458 4.50508 4.77762 4.52957 4.88907 4.86237 4.78933 4.53414
4.25168 4.24829 4.29434 4.25822 4.2075 4.28349 4.21002 4.21493 4.51149 4.49973 4.46468 4.56441 4.46556 4.46711 4.46352 4.45432 4.40037 4.64588 4.43247 4.36415 4.37535 4.46884 4.43283 4.4036 4.44763 4.3865 4.48644 4.50071 4.53383 4.29611
8.11169 8.0712 8.07148 8.02716 8.16549 8.11183 8.10028 8.13302 7.94858 7.84251 7.84259 7.87635 7.91144 7.85744 7.86104 8.0739 8.09129 8.33286 8.20075 8.29474 8.18024 7.76774 8.28966 7.86856 8.54281 8.12895 8.73964 8.30211 8.4553 7.56764
90.6135 90.5209 90.5657 90.7197 91.4251 90.5503 90.5753 90.7781 92.8651 92.9602 90.4342 90.7105 90.7202 90.9589 90.8766 93.0398 93.1851 90.3896 93.1525 93.0068 93.1406 92.8777 92.7704 91.5772 93.2089 90.7116 90.5491 92.8005 92.3262 89.8161
75.2795 75.1984 75.2012 75.2723 76.2775 75.2517 75.4234 75.3125 76.0414 75.5161 74.9931 75.2801 75.1476 74.6392 74.6739 75.715 74.9161 75.7099 75.6724 74.8871 74.9297 76.0251 74.9065 75.681 75.403 75.9776 75.5255 75.3723 75.8696 75.769
75.5175 75.4696 75.3915 75.319 75.466 75.4895 75.5494 75.6151 72.5223 72.7467 75.3175 76.3933 75.5283 76.7601 76.5227 72.7873 72.202 75.6683 72.0536 72.9512 72.3716 73.1752 72.9401 75.0097 72.8558 75.7153 75.7651 71.6947 73.9862 75.668
83.7657 83.7218 83.6465 83.6441 82.8288 83.654 83.199 83.1242 83.2602 83.1846 84.0681 84.0366 84.0364 84.8515 84.4533 83.2634 82.8826 83.4992 83.1864 83.0359 82.9509 82.9973 83.2951 83.399 82.8647 83.9273 83.4713 82.7778 83.0296 83.1814
104.423 104.362 104.332 104.452 104.571 104.211 104.441 104.651 105.779 104.194 105.412 105.551 105.568 105.803 105.795 104.865 104.953 107.42 105.806 103.522 106.165 105.638 102.308 105.886 103.995 106.316 106.638 105.32 104.406 103.613
66.802 66.5892 66.695 66.5135 66.4992 66.6406 66.4758 66.6858 65.2066 65.0615 67.1958 67.444 67.3888 68.0201 67.941 65.4199 65.8392 67.046 65.5692 65.0411 65.5803 64.667 64.7461 66.2554 64.6423 67.0155 66.8162 66.7729 63.5251 68.5991
142.309 142.265 142.263 142.281 142.68 142.19 142.598 142.774 142.73 142.431 143.864 143.475 144.204 143.85 144.239 142.853 143.869 144.369 142.824 143.038 143.228 142.789 142.715 143.923 141.015 144.228 144.888 143.22 142.336 141.214
5.82962 5.87672 5.86334 5.83975 5.83169 5.85611 5.97365 5.8596 5.57073 5.58231 5.94057 5.83746 5.87692 5.847 5.84513 5.55787 5.55292 5.93378 5.52851 5.51406 5.51296 5.57057 5.5573 5.71241 5.51748 5.86805 5.88918 5.59852 5.53464 6.00917
4.33446 4.33064 4.33424 4.33198 4.07862 4.32719 4.16399 4.15798 4.42696 4.45404 4.44863 4.64253 4.46067 4.7169 4.5629 4.40111 4.50172 4.5637 4.4179 4.55416 4.54312 4.37915 4.5328 4.35578 4.42755 4.40456 4.52876 4.44971 4.46917 4.48427
4.40508 4.39974 4.40439 4.40986 4.47771 4.39858 4.41803 4.41189 4.61029 4.54997 4.42838 4.32435 4.3895 4.10214 4.26615 4.51781 4.50975 4.5675 4.5084 4.40028 4.42012 4.63323 4.52844 4.5032 4.50922 4.53678 4.63479 4.65081 4.53436 4.51241
4.28105 4.29888 4.30469 4.31013 4.49424 4.28815 4.35594 4.34608 4.44707 4.44699 4.4245 4.42019 4.44778 4.38744 4.42108 4.43575 4.50067 4.45517 4.42281 4.44685 4.41337 4.46336 4.42676 4.48159 4.43867 4.45192 4.48593 4.50833 4.49345 4.48752
5.46387 5.41722 5.42835 5.50101 5.61356 5.35216 5.49471 5.58795 5.57149 5.50766 5.85177 5.67789 5.89902 5.81535 5.95162 5.62 5.66201 5.87644 5.57638 5.57213 5.71085 5.17439 5.99244 5.74004 5.08942 6.05827 5.77412 5.64463 4.90625 5.20637
4.36714 4.35438 4.16925 4.073 4.00553 4.12427 4.24542 4.1905 4.66617 4.61523 4.77757 5.19902 4.84172 5.40365 5.03791 4.65756 4.63138 4.73817 4.39203 3.85098 4.49361 4.61679 4.73482 4.89092 4.46356 4.92841 4.70781 4.69596 4.77638 3.84367
4.11678 4.08977 4.14217 4.09043 4.26413 4.13548 4.1306 4.18227 4.28722 4.28661 4.29853 4.38835 4.33156 4.23245 4.38947 4.21608 4.25465 4.22765 4.33134 4.19942 4.23557 4.24209 4.23459 4.14598 4.20006 4.2527 4.27985 4.29477 3.93233 4.61662
7.6401 7.64162 7.63015 7.65079 7.75875 7.59731 7.68359 7.69812 7.71803 7.80448 7.74836 7.72822 7.73238 7.7685 7.76691 7.79588 7.72522 7.76555 7.80789 7.71031 7.79612 7.7274 7.79913 7.81096 7.54616 7.81534 7.78132 7.77978 7.66518 7.32938
157.956 158.337 158.019 158.424 156.851 158.108 158.106 157.652 159.051 158.512 157.817 157.162 157.546 157.962 157.774 159.138 159.709 158.468 159.262 157.794 158.618 158.595 157.498 157.721 160.229 156.722 157.884 157.259 157.327 157.981
93.1395 93.1115 93.1586 92.9046 92.7104 92.9009 92.8317 92.8316 93.2118 93.1122 90.6101 91.268 90.3237 90.3866 90.3801 93.2497 92.6176 93.2269 93.0492 93.161 93.2019 93.2817 93.1378 93.0251 92.9483 92.6857 90.1167 91.2409 92.191 92.0279
75.6763 75.7697 75.6306 75.931 76.2274 75.8144 75.9123 76.0485 76.3536 75.8841 76.6166 76.5207 76.5275 76.5266 76.432 75.6605 75.9509 77.0565 75.907 76.0282 75.8471 75.5851 76.1795 76.004 76.2686 76.1594 76.4585 76.1534 76.0982 75.4616
74.6596 74.2865 74.1414 73.9096 74.8412 74.5558 74.7001 74.6771 73.1241 72.8111 75.3599 75.4745 75.3037 75.2871 75.5397 72.6298 73.5697 74.3785 72.3189 72.7656 72.7089 74.1381 72.58 72.8007 72.8555 74.4402 75.4285 75.8031 73.6755 73.6208
84.0894 83.6292 83.4784 83.1124 83.4201 83.7844 83.2802 83.2418 82.3192 82.8736 83.8025 84.052 83.3556 83.6157 84.2585 82.6602 82.6932 82.6202 82.014 82.7458 81.9177 82.5085 83.0121 83.2033 83.0128 83.5927 83.2621 82.0342 83.1919 83.2263
99.3388 99.2036 99.3818 99.0051 100.613 99.2809 101.097 100.755 99.4037 97.2987 98.9889 100.2 99.5117 99.9829 100.332 97.3956 97.7192 104.828 97.7821 99.898 98.0889 97.7502 98.4532 97.979 98.0402 99.5219 101.87 100.211 101.953 102.188
64.8868 65.0686 65.0491 65.165 65.4985 65.0249 64.9581 64.9089 65.6819 65.8708 66.3679 67.1041 66.9404 67.6956 68.5957 65.2157 65.5403 65.7351 65.7039 65.3725 66.7137 65.5463 65.1407 65.1567 65.5127 65.4905 67.9512 63.1835 64.9227 65.8438
142.398 142.407 142.358 142.528 143.749 142.418 142.653 142.651 141.718 141.197 142.055 142.627 142.232 143.179 143.118 140.768 141.665 142.623 141.473 142.395 141.581 141.087 141.839 142.458 142.171 143.855 143.678 142.866 143.234 144.213
5.6021 5.60035 5.60908 5.60096 5.67462 5.59769 5.68541 5.68862 5.99886 5.66165 5.87551 5.6873 5.81597 5.8848 5.85396 5.71764 5.67293 5.74745 5.76169 5.69368 5.71328 5.72811 5.68952 5.6739 5.70805 5.67075 5.8193 5.81889 5.66535 5.68006
4.35331 4.33153 4.36049 4.30514 4.44065 4.31838 4.48838 4.50763 4.83218 4.45068 4.26574 4.21244 4.26827 4.23605 4.29955 4.56347 4.38852 4.30495 4.49322 4.52487 4.5554 4.42393 4.47829 4.55607 4.46926 4.5381 4.3384 4.46528 4.42748 4.47437
4.35196 4.32295 4.38015 4.37946 4.42872 4.31703 4.47233 4.50032 4.53431 4.51918 4.47663 4.44282 4.47546 4.48443 4.4749 4.49239 4.53077 4.3765 4.48584 4.52819 4.50581 4.45591 4.48962 4.50527 4.51358 4.54295 4.50138 4.55554 4.47906 4.40731
4.12295 4.27251 4.21123 4.30312 4.35094 4.2523 4.32458 4.32425 4.42125 4.41834 3.87305 2.91242 3.18916 3.52409 3.5158 4.43899 4.42758 3.86157 4.44932 4.42734 4.45632 4.47959 4.42714 4.433 4.43401 4.40992 4.36458 4.57251 4.45685 4.372
5.6491 5.65353 5.64604 5.68089 5.93543 5.71444 5.83197 5.79665 5.59171 5.12633 5.61717 5.67531 5.68695 5.83934 5.8841 4.84087 6.16736 7.45595 5.48841 5.42734 5.27144 5.49636 5.45441 5.53915 5.61403 5.794 5.80066 5.67037 5.85724 5.91926
4.59227 4.47502 4.37975 4.304 4.1552 4.96661 4.2521 4.26917 4.53909 4.58262 4.11243 3.32137 3.46351 3.28092 2.39515 4.44601 4.61927 4.51219 4.55856 4.68667 4.84762 4.57627 4.51177 4.43911 4.42692 4.46873 4.17552 4.10398 4.46421 4.34975
3.69741 3.72979 3.93864 3.97346 4.21879 4.09734 4.18562 4.24049 4.49981 4.50792 4.32803 3.91914 4.02664 4.19402 4.10577 4.5112 4.51535 4.4125 4.54958 4.65273 4.51956 4.42996 4.48829 4.50507 4.49669 4.52726 4.45155 3.79625 4.53106 4.50634
7.70394 7.70673 7.68457 7.70097 7.82944 7.7043 7.74519 7.76664 7.75715 7.77726 7.77289 7.66416 7.74081 7.81854 7.75771 7.71838 7.79927 7.7771 7.75238 7.66226 7.63937 7.75208 7.69524 7.75477 7.81834 7.91465 7.75944 7.78682 7.80031 7.74912
90.3951 90.046 90.3615 90.0397 90.1964 90.0976 89.9368 90.1244 91.6567 91.8357 91.8831 91.6118 91.879 91.9666 91.9521 92.8114 91.9923 90.7502 92.7755 92.9107 92.4598 92.1495 92.7597 92.5308 92.5463 92.3751 91.645 91.5442 91.0223 91.853
76.1054 76.182 76.0926 76.2005 76.1263 76.2239 76.1945 76.2106 76.1066 76.0647 76.0324 76.14 76.0003 76.0365 76.0703 75.7811 75.7709 76.3014 75.5904 75.5408 75.9353 76.0648 75.6677 75.7736 75.3979 75.3869 75.9557 75.835 75.7401 75.2789
74.4788 74.7585 74.5284 74.9166 75.3113 75.006 75.1426 75.3603 75.6153 73.6546 76.9239 77.4569 77.0151 76.9521 77.3313 72.3457 73.7832 77.2042 73.0649 72.8443 73.3017 74.1373 73.4485 73.5167 73.0858 74.0996 74.6784 75.0855 74.3206 75.3617
84.0345 83.9968 83.9455 84.1444 84.2357 84.218 83.7416 83.818 83.5697 82.9771 84.7528 84.9271 84.9093 84.8808 84.9283 82.1538 82.9868 84.647 81.7773 82.0519 82.3639 83.2451 82.4647 82.2665 81.8877 83.4217 82.9773 83.6751 83.2716 83.3892
68.927 68.9662 68.508 68.4767 69.4587 69.2868 68.7233 68.762 67.6804 66.0249 67.6251 68.6417 68.7393 68.3827 67.8655 65.9039 66.2014 67.5415 65.9286 66.0098 65.9786 66.1681 65.8664 65.8633 65.8131 66.8717 65.8471 65.9691 65.8418 64.4612
140.115 140.043 140.136 139.869 141.207 139.988 140.962 140.974 140.706 137.19 141.145 141.691 141.433 141.515 142.408 135.466 138.96 140.423 136.3 137.446 136.227 138.551 136.794 136.255 135.744 137.423 137.424 139.107 136.139 136.017
5.8412 5.85686 5.85306 5.85464 5.94029 5.85162 5.93399 5.93126 6.08242 5.96753 6.06811 6.05057 6.0479 6.0542 6.05978 5.90797 5.95526 6.03946 5.72472 5.87475 5.82112 5.95321 5.79707 5.67652 5.74328 5.84314 5.89641 5.92294 5.8648 5.85943
4.69318 4.67999 4.71231 4.67841 4.21597 4.66775 4.19135 4.1858 4.65329 4.70805 4.68944 4.62485 4.70764 4.71529 4.71345 4.67817 4.76305 4.7487 4.6569 4.73928 4.51628 4.58887 4.67364 4.5629 4.53719 4.68615 4.35545 4.74875 4.59115 4.75103
4.73346 4.66888 4.72303 4.6767 4.76248 4.67361 4.71639 4.74187 5.27849 4.66119 5.78835 6.09354 5.90701 5.86096 5.99165 4.60836 4.69011 5.54409 4.60285 4.61909 4.61413 4.69376 4.67 4.64929 4.63555 4.67516 4.61459 4.64322 4.60421 4.5065
4.53163 4.54586 4.50952 4.56802 4.64347 4.55676 4.64754 4.64093 4.46295 4.53195 4.44933 4.4283 4.44023 4.4617 4.46822 4.54029 4.56925 4.46095 4.55299 4.56385 4.53576 4.52421 4.54093 4.53613 4.57407 4.50317 4.44795 4.51443 4.55185 4.5521
3.66776 3.77473 3.69752 3.88596 5.24864 4.00964 5.62208 5.153 4.75774 4.74304 4.80123 4.9 4.93621 4.92216 4.83549 4.65776 4.69189 4.75833 4.72048 4.6274 4.62128 4.73589 4.76572 4.66365 4.67122 4.54015 4.69187 4.7477 4.75411 5.10477
4.50286 4.51895 4.50857 4.46955 4.51207 4.13307 4.4635 4.55875 4.51549 4.40163 4.46907 4.69028 4.73634 4.58494 4.39478 4.38733 4.77206 4.2664 4.43478 4.36061 4.34671 4.33645 4.38129 4.33892 4.38451 4.25433 4.27203 4.2646 4.34199 4.33967
7.67875 7.70466 7.69252 7.67163 7.85697 7.69677 7.83961 7.85817 7.97353 7.77667 8.04948 8.12377 8.09295 8.10367 8.22494 7.66317 8.03289 8.03016 7.982 8.00735 7.80539 7.70651 7.97543 7.94023 7.84204 7.34203 7.97822 8.1053 7.32016 7.70894
92.3762 92.4052 92.4763 92.1484 92.0557 92.2296 92.1222 92.0139 92.6105 92.5145 92.5144 92.3916 92.4892 92.5133 92.5611 92.6387 92.5916 93.1145 92.9507 92.6485 92.6657 92.9764 92.6601 92.2707 92.4866 92.0446 91.7897 92.4305 92.3617 92.2626
75.3759 75.4655 75.332 75.3536 75.2499 75.3074 75.0901 75.5406 75.1837 74.8081 75.2637 75.1811 75.0321 75.2174 75.2024 75.1443 75.3283 76.1817 75.5626 75.3886 75.4394 74.9757 75.6809 75.3213 75.2902 75.6547 75.8533 76.4381 75.274 75.9235
72.813 73.5888 72.7988 73.7705 72.8817 73.8822 73.0596 72.9596 72.7086 73.3302 73.2603 73.1627 73.1608 73.2658 73.3006 73.3103 73.6202 71.7433 72.559 73.1645 71.7512 73.3756 72.9339 73.4535 73.4787 73.7457 72.031 72.515 73.5608 70.1742
82.6189 82.8029 82.593 82.8734 82.4427 82.8416 82.5083 82.5281 82.074 82.794 82.6735 82.7693 82.8208 82.7267 82.721 82.5595 82.6894 82.1325 82.0569 82.365 82.3442 82.786 82.35 83.0197 82.9522 82.9285 83.1022 82.1347 83.0842 80.4428
66.1527 66.6179 66.0552 66.5585 66.8679 66.5608 66.3264 66.7288 65.6755 65.7317 66.0249 66.1222 66.0275 65.929 65.895 65.778 65.9796 66.1204 65.5053 65.6595 65.7018 66.0362 65.6937 65.7578 65.7025 65.7945 66.2007 65.6298 65.8433 64.2849
137.211 138.338 137.067 138.245 136.748 138.193 136.875 136.783 137.705 137.147 137.324 137.173 136.428 136.964 137.43 135.665 136.911 137.85 136.085 135.884 136.079 136.945 135.602 136.839 137.113 138.53 137.776 137.251 137.341 127.509
12.494 12.3998 12.5384 12.5251 12.1475 12.4782 12.2606 12.1534 12.4641 12.6328 12.398 12.292 12.3041 12.4142 12.3163 12.4178 13.362 12.5034 11.2126 12.6402 12.336 13.1416 12.6773 11.3087 11.2237 11.1093 12.7939 12.3951 11.2382 12.8214
5.77158 5.79583 5.7498 5.81125 5.75502 5.79327 5.76178 5.81798 5.86389 5.35268 5.55764 5.62413 5.50332 5.60988 5.67139 5.53401 5.6438 5.99559 5.88277 5.909 5.8862 5.21087 5.92293 5.87337 5.88844 5.88589 5.88095 5.96872 5.88567 5.87224
4.62038 4.63193 4.60825 4.64258 4.28414 4.6356 4.26545 4.24515 4.56385 4.562 4.58886 4.57312 4.57121 4.56701 4.56399 4.55653 4.60396 4.54283 4.54453 4.5469 4.55347 4.54998 4.52187 4.58694 4.5998 4.65367 4.50251 4.49383 4.63148 4.45831
4.53188 4.57217 4.53587 4.58843 4.53042 4.59234 4.58145 4.53265 4.5471 4.53736 4.55575 4.55847 4.56062 4.58557 4.59626 4.56223 4.60823 4.62616 4.59931 4.60048 4.56122 4.56937 4.56108 4.59119 4.6336 4.62611 4.62853 4.62815 4.61228 4.56021
4.53713 4.55712 4.53729 4.59779 4.5147 4.59637 4.52407 4.53149 4.50539 4.27928 4.49157 4.48095 4.49071 4.5061 4.51168 4.48815 4.45088 4.56023 4.54289 4.5459 4.57127 4.51948 4.53896 4.54329 4.54562 4.53051 4.52034 4.57194 4.52817 4.58822
4.42521 4.47933 4.43601 4.47336 4.39905 4.47932 4.36884 4.4811 4.65497 4.70603 4.73288 4.7386 4.69754 4.71578 4.7593 4.71538 4.72422 4.77447 4.6455 4.7179 4.77854 4.67701 4.72611 4.7486 4.70277 4.67969 4.79373 4.72216 4.73358 4.83194
4.43651 4.30788 4.4372 4.64291 4.392 4.61041 4.36312 4.37298 4.59542 4.36596 4.374 4.37773 4.34661 4.3386 4.35283 4.35213 4.3438 4.48305 4.34243 4.34011 4.49087 4.75424 4.32996 4.32422 4.32496 4.3144 4.29056 4.66824 4.33079 4.43896
8.07573 8.31226 8.019 8.3073 8.02352 8.31314 8.07237 8.14741 8.00191 7.99331 7.98371 8.05381 7.89515 7.9177 7.99919 7.7822 7.80264 7.58 7.57109 7.50564 7.87521 8.10667 7.49998 7.59228 7.49811 7.7856 7.58185 8.22427 7.68819 11.0507
147.28 147.28 146.961 146.961 147.355 147.355 147.08 147.08 147.449 147.449 147.081 147.081 147.529 147.529 147.456 147.456 147.12 147.12 147.955 147.955 146.852 146.852 146.825 146.825 146.936 146.936 147.016 147.016 146.724 146.724
147.083 147.083 148.94 148.94 147.595 147.595 147.138 147.138 147.38 147.38 147.499 147.499 147.512 147.512 147.441 147.441 147.003 147.003 146.383 146.383 143.72 143.72 147.272 147.272 146.847 146.847 147.061 147.061 147.118 147.118
93.6477 93.654 93.6779 93.73 93.6211 93.711 93.7372 93.5286 93.7182 93.7271 93.7285 93.7014 93.6465 93.5964 93.632 93.657 93.5814 94.0586 93.3893 93.5775 93.8366 93.6119 93.4285 93.5728 93.5881 93.237 94.538 93.6524 93.6717 93.1847
75.8557 75.9112 75.8199 75.7537 75.7946 75.7443 75.6491 75.4937 75.6467 75.7122 75.8226 75.6591 75.7293 75.7498 75.7978 75.7583 75.7132 75.772 75.6834 75.7701 75.6062 75.7072 75.7889 75.8733 75.7531 75.7811 75.7723 75.761 75.9812 75.5749
72.4267 72.3558 72.3255 72.0714 72.4633 72.11 72.627 72.6503 72.4221 72.2042 72.2394 72.1768 72.2836 72.2195 72.2213 72.3074 72.1818 72.7981 72.3615 72.086 72.2146 72.5752 72.0865 72.4445 72.3306 72.7402 72.5654 72.5143 72.2072 72.7302
82.3148 82.3187 82.3059 82.286 82.1259 82.3669 82.0681 82.2023 82.5548 82.4111 82.4535 82.5717 82.6082 82.5589 82.5851 82.4867 82.3853 82.0964 82.8225 82.508 82.5281 82.6878 82.4817 82.7053 82.6353 82.8071 82.2949 82.3103 82.6293 83.12
97.3087 97.4713 97.164 97.0455 97.8459 97.0059 97.3859 97.6633 97.0571 96.1682 96.9738 96.4149 96.216 96.3364 96.5506 96.3125 96.7019 99.7664 97.2027 96.48 96.7567 96.5308 96.7017 96.4504 96.4564 99.094 98.3616 100.134 96.745 99.0647
65.0319 65.0764 65.0297 65.1082 65.251 65.0985 64.9584 65.0338 64.7609 64.7242 64.9775 65.0554 65.0473 65.1115 64.9751 64.888 64.9048 64.3936 65.1476 64.8621 64.8128 64.7802 64.6975 64.9995 65.0466 65.0196 64.6889 64.8995 64.9988 65.2878
141.065 141.189 140.939 141.073 140.875 141.01 140.594 140.814 140.88 140.722 140.892 140.829 140.816 140.927 140.837 140.772 140.877 140.558 141.304 140.797 140.578 140.795 140.86 140.618 140.53 141.854 140.51 141.728 140.556 141.573
5.62845 5.64144 5.62911 5.63486 5.56069 5.62061 5.59649 5.60672 5.62021 5.59298 5.64216 5.62575 5.6301 5.63971 5.62222 5.62868 5.65733 5.52453 5.64397 5.64604 5.6465 5.61478 5.64009 5.66765 5.68475 5.53067 5.54968 5.0073 5.69019 5.50333
4.44443 4.47242 4.46159 4.52268 4.46377 4.50763 4.41889 4.46555 4.4515 4.47318 4.47888 4.47967 4.47838 4.47719 4.42075 4.47248 4.51165 4.38423 4.47389 4.48041 4.5305 4.44856 4.5037 4.44544 4.47448 4.34083 4.49198 4.42264 4.43322 4.44774
4.51968 4.53229 4.51618 4.52017 4.46022 4.52866 4.50885 4.51416 4.4942 4.5128 4.50449 4.50815 4.5069 4.52067 4.51224 4.52022 4.54832 4.44864 4.48687 4.52115 4.49242 4.52599 4.53569 4.51905 4.5254 4.4749 4.4894 4.46533 4.51935 4.47354
4.38778 4.38462 4.38307 4.38923 4.36532 4.39496 4.40179 4.40993 4.34453 4.39378 4.41418 4.41045 4.40506 4.40293 4.40372 4.41157 4.41896 4.49227 4.43214 4.42784 4.44428 4.4072 4.43149 4.41228 4.41897 4.40959 4.48125 4.41745 4.41017 4.40102
5.34771 5.35464 5.30413 5.26181 5.41033 5.24818 5.31919 5.25367 5.13905 4.95751 5.16311 5.07911 4.95019 5.02993 5.02085 4.99059 5.1217 5.57175 5.39299 5.05556 5.12992 4.9943 5.0771 5.0202 5.1346 5.67871 5.70518 5.7136 5.11286 6.42231
4.34913 4.36004 4.5243 4.37629 4.27948 4.37023 4.2237 4.28385 4.58024 4.48403 4.49426 4.47091 4.48025 4.44743 4.4636 4.48132 4.4996 4.57563 4.66024 4.51843 4.567 4.46875 4.58573 4.47204 4.48355 4.57908 4.43531 4.66784 4.51195 4.66696
4.20447 4.2162 4.36308 4.21277 4.13764 4.21549 4.19382 4.17387 4.46807 4.46733 4.50084 4.50798 4.49664 4.51869 4.50699 4.49343 4.50355 4.48919 4.47888 4.50834 4.48879 4.47309 4.51484 4.50405 4.51527 4.52187 4.53849 4.47443 4.49133 4.49968
7.63315 7.62657 7.61227 7.59298 7.66314 7.59504 7.5827 7.57755 7.62713 7.61715 7.63555 7.62378 7.59294 7.60026 7.60204 7.59812 7.61867 7.58591 7.68302 7.59036 7.55788 7.59447 7.61297 7.58547 7.57657 7.74649 7.61113 7.66701 7.584 7.62093
92.8676 92.96 92.9857 93.1097 92.8977 92.9979 93.0293 93.0783 93.1308 92.9529 93.1808 93.0833 93.1383 93.1595 92.9682 93.0143 93.1158 92.7732 93.0123 92.9756 93.3103 92.8931 93.0599 92.9219 92.9485 92.6215 93.3564 93.0369 92.7383 92.895
75.5923 75.5382 75.6619 75.6578 75.823 75.5771 75.6259 75.7495 75.5469 75.4073 75.6656 75.5228 75.5947 75.5373 75.557 75.5396 75.4622 75.4638 75.4309 75.5543 75.5459 75.4518 75.9038 75.5167 75.6225 75.2895 75.6395 75.6151 75.6484 75.3511
72.4079 72.5621 72.4917 72.6658 72.6767 72.7409 72.761 73.0882 72.4607 72.967 72.5522 72.4991 72.5441 72.5248 73.1041 72.67 72.5686 73.2614 72.6991 72.8528 72.7975 72.9342 71.8516 72.7673 72.7358 73.1362 73.0809 73.1065 73.3887 72.9135
82.2581 82.1785 82.1182 81.9917 82.4059 82.2436 82.3426 82.2752 82.148 82.4362 82.2284 82.2355 82.2272 82.1726 82.4822 82.3451 82.1495 82.6491 82.429 82.3676 82.1331 82.5035 81.9381 82.4688 82.3759 82.7161 82.6715 82.3466 82.6139 82.4842
65.6035 65.6343 65.6026 65.662 65.5741 65.6545 65.6009 65.5707 65.5778 65.5728 65.6122 65.6547 65.6474 65.6923 65.671 65.5344 65.5892 65.6745 65.6612 65.569 65.6673 65.5504 65.4291 65.5941 65.5457 65.6015 65.7281 65.6593 65.6566 65.6267
136.15 136.073 135.989 135.955 137.065 136.004 136.77 136.809 136.122 136.096 136.16 135.935 136.034 136.042 136.367 136.19 135.741 137.196 136.194 135.996 135.637 136.271 135.593 136.236 136.049 136.839 137.947 136.441 136.125 136.043
12.4968 12.5219 12.6776 12.7453 12.2451 12.745 12.6128 12.7668 12.6044 12.629 12.5954 12.6151 12.5949 12.6155 12.6902 12.574 12.6625 12.6769 12.5741 12.5913 12.6288 12.6363 12.6403 12.639 12.6473 12.7477 12.8509 12.5308 12.7553 12.7756
5.70114 5.69116 5.69737 5.7022 5.71351 5.6994 5.68892 5.69287 5.8571 5.87353 5.8713 5.86576 5.87432 5.8707 5.87576 5.86794 5.88451 5.88082 5.87985 5.87938 5.89074 5.87148 5.87729 5.87589 5.87796 5.85824 5.89047 5.8828 5.89277 5.86372
4.50532 4.50808 4.50683 4.53908 4.22642 4.53165 4.24114 4.22796 4.60623 4.57654 4.56869 4.5793 4.58714 4.58766 4.60062 4.58881 4.58593 4.61032 4.57718 4.58117 4.56599 4.57864 4.58423 4.58098 4.55196 4.5855 4.59615 4.63952 4.5729 4.57824
4.57513 4.57391 4.57013 4.57047 4.55209 4.57964 4.54157 4.53592 4.54676 4.60248 4.58285 4.56972 4.5502 4.56236 4.58854 4.58503 4.58671 4.58292 4.59411 4.5857 4.5912 4.58854 4.49359 4.56053 4.57982 4.57782 4.56985 4.57837 4.57679 4.58894
4.49532 4.49803 4.50692 4.50902 4.49143 4.50382 4.49784 4.49826 4.52088 4.53752 4.52221 4.53294 4.52628 4.54001 4.52742 4.52874 4.53943 4.52748 4.52485 4.53267 4.53863 4.53494 4.5459 4.52259 4.53554 4.54694 4.55424 4.51798 4.53694 4.53098
4.34587 4.33331 4.34339 4.3401 4.42621 4.37289 4.34966 4.3897 4.65982 4.70805 4.65096 4.64577 4.65167 4.62731 4.74202 4.68954 4.634 4.74021 4.62352 4.7158 4.60595 4.68781 4.7129 4.67947 4.68193 4.71377 4.66533 4.7833 4.78138 4.63606
4.25066 4.25188 4.25098 4.25148 4.23031 4.24758 4.22343 4.21199 4.30971 4.30276 4.30933 4.31379 4.3075 4.31262 4.34697 4.3029 4.30923 4.35401 4.30771 4.30874 4.30085 4.29236 4.30455 4.29458 4.3011 4.34879 4.4745 4.34129 4.32567 4.30064
7.65519 7.59509 7.63806 7.61664 7.79402 7.66916 7.71675 7.74833 7.65065 7.71348 7.70704 7.74403 7.69942 7.70635 7.78852 7.71158 7.70764 7.82473 7.75091 7.73412 7.65002 7.71735 7.67925 7.70988 7.76018 7.78594 7.94156 7.75509 7.7606 7.73383
147.101 147.101 146.928 146.928 147.447 147.447 147.75 147.75 147.471 147.471 148.14 148.14 148.184 148.184 148.053 148.053 147.834 147.834 148.165 148.165 148.068 148.068 148.132 148.132 147.965 147.965 148.078 148.078 148.275 148.275
148.037 148.037 147.974 147.974 147.991 147.991 147.917 147.917 148.052 148.052 147.404 147.404 148.116 148.116 148.116 148.116 148.062 148.062 148.092 148.092 148.274 148.274 148.597 148.597 147.89 147.89 148.104 148.104 148.112 148.112
93.9557 93.9446 93.9614 93.9491 93.9885 94.0638 94.1122 94.1278 94.2501 94.0859 94.2641 94.154 94.2536 94.1432 94.1743 94.186 94.1433 94.1021 94.0527 94.1309 94.1442 94.0917 94.0918 94.111 94.095 93.9279 94.2074 94.3115 93.9996 93.9466
75.5367 75.5662 75.6111 75.7557 75.6532 75.662 75.638 75.6289 75.7878 75.7045 75.6941 75.639 75.7077 75.881 75.614 75.7412 75.6305 75.6536 75.6034 75.6984 75.6579 75.6116 76.3173 75.5555 75.6592 75.5242 75.6204 75.6446 75.606 75.5965
72.0998 72.0621 72.1315 71.9315 71.641 71.877 71.8235 71.7624 71.7817 71.7815 71.8633 71.8304 71.8262 71.7909 71.7613 71.8211 71.8547 71.7705 71.804 71.7753 71.755 71.8959 71.825 71.9659 71.7935 71.9064 71.7171 71.4394 71.7911 71.9222
82.3502 82.3994 82.3928 82.379 82.2947 82.3431 82.3751 82.3276 82.2237 82.3955 82.2146 82.2964 82.2537 82.2485 82.2403 82.3083 82.4054 82.2825 82.4449 82.3306 82.4138 82.4127 82.0012 82.3943 82.3999 82.4989 82.2151 82.148 82.4127 82.4047
97.4912 97.2612 97.2585 96.8532 97.1783 96.8208 96.3225 96.5171 96.5871 96.0052 96.7618 96.152 96.2019 96.2488 96.0144 96.34 95.9968 96.1843 96.0826 96.0918 95.8884 96.0513 96.9214 96.1037 96.2547 96.521 96.1667 95.815 96.1571 96.0496
64.3632 64.3786 64.4908 64.6011 64.3994 64.5377 64.7455 64.6332 64.6047 64.6691 64.5231 64.6772 64.7038 64.6661 64.7569 64.6784 64.7167 64.7234 64.6886 64.6997 64.7345 64.6957 64.5312 64.6828 64.5613 64.6814 64.6726 64.8246 64.6479 64.6634
140.976 141.098 141.09 141.149 140.81 140.997 140.957 140.931 141.016 140.995 141.007 141.143 141.145 141.064 141.223 141.082 141.089 141.261 141.085 141.155 141.11 141.056 141.305 141.18 141.097 141.11 141.203 141.434 141.206 141.046
5.56513 5.57015 5.56555 5.57577 5.57251 5.57781 5.579 5.57484 5.63016 5.62867 5.63343 5.6236 5.64355 5.63113 5.63967 5.62385 5.62428 5.64123 5.61644 5.63236 5.6246 5.62316 5.6668 5.62645 5.63162 5.6244 5.63923 5.64461 5.63406 5.61823
4.33502 4.32612 4.32105 4.32748 4.1399 4.34378 4.13913 4.14166 4.36034 4.37032 4.3636 4.38107 4.36294 4.35924 4.40623 4.36788 4.36877 4.40165 4.38161 4.38283 4.3735 4.37857 4.40885 4.37978 4.36127 4.42527 4.38663 4.46966 4.39013 4.38181
4.45839 4.46054 4.463 4.46339 4.45608 4.46916 4.45493 4.44208 4.46575 4.47809 4.45824 4.4747 4.47775 4.47406 4.47481 4.47114 4.47416 4.47504 4.46488 4.4782 4.47902 4.47772 4.46434 4.47454 4.48208 4.44601 4.47544 4.47576 4.4833 4.47136
4.36548 4.36488 4.35641 4.36039 4.35412 4.36097 4.34686 4.34747 4.40314 4.40085 4.40016 4.39252 4.39547 4.39812 4.39207 4.40285 4.39883 4.39852 4.39624 4.39695 4.39598 4.39531 4.39529 4.3883 4.3999 4.38871 4.39645 4.39627 4.39849 4.3957
5.21695 5.28545 5.27355 5.25472 5.1477 5.27359 5.13475 5.24615 5.17604 4.98333 5.22074 5.09642 5.09256 5.13923 5.01831 5.1391 5.03591 5.05531 5.07254 5.07243 5.03023 5.0397 5.21633 5.05004 5.10135 4.99786 5.09601 5.02391 4.99276 5.0063
4.32105 4.33226 4.3248 4.34518 4.33193 4.35121 4.30984 4.34581 4.48025 4.48692 4.49997 4.46994 4.47427 4.46127 4.49152 4.45775 4.47774 4.49577 4.46828 4.48119 4.48005 4.47434 4.53557 4.49323 4.50507 4.54091 4.48046 4.53304 4.5304 4.48381
4.17831 4.18035 4.16972 4.16914 4.15527 4.17211 4.16343 4.14679 4.48295 4.48908 4.48924 4.49317 4.49121 4.49035 4.48347 4.48408 4.48723 4.4804 4.4886 4.49544 4.49352 4.4883 4.4571 4.48575 4.49905 4.4608 4.49078 4.48083 4.49355 4.48317
7.6587 7.68446 7.68628 7.69992 7.60546 7.68258 7.68207 7.6608 7.70364 7.65289 7.69458 7.68266 7.6984 7.69052 7.68026 7.68521 7.67216 7.69292 7.68131 7.67986 7.67173 7.67008 7.67334 7.68129 7.67107 7.66814 7.71077 7.67255 7.65825 7.66518
93.0829 93.0819 93.118 93.1534 93.1773 93.2553 93.5451 93.5307 93.5148 93.4713 93.4112 93.4298 93.4315 93.5577 93.5085 93.5298 93.414 93.4893 93.3722 93.4212 93.4637 93.4567 93.8686 93.3593 93.411 93.5411 93.507 93.6622 93.3503 93.2798
77.0225 77.0334 77.0248 77.0155 76.9444 77.0948 76.9429 76.9631 77.1204 77.0127 77.0287 77.0197 77.0023 77.058 77.032 77.0086 77.0417 77.03 76.9988 77.0237 77.0178 77.0167 77.3445 77.011 77.0363 76.8773 77.064 77.0273 77.1363 77.0927
69.8787 69.9737 69.9558 69.8204 69.9175 69.7079 69.5652 69.4825 69.3228 69.5199 69.5597 69.5529 69.3863 69.4851 69.657 69.452 69.4732 69.5031 69.6883 69.4487 69.4577 69.589 68.7104 69.6371 69.4839 69.4354 69.4006 69.4904 69.4488 69.6899
82.4943 82.5396 82.503 82.3539 82.2012 82.3658 81.8944 81.9254 81.9255 82.0103 82.0099 82.0235 82.0962 81.8704 81.9624 81.9925 82.1208 81.958 82.1421 82.0055 82.0619 82.029 80.3657 82.1519 82.1035 81.9874 82.002 81.8097 82.0566 82.1036
99.1082 99.2873 99.2453 98.7359 98.9342 98.6775 97.7756 97.7913 97.9823 97.8854 98.1709 98.0304 97.9484 98.1826 97.9684 97.9109 97.8243 97.963 97.8795 97.8804 97.6866 97.9334 100.634 98.0571 97.7926 99.1325 97.6036 97.7174 97.7744 98.1364
64.5149 64.5584 64.5405 64.5425 64.3241 64.6382 64.5857 64.5828 64.5979 64.6092 64.6038 64.6011 64.6153 64.507 64.5726 64.5562 64.6344 64.5604 64.6436 64.6207 64.6831 64.6178 64.4949 64.6076 64.646 64.5246 64.6258 64.6855 64.659 64.595
141.52 141.564 141.542 141.503 141.498 141.452 141.52 141.478 141.602 141.685 141.623 141.66 141.685 141.591 141.774 141.671 141.708 141.706 141.755 141.629 141.693 141.638 142.475 141.688 141.693 141.947 141.646 141.922 141.717 141.709
5.63974 5.6423 5.6357 5.63219 5.64107 5.63868 5.62791 5.63235 5.68756 5.68476 5.68321 5.68233 5.68785 5.68446 5.69334 5.68421 5.68322 5.69597 5.67998 5.68452 5.68077 5.67807 5.75263 5.68307 5.68388 5.68747 5.68389 5.71084 5.69695 5.67912
4.1256 4.12606 4.13094 4.12334 4.11897 4.12763 4.03397 4.0294 4.17361 4.17375 4.16684 4.16937 4.17754 4.1652 4.19358 4.18615 4.18473 4.19212 4.1798 4.17599 4.17876 4.1739 4.3184 4.17504 4.17487 4.3088 4.18495 4.22189 4.19317 4.17729
4.32241 4.32647 4.32275 4.32548 4.31328 4.32441 4.31734 4.31455 4.33224 4.33484 4.33667 4.33389 4.33844 4.32744 4.33062 4.33196 4.33396 4.33479 4.33098 4.33677 4.33505 4.33408 4.33369 4.33547 4.33746 4.30812 4.33333 4.33568 4.33477 4.33203
4.3371 4.33627 4.34 4.33747 4.29958 4.33884 4.31804 4.32142 4.38955 4.38102 4.38537 4.38635 4.38206 4.39425 4.3829 4.38324 4.38151 4.38839 4.37518 4.38564 4.38147 4.38295 4.42185 4.38248 4.38316 4.35473 4.38264 4.38511 4.38788 4.38449
5.55964 5.57336 5.57943 5.57874 5.58451 5.5801 5.51295 5.51667 5.45979 5.43564 5.45717 5.45484 5.44102 5.47218 5.42693 5.45371 5.43616 5.43277 5.44315 5.44715 5.43494 5.44396 5.74231 5.44871 5.44878 5.46314 5.42488 5.50085 5.425 5.43102
4.3208 4.31009 4.30922 4.26898 4.41072 4.28526 4.24557 4.25545 4.32948 4.32282 4.31499 4.33444 4.35662 4.34313 4.39365 4.37434 4.36766 4.38122 4.36507 4.32642 4.318 4.35416 4.53844 4.37597 4.32548 4.46611 4.36002 4.40572 4.36099 4.38106
4.14467 4.15184 4.15321 4.1525 4.03699 4.15069 4.12825 4.13141 4.48647 4.4895 4.48237 4.48649 4.49408 4.48395 4.47472 4.4849 4.49009 4.48302 4.47438 4.48614 4.48574 4.48077 4.47853 4.48037 4.48937 4.47554 4.48195 4.47877 4.48155 4.47657
7.73221 7.72347 7.72932 7.74395 7.74937 7.74225 7.75654 7.74919 7.76574 7.76224 7.75979 7.76132 7.76425 7.76425 7.76076 7.76444 7.75914 7.76318 7.76141 7.76172 7.76361 7.75258 7.79061 7.75603 7.76805 7.76534 7.7654 7.79113 7.76115 7.74574
