92.112 92.0747 92.2945 92.4047 92.3589 92.2163 92.1238 91.8666 91.9234 92.0242 91.9913 91.9999 92.0146 91.977 91.9692 92.0005 92.1408 92.0483 91.989 91.9357 91.9678 92.0034 92.0142 91.9983 91.9902 91.9117 92.0252 91.8378 91.9511 91.9015
75.5153 75.5251 75.3949 75.4411 75.4127 75.5451 75.5845 75.5985 75.5912 75.5416 75.5383 75.6819 75.5248 75.4937 75.5557 75.5461 75.7776 75.7288 75.5571 75.7035 75.5109 75.5488 75.5348 75.6729 75.6613 75.7492 75.7166 75.6793 75.5676 75.7882
72.955 72.9333 73.5058 72.9107 72.9698 73.031 73.1256 74.244 74.5404 73.9774 74.2295 74.3495 73.9105 73.8941 74.0973 74.1058 74.1521 73.8551 74.2106 74.2818 74.2463 74.094 74.097 73.8231 74.1061 74.3903 73.8964 74.7974 73.9968 73.7455
82.9818 82.9684 83.0503 82.8259 82.8727 82.7701 82.8971 83.27 83.3739 83.1042 83.2252 83.1951 83.1072 83.1961 83.1613 83.1702 83.1995 83.1027 83.1865 83.193 83.195 83.2155 83.1289 83.1228 83.2276 83.2908 83.1519 83.364 83.1899 83.0605
66.5374 66.5103 66.5672 66.5284 66.5325 66.5331 66.5308 65.964 66.0544 66.0404 66.0656 66.1288 66.004 65.996 66.0069 66.0554 65.9114 65.9042 66.1226 66.105 66.0452 65.9269 66.0731 65.9429 65.9146 66.0687 65.9371 66.2729 66.0725 65.8596
138.593 138.637 138.833 138.287 138.194 138.198 138.115 138.977 139.27 138.799 139.002 139.061 138.778 138.768 138.888 138.882 139.091 138.736 138.872 139.032 138.991 139.126 138.752 138.918 138.986 138.991 139.06 139.454 138.83 138.717
5.73081 5.73402 5.7253 5.71983 5.71631 5.71604 5.71908 5.88838 5.90232 5.89377 5.8949 5.89529 5.89882 5.90499 5.89656 5.89887 5.89538 5.8988 5.89371 5.89354 5.89877 5.90552 5.8811 5.91024 5.8932 5.90058 5.90781 5.88276 5.90698 5.89695
4.6083 4.59749 4.59039 4.51095 4.50618 4.34321 4.35853 4.64589 4.71147 4.71395 4.72499 4.74061 4.70494 4.70038 4.70743 4.70865 4.66577 4.6355 4.72792 4.76153 4.74869 4.72067 4.72703 4.70209 4.68034 4.63761 4.7173 4.75203 4.67701 4.65679
4.53075 4.52966 4.49383 4.48702 4.48768 4.4805 4.46623 4.62487 4.65953 4.60828 4.62398 4.63058 4.60411 4.62542 4.63476 4.61514 4.63485 4.60193 4.63026 4.65797 4.66728 4.65436 4.64879 4.6169 4.63016 4.65366 4.6385 4.6605 4.6038 4.61336
4.46082 4.46192 4.46997 4.4863 4.46888 4.45999 4.46861 4.5214 4.51779 4.52994 4.52465 4.52419 4.52961 4.50871 4.53326 4.5288 4.50883 4.52109 4.52396 4.53909 4.53114 4.53136 4.53032 4.52656 4.50165 4.52344 4.5097 4.52775 4.52433 4.54423
4.27454 4.26885 4.24244 4.23289 4.23933 4.24627 4.24795 4.71723 4.71486 4.71987 4.71614 4.72511 4.71743 4.70933 4.72034 4.72038 4.70781 4.70617 4.72336 4.72844 4.72104 4.70596 4.72647 4.70411 4.70923 4.71155 4.70639 4.72584 4.70939 4.70849
4.20863 4.20189 4.21997 4.21672 4.22361 4.21371 4.18374 4.30091 4.29946 4.30625 4.30184 4.30486 4.30481 4.30389 4.30525 4.30787 4.29896 4.30417 4.30972 4.30135 4.30216 4.29379 4.30802 4.29924 4.29818 4.30968 4.2942 4.30059 4.31064 4.2993
7.78358 7.78991 7.83201 7.77508 7.78737 7.80064 7.82736 8.0082 8.00389 8.00398 8.01353 8.00867 7.99364 8.03139 8.05529 7.99402 8.00434 8.01529 8.02501 8.12335 8.12253 8.0833 8.12767 8.04641 8.04876 8.04136 8.06455 8.06481 7.97787 8.20443
92.4003 92.3799 92.6541 92.6194 92.6292 92.5787 92.6355 92.3295 92.2912 92.4857 92.4612 92.3376 92.4639 92.5051 92.3786 92.4647 92.4297 92.511 92.3889 92.3147 92.5284 92.484 92.3399 92.4825 92.3741 92.5441 92.3681 92.0726 92.4039 92.3938
75.5588 75.587 75.6459 75.6736 75.649 75.602 75.515 75.498 75.5228 75.5103 75.4849 75.5707 75.5332 75.8064 75.7869 75.5151 75.786 75.7798 75.4801 75.5782 75.6276 75.8407 75.4572 75.7985 75.8273 75.6041 75.6783 75.4498 75.4993 75.9496
73.6093 73.5794 73.496 72.9441 73.0413 72.54 72.6606 73.4839 73.729 73.2159 73.4782 73.2256 73.3067 73.411 73.5433 73.3201 74.1319 73.7716 73.1405 73.4826 73.4799 73.8027 73.6932 73.1974 74.1235 73.898 73.5251 73.5935 73.403 73.6626
82.7316 82.7031 82.4513 82.3985 82.3857 82.312 82.3553 82.5935 82.7064 82.4326 82.4941 82.4311 82.474 82.4973 82.5986 82.4583 82.7934 82.6472 82.4542 82.5497 82.5158 82.5881 82.6212 82.5165 82.8527 82.6379 82.5872 82.6886 82.5655 82.656
66.0425 66.0004 66.0438 66.0343 66.0534 66.0463 65.9856 66.1135 66.0704 66.0803 66.0448 65.9575 66.0393 65.93 66.0129 66.0362 66.2305 66.194 66.1265 66.0043 65.9978 66.0212 66.1932 65.9007 66.1103 66.4474 66.0119 66.0786 66.051 66.0923
137.656 137.627 136.64 136.353 136.388 136.092 136.266 136.763 136.876 136.405 136.64 136.582 136.459 136.577 136.653 136.511 137.559 137.382 136.366 136.584 136.52 136.939 136.472 136.732 137.456 137.241 136.82 137.252 136.637 136.858
5.74129 5.7358 5.74436 5.71774 5.73464 5.7256 5.72504 5.91523 5.92244 5.91963 5.92167 5.92713 5.91949 5.91689 5.92471 5.92005 5.94109 5.93582 5.92079 5.94341 5.92891 5.94719 5.91149 5.93397 5.93876 5.90708 5.94658 5.89744 5.91687 5.94987
4.63155 4.6354 4.353 4.33307 4.33361 4.34392 4.346 4.70199 4.68888 4.71936 4.72644 4.70606 4.69 4.60759 4.60691 4.69726 4.76811 4.73852 4.70326 4.7305 4.64005 4.71005 4.71272 4.63209 4.70712 4.70737 4.7578 4.71112 4.67443 4.71257
4.61128 4.61118 4.55895 4.53771 4.52683 4.49142 4.52337 4.61518 4.6637 4.62612 4.65331 4.61736 4.627 4.62057 4.64526 4.61632 4.68584 4.65948 4.61587 4.64434 4.6645 4.68255 4.6564 4.62441 4.69689 4.65153 4.65754 4.65394 4.61746 4.64123
4.48542 4.48767 4.49033 4.48341 4.48242 4.48488 4.49049 4.53846 4.546 4.54908 4.55917 4.5717 4.54495 4.52977 4.5464 4.54737 4.54281 4.54111 4.54118 4.55436 4.54148 4.54662 4.54783 4.53731 4.52644 4.53745 4.54484 4.54945 4.52926 4.55684
4.38797 4.38553 4.37763 4.36736 4.37835 4.33953 4.36518 4.69212 4.70363 4.68326 4.6919 4.71772 4.67361 4.6583 4.67521 4.68103 4.66938 4.68302 4.67737 4.71896 4.67766 4.66267 4.70342 4.6694 4.6723 4.68745 4.69292 4.73195 4.66576 4.7144
4.27346 4.27489 4.25947 4.24973 4.26223 4.25197 4.25077 4.39387 4.36612 4.36963 4.36548 4.34766 4.36928 4.36461 4.36971 4.36581 4.42257 4.47787 4.36319 4.34648 4.36915 4.36556 4.36837 4.35927 4.40852 4.51717 4.35463 4.34511 4.36673 4.38895
7.47228 7.49588 7.34558 7.31473 7.32497 7.36495 7.34565 7.53391 7.41932 7.44253 7.4024 7.34702 7.44088 7.45486 7.42631 7.4146 7.51415 7.63589 7.40206 7.33068 7.39811 7.45483 7.40232 7.4654 7.46103 7.65327 7.4795 7.49798 7.47423 7.47414
92.9286 92.8857 93.1784 93.0563 93.0286 93.0527 93.1825 92.9783 92.975 93.0215 93.0092 93.0286 92.9789 92.9317 92.9389 93.0281 93.0379 92.9201 92.9734 93.0555 92.9392 93.341 92.9427 92.79 92.9011 92.9857 92.935 92.9259 93.0479 92.8268
75.4122 75.4314 75.2976 75.2227 75.2936 75.434 75.4403 75.2389 75.1925 75.4022 75.2264 75.2485 75.2733 75.4729 75.4831 75.3874 75.4301 75.3466 75.1962 75.3373 75.2716 75.8687 75.1002 75.885 75.4056 75.2644 76.1276 75.1762 75.2283 75.6087
73.1546 73.1474 73.0338 72.8972 72.9819 72.8853 72.8984 72.865 73.0731 72.9875 72.8209 72.94 72.9418 73.5996 73.4039 73.0045 72.7401 72.5297 72.9418 72.7797 73.5224 72.8971 73.2009 73.6348 73.3408 72.9935 72.9491 73.1736 72.948 73.117
82.3785 82.412 82.2814 82.4508 82.3114 82.2906 82.232 82.2457 82.3881 82.2377 82.3415 82.287 82.3038 82.6288 82.494 82.2786 82.2595 82.197 82.288 82.2273 82.5744 81.8807 82.4279 82.3205 82.5675 82.0887 82.2002 82.4475 82.3346 82.4237
65.7911 65.7962 65.8602 65.8365 65.7799 65.7445 65.7762 65.8501 65.9015 65.8891 65.8228 65.8291 65.879 66.0055 66.0361 65.8463 65.73 65.7565 66.0028 65.8348 66.0873 65.7793 66.1512 65.8985 65.9897 66.1495 65.5678 66.1261 65.805 65.7734
137.176 137.138 136.512 136.591 136.443 136.31 136.293 135.97 136.212 136.073 136.103 136.018 136.119 137.067 136.544 136.058 136.41 136.025 135.894 135.987 136.612 137.513 135.963 136.917 136.118 135.851 136.802 136.14 136.19 136.532
5.6923 5.69693 5.67254 5.67979 5.68607 5.68835 5.68511 5.86844 5.86997 5.876 5.86921 5.86802 5.86713 5.88767 5.88286 5.88326 5.89231 5.88725 5.85856 5.87839 5.88513 5.88481 5.85874 5.89026 5.9155 5.84024 5.90305 5.8494 5.86773 5.92234
4.56542 4.56706 4.2342 4.25019 4.25526 4.25991 4.25185 4.61318 4.62588 4.59172 4.61718 4.58305 4.62113 4.64942 4.61938 4.5763 4.62148 4.64422 4.60536 4.59516 4.64282 4.61652 4.62702 4.70232 4.63662 4.61989 4.56174 4.62344 4.61483 4.62697
4.56231 4.56376 4.54634 4.53711 4.54572 4.5313 4.51726 4.58516 4.59007 4.59663 4.60327 4.60364 4.59343 4.61676 4.58837 4.58985 4.60597 4.57599 4.59584 4.58453 4.63456 4.59931 4.61471 4.59888 4.59645 4.56219 4.64822 4.59954 4.58094 4.61052
4.47067 4.47128 4.45262 4.47344 4.46745 4.46449 4.48632 4.5369 4.52367 4.53327 4.5179 4.5389 4.52951 4.50191 4.52118 4.53762 4.53125 4.53468 4.52893 4.52497 4.52573 4.55941 4.52174 4.5192 4.52834 4.52844 4.5487 4.51045 4.51129 4.5155
4.45493 4.45811 4.38679 4.40954 4.39316 4.39693 4.40686 4.70232 4.70173 4.70304 4.68737 4.70551 4.7013 4.72325 4.79754 4.71574 4.74328 4.73107 4.70867 4.6845 4.77577 4.6123 4.71409 4.72257 4.81561 4.69903 4.65927 4.67896 4.68956 4.73072
4.26186 4.26041 4.22871 4.2459 4.25067 4.2366 4.25022 4.36132 4.3551 4.36041 4.3508 4.35596 4.3593 4.39326 4.39342 4.36154 4.33573 4.33789 4.36914 4.35003 4.40861 4.8664 4.3655 4.36252 4.36065 4.39885 4.34303 4.33729 4.35134 4.32947
7.52989 7.52029 7.55004 7.47269 7.43746 7.43854 7.42103 7.49596 7.43085 7.4621 7.43401 7.46968 7.48483 7.59332 7.58503 7.45233 7.4029 7.40247 7.47695 7.4518 7.54436 7.97103 7.42937 7.59499 7.44651 7.41932 7.54466 7.44423 7.4717 7.39391
93.9102 93.918 94.4757 94.3449 94.3521 94.3897 94.3403 94.1149 94.1148 94.0268 94.1076 94.0307 94.1888 93.9696 93.9951 94.0979 94.3271 94.0568 94.0184 94.0448 94.1509 94.3696 93.995 94.1021 93.7874 94.0809 94.1912 94.1257 94.1242 93.9126
75.3059 75.2887 75.0737 75.223 75.2815 75.1125 75.1787 75.0981 75.0834 75.1682 75.1862 75.0638 75.1284 75.3455 75.3561 75.1255 75.2702 75.3997 75.0619 75.0884 75.3359 75.5929 75.1878 75.7247 75.481 74.7066 75.3767 75.0643 75.076 75.9436
72.6939 72.697 72.755 72.4283 72.3957 72.471 72.0457 72.1784 72.2693 72.2551 72.3377 72.2984 72.2744 72.2636 72.0452 72.0758 72.0053 71.8245 72.3069 72.3812 71.8218 71.9113 72.1496 71.4499 72.1118 72.4888 72.0815 72.2883 72.3036 72.4822
82.7037 82.6828 82.3971 82.5057 82.461 82.5023 82.4674 82.6598 82.6466 82.584 82.6196 82.7405 82.5867 82.6589 82.6005 82.6566 82.38 82.5189 82.7078 82.7224 82.4925 82.1666 82.6364 81.5869 82.7638 82.5948 82.1677 82.6294 82.625 82.7851
97.5907 97.6598 97.115 96.8978 96.9654 96.838 96.5757 96.2116 96.46 96.7855 96.4665 96.3354 96.5708 96.5899 96.4178 96.558 96.9776 96.5739 96.315 96.5906 96.4629 99.0615 96.423 100.855 95.7564 96.7735 100.339 96.3487 96.4291 97.3943
64.9801 64.9839 64.8771 64.9226 64.9257 65.01 64.9631 65.0526 65.0804 65.0084 65.0637 65.0932 65.107 65.0761 65.1173 64.9925 64.9236 65.12 65.2273 65.0749 65.1126 64.8903 65.2291 65.1037 65.1103 65.8978 64.9708 65.1752 64.9801 65.0526
141.217 141.238 140.79 140.69 140.75 140.816 140.694 141.048 140.957 141 141.008 140.948 140.96 141.312 141.189 141.056 140.975 141.243 140.923 140.986 141.038 142.089 140.91 142.212 141.379 140.588 142.283 140.934 141.028 141.604
5.5292 5.52952 5.5472 5.56249 5.56549 5.55678 5.54806 5.5759 5.5779 5.59228 5.58506 5.56807 5.58305 5.58983 5.60258 5.58687 5.61765 5.59713 5.56622 5.57059 5.60239 5.66056 5.56447 5.49044 5.61834 5.53066 5.62196 5.55687 5.57703 5.6321
4.33927 4.34325 4.29687 4.19136 4.20064 4.19001 4.18711 4.38259 4.38498 4.38184 4.39652 4.36728 4.3867 4.4322 4.40824 4.37977 4.37738 4.4454 4.39027 4.37059 4.38282 4.41397 4.38118 4.55416 4.44066 4.34188 4.41261 4.35001 4.38113 4.48084
4.38578 4.38507 4.41129 4.41145 4.4125 4.40706 4.4046 4.41903 4.42042 4.4285 4.42212 4.42258 4.42083 4.39558 4.42542 4.43443 4.41673 4.40264 4.42336 4.41943 4.43613 4.42022 4.4195 4.39134 4.43784 4.40603 4.40938 4.41192 4.41419 4.37852
4.35036 4.34971 4.34303 4.35477 4.35586 4.36789 4.36345 4.40287 4.40247 4.40581 4.39722 4.39938 4.40568 4.39948 4.40808 4.40401 4.40545 4.39104 4.39852 4.40404 4.40426 4.41736 4.39155 4.28856 4.40889 4.4005 4.48813 4.39552 4.39972 4.41651
5.33702 5.36566 5.283 5.2775 5.29384 5.22279 5.20342 5.01218 5.03343 5.12347 5.05361 5.00083 5.10567 5.13338 5.06032 5.01017 5.17974 5.09295 5.04566 5.0704 5.03934 5.61129 5.04138 5.72684 4.76022 5.32644 5.70638 5.05195 5.05128 5.21259
4.46844 4.46759 4.41187 4.39105 4.40668 4.38059 4.37127 4.50122 4.50421 4.50689 4.48779 4.48118 4.50165 4.59247 4.55795 4.50325 4.53026 4.58091 4.51403 4.47612 4.52934 4.65451 4.50752 4.5853 4.60141 4.45437 4.74902 4.48053 4.50408 4.62516
4.2018 4.20675 4.21257 4.21318 4.21444 4.22111 4.21988 4.5498 4.54685 4.56688 4.55332 4.5564 4.5533 4.47971 4.55597 4.57394 4.54802 4.51061 4.55546 4.55506 4.55789 4.53734 4.55179 4.53497 4.56667 4.57278 4.56764 4.51855 4.54495 4.52407
7.60301 7.60482 7.55331 7.56823 7.58977 7.59439 7.60838 7.60622 7.60554 7.60389 7.5984 7.58585 7.60854 7.62244 7.60856 7.60132 7.61157 7.61092 7.576 7.60865 7.58283 7.71095 7.57318 7.693 7.57526 7.55671 7.71703 7.58028 7.61344 7.66
93.0128 92.983 93.5581 93.4356 93.5498 93.6291 93.6055 93.1997 93.199 93.0964 93.0442 93.0703 93.2517 93.2796 93.0705 93.1634 93.0229 93.2066 93.1023 93.0874 92.9253 92.9478 92.9421 94.4815 92.8892 93.1128 93.1481 93.0815 93.1801 93.2873
75.6694 75.636 75.2794 75.4304 75.3827 75.4942 75.4319 75.6844 75.6701 75.6745 75.6418 75.8753 75.7625 76.0097 75.63 75.6852 76.0868 75.7912 75.6848 75.648 76.1034 75.9262 75.8931 75.8965 75.619 75.6551 75.9664 75.9931 75.8367 75.9063
73.2032 73.2076 72.8239 72.7672 72.5929 72.5412 72.539 72.3974 72.1818 72.35 72.6177 72.2636 71.8166 71.3124 72.4619 72.1908 71.436 72.2577 72.3403 72.2286 72.1555 72.4041 72.835 71.9754 71.6184 72.0215 72.2235 72.327 71.4776 72.7152
82.9555 82.9497 82.9119 82.7183 82.6155 82.4566 82.4583 82.5949 82.5576 82.5874 82.6552 82.5709 82.3278 82.4192 82.6867 82.6524 82.6356 82.7738 82.6289 82.6194 82.6762 82.8054 83.0071 82.1878 82.5547 82.4406 82.6429 82.8019 82.4627 82.549
104.15 104.315 104.002 103.507 103.561 103.644 103.425 103.642 103.748 103.87 103.836 103.584 103.736 103.348 103.925 103.833 103.732 104.285 103.908 103.624 103.859 104.763 103.887 104.334 103.79 103.316 104.455 103.133 103.48 105.129
64.9346 64.9546 64.7573 64.9661 64.9194 64.839 64.8659 64.8406 64.8614 64.8846 64.8016 64.8784 64.8787 64.5884 64.8179 64.8528 64.6391 64.7382 64.921 64.9135 64.9696 64.8099 64.8239 65.0846 64.9779 65.2021 64.7755 64.7671 64.6538 64.6988
141.723 141.742 141.639 141.55 141.484 141.582 141.419 141.521 141.431 141.454 141.581 141.429 141.339 141.353 141.497 141.453 141.531 141.991 141.398 141.398 141.77 141.762 141.99 141.694 141.412 140.883 141.783 141.642 141.344 142.214
5.52539 5.52302 5.52029 5.50784 5.51713 5.51935 5.52671 5.49979 5.50121 5.49991 5.50774 5.51351 5.50336 5.53931 5.4998 5.50137 5.50637 5.51867 5.49346 5.5025 5.49928 5.52057 5.43837 5.57836 5.52692 5.48306 5.53189 5.48815 5.52595 5.58001
4.4544 4.45813 4.56451 4.43561 4.49341 4.42996 4.47888 4.47721 4.49697 4.47597 4.48158 4.46701 4.49309 4.40948 4.47102 4.47619 4.40342 4.39766 4.48073 4.48589 4.43173 4.44377 4.40163 4.48779 4.5154 4.41822 4.44074 4.3668 4.44405 4.48045
4.51585 4.51439 4.4614 4.48819 4.50574 4.49524 4.51881 4.63878 4.63436 4.65226 4.64623 4.63247 4.64627 4.66409 4.64431 4.64315 4.63885 4.63172 4.6433 4.6395 4.61974 4.63782 4.57993 4.68084 4.66838 4.62035 4.65268 4.62834 4.65107 4.64784
4.35749 4.35388 4.35921 4.36833 4.36995 4.37574 4.37442 4.40465 4.4006 4.40696 4.41502 4.40909 4.40894 4.40338 4.40295 4.39972 4.3969 4.40449 4.39861 4.40381 4.40832 4.41389 4.39274 4.4272 4.40524 4.38801 4.41227 4.39247 4.40176 4.42783
5.43809 5.44958 5.39058 5.38704 5.39397 5.38777 5.39997 5.35469 5.38653 5.3982 5.37592 5.3644 5.40641 5.37107 5.40847 5.37548 5.36953 5.42911 5.41909 5.37737 5.40386 5.46756 5.35891 5.53881 5.37617 5.58797 5.45853 5.32005 5.34302 5.60615
4.31726 4.3129 4.34081 4.24705 4.25644 4.23407 4.22588 4.48192 4.49409 4.49412 4.49745 4.48992 4.46562 4.52958 4.54738 4.50549 4.54592 4.40123 4.50007 4.46747 4.5553 4.58354 4.47937 4.52818 4.53081 4.41524 4.55697 4.53266 4.49163 4.70367
4.22381 4.2216 4.22635 4.25298 4.23944 4.23942 4.23698 4.33074 4.33368 4.34295 4.33691 4.32812 4.34177 4.32107 4.32962 4.32857 4.29726 4.31276 4.33639 4.33354 4.27186 4.29833 4.27555 4.38548 4.34238 4.35096 4.31375 4.29952 4.33661 4.31716
7.76123 7.75982 7.75327 7.7648 7.76434 7.78413 7.78156 7.74866 7.75341 7.75383 7.75509 7.74101 7.75387 7.74959 7.74264 7.73052 7.71405 7.74872 7.73092 7.7523 7.71012 7.74629 7.67907 7.8049 7.74537 7.67239 7.75271 7.70006 7.74095 7.80066
91.7417 91.7562 92.2184 92.0931 92.143 92.0692 92.177 91.7632 91.7412 91.5456 91.547 91.6759 91.6812 91.333 91.7098 91.7745 91.1145 91.5248 91.7338 91.7125 91.3852 91.7211 90.8782 91.8336 91.7722 91.3106 91.6668 91.3437 91.5117 91.9694
152.982 152.868 152.719 152.917 152.973 152.984 152.613 152.85 152.643 153.134 152.801 152.672 152.704 152.789 152.68 152.566 153.043 152.724 152.898 152.63 152.494 152.435 153.68 152.783 152.599 153.498 152.371 152.63 153.062 152.732
75.6817 75.6558 75.6613 75.658 75.6544 75.6506 75.6759 75.6839 75.6827 75.707 75.8443 75.7607 75.7568 75.9865 75.7387 75.702 75.9906 75.8951 75.7299 75.6466 75.7941 75.6741 76.0731 75.6337 75.0541 75.9649 75.6662 75.6521 75.9893 75.8099
74.3623 74.3802 74.3098 74.3639 74.2536 74.1967 73.8713 73.8933 73.6913 73.7677 74.0393 73.8827 73.3151 74.125 73.7326 73.8925 73.8331 73.7834 73.7654 73.9049 73.9328 73.8524 73.7623 74.0191 73.8078 73.3778 73.8685 74.331 74.0106 73.6489
83.2023 83.2042 83.108 83.2304 83.173 83.1529 83.0727 83.095 83.0464 82.9939 83.188 83.1584 82.9147 83.4444 83.0732 83.1031 83.5329 83.1353 83.0571 83.0858 83.295 83.1575 83.6434 83.1992 83.4101 83.2669 83.1908 83.3752 83.2438 82.8039
66.3268 66.3456 66.3421 66.35 66.3251 66.3487 66.1455 66.0579 66.0833 66.0509 66.118 66.074 66.0689 65.6962 65.9657 65.9647 65.4043 65.8851 65.9695 66.1804 65.6686 65.7467 65.1909 66.0871 66.4043 65.9533 65.8356 65.8338 65.749 66.4397
140.505 140.579 140.277 140.461 140.353 140.27 140.101 140.129 140.153 140.007 140.329 140.08 140.009 140.226 140.03 140.168 140.235 140.262 140.027 140.157 139.996 140.2 140.498 140.098 139.948 140.53 140.226 140.183 140.393 139.814
5.90126 5.90629 5.85148 5.80417 5.83557 5.84536 5.83865 6.35571 6.35105 6.3712 6.36743 6.3694 6.35824 6.4353 6.35612 6.37016 6.44302 6.37931 6.35532 6.35284 6.39968 6.39086 6.38427 6.36738 6.35508 6.36284 6.39446 6.40355 6.42504 6.40573
7.11053 7.06418 6.79209 6.91866 6.93177 6.84301 6.71662 6.51774 6.42125 6.69474 6.58222 6.41733 6.42921 6.52039 6.31252 6.26226 6.57435 6.32769 6.40412 6.44381 6.24814 6.18191 6.91877 6.51006 6.42206 6.97537 6.11067 6.48274 6.6636 6.08886
4.61562 4.61275 4.24125 4.44647 4.42233 4.39136 4.41671 4.69897 4.71451 4.67019 4.70121 4.70277 4.73726 4.62144 4.73378 4.70888 4.6262 4.63072 4.73685 4.70466 4.67377 4.64658 4.60495 4.71304 4.70986 4.64463 4.70011 4.6671 4.56274 4.71366
4.65984 4.65277 4.68057 4.6709 4.66619 4.63735 4.61151 4.84633 4.82815 4.85381 4.8541 4.84204 4.8225 4.81371 4.83269 4.82335 4.80523 4.78714 4.83627 4.84147 4.8017 4.81104 4.81739 4.83757 4.71508 4.83769 4.80337 4.82954 4.82763 4.85076
4.45078 4.45052 4.42859 4.44471 4.43479 4.44655 4.43748 4.56224 4.55758 4.56288 4.56476 4.55086 4.5685 4.56754 4.55902 4.56344 4.55089 4.55693 4.56506 4.56257 4.55456 4.56109 4.54435 4.56399 4.55321 4.54692 4.56639 4.56876 4.56797 4.57299
4.45883 4.448 4.46016 4.32812 4.39342 4.36821 4.37664 4.63331 4.65432 4.74109 4.58895 4.57286 4.64484 4.50985 4.57973 4.56394 4.43605 4.57742 4.58162 4.63551 4.43721 4.52771 4.47639 4.54475 4.5877 4.61212 4.47746 4.5332 4.54741 4.57713
4.27763 4.27928 4.26516 4.28532 4.27829 4.27574 4.27843 4.48139 4.47949 4.48377 4.47868 4.48436 4.48508 4.48731 4.48697 4.48737 4.4843 4.48723 4.48924 4.48538 4.48743 4.48988 4.48799 4.49793 4.48793 4.47229 4.49291 4.51048 4.48839 4.52145
8.07731 8.087 8.08488 8.14633 8.16821 8.09924 8.08986 8.02025 8.0177 7.98328 8.0038 8.00815 8.00369 8.13531 8.0138 8.0436 8.0213 8.10238 8.01425 8.03655 7.88943 8.00622 7.89071 8.08872 8.05821 8.26062 8.01806 8.01377 8.12777 7.94133
92.2964 92.2763 92.3348 92.4765 92.406 92.5204 92.5473 92.2329 92.2639 91.9027 92.1379 92.2671 92.435 92.0411 92.2468 92.2634 91.9913 91.9462 92.3462 92.2157 92.2349 92.1651 91.3931 92.0512 92.3818 91.9935 92.3776 92.0562 91.8569 92.2604
153.958 153.921 153.536 153.383 153.458 153.478 153.457 153.631 153.499 153.817 153.734 153.53 153.461 153.579 153.069 153.041 153.556 153.6 152.435 153.604 153.485 153.484 154.049 153.896 153.718 153.578 153.36 153.667 153.802 153.462
75.2372 75.206 75.0674 75.2386 75.2915 75.3942 75.1732 75.0893 75.1482 75.435 75.124 74.9584 74.9902 75.126 75.3631 75.2045 75.4959 75.2547 75.4805 75.0993 75.1874 75.66 75.6433 75.1321 75.7866 76.2788 75.403 75.0398 75.5812 75.1434
74.0613 74.0838 73.6778 73.4968 73.5744 73.6198 73.5774 73.6379 73.6511 73.7331 73.943 73.6045 73.1382 73.526 73.7331 73.8343 73.4966 73.6553 73.0211 74.0102 73.3716 73.3904 74.1195 74.1312 74.6154 74.7327 73.3519 74.0724 73.291 72.966
83.1342 83.1165 82.9963 82.9359 82.985 82.9114 82.9072 82.9783 82.9914 83.2021 83.0849 82.9259 82.7835 83.0868 82.9187 82.8263 83.2391 83.0942 82.7431 83.0632 82.9294 83.1634 83.3671 83.0319 83.4159 83.6529 82.8494 83.0355 83.1667 82.7652
66.3282 66.3354 66.0533 66.2344 66.1065 66.203 66.1861 66.1952 66.1527 66.0439 66.0972 66.2615 66.2982 65.7991 66.2343 66.4058 65.9149 65.8082 66.1793 66.2498 65.9978 66.1777 65.5944 66.2359 66.8731 66.0681 66.3003 66.2615 66.155 66.0957
140.215 140.162 139.751 139.615 139.784 139.781 139.48 139.95 139.702 140.238 139.932 139.665 139.473 139.586 139.539 139.647 139.785 139.573 139.626 139.826 139.47 139.897 140.229 139.826 140.128 140.317 139.595 139.474 140.189 139.717
5.85145 5.85107 5.80664 5.75823 5.79396 5.75157 5.7639 6.28169 6.29434 6.31914 6.29452 6.26742 6.27412 6.3103 6.26501 6.29087 6.32031 6.30896 6.25738 6.29392 6.28284 6.32556 6.34619 6.29001 6.33139 6.31961 6.28516 6.28702 6.33622 6.26408
7.70938 7.7164 7.69254 7.58407 7.61114 7.60907 7.68272 7.088 7.02593 7.09943 7.13358 7.08239 7.09138 7.10901 6.76683 6.757 7.10126 7.09893 6.57803 7.09557 6.87123 7.09228 7.2258 6.8771 7.33224 7.23365 6.9752 7.22962 7.20006 7.02449
4.53373 4.53279 4.25421 4.20087 4.20826 4.17635 4.19034 4.61491 4.63989 4.62604 4.61938 4.62456 4.62491 4.59729 4.61097 4.71019 4.60615 4.61597 4.57119 4.62843 4.57896 4.57854 4.67721 4.68477 4.66832 4.6276 4.58268 4.60631 4.59563 4.58009
4.52123 4.52699 4.50978 4.53386 4.54123 4.50999 4.4846 4.71377 4.68772 4.69084 4.70245 4.68276 4.66936 4.68752 4.65819 4.67699 4.65922 4.68174 4.66646 4.71024 4.65695 4.69319 4.76034 4.68267 4.72855 4.66658 4.70024 4.72675 4.68874 4.66943
4.46515 4.4638 4.45357 4.45178 4.46179 4.45789 4.45004 4.58057 4.5766 4.58597 4.58608 4.57249 4.57587 4.58768 4.57875 4.57817 4.58329 4.58607 4.57799 4.58433 4.58022 4.5933 4.59711 4.57323 4.59399 4.603 4.57703 4.59264 4.59679 4.57012
4.35059 4.35243 4.4309 4.37466 4.43203 4.44264 4.4595 4.53516 4.61575 4.77556 4.5562 4.42274 4.5214 4.67633 4.57911 4.4391 4.74157 4.74798 4.55095 4.57998 4.64972 4.68457 4.96189 4.52215 4.54998 4.80538 4.4249 4.53794 4.8072 4.43083
4.31522 4.31509 4.29343 4.29978 4.31431 4.32532 4.33854 4.5129 4.51459 4.52488 4.51629 4.51848 4.51656 4.51703 4.53183 4.52752 4.51418 4.50705 4.5412 4.52352 4.52234 4.55436 4.50422 4.51703 4.53686 4.56646 4.52161 4.54106 4.5026 4.53755
7.77368 7.76903 7.70291 7.70642 7.7338 7.81309 7.6925 7.70217 7.6478 7.78314 7.66748 7.67257 7.65255 7.48918 7.56901 7.60892 7.539 7.45627 7.60591 7.69234 7.5967 7.68407 7.44325 7.64978 7.60939 7.58089 7.68387 7.65686 7.75509 7.67763
92.9141 92.7949 93.131 93.0773 93.0942 93.1198 93.2705 92.5434 92.8817 92.6272 92.6886 92.8774 92.7865 92.7554 92.6578 92.6855 92.7617 92.5132 92.484 92.7741 92.5627 91.989 92.2053 92.6024 92.2732 91.7732 92.3524 92.2025 92.718 92.6205
75.7113 75.7396 75.7859 75.6977 75.6065 75.5821 75.6205 75.4179 75.4542 75.6071 75.4889 75.4016 75.5153 75.9553 75.431 75.7076 75.419 75.9309 75.4566 75.6263 75.8995 76.0212 75.7373 75.4924 75.8129 76.0561 75.9861 75.6837 75.4304 75.7257
73.679 73.7172 72.51 71.1852 71.2509 71.6197 71.3545 73.0568 72.3089 72.261 72.9343 72.5196 72.2523 72.6417 73.0743 72.5065 72.5183 73.3453 73.4557 73.3506 73.1342 73.9301 73.3944 73.4525 73.5896 74.7027 73.3426 73.2385 72.273 72.4305
83.2487 83.2769 82.7724 82.4887 82.5402 82.5502 82.6279 82.8073 82.6215 82.5985 82.7917 82.5143 82.2656 82.6873 82.8563 82.78 82.9356 82.8157 82.9893 82.7976 82.6219 83.2919 83.0696 83.3141 83.0854 83.3929 83.1156 82.9898 82.7038 82.5542
103.682 103.634 103.189 102.855 103.016 103.092 103.258 103.904 103.882 103.936 103.805 103.673 103.683 103.973 104.542 104.665 103.978 103.5 104.288 103.738 104.11 103.829 104.27 104.747 103.373 102.808 103.806 102.627 103.681 104.004
65.4397 65.4211 65.5632 65.4961 65.4341 65.4068 65.5598 65.3417 65.3661 65.0679 65.3799 65.4605 65.4951 65.6285 65.0909 65.1143 65.1885 65.1885 65.1665 65.5567 65.319 64.8635 65.1266 65.2723 66.2078 65.5058 65.468 65.8524 65.1533 65.463
141.37 141.312 141.217 141.183 141.28 141.272 140.9 141.39 140.842 141.038 141.098 140.924 141.042 141.195 141.418 141.239 140.875 141.296 141.507 141.067 141.44 141.969 141.95 141.296 141.786 141.933 141.702 141.555 141.192 141.585
5.50827 5.49919 5.44468 5.4148 5.41102 5.41818 5.43559 5.51946 5.51256 5.51722 5.49285 5.48272 5.41505 5.48336 5.49707 5.52414 5.45622 5.49555 5.44693 5.47932 5.44202 5.51029 5.52885 5.58415 4.84032 4.55686 5.37387 5.49207 5.45618 5.46128
4.47461 4.43885 4.40627 4.4526 4.42572 4.41736 4.41911 4.47321 4.56127 4.52863 4.5063 4.54391 4.40661 4.4929 4.57552 4.54229 4.49684 4.39022 4.50536 4.50929 4.39444 4.37693 4.52454 4.59756 4.31675 4.19695 4.33988 4.45256 4.49204 4.47633
4.46212 4.46494 4.43713 4.46373 4.45498 4.47435 4.45293 4.56969 4.59995 4.63188 4.60025 4.6034 4.57426 4.65617 4.6036 4.60177 4.56197 4.60421 4.578 4.61356 4.5904 4.60377 4.62834 4.61451 4.5939 4.56996 4.56165 4.62557 4.59464 4.5968
4.37559 4.37378 4.40726 4.38584 4.40391 4.38708 4.3741 4.43945 4.44468 4.46398 4.44042 4.44831 4.43161 4.44426 4.45761 4.43873 4.43646 4.43917 4.45566 4.45244 4.44149 4.44501 4.43073 4.4441 4.47914 4.50008 4.41445 4.44505 4.44819 4.44895
5.25194 5.24659 5.26069 5.16576 5.23268 5.24784 5.22454 5.2064 5.10748 4.98075 5.18139 5.15265 5.27352 5.14561 5.32636 5.22172 5.23558 5.10451 5.38465 5.18082 5.37507 5.24698 5.39127 5.11114 5.74082 5.46186 5.30542 4.95137 5.12435 5.27103
4.27369 4.25417 4.26205 4.28662 4.27288 4.31451 4.26365 4.41768 4.44308 4.70098 4.41032 4.37639 4.41257 4.5977 4.67762 4.64029 4.6054 4.54288 4.72441 4.48298 4.63546 4.82387 4.44002 4.60035 4.55182 4.65192 4.5994 4.39518 4.72287 4.60049
4.25604 4.26094 4.27603 4.30967 4.30695 4.27808 4.32497 4.36901 4.37413 4.3822 4.38264 4.40207 4.40303 4.37773 4.36655 4.36151 4.27727 4.36609 4.33819 4.38673 4.3613 4.32724 4.33709 4.37261 4.32786 4.28816 4.2986 4.40279 4.36726 4.37211
7.56526 7.56746 7.51171 7.47458 7.51678 7.59737 7.52316 7.54723 7.48632 7.4446 7.51427 7.47182 7.40873 7.45836 7.62787 7.59987 7.48032 7.5022 7.64397 7.5312 7.5083 7.59923 7.62074 7.45221 7.34847 7.31086 7.54664 7.5615 7.34725 7.53368
92.3337 92.2387 91.5058 91.4157 91.4033 91.4411 91.352 92.6469 92.1607 92.1864 92.0012 92.0841 92.1756 92.4262 92.262 92.3928 92.0726 92.3047 92.0799 91.9168 91.8494 91.4385 92.1635 92.0299 91.5813 91.316 91.5047 92.1395 91.8049 91.8043
75.3221 75.3737 75.317 75.2607 75.2848 75.3092 75.2965 75.5659 75.3879 75.2582 75.2584 75.0718 75.2628 75.6759 75.2087 75.0626 75.8167 75.5575 75.3127 75.9923 75.7653 75.8369 75.4147 75.2518 75.5866 75.6488 76.0481 74.4132 75.8865 75.4679
73.983 73.9147 74.6172 74.7079 74.602 74.4382 74.7007 74.3725 73.7544 73.4714 73.9174 73.2449 74.1677 72.7142 73.7395 73.9077 74.4215 75.0027 73.77 73.2551 74.2373 73.903 74.8966 74.0396 73.8942 75.798 74.4829 75.5653 74.5776 73.8694
66.5787 66.3566 65.7781 65.6509 65.6259 65.7557 65.7579 67.3019 66.82 66.5419 66.4731 66.498 66.2035 66.5135 66.2583 66.5517 67.232 67.1824 66.1911 66.8953 66.3723 65.7181 67.0055 66.7586 66.0674 66.404 67.4101 66.4803 67.3469 66.4104
138.493 138.462 138.46 138.012 137.979 138.021 137.953 137.764 137.486 137.248 137.738 137.159 138.915 137.658 138.771 138.921 136.719 138.727 139.099 137.726 139.594 138.726 138.777 137.542 137.949 140.337 138.642 139.338 137.624 137.686
5.66616 5.6711 5.68686 5.65249 5.65444 5.6537 5.6647 5.86656 5.83268 5.79875 5.82221 5.80859 5.8626 5.7985 5.8782 5.86618 5.71127 5.87308 5.88005 5.87093 5.91051 5.86844 5.85207 5.87072 5.85878 5.9312 5.86791 5.74253 5.90002 5.82532
4.5135 4.51297 4.33356 4.26628 4.26692 4.2621 4.25979 4.79073 4.64756 4.58101 4.56917 4.56427 4.59847 4.49907 4.59925 4.63249 4.51197 4.77087 4.61358 4.66721 4.64924 4.70962 4.68514 4.5292 4.4688 4.97741 4.41257 4.74923 4.54403 4.44905
4.48962 4.49155 4.49605 4.45178 4.45395 4.44825 4.46862 4.60414 4.52455 4.49736 4.49375 4.45927 4.54099 4.51298 4.54858 4.52965 4.42613 4.59998 4.51127 4.58101 4.55691 4.51819 4.56289 4.55161 4.61091 4.76437 4.49733 4.55748 4.53664 4.60817
4.42045 4.38147 4.24526 4.19498 4.17758 4.259 4.23444 4.86265 4.81914 4.78269 4.72357 4.81824 4.69389 4.8917 4.6266 4.77388 4.68759 4.81371 4.64976 4.62501 4.73701 4.54143 4.83644 4.85207 4.65149 5.06606 4.82452 4.6082 4.89181 4.82696
4.31724 4.31532 4.3289 4.30921 4.31299 4.32501 4.33275 4.4792 4.42257 4.4145 4.41526 4.42814 4.45468 4.66713 4.38088 4.643 4.39592 4.28557 4.38919 4.44826 4.42744 4.42051 4.49705 4.39395 4.46185 4.40653 4.57039 4.50177 4.46942 4.47443
7.68846 7.67 7.79058 7.7214 7.73293 7.77911 7.79055 7.75442 7.79524 7.77739 7.77872 7.74455 7.96088 8.05628 7.80384 8.05565 7.72471 8.0137 7.80884 7.76184 7.97095 7.88001 7.72073 7.83632 7.46799 7.9068 7.63482 7.98071 7.81301 7.64053
93.0391 93.0841 92.7253 92.4511 92.4909 92.4575 92.5569 92.7005 93.1042 92.9636 93.0341 93.122 93.162 92.3104 93.2305 93.2582 92.007 92.8682 93.1631 91.273 92.8229 92.9039 92.8641 92.5641 92.2138 92.7517 92.6861 92.8726 92.2603 92.4285
75.2837 75.1571 75.363 75.412 75.3042 75.2708 75.1569 75.7623 74.7345 75.1375 74.9938 75.6621 75.0821 75.987 75.1523 75.3027 75.616 75.0132 75.1507 74.2687 74.9519 75.1359 75.2384 75.1723 75.7799 75.6315 75.1456 75.6038 75.6299 75.1948
74.0386 73.9342 73.9951 73.0753 73.1217 73.1368 73.4335 72.8449 72.4956 72.4942 72.8976 72.2068 73.0052 74.6126 73.2116 73.0692 73.4485 73.8252 73.0505 75.7159 73.3771 72.9284 72.92 72.0983 73.0488 72.5243 73.0245 70.9682 73.809 72.2206
83.5255 83.4948 83.7377 83.445 83.376 83.5575 83.3923 83.3403 83.1677 83.074 83.4627 83.2605 83.4831 83.8924 83.3459 83.1985 83.9029 83.7393 83.2555 84.3423 83.5896 83.5275 83.5427 83.2913 83.6465 83.2999 83.7606 83.0436 83.7262 83.1174
104.323 104.267 103.944 104.293 104.297 104.385 104.299 103.862 102.948 103.987 103.118 102.748 103.527 104.151 103.192 103.553 102.917 104.456 103.381 103.75 103.83 102.482 102.715 103.56 102.896 104.127 105.438 104.564 105.415 103.408
65.0635 65.0649 64.9715 65.1048 65.0728 65.0234 65.0982 65.331 65.0096 65.1199 64.9403 65.2649 65.4822 65.3479 65.1196 65.1513 65.4311 65.9087 65.3568 66.9844 65.4039 65.1861 64.9694 64.7636 65.0519 65.2847 66.7148 65.3867 65.3405 65.1718
142.213 142.206 141.999 141.917 141.887 141.931 141.929 141.649 141.611 141.664 141.652 141.162 140.89 142.377 141.2 141.539 141.972 142.058 141.293 142.322 141.256 141.6 141.676 141.714 141.49 141.973 142.779 142.681 143.812 141.89
5.48225 5.48578 5.48287 5.43527 5.41389 5.43207 5.42531 5.53509 5.52811 5.35843 5.49819 5.5059 5.29217 5.55692 5.53551 5.59652 5.51916 5.26171 5.54908 5.82448 5.31613 5.58221 5.49719 5.53069 5.52885 5.54317 5.58941 5.55292 5.58839 5.53006
4.33108 4.33681 4.251 4.1858 4.20312 4.20216 4.20887 4.36759 4.43603 4.36968 4.35292 4.36235 4.41012 4.45433 4.43739 4.39611 4.47336 4.42218 4.42256 4.5624 4.38524 4.47458 4.42774 4.38316 4.51155 4.39803 4.43606 4.47715 4.44133 4.4335
4.42473 4.42031 4.42148 4.426 4.42305 4.41168 4.42132 4.51016 4.58594 4.535 4.58884 4.57619 4.5598 4.51584 4.5628 4.58576 4.54955 4.53169 4.56472 4.54939 4.535 4.58953 4.52838 4.62101 4.57442 4.60414 4.64261 4.61272 4.54504 4.56469
4.39286 4.39285 4.38112 4.3902 4.38447 4.37781 4.39866 4.42833 4.45119 4.4225 4.40007 4.4286 4.36446 4.47874 4.43278 4.43867 4.47785 4.34968 4.42912 4.55429 4.39837 4.46154 4.42444 4.42926 4.4452 4.46975 4.45918 4.44669 4.47984 4.46032
5.46212 5.45487 5.34307 5.42962 5.43465 5.44509 5.44451 5.18904 5.12917 5.12857 5.17338 5.07873 5.56881 5.34962 5.19494 5.09007 5.66073 5.77814 5.1965 5.25576 5.67474 4.75417 5.01716 5.30597 5.43937 4.54172 5.60965 5.56135 6.12372 5.40164
4.44621 4.45252 4.37277 4.40347 4.37979 4.38938 4.38821 4.65942 4.66502 4.61752 4.64109 4.67197 4.63191 4.44705 4.6349 4.63121 4.69332 4.65635 4.63667 4.72065 4.66711 4.69107 4.66802 4.65791 4.67436 4.58974 4.70616 4.52421 4.42305 4.66995
4.26933 4.25472 4.29906 4.29407 4.31328 4.31775 4.31567 4.35513 4.39395 4.38315 4.409 4.42444 4.40185 4.37335 4.39262 4.41342 4.35342 4.38121 4.38541 4.40041 4.34887 4.36475 4.34067 4.39022 4.37936 4.41842 4.48801 4.4367 4.53597 4.3651
7.70175 7.70072 7.64919 7.68293 7.67108 7.66971 7.68852 7.64835 7.72601 7.62793 7.70587 7.70315 7.53087 7.63971 7.61634 7.65042 7.79312 7.66029 7.6276 7.62536 7.53396 7.62006 7.66988 7.94603 7.72519 7.67578 7.73796 7.80149 7.64169 7.79154
92.2195 92.2695 91.1495 91.0506 91.0342 91.1117 91.2122 92.0251 92.6407 92.2605 91.5023 91.4442 92.1926 91.5359 92.4175 92.3655 91.6914 92.4932 92.5586 91.9258 92.5854 92.6349 92.2761 91.9804 91.7683 91.6563 92.1133 91.2252 92.4523 92.1515
76.2927 76.3015 76.5018 76.361 76.4072 76.3755 76.2638 75.8568 76.0518 76.3522 76.2581 75.8441 75.6389 76.0395 75.7281 76.0897 75.4786 74.9605 76.0092 75.7892 75.5015 75.7021 76.129 75.7891 75.7942 76.2667 75.9533 75.9755 75.6749 75.5515
76.3101 76.4279 76.6305 76.1634 75.9674 75.9288 75.9861 73.9471 73.856 75.0999 73.3593 74.2132 73.2089 74.8677 73.4024 73.8015 74.7133 70.8801 73.2494 73.6699 73.1857 73.0715 72.1928 73.4951 74.1596 73.639 72.96 73.9339 73.6204 73.201
85.0953 84.9971 86.3858 86.1371 85.9241 85.9073 85.7286 83.8337 83.3727 85.4992 83.6443 83.7197 82.8189 83.6717 83.3547 83.5204 83.9106 82.0704 83.229 84.2963 83.0523 82.9079 83.3621 83.6296 83.7861 83.4249 82.5355 83.8176 83.2168 83.4984
104.221 104.235 105.222 104.531 104.486 104.46 104.53 104.245 103.85 104.6 104.897 104.711 104.087 103.373 103.799 103.923 101.359 104.409 103.731 105.241 104.023 103.81 103.001 104.086 103.49 104.509 105.139 104.672 105.022 103.904
65.617 65.8564 64.6957 64.7991 64.6595 64.7864 64.8829 64.9789 65.8057 65.4553 65.3609 65.0877 65.6122 65.2065 65.3859 65.2259 65.4034 65.7631 65.5544 65.6795 65.8034 65.8147 65.2031 65.2012 65.0356 65.1257 66.1794 64.724 66.1378 65.001
142.696 142.685 143.083 143.052 143.048 142.969 143.038 142.225 142.225 141.904 141.428 141.643 141.896 143.267 141.893 142.085 141.163 141.895 142.021 142.021 141.956 141.655 142.12 141.82 142.764 142.772 142.22 143.056 142.49 141.623
5.46244 5.44485 5.5072 5.18805 5.16984 5.15889 5.14387 5.60421 5.60389 5.22749 5.57416 5.26698 5.48395 5.54118 5.59583 5.58485 5.54519 5.44817 5.56969 5.53082 5.54873 5.67863 5.54139 5.40141 5.54488 5.61383 5.60892 5.64903 5.64907 5.56968
4.49498 4.51521 4.43134 4.50887 4.51618 4.50773 4.5437 4.52463 4.50906 4.46555 4.31613 4.38135 4.41687 4.39131 4.50432 4.42845 4.53284 4.51981 4.43823 4.35317 4.52488 4.54517 4.39473 4.42026 4.4631 4.34008 4.37946 4.45615 4.6342 4.58575
4.57238 4.61935 4.49387 4.50771 4.51968 4.50457 4.50927 4.60132 4.65037 4.58458 4.6234 4.61511 4.63986 4.64688 4.67068 4.65188 4.55603 4.5331 4.66455 4.64782 4.63324 4.66024 4.60485 4.52198 4.67676 4.61999 4.70382 4.6927 4.663 4.67136
4.27514 4.28201 4.20734 4.19192 4.1979 4.19431 4.19943 4.43985 4.4483 4.31017 4.40228 4.37029 4.45754 4.44799 4.44674 4.45009 4.43549 4.4784 4.44483 4.43814 4.44759 4.47436 4.44088 4.41474 4.42769 4.46241 4.45713 4.45512 4.47674 4.46011
5.73905 5.72245 5.78826 5.79065 5.78931 5.78413 5.78579 5.52743 5.58546 5.72482 5.79633 5.65787 5.68535 6.08137 5.55537 5.54511 5.54783 5.47711 5.57167 5.92763 5.5674 5.5846 5.38913 5.50366 5.92276 5.7139 5.76965 5.91302 5.75641 5.83343
4.13555 4.18996 3.7742 3.77972 3.77325 3.80211 3.79993 4.3982 4.61093 4.20937 4.45064 4.38979 4.59228 4.43322 4.55682 4.50635 4.51122 4.52005 4.55628 4.50814 4.67309 4.65302 4.53627 4.43924 4.48962 4.53893 4.6713 4.19698 4.65085 4.34732
4.08022 4.08852 3.99437 4.0001 4.02378 4.02096 4.0035 4.31912 4.33235 4.10888 4.2665 4.27118 4.35156 4.32534 4.35227 4.34007 4.305 4.32562 4.36019 4.31251 4.3682 4.34589 4.34954 4.2769 4.33619 4.33298 4.38479 4.33627 4.3962 4.32811
7.85261 7.86413 7.82762 7.84598 7.85244 7.83515 7.83027 7.78692 7.87426 7.85041 7.82416 7.875 7.89483 7.89053 7.86209 7.86588 7.69529 7.71021 7.88949 7.82706 7.86731 7.8559 7.82901 7.9048 7.85585 7.93503 7.82817 7.98445 7.74452 7.87448
91.4017 91.2614 91.3642 91.4051 91.4129 91.4018 91.4261 91.0832 91.5451 90.8565 90.9878 90.8216 90.9395 91.3734 91.2658 91.1006 90.9941 90.3066 91.2868 90.7999 91.3059 91.3462 90.6537 90.4744 91.1101 90.9744 90.7902 90.7835 91.1119 91.4281
76.1034 76.0522 75.9252 76.0425 76.0191 75.9843 76.0126 74.8776 75.6985 75.8069 75.9705 75.9269 75.4492 75.7771 75.5912 75.6222 75.3569 75.5514 75.6861 75.8491 75.8749 75.691 74.9987 75.8894 75.6619 75.722 76.0192 76.0131 75.8746 75.6965
76.3344 76.2786 76.8535 78.285 78.2878 78.2085 78.2281 75.1439 74.3775 74.4908 73.83 75.7659 75.0414 74.619 74.9957 75.3028 76.5636 74.9168 74.948 74.8773 75.3088 75.1993 74.5885 74.543 76.2213 75.0171 75.1904 74.7723 74.8394 74.2218
85.1924 85.4016 85.0058 85.3324 85.3536 85.1965 85.1886 84.3515 83.3234 85.0058 83.5406 84.2997 84.4174 83.858 83.8384 84.1347 84.4083 83.3845 83.7397 84.0006 83.3196 83.7337 82.6359 84.0141 84.1068 83.9044 83.9301 83.9134 83.7277 83.7638
67.6162 68.1519 66.8504 67.877 67.9119 67.3626 67.7029 67.0737 66.7388 66.0125 66.366 66.4503 66.6534 66.6142 66.7453 66.1605 66.3244 67.7093 66.4922 66.5678 67.3335 66.7116 66.5958 66.2881 67.048 66.0862 66.0804 66.4966 67.1792 66.7357
140.13 140.156 140.727 140.772 140.805 140.767 140.762 138.399 138.475 138.277 139.298 140.77 137.805 139.375 137.931 138.084 140.352 138.833 137.804 139.921 137.212 137.583 137.843 138.125 140.528 138.556 138.603 139.521 137.778 138.234
5.72634 5.70882 5.8718 5.82124 5.82685 5.8337 5.8402 4.88435 5.8428 5.66073 5.83541 5.91165 5.00537 5.88276 5.58826 5.60166 5.93063 5.95833 5.67313 5.82559 5.72832 5.68088 5.5926 5.61331 5.8723 5.70803 5.84227 5.79309 5.8849 5.82443
4.48557 4.48706 4.34543 4.32444 4.32165 4.33134 4.32974 4.50398 4.50057 4.54373 4.68548 4.88133 4.58136 4.63007 4.5151 4.52455 4.78216 4.52315 4.55637 4.67565 4.53865 4.52119 4.47571 4.55045 4.9332 4.49183 4.57055 4.40972 4.65211 4.62268
4.67423 4.68359 4.66282 5.33361 5.30387 5.22123 5.40208 4.55949 4.57055 4.52955 4.5744 4.69069 4.55533 4.59189 4.56186 4.58352 4.64614 4.64877 4.57512 4.62461 4.70319 4.60515 4.54065 4.57867 4.73456 4.63637 4.65167 4.57095 4.66008 4.65467
4.26832 4.22595 4.38588 4.40202 4.416 4.41837 4.42173 4.16807 4.47203 4.36698 4.45751 4.4371 4.34026 4.47284 4.42153 4.42197 4.49593 4.37489 4.43551 4.45949 4.47622 4.42504 4.22332 4.44825 4.46731 4.41984 4.49161 4.48659 4.49364 4.47437
4.28208 4.31153 4.20299 4.40309 4.37346 4.31609 4.34443 4.37633 4.5304 4.38623 4.64206 4.66161 4.49746 4.70523 4.65648 4.4371 4.7353 4.69464 4.54529 4.64849 4.74812 4.70069 4.40193 4.50412 4.76843 4.52044 4.60461 4.70015 4.7449 4.6071
4.20145 4.21018 4.11773 4.2066 4.21324 4.16869 4.16862 4.18913 4.43968 4.25233 4.32142 4.31246 4.16737 4.40725 4.26515 4.25491 4.27536 4.30326 4.32575 4.30379 4.35962 4.30596 4.36309 4.3078 4.39652 4.38788 4.41006 4.46644 4.36219 4.30031
7.68253 7.69892 7.7121 7.86152 7.85516 7.84807 7.85061 7.82615 7.8395 7.67925 7.98569 8.00962 7.70659 7.94698 7.82228 7.79449 8.16731 7.52221 7.89651 8.06186 7.81167 7.78355 7.93656 7.71775 7.98857 7.85094 7.84879 8.01822 7.92865 7.77185
90.627 90.2473 89.15 89.3753 89.4033 89.4024 89.2596 91.3527 91.0796 91.1724 91.5816 90.5346 91.2187 91.5617 91.1813 91.2383 90.9987 90.8439 91.3514 91.3313 90.1256 91.1104 91.0326 91.0451 91.2464 90.7507 90.9139 91.2321 90.699 91.2102
155.224 155.235 155.129 155.202 155.195 155.171 155.213 154.287 154.421 154.221 155.003 154.63 154.433 155.475 154.351 154.496 155.184 155.062 154.903 154.59 154.657 154.29 155.339 154.943 155.051 154.984 154.181 154.509 154.196 155.016
75.4969 75.7707 75.8157 75.8583 75.8689 75.8339 75.9216 75.7776 75.7857 75.6944 75.7337 76.2937 76.1805 75.6433 75.6957 75.8155 74.7654 75.7414 75.8478 75.6474 75.6902 75.6375 75.7365 75.3778 75.6697 75.6821 75.5254 75.7578 75.6493 75.8644
75.0843 75.387 75.3759 75.5849 75.4996 75.5223 75.4912 73.6075 73.7273 73.9752 74.0322 76.013 73.8495 74.0726 74.077 73.7776 74.8318 75.0327 74.0748 73.9367 75.8207 73.735 73.8461 74.6434 74.0454 74.4964 74.4717 74.2213 75.5843 75.1402
83.8861 83.9259 84.0251 84.102 84.0577 84.0221 84.0789 83.6496 83.7391 83.7586 83.1109 83.4233 83.7598 83.493 83.8705 83.8421 83.2703 83.6716 83.8509 83.5243 84.0358 83.7089 83.5613 83.765 83.522 83.8131 83.6474 83.9739 84.1673 83.9669
66.7687 66.7608 66.8582 66.7337 66.7597 66.8636 66.7432 65.9487 66.0147 66.0093 65.9001 66.6857 66.1506 66.2024 66.07 66.0767 66.174 66.744 66.4389 65.7978 67.108 66.0152 66.1138 66.6861 66.5538 65.9036 65.6513 65.9757 66.2389 66.3472
142.528 142.544 143.211 142.606 142.737 142.695 142.63 142.109 141.995 142.215 139.422 141.387 141.256 140.317 141.92 141.773 142.045 142.485 141.819 139.947 142.856 142.265 141.687 141.982 141.754 142.122 142.023 141.287 140.89 142.022
5.85395 5.82324 5.68118 5.75225 5.75637 5.74834 5.74299 6.42635 6.37746 6.38992 6.37792 6.17218 6.37135 6.33954 6.37661 6.36389 6.28581 6.47069 6.41634 6.35655 6.30381 6.40582 6.45069 6.47669 6.39464 6.26496 6.38176 6.42057 6.39421 6.31327
7.95195 8.00679 7.97458 8.04284 8.04131 8.00269 8.04886 7.21991 7.23892 7.14647 7.12063 6.40843 7.443 7.31776 7.16346 7.25028 7.84888 7.68637 7.39296 7.19302 7.47228 7.17286 7.57331 7.56458 7.61267 7.73884 7.14519 7.56451 6.9489 7.55988
4.69128 4.67096 4.35691 4.50733 4.49904 4.55078 4.52039 4.65662 4.66326 4.64023 4.72148 4.59886 4.6535 4.58158 4.66618 4.62904 4.57751 4.5458 4.55652 4.73348 4.7375 4.69338 4.60838 4.759 4.59392 4.60254 4.67492 4.59376 4.61665 4.58
4.71987 4.74141 4.7026 4.71369 4.71129 4.70623 4.71332 4.89259 4.84216 4.82714 4.8411 4.94229 4.9266 4.69748 4.81975 4.82637 4.61239 4.86681 4.73358 4.80031 4.97923 4.85184 4.79606 4.86937 4.75752 4.89211 4.84976 4.76862 4.89216 4.81021
4.43314 4.43337 4.39983 4.40052 4.39256 4.39516 4.40565 4.53248 4.51074 4.51731 4.53234 4.49978 4.50648 4.49299 4.50396 4.50087 4.58465 4.55962 4.51676 4.53277 4.46156 4.52872 4.54965 4.55514 4.52653 4.52822 4.55635 4.52965 4.54417 4.52513
4.27881 4.30073 4.18873 4.18206 4.18806 4.19389 4.18675 4.54376 4.57274 4.56723 4.75883 4.58234 4.33844 4.60349 4.54848 4.51715 4.79863 4.56161 4.61333 4.70141 4.51019 4.57622 4.5745 4.25705 4.69219 4.65567 4.62752 4.58232 4.5445 4.56785
4.23717 4.24061 4.18814 4.18677 4.18008 4.17429 4.18603 4.45098 4.39617 4.39667 4.50542 4.41252 4.48728 4.40101 4.39236 4.39029 4.4509 4.51046 4.43266 4.41757 4.53403 4.41181 4.45726 4.44438 4.45976 4.40105 4.44989 4.53175 4.46129 4.51008
7.92458 7.9122 8.1044 8.09259 8.08352 8.08034 8.09165 8.21564 8.34975 8.38477 7.67552 8.31357 7.68857 7.88034 8.37087 8.26311 8.4846 8.46552 8.463 7.8446 8.38897 8.27857 8.11039 7.80988 8.07821 8.01864 7.99389 7.62863 7.6815 7.8615
90.764 90.3488 90.2329 90.0168 89.9979 90.1078 89.7593 91.8149 91.6537 91.6659 91.5773 89.8309 91.2269 91.6408 91.6055 91.5047 90.6499 90.777 91.2032 91.5423 91.6235 91.7499 91.5009 89.6224 91.3402 91.1143 91.3846 91.3425 91.141 89.9269
154.241 154.283 154.793 155.075 155.024 155.058 155.124 155.145 154.703 154.525 154.966 154.921 154.211 154.661 154.009 154.069 153.938 153.689 154.511 154.84 155.25 155.663 153.62 154.765 154.475 154.673 155.143 154.103 154.321 155.014
75.807 75.6866 75.8318 75.8853 75.9104 75.9044 75.9133 75.8522 75.6456 75.7428 75.7919 76.2383 76.0105 75.6923 75.7515 75.8984 75.612 75.9431 75.8473 75.6028 75.8782 76.1356 75.4937 75.126 76.0342 76.1896 76.0349 75.9587 75.9184 76.1167
75.407 75.3797 75.7905 75.8638 75.8897 75.728 75.8115 73.5929 73.9147 73.6878 73.8722 76.0241 74.7822 73.5035 73.4718 73.382 73.5167 75.2763 73.2973 73.6565 73.6343 73.7397 74.1039 77.3641 73.971 74.1539 75.0134 73.0429 75.5118 75.9543
83.8053 83.8027 84.0652 84.1222 84.1365 84.0975 84.0958 83.0528 83.2588 83.2456 83.333 84.1913 83.5552 83.0341 83.1304 83.2136 83.1837 83.6081 83.0875 83.3171 83.2763 82.9638 83.0535 84.5951 83.3517 83.9011 83.8406 83.1581 83.9455 84.7808
67.1345 67.0017 67.1792 67.1973 67.194 67.3328 67.1913 66.1931 65.9275 66.2198 66.176 66.5027 66.4826 66.1732 65.8607 65.703 67.1282 67.9684 64.9859 66.2494 65.4432 66.007 66.5477 67.314 66.4819 65.7986 66.0009 66.3031 66.8169 65.6536
141.688 141.682 141.736 141.981 142.008 141.938 142.062 140.547 139.943 140.198 139.53 142.836 140.282 139.719 139.884 139.906 142.423 142.878 140.568 139.469 141.373 140.507 140.448 141.828 140.083 141.493 140.556 140.366 141.52 141.354
5.6088 5.51214 5.59593 5.56995 5.57115 5.57672 5.58399 6.33847 6.19217 6.23114 6.19753 6.29341 6.31806 6.14329 6.17612 6.15122 6.41958 6.77557 5.83205 6.20385 6.35529 6.30611 5.25798 5.52741 6.07398 6.35338 6.38602 6.31661 6.29655 6.23349
7.60872 7.7356 7.88419 8.15287 8.09219 8.08243 8.14926 7.47486 7.3382 7.32553 7.44581 7.53574 7.41538 7.45571 7.11493 7.08625 6.75383 6.49658 7.18722 7.38988 7.42934 7.66007 7.0017 6.82417 7.25476 7.47439 7.55585 7.4151 7.26831 7.50907
4.59471 4.5977 4.47717 4.43769 4.44977 4.45024 4.44258 4.64465 4.72397 4.7344 4.72093 4.7469 4.61741 4.61582 4.69171 4.67667 4.55362 4.52117 4.6581 4.70193 4.65227 4.6359 4.68641 4.64112 4.55754 4.58561 4.48073 4.70055 4.71237 3.8116
4.68484 4.66783 4.67046 4.67376 4.67559 4.66492 4.67331 5.07336 4.82521 4.84176 4.77305 4.8064 4.91991 4.82873 4.7888 4.80856 4.3106 4.8505 4.92039 4.75171 4.82835 4.98588 4.802 4.81694 4.81806 4.8333 4.76491 4.95432 4.80859 4.57355
4.41198 4.40501 4.3933 4.39145 4.40475 4.39676 4.40327 4.56866 4.51851 4.51727 4.5065 4.52351 4.53235 4.48601 4.50363 4.49997 4.49273 4.37747 4.47284 4.50856 4.51819 4.56307 4.51382 4.25028 4.48865 4.51531 4.52309 4.53932 4.53773 4.43857
4.36887 4.26857 4.32832 4.26571 4.27858 4.29071 4.29057 4.63265 4.59072 4.51737 4.40872 4.49533 4.63014 4.41418 4.52538 4.58585 4.35325 4.57872 4.60154 4.34486 4.63522 4.58422 4.58897 4.42823 4.30014 4.5402 4.56491 4.63407 4.59061 5.10437
4.16697 4.12056 4.1156 4.10627 4.10234 4.10463 4.11434 4.60593 4.39384 4.4093 4.41335 4.33882 4.48775 4.41016 4.34007 4.24868 4.44086 4.36902 3.38303 4.3807 4.32238 4.52711 4.47147 4.29862 4.47192 4.34248 4.41456 4.45983 4.43752 4.3848
8.12102 8.08384 8.10444 8.09368 8.11123 8.10256 8.09251 7.42431 7.60813 7.72314 7.54397 8.17865 7.82943 7.74522 7.4906 7.50713 8.24886 8.24488 7.73676 7.6109 8.18413 7.5531 8.0108 8.24757 7.90149 7.86814 7.72442 7.53524 7.8885 7.45931
90.5951 91.2038 90.2885 90.0658 90.1045 90.1255 90.1926 91.5562 91.6653 91.8438 91.4123 91.4232 91.1041 90.9315 91.7046 91.6361 91.1071 90.8082 91.6689 91.3035 91.5751 91.5312 91.6532 91.4394 90.925 91.5073 90.7309 91.1796 90.7562 91.0864
154.523 154.444 154.564 154.648 154.636 154.59 154.549 155.06 154.971 154.595 153.421 153.909 155.238 154.947 155.38 155.436 154.667 153.432 155.518 153.881 155.456 153.632 153.423 154.924 154.545 154.9 154.45 153.772 155.27 155.164
75.8643 75.4427 76.055 76.0968 76.0861 76.1252 76.0389 75.7049 75.7553 75.6353 75.7037 75.7039 76.0319 75.753 75.8347 75.915 76.0054 75.5788 75.6091 75.7623 75.6383 75.9825 75.6108 75.4275 75.7919 75.2827 76.2521 75.5976 75.0491 75.679
75.106 74.8892 75.5382 75.6996 75.4885 75.3115 75.584 73.5839 73.8011 73.4219 73.5536 73.4014 74.5544 73.9902 73.6417 73.3392 73.0881 74.4515 73.4408 74.0423 73.8078 73.7593 75.1948 73.9066 74.437 75.2039 74.7829 74.2086 74.5556 73.4372
83.4193 83.2379 83.5703 83.6703 83.6277 83.5965 83.6232 82.3044 83.0015 82.9415 83.0712 83.1137 83.5956 83.5155 83.1173 83.0312 83.4544 83.8068 82.9467 83.2829 82.9673 82.7578 83.2691 83.1374 83.5078 83.7087 84.0521 83.3621 84.4695 83.5135
67.2763 67.0923 67.244 67.6418 67.5767 67.444 67.6228 65.8107 66.3498 66.1779 66.2386 65.6868 66.4499 66.1025 66.0819 65.8988 65.3381 66.9768 65.8567 66.4632 66.2326 65.8011 66.788 64.3519 65.5931 66.2285 66.434 66.4029 66.3369 65.5513
140.722 140.531 141.2 141.388 141.433 141.364 141.302 140.547 140.172 140.579 139.759 139.405 140.97 139.644 140.351 140.074 140.011 140.392 140.045 139.824 141.043 140.76 140.356 139.941 140.212 141.507 141.051 140.387 139.425 139.933
5.70001 5.64017 5.639 5.51191 5.474 5.50694 5.52788 6.2516 6.17225 6.22727 5.94954 6.32077 6.19008 5.56534 6.26684 6.26175 6.32191 6.35296 6.2486 5.93702 5.4539 6.17266 6.17164 6.30293 6.04398 6.33311 6.35167 6.05153 6.14387 6.21954
7.72159 7.8382 7.78985 8.40768 8.2656 8.28031 8.32471 7.16319 7.40049 7.534 7.13002 7.22183 7.2939 7.26436 7.54495 7.55472 7.28252 7.06112 7.6505 7.26543 7.65142 6.90331 6.94032 7.37299 7.40892 8.01489 7.30979 7.24244 7.56192 7.43319
4.58716 4.62808 4.38891 4.45346 4.46399 4.44059 4.45583 4.59671 4.68107 4.58483 4.6774 4.63137 4.55619 4.59365 4.7088 4.70862 4.60322 4.56702 4.63666 4.60839 4.53809 4.60999 4.72225 4.65981 4.53263 4.53988 4.7025 4.70623 4.16654 4.70584
4.68882 4.67014 4.70174 4.6981 4.69405 4.67636 4.68697 4.77513 4.77422 4.79901 4.75492 4.77276 4.76904 4.79043 4.78892 4.80216 4.6578 4.69817 4.77975 4.7838 4.75182 4.91027 4.81373 4.57876 4.78185 4.6886 4.96357 4.85114 5.12151 4.84686
4.39316 4.38777 4.36919 4.36351 4.36451 4.36381 4.3576 4.5049 4.52458 4.54152 4.49378 4.50871 4.52219 4.49221 4.52665 4.52229 4.49377 4.50074 4.52503 4.49549 4.50469 4.50252 4.51218 4.54652 4.50333 4.55399 4.52814 4.53343 4.47673 4.4937
4.28812 4.12196 4.31019 4.25327 4.25099 4.24934 4.25001 4.38701 4.3671 4.42038 4.25342 4.60879 4.65882 4.57752 4.46673 4.47315 4.75931 4.61329 4.47382 4.29016 4.53288 4.12677 4.02723 4.50136 4.73322 4.65575 4.71226 4.6807 4.42882 4.73357
4.13484 4.2512 4.10826 4.05111 4.06704 4.07483 4.05962 4.50787 4.45804 4.4674 4.42926 4.44081 4.40977 4.38329 4.45493 4.4486 4.19666 4.42944 4.45347 4.4191 4.48512 4.48894 4.46722 4.28291 4.41889 4.36972 4.35649 4.43831 4.39952 4.41808
7.88716 7.77518 7.949 8.04348 8.03363 8.02693 8.04391 8.0427 7.54185 7.74427 7.63141 7.71468 8.01736 7.96151 7.83726 7.83735 7.74063 7.72777 7.64581 7.69014 8.09957 7.56947 7.79004 7.18174 7.89755 7.99591 7.64669 7.9696 7.72328 7.33614
90.6425 90.6907 89.8539 89.655 89.7169 89.6644 89.5416 90.8224 91.5916 91.2959 91.5937 91.4821 90.9917 91.0522 91.5595 91.4682 91.5492 90.7987 91.053 91.1634 91.0393 90.8746 90.1482 91.837 91.2586 90.8865 90.6617 91.2997 90.8783 91.4646
154.208 154.219 153.796 154.256 154.062 153.983 153.666 153.674 154.164 155.035 154.157 153.944 154.176 155.051 153.526 153.617 155.441 153.98 152.859 154.824 152.655 155.706 155.565 153.677 155.105 153.188 155.253 154.79 157.597 154.75
75.8993 75.8555 75.8168 75.9581 75.8764 75.8852 75.8082 75.0251 75.9177 76.1558 75.6294 75.6467 75.716 75.8791 75.4551 75.6513 75.9696 75.6323 75.5081 75.7869 75.4739 76.0601 75.5597 75.6183 75.9945 75.1116 75.852 75.8598 76.1645 76.0094
75.6389 75.5966 75.6173 75.7485 75.9113 76.054 75.6421 73.9725 74.1973 73.7151 73.9395 73.87 73.6327 73.4717 74.0581 74.0365 73.866 73.5039 73.8889 73.7135 74.3197 73.4307 75.2641 72.7512 74.3549 73.9208 73.9398 73.7079 73.188 73.6471
83.9297 83.9103 83.9736 84.0024 84.073 84.0534 84.0464 83.3466 83.0766 83.4618 83.1605 83.2457 83.3617 82.8761 82.8819 83.0421 83.1217 83.7849 83.007 83.0133 83.1196 83.3977 83.372 82.6651 83.6041 82.5502 83.6446 83.1184 82.4562 83.3578
67.0745 66.9632 66.8142 66.6834 66.6706 66.605 66.6583 66.067 66.3795 65.986 66.042 66.1002 66.2852 66.2199 66.2422 66.3876 65.4817 66.009 66.0121 65.6106 66.1969 65.6573 67.3062 66.129 65.9622 65.1308 66.1851 66.0825 67.4915 65.9774
140.885 140.99 140.956 141.024 141.036 141.08 140.925 141.16 140.642 141.875 139.951 140.138 140.681 140.09 140.61 140.379 140.838 139.838 140.413 140.195 140.549 140.364 141.002 139.491 140.245 140.15 140.702 140.347 142.397 139.656
5.74803 5.76514 5.69459 5.61045 5.59473 5.59229 5.55792 5.45922 6.15688 6.33398 6.26314 6.27884 6.04324 5.19303 5.53611 5.42482 6.27819 6.27245 4.81673 6.22011 4.78209 6.26153 6.35139 6.04751 6.31945 6.31212 6.20871 6.15927 6.47423 6.31252
7.69155 7.66937 7.48481 7.82342 7.77756 7.73989 7.64528 6.7246 7.29881 7.54497 6.89848 6.71686 7.19696 7.62456 6.90891 6.9297 7.70015 6.79067 6.60042 7.37019 6.52131 7.37711 7.70122 7.33659 7.48628 6.25716 7.55694 7.78582 9.10353 7.41481
4.57084 4.57952 4.45974 4.48751 4.48698 4.47219 4.4811 4.62146 4.58032 4.58782 4.62838 4.60758 4.604 4.35904 4.62444 4.57739 4.56721 4.62934 4.57756 4.59161 4.62548 4.61817 4.41792 4.75891 4.67619 4.60621 4.56107 4.62832 4.49973 4.71463
4.72559 4.72318 4.65037 4.67221 4.68603 4.69123 4.65375 4.71365 4.8525 4.74799 4.74079 4.69066 4.78342 4.66004 4.77416 4.74583 4.82188 4.71923 4.74694 4.82946 4.78085 4.82251 4.6884 4.93218 4.89612 4.78141 4.7094 4.85401 3.34425 4.86524
4.43284 4.43165 4.4039 4.39586 4.41362 4.39162 4.4073 4.47137 4.5124 4.55732 4.54046 4.54155 4.51394 4.5122 4.49893 4.49049 4.53376 4.50408 4.50783 4.53901 4.50293 4.5024 4.52757 4.50309 4.53242 4.59238 4.5265 4.51577 4.46346 4.52655
4.40059 4.4184 4.30172 4.35281 4.35647 4.36499 4.33622 4.70183 4.28913 4.6788 4.6321 4.66385 4.70362 4.59958 4.41829 4.34956 4.63611 4.68015 4.79721 4.65838 4.79779 4.79145 3.73461 4.44329 4.62443 5.14106 4.77456 4.42093 5.16541 4.53344
4.1778 4.17908 4.14333 4.16706 4.16053 4.17003 4.15517 4.40072 4.47703 4.47423 4.45272 4.45816 4.39285 4.4502 4.49873 4.46561 4.45777 4.39679 4.49387 4.45983 4.51801 4.36995 4.42836 4.45418 4.42705 4.66287 4.37746 4.44162 4.56531 4.42383
7.93451 7.97869 8.00792 8.0082 7.97687 7.96956 7.97446 8.00027 7.93514 7.89436 7.52718 7.54386 7.95082 7.73863 7.96933 7.83865 7.52959 7.68286 7.97917 7.69531 7.9399 7.95384 7.67938 7.65684 7.77062 8.12201 8.0796 7.78913 8.17278 7.63601
91.8991 91.8829 92.0522 92.063 92.0549 91.9245 92.1082 91.8599 91.9922 92.0286 92.1696 92.1924 91.87 91.9892 92.027 91.9868 92.3037 91.8057 92.2104 92.0933 92.3944 92.052 91.5334 91.9768 92.0551 92.0902 91.9939 92.0184 91.648 92.167
154.746 154.714 154.397 154.45 154.454 154.252 154.406 152.57 154.217 154.19 154.156 154.208 154.049 154.07 154.4 154.414 153.608 153.577 154.39 154.743 154.072 154.28 153.438 154.736 153.842 154.18 154.54 154.864 153.634 153.309
75.4359 75.3863 74.9519 74.8904 74.8855 74.9411 74.9824 75.0704 75.1813 75.1665 75.2879 75.2115 74.792 75.1697 75.5895 75.4997 75.4333 74.5486 75.0211 75.2442 74.7324 75.2964 75.1935 75.6999 75.3765 75.3318 75.3183 75.0965 74.6091 75.8644
74.2479 74.2225 74.5588 74.5523 74.5721 74.3055 74.2069 73.659 73.1453 73.7961 74.2779 73.8057 73.4756 73.7394 73.7411 74.1249 73.9071 73.9077 73.8806 73.8464 73.55 73.1022 74.3562 73.9827 73.8022 72.9205 74.1137 73.9506 74.1347 73.2599
83.2866 83.2813 83.1882 83.3211 83.2787 83.2429 83.1763 83.4886 82.4768 83.1905 83.3284 83.0495 83.0046 83.13 83.1769 83.3215 83.2044 83.5682 83.0811 83.1463 82.9052 83.0552 83.7923 83.3414 83.0838 82.3097 83.5781 83.5181 83.5242 83.0906
66.4686 66.4516 66.1478 66.0894 66.0911 65.9655 65.8763 65.7096 66.1978 66.1782 66.1285 65.9739 65.658 65.6989 66.1112 66.0119 66.4155 65.4673 66.1169 65.7412 66.3306 65.7478 65.8983 66.1907 65.9952 65.604 66.2587 66.0954 65.5588 66.148
140.168 140.157 140.311 140.346 140.169 140.162 139.926 140.088 140.903 141.905 140.134 139.616 139.539 141.151 140.064 140.226 140.887 139.625 139.336 140.947 139.415 139.911 141.374 140.631 140.22 138.681 140.505 140.643 141.656 140.086
5.86027 5.85751 5.79525 5.77146 5.77979 5.79065 5.80129 6.18331 6.27521 6.34037 6.32707 6.31973 6.24806 6.35133 6.28153 6.27654 6.14208 6.26203 6.27522 6.35434 6.2956 6.08505 6.27127 6.25918 6.25624 6.31009 5.85241 6.32257 6.3299 6.20739
7.78992 7.79178 7.60196 7.54874 7.544 7.55217 7.57076 6.91039 7.0994 7.2152 7.11435 7.05361 6.95663 7.08281 7.26073 7.33012 7.0178 7.09324 7.38589 7.11869 7.3158 7.41342 7.08118 7.4925 6.81936 7.28698 7.28011 7.33888 6.80784 6.85912
4.51049 4.50058 4.30916 4.30311 4.3116 4.3108 4.2872 4.60128 4.62725 4.66275 4.62218 4.63267 4.64268 4.64096 4.589 4.60735 4.62521 4.63391 4.584 4.61011 4.61428 4.63405 4.7025 4.58883 4.58384 4.5419 4.59237 4.66527 4.70427 4.56854
4.52934 4.53157 4.50419 4.45693 4.45899 4.45129 4.47942 4.6644 4.713 4.74801 4.69526 4.70726 4.69963 4.71275 4.74833 4.70429 4.67281 4.67849 4.70736 4.71542 4.74328 4.7052 4.7621 4.74912 4.64839 4.80124 4.66121 4.70219 4.66464 4.65961
4.47884 4.47395 4.4646 4.48109 4.45834 4.44835 4.46536 4.54717 4.58837 4.6048 4.56033 4.58945 4.59775 4.61039 4.58444 4.57674 4.57885 4.54816 4.59052 4.61243 4.57912 4.57225 4.58501 4.58903 4.58826 4.61233 4.55135 4.5743 4.11889 4.57787
4.58846 4.58307 4.52025 4.3444 4.36311 4.35925 4.41728 4.89446 6.02564 4.67444 4.47895 4.56898 4.85349 4.9363 4.59049 4.62326 4.56933 5.08145 4.75414 4.73594 4.48593 4.76439 4.9574 4.5564 4.55233 5.13404 4.70538 4.74089 5.11042 4.58719
4.25054 4.24541 4.27252 4.2469 4.25202 4.2569 4.26803 4.50666 4.50266 4.50998 4.51606 4.51393 4.51004 4.50327 4.53265 4.52429 4.5225 4.47459 4.53006 4.52605 4.52127 4.4867 4.48766 4.52004 4.47321 4.53079 4.51594 4.49677 4.34048 4.51027
7.66494 7.67588 7.54925 7.36108 7.3354 7.27335 7.39627 7.72582 8.08064 7.83934 7.80681 7.74627 7.38552 7.70929 7.91966 7.85837 7.85045 7.5157 7.69749 7.82962 7.73578 7.64094 8.20009 7.98694 7.77366 7.68166 7.88964 7.761 7.72581 7.89264
93.018 93.0515 93.4281 93.4701 93.417 93.3388 93.3766 93.2312 93.3525 93.1095 92.9691 93.1948 93.3081 93.3197 92.5979 92.564 93.274 93.3925 92.5748 93.238 92.8031 93.0354 92.8019 92.4401 93.3637 92.6367 92.8529 93.168 93.0043 92.9845
75.2146 75.1693 74.6784 74.6669 74.7084 74.7666 74.8624 75.5069 75.147 75.2782 75.193 74.8991 74.5766 74.8599 75.0507 75.1997 75.1925 74.89 74.9571 74.9722 75.3014 75.1486 75.4948 75.8111 75.9511 74.9663 74.933 74.8934 74.5166 75.6543
73.3593 73.3537 73.6032 73.2935 73.4225 72.965 72.7664 72.5309 72.682 73.3148 72.7557 72.7798 73.5785 72.8216 72.4469 72.6592 73.0093 72.8517 73.0392 72.4486 71.8344 72.8605 72.4184 72.3936 73.5187 73.0397 73.5996 72.4725 71.9241 72.1083
83.2687 83.2696 83.2265 83.2886 83.3186 83.4078 83.249 83.1448 82.9302 83.1482 83.1385 83.0242 83.6108 83.0549 82.8637 82.8953 83.1531 83.2053 82.8852 82.9272 82.7486 83.1734 83.3567 83.4227 83.4581 83.1543 83.963 83.0832 81.0518 83.2799
103.418 103.349 103.437 103.343 103.271 103.053 103.157 103.673 103.209 103.451 103.485 103.477 103.387 103.407 105.242 104.929 103.877 103.422 104.749 103.378 104.901 103.757 103.125 103.83 104.04 105.237 103.499 102.866 103.63 103.898
65.2321 65.2611 65.3956 65.4959 65.4842 65.4056 65.3694 65.2499 65.4395 65.4192 65.1814 65.3407 65.1154 65.3791 65.0792 65.2362 65.2756 65.5899 65.4339 65.3058 65.6446 65.1672 65.1418 65.0755 65.4145 65.0978 65.1661 65.3333 63.2313 65.1054
141.262 141.279 140.745 140.964 141.032 140.811 140.929 140.894 141.084 141.303 141.207 141.128 141.128 140.971 141.962 142.134 141.031 140.875 141.661 140.972 141.43 140.981 140.828 141.81 141.146 142.724 141.884 141.079 140.848 141.138
5.47217 5.46209 5.4508 5.45357 5.44965 5.44694 5.4323 5.41861 5.40597 5.42634 5.45427 5.42978 5.32046 5.42863 5.31854 5.26784 5.43275 5.33563 5.34666 5.42428 5.18883 5.35205 5.45117 5.36474 5.4654 5.26871 5.56998 5.39227 5.39586 5.41832
4.36688 4.36842 4.32646 4.31234 4.31265 4.23441 4.22133 4.38363 4.39026 4.42326 4.41745 4.39366 4.39502 4.38931 4.39449 4.3699 4.41197 4.35739 4.41899 4.40182 4.36394 4.38864 4.38197 4.39303 4.4119 4.48593 4.40673 4.36539 4.43452 4.3551
4.39662 4.39075 4.36335 4.37517 4.37026 4.39065 4.36245 4.51319 4.50594 4.50774 4.51469 4.51209 4.48471 4.50693 4.52838 4.51685 4.51227 4.48726 4.49976 4.50249 4.52249 4.49723 4.54304 4.51822 4.50489 4.53061 4.46041 4.49737 4.53 4.52389
4.38546 4.38388 4.40617 4.38302 4.37638 4.37268 4.39109 4.43758 4.42755 4.43136 4.43306 4.43262 4.33289 4.42599 4.42286 4.41858 4.43632 4.37564 4.39698 4.42566 4.38046 4.43685 4.44719 4.41249 4.439 4.42379 4.36341 4.41067 4.50124 4.43087
5.11517 5.08602 4.97197 5.03986 5.02837 5.04176 5.01509 5.0835 5.10818 5.25441 5.02432 5.06347 4.98878 5.06802 6.08104 5.74283 5.19491 5.20803 6.02799 5.10777 5.98652 5.2188 4.85857 5.30392 5.24651 6.16605 5.33869 5.07018 5.03863 5.20494
4.36717 4.34933 4.2578 4.21714 4.2104 4.23901 4.26357 4.68853 4.45709 4.49151 4.56046 4.43417 4.69155 4.457 4.61938 4.38016 4.6313 4.38195 4.45099 4.48914 4.47501 4.6482 4.73683 4.71832 4.48147 4.60144 4.70907 4.34869 6.93908 4.7324
4.26266 4.26146 4.26329 4.26861 4.27915 4.29741 4.26334 4.35298 4.37364 4.36229 4.36793 4.37292 4.35233 4.37247 4.37833 4.39254 4.36444 4.34774 4.41316 4.37504 4.41954 4.335 4.33634 4.39305 4.39711 4.37591 4.29061 4.34739 4.81032 4.36648
7.554 7.54784 7.47177 7.49225 7.51365 7.58487 7.51333 7.44206 7.39683 7.44771 7.4931 7.48677 7.40196 7.44893 7.69823 7.68403 7.47847 7.43669 7.55557 7.48498 7.4796 7.43715 7.40738 7.50061 7.55633 7.65295 7.55966 7.43597 7.43238 7.46586
92.4455 92.4566 92.8296 92.8966 92.8424 92.9146 92.8827 91.9979 92.4563 92.2945 92.3075 92.4296 92.6135 92.5056 92.3259 92.2239 92.3862 92.646 92.1879 92.4762 92.1617 92.4648 91.7046 91.5951 92.3781 92.2083 92.3958 92.2585 92.4736 92.1315
75.6153 75.657 75.279 75.2985 75.3882 75.3358 75.2554 75.883 75.5966 75.5939 75.7411 75.7936 75.4469 75.6931 75.6692 75.7323 75.5872 75.4842 75.6156 75.6297 75.8662 75.5664 75.9928 75.6597 75.7588 75.8553 75.6089 75.9669 75.6062 76.0545
73.8112 73.7635 73.2311 73.4063 73.0201 72.9607 72.9524 73.2943 72.5234 72.6592 73.0631 72.4657 73.0971 73.0859 72.7208 72.9541 72.4417 72.792 73.0006 72.7473 72.568 72.7849 72.6223 73.0002 73.4222 72.2594 72.592 72.1798 72.4881 72.5802
83.3409 83.3285 83.1766 83.1741 83.2128 83.1113 82.9609 83.4826 83.0079 83.1731 83.1224 82.9422 83.1441 82.9616 82.8283 82.9974 82.9717 83.0734 83.246 82.9294 83.2242 83.0597 83.488 83.2974 83.3548 83.2699 83.2058 83.1163 82.7445 83.4283
103.566 103.608 103.326 103.569 103.472 103.441 103.604 103.465 103.7 103.447 103.65 103.682 103.699 103.663 103.963 103.831 103.583 103.854 103.411 103.747 103.816 103.763 102.93 103.147 104.241 103.456 103.69 103.154 103.575 104.082
65.3566 65.3683 65.6139 65.6006 65.6055 65.6178 65.5908 64.5643 65.0639 64.9184 65.2712 65.518 65.6089 65.4686 65.0378 64.7661 65.1126 65.1263 64.5292 65.4995 64.7658 65.2803 64.4969 63.8909 65.1868 64.7719 64.935 64.9452 65.3611 64.9308
142.086 142.075 141.805 142.027 141.945 141.795 141.852 142.279 141.995 142.078 142.135 141.862 142.265 142.078 142.09 142.113 142.095 142.113 142.116 142.015 142.036 142.114 142.141 142.378 142.1 142.592 142.074 142.035 141.926 142.314
5.49846 5.50103 5.5054 5.51194 5.51332 5.51253 5.5051 5.53794 5.49498 5.50458 5.50263 5.49138 5.49411 5.50604 5.50148 5.49875 5.52266 5.4794 5.5095 5.48783 5.5013 5.48418 5.53635 5.56094 5.62643 5.45904 5.48915 5.46225 5.49248 5.55111
4.47718 4.4665 4.42838 4.45267 4.41968 4.30496 4.27625 4.47036 4.48162 4.51476 4.48296 4.48238 4.4328 4.40602 4.48604 4.46596 4.46051 4.41062 4.47075 4.48366 4.39322 4.48788 4.48839 4.46514 4.38879 4.42104 4.48786 4.39509 4.48541 4.36037
4.51386 4.51365 4.50727 4.48835 4.49018 4.4959 4.47762 4.65013 4.65259 4.65338 4.64783 4.64811 4.64877 4.64675 4.62929 4.64272 4.66048 4.61196 4.64974 4.6511 4.63737 4.63482 4.67877 4.61542 4.63928 4.66708 4.65069 4.64454 4.66752 4.6318
4.37204 4.37298 4.38702 4.37913 4.38142 4.38825 4.38351 4.41737 4.42263 4.421 4.4359 4.4281 4.37144 4.42649 4.42243 4.41451 4.41852 4.40316 4.40869 4.42751 4.42051 4.41144 4.41444 4.57677 4.50986 4.40522 4.38618 4.40601 4.41757 4.40485
5.55912 5.55873 5.50707 5.52692 5.54365 5.51507 5.54102 5.5896 5.5787 5.65513 5.55376 5.52967 5.55383 5.52141 5.63305 5.59172 5.57338 5.55594 5.69163 5.55303 5.60567 5.55436 5.66509 5.66009 5.58472 5.69478 5.53361 5.46203 5.58187 5.56622
4.29474 4.29915 4.3385 4.3274 4.32596 4.36842 4.34472 4.28658 4.45766 4.40328 4.53341 4.59283 4.5733 4.58296 4.5495 4.52285 4.47204 4.51465 4.41197 4.60739 4.56493 4.51738 4.31988 4.33227 4.42021 4.45665 4.58068 4.52706 4.80625 4.52479
4.23872 4.23469 4.24861 4.24319 4.25197 4.24792 4.24882 4.33659 4.3558 4.34441 4.3505 4.35697 4.35553 4.36196 4.35897 4.35723 4.36112 4.32186 4.34412 4.36209 4.31174 4.35792 4.31166 4.34283 4.2889 4.3239 4.33134 4.31622 4.42771 4.33152
7.8506 7.84503 7.85187 7.8646 7.87968 7.88507 7.8886 7.90351 7.88863 7.8943 7.86865 7.85384 7.87071 7.85244 7.88785 7.85558 7.87198 7.85984 7.89559 7.88479 7.83486 7.89709 7.93505 7.9289 7.70533 7.82682 7.89614 7.82003 7.86528 7.90091
91.9294 91.8801 92.293 92.1997 92.2392 92.1183 92.0202 91.6896 91.869 91.8215 91.857 91.7692 91.6797 91.4822 91.8525 91.609 91.8229 92.0123 91.7857 91.8563 91.6237 92.0207 91.5327 91.9617 91.8012 91.1753 91.7253 91.0967 91.7845 91.599
152.912 152.916 152.5 152.496 152.435 152.394 152.155 152.408 152.264 152.627 152.452 152.422 152.368 152.336 152.599 152.621 152.827 152.473 152.445 152.459 152.674 152.575 153.016 152.777 152.652 152.649 152.367 152.782 152.394 153.52
75.9098 75.9098 75.6991 75.674 75.6665 75.647 75.6688 75.7759 75.7573 75.7455 75.8001 75.7785 75.82 75.951 75.9347 75.8296 76.0942 75.8862 75.7294 75.7863 76.0475 75.9732 75.9508 76.1116 75.9473 75.8056 75.9154 75.8923 75.8015 76.0399
74.2492 74.2818 73.6098 73.859 73.8962 73.421 73.6794 73.8431 73.6494 73.5411 73.7807 73.6417 73.8027 73.8446 73.8361 73.7619 73.9244 73.4982 73.7806 73.7502 73.9412 73.3956 73.9578 73.6304 73.7361 74.0561 73.6263 74.2308 73.7695 73.874
83.0196 83.0265 82.6551 82.7688 82.7281 82.5914 82.6417 82.9283 82.7632 82.7889 82.9172 82.7936 82.8159 82.9245 82.7743 82.8379 82.8953 82.8076 82.8323 82.793 82.9883 82.6483 83.0208 82.9705 82.8705 83.2564 82.7368 83.3298 82.8399 82.962
66.4193 66.3561 66.3628 66.4373 66.4098 66.5434 66.4183 65.9124 66.1752 66.3319 66.0331 65.9801 66.1085 66.0703 66.1779 65.8631 66.1093 66.1417 66.0729 66.2888 65.6427 66.2976 65.6861 66.1229 65.789 65.2447 66.4409 65.3699 65.9769 66.0811
140.613 140.674 140.101 140.324 140.211 139.996 140.109 140.329 140.112 140.265 140.439 140.177 140.234 140.413 140.156 140.161 140.39 140.141 140.074 140.15 140.027 140.185 140.264 140.601 140.129 140.243 140.043 140.111 140.412 140.377
5.98286 5.98517 5.90794 5.9044 5.914 5.92755 5.91009 6.42331 6.41668 6.42859 6.43014 6.42303 6.44014 6.4582 6.40459 6.42265 6.44899 6.40507 6.42378 6.42465 6.43023 6.40315 6.4439 6.4599 6.38876 6.48557 6.42657 6.47172 6.43641 6.49693
7.17392 7.21022 6.87123 7.04183 6.96976 6.94844 6.8011 6.58657 6.57055 6.68225 6.70705 6.61721 6.63243 6.67652 6.63689 6.62147 6.77447 6.48836 6.63047 6.61851 6.55285 6.50702 6.88256 6.66468 6.57368 6.8523 6.50067 6.7286 6.65862 6.44485
4.64601 4.63827 4.4128 4.50954 4.50778 4.45916 4.49405 4.72101 4.72754 4.7533 4.74876 4.72869 4.6711 4.67094 4.66482 4.71883 4.61629 4.62378 4.7287 4.76154 4.64687 4.72561 4.66476 4.63756 4.64448 4.72735 4.73181 4.72001 4.73559 4.63322
4.68322 4.68081 4.63471 4.64251 4.64409 4.61857 4.6239 4.84043 4.84061 4.85425 4.85163 4.84053 4.82535 4.82511 4.83049 4.83996 4.83438 4.81806 4.84018 4.86094 4.81117 4.84407 4.85172 4.81955 4.8266 4.83873 4.84021 4.8456 4.84551 4.70714
4.50406 4.50118 4.49865 4.50785 4.50675 4.50838 4.51018 4.62257 4.62588 4.62613 4.62674 4.62845 4.62774 4.62881 4.61783 4.62874 4.61868 4.61714 4.61955 4.62342 4.62075 4.62074 4.6278 4.61033 4.61827 4.6292 4.60933 4.62507 4.62572 4.628
4.43684 4.43468 4.44766 4.43455 4.4546 4.5174 4.46089 4.58083 4.66598 4.74612 4.60554 4.62689 4.70747 4.67828 4.66661 4.61344 4.66049 4.60893 4.64066 4.70815 4.45712 4.67619 4.55666 4.65933 4.52754 4.37578 4.71262 4.36124 4.6483 4.55214
4.29772 4.29684 4.28236 4.29 4.29013 4.29296 4.29798 4.50037 4.507 4.49918 4.49943 4.50641 4.51053 4.50432 4.50942 4.50744 4.51683 4.51922 4.50572 4.50864 4.51063 4.5248 4.49551 4.54329 4.52513 4.49389 4.51308 4.49693 4.51807 4.54055
8.06398 8.06316 8.08284 8.05995 8.08418 8.02774 8.02085 8.00934 8.04543 8.03605 8.00734 8.03079 8.13384 8.12863 8.00261 7.96244 8.17371 8.08717 8.02326 8.01585 7.95139 8.01859 8.07378 8.16991 7.95786 8.01127 8.02641 7.91183 8.06197 8.02585
92.5892 92.5908 92.893 92.7691 92.7743 92.7926 92.8144 92.6812 92.6316 92.5925 92.5573 92.5776 92.5216 92.5556 92.5333 92.6219 92.304 92.3696 92.6338 92.5769 92.3837 92.4495 92.395 92.529 92.5044 92.461 92.605 92.4377 92.5857 92.5345
75.4423 75.4226 75.2606 75.5611 75.5327 75.5054 75.5194 75.2463 75.2177 75.4114 75.2655 75.2763 75.2861 75.2449 75.3285 75.2384 75.5669 75.3721 75.2318 75.3026 75.5028 76.0466 75.4846 75.2598 75.3907 75.1862 76.2282 75.3068 75.283 75.9668
73.2319 73.3247 72.8131 72.6582 72.5304 72.7125 72.9012 72.8338 72.9868 72.6117 73.1958 73.0064 72.9433 72.961 73.6243 72.8137 73.8964 73.6165 72.8118 72.8406 74.0103 73.4674 73.3663 73.861 73.3751 73.2308 73.6392 72.9837 72.9687 73.6014
82.4454 82.4683 82.1479 82.1965 82.1983 82.107 82.2511 82.2813 82.3681 82.3424 82.4648 82.4223 82.4223 82.3562 82.6656 82.4152 82.7698 82.7596 82.296 82.284 82.8279 82.5396 82.5654 82.4399 82.6612 82.5365 82.3778 82.4765 82.2884 82.167
66.1728 66.1513 66.254 66.1515 66.1652 66.2306 66.2478 66.1175 66.2093 66.1259 66.1318 66.1706 65.8723 65.9328 66.1238 66.1301 66.1137 66.1671 66.1942 66.1996 66.1561 65.7211 66.0038 66.3844 66.2811 66.144 66.2192 65.9175 66.1822 65.7785
136.999 137.084 135.808 135.877 135.745 135.727 135.791 135.79 135.792 135.896 136.081 135.822 135.756 135.785 136.897 136.014 137.132 135.982 135.711 136.157 137.032 137.127 136.435 137.443 136.444 135.92 137.176 136.256 135.988 138.306
5.56914 5.57304 5.5032 5.5303 5.52207 5.52626 5.52703 5.73728 5.72873 5.74895 5.73406 5.74661 5.74626 5.73244 5.73353 5.75146 5.72814 5.7333 5.734 5.71595 5.73669 5.7331 5.75249 5.5283 5.70991 5.75746 5.76069 5.75008 5.74699 5.6994
4.55256 4.55976 4.21503 4.22682 4.22986 4.21948 4.22716 4.57814 4.57843 4.57208 4.57607 4.55572 4.57969 4.59682 4.59685 4.58254 4.65665 4.62355 4.56586 4.58835 4.64124 4.55863 4.55777 4.84106 4.60376 4.58687 4.54366 4.59409 4.58327 4.61182
4.49483 4.49474 4.44592 4.42726 4.40536 4.41989 4.41651 4.50734 4.51066 4.50067 4.51733 4.52495 4.51945 4.51077 4.55431 4.5044 4.55485 4.5487 4.50016 4.49491 4.56883 4.57745 4.52403 4.59263 4.55152 4.54638 4.54392 4.5257 4.49823 4.54686
4.46048 4.46289 4.45616 4.46688 4.45667 4.47562 4.46071 4.5363 4.51645 4.51514 4.52749 4.51795 4.51817 4.51494 4.50823 4.52145 4.5233 4.51974 4.52797 4.50687 4.52552 4.49967 4.52692 4.50315 4.52407 4.52055 4.51616 4.51617 4.51304 4.51199
4.34424 4.36165 4.30788 4.34778 4.34845 4.36544 4.37581 4.58317 4.55939 4.53637 4.61888 4.55529 4.7038 4.66016 4.71738 4.59071 4.78487 4.84846 4.57182 4.48096 4.76951 4.71886 4.76008 4.79147 4.8279 4.58958 4.49163 4.60784 4.51969 4.84438
4.2378 4.23965 4.25077 4.25048 4.24431 4.26857 4.24821 4.33956 4.34086 4.33653 4.33553 4.33599 4.32694 4.33191 4.40114 4.33886 4.40738 4.36314 4.34375 4.33379 4.40178 4.32434 4.36327 4.36935 4.39814 4.33795 4.34433 4.31923 4.33708 4.36309
7.4041 7.40949 7.38055 7.34734 7.34405 7.41094 7.37222 7.39789 7.38004 7.44006 7.36177 7.38927 7.26705 7.30321 7.46806 7.43047 7.37457 7.27724 7.40578 7.39908 7.35824 7.39691 7.47385 7.52694 7.49655 7.38776 7.51951 7.36383 7.38014 7.82009
93.948 94.0165 94.2981 94.1886 94.264 94.2035 94.2603 94.1473 94.1412 94.1029 94.0374 93.9936 94.1172 94.1624 94.0419 94.1051 93.8548 93.9174 94.0255 93.9126 94.0017 94.1091 93.9312 95.6354 93.8355 94.0242 94.2947 94.0726 94.1291 93.8793
75.6587 75.6892 75.4483 75.5297 75.5437 75.5145 75.575 75.442 75.5393 75.5363 75.5172 75.4733 75.4426 75.4514 75.5647 75.4999 75.4544 75.4116 75.4478 75.4977 75.3325 75.5775 75.4089 75.8832 75.627 75.4752 75.4446 75.5338 75.5227 75.7571
72.2087 72.1061 71.9816 71.6698 71.7121 71.8668 71.7102 71.7224 71.7703 71.7038 71.861 71.7269 71.7083 71.7408 71.7059 71.7848 71.6824 71.6559 71.6953 71.9487 71.5254 71.7398 71.7024 71.4418 71.4954 71.7848 71.6987 71.8313 71.7337 71.8025
82.2423 82.1927 82.0601 82.0629 82.0301 82.1291 82.0603 82.3015 82.271 82.258 82.2621 82.4183 82.293 82.2102 82.2821 82.2814 82.2012 82.2909 82.3681 82.3752 82.199 81.806 82.3782 81.558 82.2317 82.358 81.7551 82.2728 82.2838 82.1685
97.266 97.2096 96.0728 96.5675 96.2243 96.1806 96.2652 95.8016 95.9351 96.1209 96.193 95.8196 95.7625 95.7753 95.8468 96.0047 96.3119 95.8324 95.6383 96.8775 96.4339 99.2412 96.0684 97.1148 95.9489 95.8684 100.312 96.0955 96.0076 99.2861
64.7131 64.7067 64.7858 64.8557 64.8432 64.856 64.768 64.9033 64.8572 64.8368 64.8045 64.834 64.9334 64.9556 64.884 64.8509 64.7494 64.8289 64.9055 64.8824 64.8159 64.6958 64.7501 65.5611 64.9004 64.8898 64.8874 64.8386 64.8366 65.1671
141.263 141.291 140.857 140.852 140.922 141.047 141.001 141.066 141.043 141.083 141.061 141.042 141.136 141.108 141.284 141.003 141.507 141.435 141.059 141.375 141.304 142.098 141.136 142.113 141.16 140.988 142.45 141.025 141.092 141.541
5.54927 5.55857 5.54652 5.54558 5.54805 5.55734 5.55147 5.59634 5.59339 5.60753 5.60422 5.58781 5.5986 5.6087 5.61206 5.60806 5.61984 5.60934 5.58724 5.58076 5.62032 5.61326 5.59759 5.59516 5.61698 5.58828 5.60973 5.58757 5.59702 5.6503
4.35674 4.35346 4.16826 4.15976 4.16154 4.16363 4.15264 4.39755 4.39089 4.38802 4.4 4.39724 4.40065 4.3989 4.37303 4.39421 4.43593 4.42921 4.40278 4.40367 4.45096 4.42583 4.4004 4.46261 4.42253 4.41366 4.43046 4.39708 4.39606 4.38893
4.4464 4.45628 4.45911 4.43565 4.44797 4.46366 4.44599 4.47216 4.47398 4.46502 4.47074 4.46516 4.47626 4.48232 4.48347 4.47035 4.47518 4.50513 4.46997 4.4479 4.4741 4.45904 4.47388 4.4957 4.46559 4.46939 4.46269 4.46933 4.47004 4.42803
4.35703 4.35555 4.36009 4.36422 4.35847 4.36235 4.35162 4.40532 4.40696 4.40779 4.40792 4.40848 4.40452 4.40274 4.41231 4.40317 4.42518 4.41232 4.40227 4.39386 4.41548 4.43649 4.41547 4.43754 4.41488 4.40752 4.50075 4.41017 4.41087 4.37856
5.35465 5.36605 5.15875 5.26973 5.18548 5.14722 5.18402 5.03659 5.01921 5.12549 5.00338 5.00855 5.03013 5.04489 5.04589 5.02674 5.06983 4.76304 5.00085 5.18564 5.04825 5.64816 5.03114 5.51 4.99786 5.03099 5.70209 5.12158 5.04606 5.50085
4.47356 4.46116 4.41405 4.36758 4.37694 4.39111 4.3595 4.53111 4.52758 4.56076 4.55071 4.54596 4.53082 4.53024 4.57236 4.53989 4.64262 4.62034 4.52909 4.63423 4.60517 4.74275 4.58774 4.59316 4.67319 4.52517 4.61684 4.51344 4.52834 4.67732
4.16477 4.17234 4.18775 4.17519 4.1785 4.17958 4.17417 4.5097 4.51796 4.50512 4.50668 4.51067 4.52425 4.51907 4.51914 4.5127 4.50501 4.54347 4.5219 4.46905 4.53155 4.49087 4.51743 4.55607 4.48088 4.51548 4.59927 4.5154 4.52257 4.57519
7.65394 7.6665 7.60996 7.64443 7.64589 7.65024 7.63383 7.64435 7.64743 7.65158 7.63157 7.63566 7.64547 7.6524 7.66592 7.63202 7.65234 7.6345 7.6448 7.67025 7.65053 7.74357 7.64273 7.84447 7.57756 7.63657 7.77143 7.65749 7.65441 7.66082
93.8747 93.8225 94.1546 94.3489 94.4264 94.3829 94.4336 94.2187 94.2975 94.1337 94.1988 94.2054 94.1753 94.1046 94.1056 94.1344 94.3899 94.3142 94.1669 94.2065 94.2184 94.2675 94.191 94.1779 94.1958 94.2263 94.1766 94.2367 94.1312 94.0241
76.0581 76.1122 75.9889 75.9184 75.8547 75.9012 75.9364 75.7482 75.8346 75.8864 75.8867 75.8103 75.8316 75.7833 75.8774 75.8778 75.7593 75.7325 75.832 75.7844 75.9762 75.8212 75.7728 75.9467 75.8028 75.7924 75.8752 75.7759 75.8333 75.8665
72.1994 72.2322 71.873 71.9471 71.7715 71.7042 71.8125 71.7604 71.6254 71.6706 71.705 71.6557 71.6748 71.7868 71.7179 71.7543 71.5911 71.5818 71.7098 71.3882 71.6426 71.5679 71.6277 71.5366 71.5093 71.6297 71.5516 71.5549 71.7279 71.719
82.1853 82.2695 82.0193 81.9304 81.9736 81.9437 81.9451 82.0839 81.9892 82.1286 82.0833 82.1204 82.1297 82.1991 82.2092 82.0952 81.9742 82.0482 82.1202 82.0602 82.1222 81.9487 82.1239 82.2716 81.9744 82.0559 82.0366 82.0304 82.064 82.1794
98.5319 98.5286 97.2755 97.0656 96.8543 96.8901 97.0128 96.7795 96.8989 96.7985 97.1642 96.748 96.7917 96.9238 96.9497 97.0333 96.9919 96.5716 96.7911 96.9385 98.2254 97.439 96.63 96.8086 96.6819 96.8453 97.5112 96.8122 96.9542 97.6611
64.5165 64.4858 64.645 64.6483 64.6887 64.6696 64.5793 64.7233 64.6735 64.6772 64.6388 64.713 64.7291 64.7021 64.6531 64.6434 64.699 64.7198 64.7266 64.6803 64.7056 64.8275 64.7317 65.3594 64.5697 64.7267 64.839 64.6912 64.6776 64.6255
141.683 141.622 141.37 141.411 141.387 141.408 141.391 141.591 141.45 141.63 141.583 141.549 141.578 141.629 141.65 141.583 141.627 141.555 141.539 141.569 141.903 141.714 141.561 141.706 141.577 141.498 141.665 141.445 141.556 141.609
5.57228 5.57277 5.57597 5.58178 5.57937 5.57899 5.58585 5.6182 5.61924 5.62437 5.62051 5.61562 5.61596 5.61572 5.62668 5.62334 5.64942 5.62793 5.611 5.62011 5.63123 5.64172 5.60955 5.62635 5.63986 5.61237 5.63707 5.60299 5.62487 5.64967
4.32268 4.2973 4.16332 4.15693 4.15735 4.15065 4.14903 4.38564 4.3898 4.38964 4.38423 4.38766 4.39111 4.39434 4.37517 4.39172 4.42647 4.40237 4.38644 4.43338 4.41538 4.41789 4.4006 4.42353 4.40876 4.40493 4.41122 4.39643 4.39207 4.40319
4.43643 4.43005 4.46853 4.45736 4.44983 4.45871 4.45595 4.4623 4.45152 4.45649 4.45538 4.45439 4.45615 4.45808 4.46129 4.45312 4.45003 4.46097 4.45012 4.44711 4.45242 4.46565 4.45317 4.45854 4.46138 4.44573 4.46908 4.44778 4.4516 4.44886
4.36383 4.36045 4.35745 4.3675 4.36277 4.36025 4.36657 4.40184 4.41526 4.4037 4.41221 4.40826 4.40844 4.40401 4.40961 4.40588 4.40685 4.41555 4.40963 4.41699 4.391 4.41571 4.40649 4.4337 4.4107 4.41297 4.41191 4.42015 4.40848 4.41237
5.53856 5.54947 5.45796 5.42445 5.4294 5.42182 5.44653 5.37051 5.38871 5.39239 5.38882 5.38497 5.37534 5.3643 5.37641 5.38166 5.39256 5.34266 5.38438 5.42776 5.41506 5.45502 5.37382 5.44368 5.40502 5.39359 5.4912 5.40377 5.38266 5.4757
4.41093 4.50319 4.29985 4.27841 4.29212 4.28288 4.28579 4.46332 4.43324 4.513 4.47992 4.46429 4.47327 4.49064 4.51614 4.50587 4.49944 4.46194 4.47248 4.46378 4.60098 4.538 4.47432 4.43066 4.55638 4.46177 4.59135 4.42499 4.46132 4.61452
4.15344 4.13796 4.14914 4.15673 4.1473 4.16446 4.12997 4.49023 4.49388 4.49392 4.49106 4.48735 4.48839 4.48529 4.50066 4.4846 4.49205 4.49442 4.48631 4.5016 4.4973 4.51488 4.49018 4.51919 4.50922 4.48877 4.5157 4.49314 4.48699 4.49121
7.75783 7.76108 7.75588 7.75935 7.76639 7.75935 7.76503 7.77196 7.76653 7.77902 7.75957 7.76594 7.76258 7.76523 7.77425 7.76105 7.78007 7.77273 7.76227 7.78177 7.78741 7.79354 7.76597 7.78951 7.80193 7.76196 7.7945 7.77171 7.76544 7.79304
93.0145 92.9768 93.4309 93.6397 93.6588 93.5649 93.6218 93.371 93.5249 93.3934 93.4032 93.4694 93.3981 93.3755 93.3576 93.3979 93.484 93.4433 93.323 93.6307 93.4217 93.4939 93.4198 93.5245 93.4669 93.3405 93.488 93.3438 93.322 93.4357
76.9907 76.9939 76.8958 76.9725 76.9598 77.082 76.9867 76.9669 77.0643 77.0599 77.0724 76.9746 77.0055 76.9768 77.042 77.0471 76.9412 76.9753 77.0216 77.0541 77.0293 76.9937 76.9592 77.0711 76.9549 77.0613 77.0612 76.9987 76.9968 77.0507
70.156 70.1675 69.7713 69.5972 69.4977 69.4955 69.6188 69.6209 69.5066 69.7328 69.6462 69.629 69.6135 69.7535 69.6994 69.759 69.4082 69.584 69.3872 69.47 69.365 69.712 69.6718 69.3723 69.6469 69.685 69.4636 69.5874 69.6629 69.4679
82.3632 82.4253 81.9978 81.8414 81.842 81.8816 81.8865 82.1433 81.9271 82.0526 82.0074 82.0664 82.0848 82.1022 82.0776 82.0087 82.089 82.1537 82.0921 81.8954 82.0319 82.0759 82.0758 82.0268 82.0437 82.1088 82.0178 82.1204 82.1207 82.0815
99.2878 99.1763 98.5257 98.3404 98.1837 98.1547 98.2586 98.1467 98.1095 98.2433 98.3026 97.974 98.0292 98.1931 98.1193 98.4127 99.32 97.7708 97.9188 97.6852 98.5057 98.0825 97.9723 97.4427 97.8515 97.9597 97.9004 97.9887 98.2133 98.0067
64.5955 64.5601 64.6915 64.5033 64.6041 64.5256 64.5605 64.6399 64.6163 64.6071 64.6668 64.6585 64.6501 64.6155 64.6434 64.568 64.6714 64.6952 64.6673 64.7395 64.457 64.7343 64.6704 64.8951 64.6704 64.7028 64.7525 64.7155 64.5975 64.6651
141.939 141.885 141.568 141.497 141.485 141.448 141.54 141.652 141.556 141.701 141.704 141.713 141.696 141.721 141.715 141.699 142.1 141.762 141.566 141.632 141.695 141.809 141.661 141.697 141.706 141.754 141.673 141.632 141.727 141.669
5.61829 5.61593 5.61098 5.62586 5.62435 5.62448 5.62142 5.66216 5.66263 5.67334 5.67056 5.66441 5.66762 5.67383 5.67675 5.67496 5.67637 5.67192 5.66666 5.67356 5.69682 5.68414 5.66139 5.6727 5.67287 5.66806 5.68149 5.65465 5.6696 5.68802
4.16995 4.16573 4.01873 4.03089 4.02911 4.02999 4.03748 4.17689 4.18534 4.17852 4.17115 4.18252 4.18331 4.18614 4.17906 4.18198 4.30705 4.19851 4.17819 4.18732 4.19977 4.19948 4.18714 4.18954 4.18771 4.205 4.18901 4.19203 4.19502 4.19673
4.32484 4.32152 4.31789 4.31595 4.31698 4.30703 4.31222 4.33028 4.32164 4.32533 4.3282 4.32723 4.32856 4.33026 4.33303 4.32343 4.30519 4.33039 4.334 4.32753 4.34405 4.33405 4.32838 4.33266 4.33257 4.32816 4.33325 4.33616 4.32666 4.33323
4.32186 4.31881 4.32076 4.32136 4.32565 4.33756 4.33245 4.3793 4.38614 4.37935 4.37691 4.37661 4.37752 4.37715 4.3774 4.38019 4.34269 4.37466 4.37981 4.38704 4.38287 4.37322 4.37462 4.38526 4.37596 4.37241 4.38449 4.38158 4.37555 4.38403
5.64886 5.64172 5.57548 5.57299 5.54912 5.57034 5.55208 5.48232 5.47704 5.49949 5.51063 5.4816 5.48512 5.48101 5.48068 5.49328 5.51583 5.45525 5.48736 5.48128 5.5361 5.48558 5.48712 5.47742 5.47441 5.46556 5.49513 5.48068 5.4708 5.49017
4.30723 4.35501 4.20685 4.30121 4.27152 4.30113 4.26935 4.3936 4.38507 4.41222 4.35627 4.37696 4.38992 4.39775 4.36584 4.41352 4.48343 4.40834 4.37022 4.33921 4.54651 4.40844 4.39583 4.32362 4.38926 4.40883 4.37294 4.36223 4.42095 4.40607
4.16097 4.15531 4.14683 4.12778 4.13867 4.13708 4.13344 4.48769 4.48298 4.48142 4.48785 4.4899 4.48834 4.48521 4.49203 4.48093 4.5039 4.49268 4.495 4.48731 4.52562 4.48848 4.4854 4.50444 4.48876 4.48204 4.49703 4.49165 4.48155 4.49002
7.76373 7.76602 7.75859 7.75438 7.75359 7.75085 7.74889 7.75488 7.74929 7.7581 7.75819 7.76359 7.76199 7.7581 7.76117 7.75299 7.77308 7.76465 7.76196 7.77556 7.80592 7.76879 7.75898 7.77773 7.76731 7.75824 7.77223 7.76097 7.75275 7.76586
