11.8412 11.8831 11.8671 11.8689 11.9965 12.01 11.9348 11.9917 11.9623 11.9913 11.9589 11.9575 11.9631 12.0254 11.9988 11.9805 12.1027 12.0387 12.032 12.3246 12.0647 12.2605 12.0967 12.0027 12.2501 11.986 12.499 12.3807 12.5089 11.9958
5.65969 5.66757 5.66652 5.66757 5.84082 5.82284 5.8157 5.82499 5.85104 5.8432 5.84972 5.82444 5.84183 5.84537 5.84077 5.81597 5.87105 5.83406 5.83332 5.81967 5.83421 5.84851 5.8338 5.82476 5.89359 5.83708 5.87625 5.88308 5.82674 5.83652
4.64599 4.64627 4.64201 4.64446 4.69204 4.67156 4.69604 4.73792 4.62473 4.67934 4.63314 4.66729 4.69582 4.61772 4.6511 4.68901 4.55236 4.65967 4.66692 4.58504 4.70065 4.55758 4.70484 4.68362 4.78684 4.68286 4.43669 4.66129 4.61736 4.70182
4.5062 4.50836 4.51062 4.50947 4.61578 4.61625 4.62906 4.63996 4.63108 4.61475 4.63686 4.61052 4.62754 4.55426 4.60056 4.59027 4.62312 4.65322 4.61921 4.63026 4.64054 4.5958 4.63663 4.6141 4.69482 4.62449 4.45108 4.63475 4.6042 4.6024
4.41753 4.41635 4.41514 4.41464 4.46616 4.47075 4.47033 4.47839 4.47169 4.46981 4.47067 4.47247 4.47377 4.4863 4.4753 4.46691 4.45927 4.47363 4.46167 4.46932 4.45569 4.46128 4.45184 4.46912 4.4499 4.46683 4.40585 4.47953 4.46151 4.46652
7.9039 7.90203 7.89741 7.88543 8.02751 8.08438 8.10559 8.38468 8.05228 8.03372 8.02979 8.07235 8.05433 8.04849 7.98864 8.01686 7.91426 8.07925 8.0393 8.3062 8.07399 7.52119 8.02357 8.11263 8.04929 8.08677 7.96816 8.04878 7.95627 8.06527
6.06046 6.06824 6.06567 6.06482 6.5334 6.48514 6.49157 6.48457 6.49812 6.51354 6.5066 6.49277 6.51207 6.50454 6.50119 6.48472 6.47979 6.49123 6.49916 6.54464 6.50878 6.46452 6.50714 6.50888 6.65286 6.51101 6.52114 6.44202 6.46999 6.50543
7.48626 7.47835 7.49056 7.48167 7.02387 7.05069 6.99591 7.04337 7.00119 7.07361 7.00416 7.05467 7.04691 7.0278 7.05292 7.04064 7.06579 7.04125 7.08427 7.44537 7.12947 7.29875 7.1152 7.12846 7.24349 7.04516 7.56781 7.33829 7.13412 7.04554
4.61548 4.60921 4.60868 4.61047 4.70207 4.7209 4.73536 4.81112 4.70509 4.66926 4.70873 4.71802 4.72245 4.71128 4.73555 4.72938 4.6963 4.74895 4.74409 4.71865 4.74052 4.69726 4.72661 4.6569 4.68197 4.7207 4.7321 4.70606 4.64696 4.66885
4.64326 4.63883 4.64661 4.64754 4.84316 4.85513 4.83588 4.86476 4.83478 4.86964 4.82993 4.86392 4.84663 4.83299 4.86958 4.85556 4.83958 4.8409 4.85606 4.89388 4.8615 4.92709 4.85908 4.84721 4.84206 4.84501 4.95081 4.9391 4.60004 4.84956
4.4855 4.48504 4.48476 4.48488 4.60498 4.6052 4.61785 4.6069 4.59971 4.59995 4.60003 4.60436 4.61175 4.60364 4.59468 4.60012 4.60314 4.61252 4.61935 4.61805 4.62315 4.61093 4.62024 4.60235 4.64737 4.60584 4.59207 4.61695 4.604 4.60172
7.73489 7.74102 7.74223 7.74856 7.71203 7.72148 7.63077 7.77537 7.77217 7.71989 7.79095 7.72257 7.657 7.81964 7.72067 7.69505 7.93253 7.67507 7.7682 7.86217 7.68583 8.07922 7.75041 7.669 7.78106 7.69723 8.52627 8.06858 7.9663 7.72989
11.0872 11.0851 11.0821 11.0544 11.0933 10.979 10.9135 10.6387 11.0752 11.0377 10.9059 10.9582 10.9793 10.8716 10.9469 11.0434 10.9848 11.0059 11.0035 11.1595 11.0614 10.662 11.1381 11.0361 10.3282 10.9367 12.2399 11.353 11.1599 11.0317
5.66431 5.67162 5.67424 5.67302 5.88122 5.85495 5.86264 5.87027 5.86436 5.83421 5.8521 5.85643 5.87636 5.88524 5.85397 5.86285 5.8733 5.85792 5.86205 5.58632 5.86763 5.3536 5.87031 5.8972 5.75596 5.87645 5.5732 5.57495 5.85869 5.85771
4.6514 4.65058 4.64999 4.64951 4.70869 4.69666 4.70985 4.69278 4.71719 4.72414 4.64631 4.69273 4.6939 4.75157 4.71032 4.71449 4.69432 4.70422 4.73602 4.67788 4.72953 4.55897 4.72991 4.61874 4.81814 4.7062 4.52597 4.66402 4.70839 4.66989
4.49909 4.50328 4.50251 4.50582 4.58839 4.55838 4.58142 4.41857 4.57822 4.6292 4.55264 4.54227 4.53675 4.54466 4.52457 4.57249 4.58687 4.57846 4.58954 4.51505 4.5577 4.58505 4.59524 4.77755 4.61132 4.56263 4.93081 4.70318 4.59468 4.60709
4.46704 4.46681 4.46252 4.46094 4.51953 4.51108 4.53045 4.51756 4.52272 4.51266 4.51726 4.51197 4.51768 4.51026 4.52209 4.5102 4.52804 4.53738 4.5167 4.55011 4.50729 4.58199 4.51377 4.52665 4.62449 4.52065 4.44834 4.48733 4.54916 4.51077
7.25054 7.2471 7.24472 7.25459 7.28078 7.29348 7.25398 7.31656 7.2264 7.476 7.24628 7.30897 7.2851 7.2678 7.32367 7.30798 7.28185 7.31384 7.30766 7.78675 7.26155 7.86779 7.27497 7.51161 7.88288 7.30789 7.55419 7.16021 7.22879 7.30741
12.3133 12.2503 12.3081 12.299 12.4632 12.3666 12.2701 12.4038 12.2772 12.3937 12.1823 12.3021 12.3623 12.6102 12.2932 12.4429 12.5345 12.3991 12.289 12.7603 12.4356 12.3474 12.4192 12.0622 12.5278 12.4942 12.4639 12.6719 13.4044 12.9769
5.67977 5.68315 5.69257 5.69255 5.86453 5.85191 5.90815 5.89411 5.87135 5.8714 5.88748 5.87981 5.87584 5.93783 5.85846 5.87179 5.8559 5.86473 5.86899 5.86866 5.87181 5.82457 5.85458 5.89347 5.98241 5.86022 5.86977 5.90576 5.95187 5.88831
4.61184 4.60144 4.60292 4.59854 4.63717 4.64517 4.60643 4.60823 4.63905 4.64728 4.68856 4.65358 4.61403 4.63128 4.65661 4.6821 4.56599 4.65571 4.69032 4.52138 4.65809 4.59012 4.59926 4.69028 4.62765 4.45377 4.60931 4.59325 4.68793 4.51227
4.56339 4.56776 4.57344 4.57338 4.60638 4.61868 4.65113 4.6111 4.63317 4.62201 4.66205 4.61933 4.67275 4.66476 4.62589 4.60475 4.62738 4.61742 4.64027 4.69507 4.62828 4.5994 4.63234 4.65691 4.63849 4.61894 4.59524 4.62979 4.59712 4.61834
4.44154 4.4437 4.44541 4.44167 4.51871 4.48742 4.47235 4.47946 4.49458 4.50605 4.48073 4.48803 4.49659 4.50349 4.48235 4.5002 4.49122 4.49696 4.50145 4.49906 4.49074 4.48296 4.49385 4.49974 4.54393 4.58896 4.53546 4.4871 4.50905 4.50415
7.33485 7.35161 7.35841 7.35138 7.37007 7.41167 7.34049 7.50691 7.3427 7.39633 7.41554 7.40745 7.43132 7.45125 7.44174 7.37493 7.44267 7.32904 7.39852 7.47082 7.39707 7.73613 7.40677 7.51606 7.3261 7.4436 8.57575 7.83501 7.35083 7.52509
5.9701 5.97079 5.96804 5.96773 6.43054 6.42529 6.46368 6.44398 6.4236 6.43259 6.46219 6.44748 6.40989 6.48896 6.4175 6.41124 6.41568 6.26448 6.43578 6.39224 6.39855 6.4061 5.83484 6.38829 6.41324 6.28635 6.4767 6.51086 6.27547 6.38598
7.89478 7.91442 7.91012 7.88293 7.354 7.30418 7.22069 7.28988 7.19722 7.42237 7.32911 7.25602 7.52619 7.32844 7.376 7.5173 7.67405 7.66819 7.31527 7.31418 7.6079 7.26003 6.98861 7.29252 7.40267 7.29545 7.83688 7.50912 7.23797 7.30871
4.47097 4.45925 4.46327 4.45814 4.60808 4.59779 4.58002 4.63541 4.62837 4.67271 4.61422 4.64529 4.62423 4.59582 4.61258 4.71158 4.5967 4.61932 4.57561 4.54517 4.66981 4.52799 4.76332 4.65185 4.66128 4.58512 5.38861 4.82448 4.46445 4.78
4.52978 4.5356 4.53521 4.53564 4.81445 4.79972 4.77584 4.81962 4.80291 4.82035 4.77191 4.83531 4.83055 4.87985 4.85651 4.84954 4.83243 4.81546 4.99534 4.76562 4.86186 4.72326 4.91792 4.84331 4.95691 4.80519 4.6094 4.87395 4.69818 4.79838
4.46299 4.46468 4.46646 4.46667 4.58993 4.58288 4.58997 4.58462 4.5819 4.59776 4.59871 4.59205 4.59177 4.65662 4.59571 4.60385 4.58811 4.57588 4.62092 4.58546 4.6044 4.58713 4.5738 4.59145 4.59777 4.41389 -0.449264 4.65967 4.18373 4.59684
7.77659 7.79576 7.7827 7.78885 7.77808 7.75648 7.80618 7.79943 7.73692 7.69331 7.67073 7.77137 7.73083 8.06809 7.86955 7.78226 7.89918 7.72819 7.57088 7.97291 7.76195 7.77328 7.97642 7.82272 7.80689 7.81275 8.24952 7.86632 8.22904 7.97054
5.38169 5.38467 5.3938 5.39602 5.51588 5.51327 5.47201 5.50612 5.50558 5.5068 5.55638 5.46471 5.15408 5.49396 5.54242 5.527 5.34696 5.48907 5.55035 5.4937 5.61263 5.51639 5.58533 5.6573 5.43876 5.52542 5.82716 5.51207 5.5895 5.991
4.35361 4.33785 4.32206 4.30927 4.38374 4.34852 4.45286 4.38458 4.39254 4.33349 4.36149 4.42796 4.25925 4.41971 4.4064 4.38954 4.43501 4.22812 4.76675 4.54118 4.33534 4.3649 4.51505 4.27237 4.32001 4.53701 4.42843 4.54341 4.41224 4.01982
4.39967 4.39898 4.39683 4.39504 4.46135 4.42259 4.40839 4.41993 4.46163 4.48674 4.41641 4.43688 4.37548 4.5203 4.43578 4.52425 4.34989 4.39253 4.52846 4.44256 4.52122 4.37948 4.46756 4.50715 4.45098 4.41643 4.41596 4.38745 4.31856 4.3784
4.2893 4.29039 4.29067 4.2916 4.35459 4.34759 4.34357 4.3445 4.3333 4.36365 4.36279 4.33779 4.24142 4.35339 4.30413 4.37382 4.20918 4.10396 4.36433 4.35103 4.36439 4.33848 4.3592 4.27573 4.31222 4.36367 4.48574 4.38566 4.31863 4.1019
4.82072 4.82065 4.8489 4.8519 4.93813 4.82381 5.04951 5.15781 4.79504 5.28471 5.0016 5.40215 5.68635 5.01801 5.78211 6.04582 4.99935 5.31894 5.70052 4.4345 5.83769 4.30443 5.79365 5.87659 5.397 5.59698 6.39532 5.71485 5.73385 5.72852
7.18643 7.21169 7.21093 7.24258 7.40871 7.38627 7.36643 7.39879 7.29973 7.43783 7.43415 7.43757 7.54984 7.40727 7.63571 7.5515 7.43722 7.33985 7.66202 7.30638 7.69656 7.3399 7.68571 7.64997 7.51635 7.49041 7.67604 7.35639 7.75945 7.80689
5.93303 5.90861 5.90212 5.95495 6.13359 6.14911 6.28553 6.37103 6.106 6.22827 5.99733 6.48392 6.26521 6.26382 6.4389 6.3886 6.06589 6.4523 6.5007 6.29898 6.38238 5.99593 6.33909 6.23436 6.2598 6.40409 6.66186 6.35689 6.58523 6.30354
7.66759 7.67262 7.72799 7.76914 7.14602 7.44963 7.19108 6.02395 6.46834 7.45665 7.51276 7.21028 7.10859 7.41114 7.49408 7.65385 8.35575 8.25322 8.18429 7.55004 7.56393 7.39076 7.68147 7.32507 7.32777 7.55794 7.52772 7.53986 7.23391 7.21911
4.63004 4.64145 4.6486 4.64616 4.5089 4.52221 4.51117 4.61881 4.43988 4.69795 4.48619 4.70962 4.76474 4.49643 4.56275 4.57154 4.6499 4.62905 4.57442 4.4848 4.57637 4.5378 4.53444 4.6335 4.75962 4.56867 4.66003 4.61293 4.60928 4.79003
4.66222 4.64961 4.63787 4.63118 4.65906 4.60628 4.5857 4.57118 4.56713 4.76972 4.63474 4.75755 4.83368 4.80911 4.73156 4.64019 4.7505 4.79691 4.24577 4.73069 4.65151 4.70674 4.62789 4.69965 4.75878 4.7814 4.77655 4.84352 4.70871 4.84248
4.57683 4.54015 4.50429 4.47889 4.55483 4.53921 4.54861 4.56933 4.56408 4.63129 4.6013 4.57883 4.61007 4.59619 4.59897 4.60209 4.24395 4.59819 4.60087 4.73016 4.52974 4.45421 4.67878 4.60354 4.56763 4.61179 4.56538 4.8721 4.47984 4.60352
8.3433 8.3476 8.3475 8.36368 7.87515 8.01165 7.8794 7.60114 8.13069 8.51486 8.16957 8.27645 8.05843 7.93014 8.42703 8.38117 7.97231 8.28533 8.21353 8.33989 8.35478 8.20411 8.26918 8.04703 7.99911 7.84725 8.19144 8.23275 8.12035 7.67388
5.4837 5.45432 5.34612 5.39874 6.0539 5.99593 5.52504 5.52618 5.5096 5.48524 5.59757 5.26168 5.65863 5.50567 5.35406 5.43056 5.60428 6.08764 5.18591 5.53824 5.34635 6.0155 4.87547 5.54788 5.62546 6.00671 5.61253 5.7105 5.3349 5.65387
4.26637 4.2718 4.27129 4.2686 4.38765 4.36946 4.45449 4.5448 4.49734 4.40971 4.49195 4.60677 4.34841 4.47064 4.36077 4.31096 4.33869 4.55659 4.21941 4.42124 4.51719 4.37189 4.3513 4.42089 4.34954 4.36363 4.34747 4.38995 4.43072 4.64506
4.41863 4.42061 4.42303 4.42525 4.46629 4.45446 4.52493 4.31295 4.37275 4.57823 4.25659 4.73083 4.55901 4.53872 4.75978 4.74694 4.6511 4.61065 4.60839 4.55218 4.62854 4.51395 4.57959 4.60687 4.54697 4.58625 4.62875 4.54934 4.63562 4.70652
4.18997 4.11907 4.14898 4.23696 4.3411 4.35394 4.38389 4.36834 4.36683 4.39314 4.37083 4.33602 4.54416 4.39057 4.45086 4.46062 4.41375 4.47459 4.46225 4.39414 4.65984 4.35809 4.38461 4.42215 4.54551 4.44956 4.44615 4.42331 4.33147 4.48197
5.5535 5.55767 5.56082 5.61463 5.71953 5.73171 5.49473 5.38133 5.45046 5.3504 5.66691 6.0071 5.78565 5.7065 5.3381 5.28129 5.78908 5.98787 6.37117 6.01879 5.30743 5.72357 6.06453 5.48851 5.80131 5.82634 5.74894 5.80898 5.72676 4.76021
7.63034 7.56687 7.58748 7.64029 7.73256 7.75361 7.63175 7.56476 7.66927 7.57033 7.63298 7.57899 7.76862 7.56418 7.55872 7.49817 7.70787 7.82319 7.56999 7.7843 7.37982 7.74917 7.55023 7.60592 7.75694 7.75426 7.75352 7.70037 7.69243 7.49875
5.93397 6.01781 5.9811 5.90193 6.50639 6.49045 6.62262 6.55229 6.61399 6.55975 6.44645 6.54653 6.26127 6.54669 6.48077 6.57124 6.4534 6.45487 6.48772 6.53873 6.44563 6.47974 6.4924 6.16232 6.37678 6.60554 6.49673 6.98916 6.44534 6.20081
8.88036 8.63456 8.38458 8.0703 7.7306 7.66959 7.74762 7.79029 7.55775 7.52844 7.46468 7.63604 7.3858 7.4863 7.42892 9.25281 7.42583 7.47063 7.41488 7.75848 7.41146 7.55359 7.32387 7.50616 7.68992 7.96915 7.51272 7.77486 7.45276 7.3944
4.68618 4.69458 4.69053 4.71989 4.6581 4.65052 4.58074 4.64739 4.64407 4.64858 4.60847 4.53708 4.74234 4.68033 4.77195 4.70635 4.63338 4.63645 4.68158 4.71748 4.65746 4.81555 4.59563 4.74691 4.78483 4.59271 4.54758 4.71787 4.74641 4.64127
4.74968 4.6948 4.70763 4.71776 4.76695 4.76109 4.74815 4.84163 4.82209 4.81194 4.94826 4.80771 5.17562 4.83733 4.91384 4.96398 4.80199 4.91942 4.82725 4.84653 4.97155 4.83999 4.90946 4.9469 4.8052 3.72969 4.62423 4.76276 4.91227 4.85547
4.45894 4.47314 4.46445 4.45202 4.60218 4.60551 4.62495 4.61657 4.63679 4.64067 4.66053 4.58586 4.59487 4.62994 4.66617 4.65019 4.60996 4.62358 4.62359 4.59119 4.72482 4.61911 4.75116 4.62702 4.57646 4.66359 4.74778 4.73807 4.60305 4.68151
8.08314 7.98352 7.97535 7.91972 7.8365 7.93864 7.99773 7.77995 8.09469 8.11481 7.95153 8.12355 7.81594 8.13185 7.94145 7.9151 8.0879 8.16078 8.16657 8.18665 8.3836 8.00853 7.92903 8.17772 7.77796 8.2617 561.208 8.33144 8.36404 8.32961
12.0989 12.1452 12.1523 12.1923 12.2518 12.3074 12.2164 12.6067 12.1157 13.1014 11.9892 12.3511 10.9959 12.8463 11.1074 11.0377 10.4212 10.8281 10.9579 11.9899 11.1166 12.4681 11.2386 11.0693 12.6877 11.0608 11.1347 11.0459 12.146 12.2124
5.66172 5.58583 5.69326 5.69068 5.26123 5.44149 4.7095 5.02995 4.53145 5.23846 6.0118 5.9796 5.77196 5.20635 5.58127 5.76432 5.77568 5.81708 5.70859 4.93808 5.93053 5.55608 5.94606 5.92211 5.57189 6.37737 5.87998 5.82723 5.92296 5.91214
4.59115 4.63575 4.60452 4.59494 4.51642 4.52462 4.53274 4.55186 4.54019 4.55135 4.67887 4.59349 4.50697 4.5713 4.577 4.63658 4.59931 4.61709 4.54926 4.49858 4.5982 4.52774 4.54101 4.60902 4.49764 4.56059 4.51217 4.48743 4.67977 4.65287
4.54421 4.53517 4.54617 4.54343 4.4891 4.47722 4.46499 4.46756 4.48629 4.45695 4.5622 4.51037 4.59913 4.4872 4.55075 4.50177 4.60888 4.44018 4.48456 4.45734 4.61982 4.47309 5.8847 4.53407 4.49733 4.50908 4.5665 4.48525 4.62663 4.61897
4.50191 4.4513 4.4683 4.48132 4.50884 4.53622 4.50415 4.49433 4.4959 4.51169 4.55564 4.32561 4.42401 4.49912 4.52562 4.79602 4.57715 4.53061 4.52634 4.43727 4.53333 4.5095 4.44326 4.55667 4.54341 4.44909 4.61689 4.62984 4.58771 4.51682
7.64628 7.62923 7.6239 7.62753 7.96815 8.08718 7.91492 7.90615 7.59933 7.47346 7.7335 7.96765 7.83364 7.48416 7.33455 7.85823 7.30419 7.44514 7.21625 7.72897 8.19414 7.51379 7.97317 7.4655 7.69057 7.63237 7.78717 7.33645 8.00839 7.60614
5.5542 5.57119 5.57102 5.57297 5.51062 5.52265 5.52558 5.51523 5.52649 5.55563 5.60613 5.65906 5.05441 5.49546 5.5215 5.5285 5.57949 5.22884 5.42577 5.51274 5.72018 5.5116 5.58828 5.56735 5.48342 5.65328 5.59231 5.55819 5.54002 5.52871
4.39207 4.44245 4.39615 4.4032 4.43164 4.43452 4.42742 4.44025 4.38303 4.37646 4.37745 4.36349 4.45524 4.5086 4.38314 4.37186 4.49655 4.4609 4.33636 4.41905 4.48378 4.41084 4.43699 4.44116 4.44765 4.51702 4.55794 4.41834 4.53725 4.625
14.0706 14.116 14.0897 14.0941 13.8809 13.907 13.9214 13.876 13.8674 13.7871 13.8659 13.7698 14.287 14.0043 13.3176 13.8376 14.2437 13.3859 13.2114 13.6083 11.5716 13.7601 13.5466 14.015 13.9289 13.3212 10.8593 13.9415 13.0097 13.7443
4.48697 4.52429 4.49006 4.48956 4.62168 4.61861 4.62365 4.62196 4.59887 4.63899 4.65099 4.61636 4.6019 4.60399 4.61472 4.70235 4.61453 4.64342 4.61166 4.61186 4.59047 4.60083 4.64665 4.63056 4.60079 4.58014 4.57292 4.61922 4.5791 4.53943
4.39441 4.3937 4.39863 4.39771 4.43318 4.43937 4.43281 4.44834 4.45193 4.43241 4.48284 4.45901 4.44111 4.46176 4.438 4.49155 4.45037 4.37691 4.41141 4.43865 4.47359 4.42933 4.90519 4.50879 4.43114 4.53727 4.59367 4.48739 4.62269 4.52494
5.23561 5.25614 5.26116 5.25472 5.07345 5.03845 5.04385 5.0967 5.11246 5.08461 5.08976 5.21946 5.77637 5.09291 5.17242 5.25986 5.52705 5.64761 5.34883 5.05247 5.76218 5.20261 5.61359 5.57187 5.10855 5.5808 5.76312 5.44604 5.61175 5.59207
7.87397 7.8893 7.87486 7.87463 7.75327 7.72346 7.71319 7.76374 7.66727 7.72958 7.63035 7.74277 7.65239 7.71376 7.5877 8.38588 7.95211 7.81157 7.61674 7.70889 7.75315 7.69058 7.80915 7.78048 7.77131 7.82722 7.61602 7.89488 7.50611 7.81318
5.54711 5.5483 5.54899 5.54921 5.55972 5.56271 5.60416 5.53086 5.62521 5.5916 5.60731 5.58764 5.59811 5.67012 5.57478 5.57672 5.61893 5.48434 5.58138 5.55586 5.64211 5.58666 5.60364 5.59355 5.5784 5.73524 6.07284 5.70286 5.48323 5.32606
4.38123 4.36439 4.37145 4.36847 4.35195 4.37843 4.45588 4.34267 4.50152 4.39879 4.41737 4.4113 4.42593 4.48624 4.39094 4.40259 4.39527 4.43237 4.41008 4.34464 4.52143 4.42299 4.36331 4.49928 4.42863 4.39915 4.33929 4.29052 4.34147 4.46668
4.38739 4.38572 4.38863 4.38792 4.41075 4.41145 4.39417 4.38364 4.39642 4.42925 4.42187 4.41378 4.41336 4.39564 4.41288 4.42999 4.4274 4.40983 4.42072 4.40814 4.40658 4.37065 4.43654 4.37307 4.39428 4.4096 4.42218 4.34502 4.36587 4.40115
4.38235 4.39227 4.38676 4.38714 4.42477 4.42137 4.42523 4.44419 4.39647 4.41493 4.41649 4.42749 4.41332 4.4772 4.40982 4.41431 4.43333 4.39397 4.40365 4.42277 4.40496 4.39072 4.44508 4.43262 4.40468 4.74099 4.57328 4.48086 4.37503 4.44158
5.58881 5.59822 5.59813 5.60176 5.53968 5.54889 5.56769 5.55764 5.59153 5.60305 5.57356 5.58785 5.58817 5.69429 5.59837 5.79661 5.61006 5.64922 5.59436 5.5683 5.7099 5.63039 5.64563 5.60517 5.57348 5.6476 5.87137 5.7055 5.66186 5.72514
7.83981 7.81283 7.83943 7.83476 7.84947 7.85029 7.82354 7.83985 7.86098 7.88582 7.94297 7.88162 7.84793 7.73907 7.85743 7.93208 7.84798 7.85781 7.93146 7.84695 7.83741 7.83179 7.86349 7.88522 7.78691 7.70066 7.84347 7.69642 7.76749 7.80012
5.55473 5.5456 5.55372 5.55553 5.49916 5.52185 5.56744 5.54388 5.54282 5.52202 5.542 5.54782 5.54951 5.58711 5.53949 5.5263 5.55803 5.49249 5.54327 5.08099 5.55404 5.44818 5.52011 5.37941 5.58724 5.47231 5.88566 5.60016 5.54035 5.52089
4.3372 4.33283 4.33323 4.33578 4.35012 4.36359 4.35351 4.31431 4.36468 4.34534 4.32758 4.37017 4.36441 4.35667 4.37552 4.37326 4.35736 4.38131 4.37197 4.30077 4.36609 4.34511 4.33947 4.32722 4.39611 4.32707 4.51235 4.37487 4.32399 4.35004
11.8246 11.8534 11.8271 11.8259 11.3792 11.3676 11.3498 11.3965 11.3362 11.361 11.3118 11.3651 11.324 11.3866 11.2871 11.2792 11.4569 11.3031 11.2083 11.4815 11.2447 11.6684 11.3549 11.3495 11.33 11.2759 11.7105 11.257 11.5833 11.3133
4.42631 4.42595 4.42766 4.42783 4.46014 4.45669 4.46378 4.482 4.45372 4.45983 4.45951 4.46186 4.44002 4.46162 4.44426 4.47346 4.46504 4.43171 4.46194 4.55864 4.46532 4.54972 4.46826 4.49721 4.46484 4.48007 4.46969 4.51241 4.47934 4.47881
5.52094 5.52755 5.51715 5.5171 5.47334 5.47556 5.52307 5.46473 5.55715 5.50087 5.47286 5.47286 5.49559 5.55942 5.49036 5.52387 5.49466 5.4629 5.45481 5.54338 5.57161 5.5117 5.48351 5.6258 5.56541 5.54269 5.77948 5.63816 5.52517 5.58898
7.82126 7.81676 7.81731 7.82003 7.80978 7.80009 7.7806 7.78107 7.81623 7.79952 7.78287 7.80366 7.8086 7.79273 7.7847 7.81208 7.79269 7.77578 7.79393 7.83874 7.81181 7.78349 7.8121 7.8238 7.80263 7.81326 7.82501 7.88667 7.79154 7.80787
5.63861 5.64275 5.64387 5.63787 5.63297 5.59951 5.63487 5.65728 5.61199 5.62631 5.6558 5.61438 5.62766 5.67478 5.61417 5.60138 5.64946 5.5997 5.62225 5.61992 5.62797 5.63875 5.62754 5.64147 5.67895 5.63106 5.42577 5.39638 5.60013 5.60162
4.37702 4.37101 4.37274 4.37635 4.38724 4.41137 4.4013 4.41545 4.46433 4.41299 4.37541 4.42796 4.39925 4.40836 4.40702 4.43381 4.33909 4.43299 4.4101 4.4789 4.41198 4.21212 4.40826 4.4246 4.45837 4.3595 4.40863 4.3372 4.32268 4.39308
13.7541 13.7551 13.7724 13.7718 13.6716 13.6296 13.6355 13.78 13.6 13.6874 13.5338 13.6343 13.6168 13.6414 13.6172 13.6136 13.5553 13.6548 13.5758 14.0543 13.5947 13.8014 13.6732 13.7977 13.8575 13.5762 12.4216 13.2065 13.3637 13.6138
4.4942 4.49866 4.4974 4.49852 4.60101 4.60246 4.60306 4.60952 4.60618 4.59835 4.61864 4.60507 4.60601 4.61541 4.60749 4.59653 4.61566 4.59853 4.59948 4.63074 4.60211 4.59893 4.59725 4.61544 4.60158 4.62185 5.01369 4.57181 4.63792 4.58925
4.42916 4.43004 4.42959 4.42527 4.47611 4.45278 4.46765 4.45639 4.47431 4.47191 4.46158 4.46649 4.47122 4.47501 4.4569 4.46255 4.47696 4.47908 4.48496 4.55089 4.47228 4.48776 4.47886 4.47309 4.6093 4.48066 4.34122 4.57198 4.45933 4.46638
5.59064 5.58981 5.58942 5.59634 5.58309 5.60768 5.63018 5.6888 5.6045 5.56046 5.60639 5.60215 5.59637 5.64233 5.61488 5.6057 5.60849 5.61606 5.60451 5.67317 5.61407 5.80611 5.57779 5.63292 5.63043 5.59348 5.11678 5.61023 5.63066 5.62018
7.95875 7.95976 7.95879 7.96548 7.9629 7.98674 8.00235 8.0623 7.99346 7.94329 7.99683 7.97608 7.97612 8.00358 7.98222 7.98257 7.99061 7.9855 7.97739 8.00917 7.97903 8.04111 7.96885 8.00797 7.86801 8.00286 7.78999 7.76878 7.9678 7.96423
5.62929 5.6269 5.6306 5.63055 5.66508 5.65562 5.65323 5.64696 5.64592 5.6551 5.6556 5.65625 5.6502 5.66813 5.6572 5.64941 5.6923 5.6515 5.66254 5.70143 5.66382 5.72789 5.66386 5.6699 5.77939 5.6616 5.75691 5.70423 5.67346 5.64981
4.14612 4.14695 4.15411 4.14382 4.17603 4.16614 4.17909 4.1884 4.16784 4.18198 4.17637 4.16476 4.17129 4.1733 4.1716 4.1729 4.16863 4.16707 4.17085 4.13718 4.16495 4.15798 4.15871 4.17316 4.26987 4.17518 4.09691 4.14848 4.09261 4.18389
4.31295 4.31446 4.31312 4.31292 4.32634 4.32831 4.32814 4.32796 4.32962 4.32904 4.33354 4.32888 4.33387 4.32893 4.32759 4.32553 4.33977 4.33134 4.3322 4.34633 4.33169 4.34443 4.33084 4.3331 4.37589 4.33702 4.30913 4.35508 4.3036 4.32935
4.34449 4.34648 4.34554 4.34543 4.38464 4.38557 4.38122 4.38065 4.38835 4.3902 4.37702 4.39136 4.39555 4.38914 4.39452 4.38183 4.38295 4.38642 4.38165 4.403 4.3797 4.37876 4.38045 4.38923 4.50925 4.38928 4.35691 4.37037 4.36602 4.38438
5.72508 5.71813 5.70889 5.72418 5.64119 5.65892 5.66297 5.64604 5.62901 5.62953 5.64558 5.65474 5.63811 5.66114 5.64913 5.65115 5.67154 5.64141 5.66873 5.7246 5.68186 5.87171 5.67346 5.66194 5.67944 5.65121 5.85224 5.83782 5.74564 5.63761
7.83207 7.83469 7.83452 7.83359 7.85571 7.85365 7.86902 7.86943 7.84941 7.86744 7.88723 7.84511 7.87054 7.85457 7.85181 7.85131 7.87309 7.84543 7.85629 7.81614 7.85987 7.93629 7.8561 7.85596 7.97673 7.88896 7.75162 7.87469 7.65317 7.87135
