1 1SCL 1 0 1 1 SCORE: 40.153 -83.422 51.504 1.117 5.401 2.774 -7.015 6.408 10.792 -1.115 -2.997 -81.117 137.823 0 1 1
19 1SCL 590 1.361 0.5528 0.8534 SCORE: -82.86 -74.688 14.328 1.651 5.058 1.776 -31.212 2.241 12.239 -0.565 -5.979 -118.933 111.224 0 19 8
67 1SCL 661 1.457 0.5529 0.8448 SCORE: -81.481 -76.939 12.352 2.538 6.539 1.675 -30.102 2.697 13.955 -0.624 -8.846 -116.379 111.654 0 67 9
261 1SCL 484 1.589 0.4635 0.819 SCORE: -81.352 -74.767 16.537 1.238 5.563 2.215 -27.781 2.535 9.715 -0.585 -7.787 -123.947 115.711 0 261 10
313 1SCL 711 1.854 0.4836 0.8103 SCORE: -75.52 -77.686 21.155 2.343 6.445 1.991 -28.399 5.086 15.51 -0.735 -9.002 -122.544 110.315 0 313 11
354 1SCL 713 2.016 0.4568 0.8017 SCORE: -78.805 -78.357 24.479 2.554 6.896 1.449 -31.513 5.957 13.891 -0.544 -8.886 -124.896 110.163 0 354 12
421 1SCL 731 2.127 0.4017 0.7586 SCORE: -79.559 -76.651 17.817 2.377 6.867 2.071 -33.492 5.243 16.139 -0.589 -12.262 -115.469 108.389 0 421 13
758 1SCL 1023 2.406 0.3603 0.75 SCORE: -70.692 -76.217 15.709 2.223 6.385 1.474 -31.673 2.628 23.411 -0.564 -14.811 -105.05 105.793 0 758 14
884 1SCL 963 2.51 0.3397 0.75 SCORE: -77.863 -76.563 18.758 2.708 7.785 1.308 -25.665 2.935 22.529 -0.474 -18.209 -119.029 106.053 0 884 15
982 1SCL 932 2.685 0.3256 0.7328 SCORE: -72.206 -78.384 18.59 2.342 7.291 1.151 -31.496 2.082 22.776 -0.605 -12.361 -115.602 112.009 0 982 16
1009 1SCL 937 2.849 0.3087 0.6983 SCORE: -54.894 -79.875 29.009 2.676 7.181 1.886 -25.756 2.433 19.228 -0.762 -12.659 -115.163 116.908 0 1009 17
1011 1SCL 951 2.978 0.3414 0.7241 SCORE: -68.4 -78.015 19.773 2.453 6.941 2.166 -28.803 2.631 24.135 -0.622 -16.987 -111.797 109.725 0 1011 18
1014 1SCL 182 4.475 0.3149 0.6207 SCORE: -121.659 -58.005 7.216 1.323 6.075 0.764 -35.101 2.833 7.659 -0.399 -7.727 -122.622 76.324 0 1014 26
1016 1SCL 125 4.532 0.3693 0.6207 SCORE: -152.114 -68.869 5.191 0.911 5.023 1.668 -44.699 2.887 4.23 -0.481 -2.489 -125.808 70.322 0 1016 27
1017 1SCL 38 5.065 0.3123 0.6034 SCORE: -141.543 -68.093 7.244 0.946 2.832 0.876 -39.381 3.646 4.618 -0.426 0 -128.107 74.304 0 1017 30
1019 1SCL 205 5.271 0.3224 0.5948 SCORE: -157.838 -67.103 5.804 0.895 4.136 1.206 -41.947 3.198 4.107 -0.109 -4.357 -138.758 75.089 0 1019 31
1021 1SCL 227 5.542 0.1849 0.4569 SCORE: -132.663 -54.414 6 1.376 5.931 1.763 -36.667 4.976 9.329 -0.432 0 -143.651 73.127 0 1021 32
1022 1SCL 164 5.591 0.3513 0.5776 SCORE: -169.218 -69.157 5.997 0.828 3.889 0.194 -39.924 3.275 2.271 0 -10.122 -143.398 76.929 0 1022 33
1026 1SCL 147 5.767 0.3092 0.5517 SCORE: -140.301 -56.557 4.819 1.247 5.715 2.029 -35.424 4.737 4.587 0 -8.131 -135.33 72.008 0 1026 34
1030 1SCL 274 6.07 0.2722 0.5431 SCORE: -126.464 -57.818 5.482 0.791 5.167 2.408 -39.712 3.338 3.212 0 -5.047 -108.171 63.888 0 1030 35
1031 1SCL 153 6.192 0.3254 0.5517 SCORE: -145.402 -60.349 5.801 0.792 2.845 0.583 -36.879 2.828 4.395 0 -3.772 -129.117 67.471 0 1031 36
1038 1SCL 81 6.358 0.3134 0.5086 SCORE: -141.867 -62.795 10.306 0.994 3.459 1.774 -39.657 4.104 5.668 0 -7.615 -134.943 76.839 0 1038 37
1044 1SCL 162 6.561 0.3472 0.5431 SCORE: -158.908 -75.661 8.513 1.038 3.156 0.141 -43.214 1.489 3.895 -0.457 0 -133.463 75.656 0 1044 38
1050 1SCL 43 6.765 0.304 0.5086 SCORE: -154.214 -65.695 4.873 0.765 3.383 1.648 -41.964 3.209 2.891 0 -5.27 -124.38 66.326 0 1050 39
1056 1SCL 78 6.962 0.2589 0.4828 SCORE: -139.694 -57.569 6.06 1.521 8.819 1.894 -40.534 3.988 4.57 0 -8.55 -139.806 79.913 0 1056 40
