5.26315789473684
7.2992700729927
4.8780487804878
1.41442715700141
5.26315789473684
7.2992700729927
4.8780487804878
0.79428117553614
1.36425648021828
5.91715976331361
4.21940928270042
7.5187969924812
6.5359477124183
1.36425648021828
5.91715976331361
4.21940928270042
7.5187969924812
6.5359477124183
6.17283950617284
6.80272108843537
1.33511348464619
9.1743119266055
0.383288616328095
6.17283950617284
6.80272108843537
1.33511348464619
5.84795321637427
9.1743119266055
0.383288616328095
6.17283950617284
6.80272108843537
1.33511348464619
5.84795321637427
9.1743119266055
0.383288616328095
1.36425648021828
5.91715976331361
4.21940928270042
7.5187969924812
6.5359477124183
1.13378684807256
6.17283950617284
6.80272108843537
1.33511348464619
5.84795321637427
9.1743119266055
0.383288616328095
1.41442715700141
5.26315789473684
7.2992700729927
4.8780487804878
0.79428117553614
1.36425648021828
5.91715976331361
4.21940928270042
7.5187969924812
6.5359477124183
0.978473581213307
1.41442715700141
5.26315789473684
7.2992700729927
4.8780487804878
0.79428117553614
6.17283950617284
6.80272108843537
1.33511348464619
9.1743119266055
0.383288616328095
5.91715976331361
4.21940928270042
7.5187969924812
6.5359477124183
5.40540540540541
7.69230769230769
7.2992700729927
8.84955752212389
5.26315789473684
7.2992700729927
4.8780487804878
6.17283950617284
6.80272108843537
5.84795321637427
9.1743119266055
5.91715976331361
7.5187969924812
6.5359477124183
5.26315789473684
7.2992700729927
4.8780487804878
1.36425648021828
5.91715976331361
4.21940928270042
7.5187969924812
6.5359477124183
1.41442715700141
5.26315789473684
7.2992700729927
4.8780487804878
0.79428117553614
6.17283950617284
6.80272108843537
1.33511348464619
9.1743119266055
0.383288616328095
5.91715976331361
4.21940928270042
7.5187969924812
6.5359477124183
6.17283950617284
6.80272108843537
1.33511348464619
9.1743119266055
0.383288616328095
1.36425648021828
5.91715976331361
4.21940928270042
7.5187969924812
6.5359477124183
1.36425648021828
5.91715976331361
4.21940928270042
7.5187969924812
6.5359477124183
1.13378684807256
6.17283950617284
6.80272108843537
5.84795321637427
9.1743119266055
6.17283950617284
6.80272108843537
1.33511348464619
5.84795321637427
9.1743119266055
1.36425648021828
5.91715976331361
4.21940928270042
7.5187969924812
6.5359477124183
1.41442715700141
5.26315789473684
7.2992700729927
4.8780487804878
0.79428117553614
6.17283950617284
6.80272108843537
1.33511348464619
9.1743119266055
0.383288616328095
1.194743130227
5.40540540540541
7.69230769230769
7.2992700729927
8.84955752212389
1.13378684807256
6.17283950617284
6.80272108843537
1.33511348464619
5.84795321637427
9.1743119266055
0.383288616328095
1.13378684807256
1.2453300124533
6.17283950617284
6.80272108843537
1.33511348464619
5.84795321637427
9.1743119266055
0.383288616328095
1.194743130227
5.40540540540541
7.69230769230769
7.2992700729927
8.84955752212389
1.41442715700141
5.26315789473684
7.2992700729927
7.75193798449612
4.8780487804878
0.79428117553614
1.41442715700141
5.26315789473684
7.2992700729927
4.8780487804878
0.79428117553614
1.36425648021828
5.91715976331361
4.21940928270042
7.5187969924812
6.5359477124183
1.194743130227
5.40540540540541
7.69230769230769
7.2992700729927
8.84955752212389
6.17283950617284
6.80272108843537
1.33511348464619
9.1743119266055
1.13378684807256
6.17283950617284
6.80272108843537
1.33511348464619
5.84795321637427
9.1743119266055
0.383288616328095
1.194743130227
5.40540540540541
7.69230769230769
7.2992700729927
8.84955752212389
5.40540540540541
7.69230769230769
7.2992700729927
8.84955752212389
1.13378684807256
6.17283950617284
6.80272108843537
5.84795321637427
9.1743119266055
1.13378684807256
6.17283950617284
6.80272108843537
1.33511348464619
5.84795321637427
9.1743119266055
0.383288616328095
5.91715976331361
4.21940928270042
7.5187969924812
6.5359477124183
6.17283950617284
6.80272108843537
1.33511348464619
9.1743119266055
0.383288616328095
5.91715976331361
4.21940928270042
7.5187969924812
6.5359477124183
1.194743130227
5.40540540540541
7.69230769230769
7.2992700729927
8.84955752212389
6.17283950617284
6.80272108843537
9.1743119266055
6.17283950617284
6.80272108843537
5.84795321637427
9.1743119266055
5.91715976331361
4.21940928270042
7.5187969924812
6.5359477124183
6.17283950617284
6.80272108843537
9.1743119266055
5.91715976331361
4.21940928270042
7.5187969924812
6.5359477124183
6.17283950617284
6.80272108843537
1.33511348464619
9.1743119266055
0.383288616328095
5.91715976331361
4.21940928270042
7.5187969924812
6.5359477124183
1.194743130227
5.40540540540541
7.69230769230769
7.2992700729927
8.84955752212389
6.17283950617284
6.80272108843537
1.33511348464619
5.84795321637427
9.1743119266055
0.383288616328095
6.17283950617284
6.80272108843537
1.33511348464619
5.84795321637427
9.1743119266055
0.383288616328095
1.36425648021828
5.91715976331361
4.21940928270042
7.5187969924812
6.5359477124183
6.17283950617284
6.80272108843537
1.33511348464619
9.1743119266055
0.383288616328095
1.36425648021828
5.91715976331361
4.21940928270042
7.5187969924812
6.5359477124183
0.978473581213307
1.41442715700141
5.26315789473684
7.2992700729927
4.8780487804878
0.79428117553614
1.36425648021828
5.91715976331361
4.21940928270042
7.5187969924812
6.5359477124183
6.17283950617284
6.80272108843537
1.33511348464619
9.1743119266055
0.383288616328095
1.13378684807256
6.17283950617284
6.80272108843537
1.33511348464619
5.84795321637427
9.1743119266055
1.194743130227
5.40540540540541
7.69230769230769
7.2992700729927
8.84955752212389
1.194743130227
5.40540540540541
7.69230769230769
7.2992700729927
8.84955752212389
