5.26315789473684
7.2992700729927
7.75193798449612
12.0481927710843
6.57894736842105
7.35294117647059
4.8780487804878
5.26315789473684
7.2992700729927
7.75193798449612
12.0481927710843
6.57894736842105
7.35294117647059
4.8780487804878
5.91715976331361
4.21940928270042
7.5187969924812
7.75193798449612
12.0481927710843
8.19672131147541
6.5359477124183
5.40540540540541
7.69230769230769
9.52380952380952
9.43396226415094
7.2992700729927
5.81395348837209
7.5187969924812
8.84955752212389
5.40540540540541
7.69230769230769
9.52380952380952
9.43396226415094
7.2992700729927
5.81395348837209
7.5187969924812
8.84955752212389
5.26315789473684
7.2992700729927
7.75193798449612
12.0481927710843
6.57894736842105
7.35294117647059
4.8780487804878
5.91715976331361
4.21940928270042
7.5187969924812
7.75193798449612
12.0481927710843
8.19672131147541
6.5359477124183
6.17283950617284
6.80272108843537
9.00900900900901
10.752688172043
5.84795321637427
6.06060606060606
8.62068965517241
9.1743119266055
5.91715976331361
4.21940928270042
7.5187969924812
7.75193798449612
12.0481927710843
5.18134715025907
8.19672131147541
6.5359477124183
5.91715976331361
4.21940928270042
7.5187969924812
7.75193798449612
12.0481927710843
5.18134715025907
8.19672131147541
6.5359477124183
5.26315789473684
7.2992700729927
7.75193798449612
12.0481927710843
6.57894736842105
7.35294117647059
4.8780487804878
5.26315789473684
7.2992700729927
7.75193798449612
12.0481927710843
6.57894736842105
7.35294117647059
4.8780487804878
6.17283950617284
6.80272108843537
9.00900900900901
10.752688172043
5.84795321637427
6.06060606060606
8.62068965517241
9.1743119266055
5.91715976331361
4.21940928270042
7.5187969924812
7.75193798449612
12.0481927710843
5.18134715025907
8.19672131147541
6.5359477124183
5.26315789473684
7.2992700729927
7.75193798449612
7.35294117647059
4.8780487804878
5.91715976331361
4.21940928270042
7.5187969924812
7.75193798449612
12.0481927710843
5.18134715025907
8.19672131147541
6.5359477124183
5.91715976331361
4.21940928270042
7.5187969924812
7.75193798449612
12.0481927710843
8.19672131147541
6.5359477124183
5.91715976331361
4.21940928270042
7.5187969924812
7.75193798449612
12.0481927710843
5.18134715025907
8.19672131147541
6.5359477124183
6.17283950617284
6.80272108843537
9.00900900900901
10.752688172043
5.84795321637427
6.06060606060606
8.62068965517241
9.1743119266055
5.26315789473684
7.2992700729927
7.75193798449612
12.0481927710843
6.57894736842105
7.35294117647059
4.8780487804878
5.40540540540541
7.69230769230769
9.52380952380952
7.2992700729927
5.81395348837209
7.5187969924812
8.84955752212389
5.40540540540541
7.69230769230769
9.52380952380952
7.2992700729927
8.84955752212389
6.17283950617284
6.80272108843537
9.00900900900901
10.752688172043
5.84795321637427
8.62068965517241
9.1743119266055
6.17283950617284
6.80272108843537
9.00900900900901
5.84795321637427
8.62068965517241
9.1743119266055
5.91715976331361
4.21940928270042
7.5187969924812
7.75193798449612
12.0481927710843
5.18134715025907
8.19672131147541
6.5359477124183
6.17283950617284
6.80272108843537
9.00900900900901
5.84795321637427
8.62068965517241
9.1743119266055
5.40540540540541
7.69230769230769
9.52380952380952
9.43396226415094
7.2992700729927
5.81395348837209
7.5187969924812
8.84955752212389
5.26315789473684
7.2992700729927
7.75193798449612
12.0481927710843
7.35294117647059
4.8780487804878
5.26315789473684
7.2992700729927
7.75193798449612
12.0481927710843
6.57894736842105
7.35294117647059
4.8780487804878
6.17283950617284
6.80272108843537
9.00900900900901
10.752688172043
5.84795321637427
6.06060606060606
8.62068965517241
9.1743119266055
5.40540540540541
7.69230769230769
9.52380952380952
9.43396226415094
7.2992700729927
5.81395348837209
7.5187969924812
8.84955752212389
5.40540540540541
7.69230769230769
9.52380952380952
9.43396226415094
7.2992700729927
5.81395348837209
7.5187969924812
8.84955752212389
