5.26315789473684
7.2992700729927
4.8780487804878
0.978473581213307
1.41442715700141
5.26315789473684
7.2992700729927
4.8780487804878
0.79428117553614
6.17283950617284
6.80272108843537
1.33511348464619
5.84795321637427
9.1743119266055
0.383288616328095
0.978473581213307
1.41442715700141
5.26315789473684
7.2992700729927
4.8780487804878
0.79428117553614
1.36425648021828
1.28865979381443
5.91715976331361
4.21940928270042
7.5187969924812
6.5359477124183
0.978473581213307
1.41442715700141
5.26315789473684
7.2992700729927
4.8780487804878
0.79428117553614
6.17283950617284
6.80272108843537
1.33511348464619
5.84795321637427
9.1743119266055
0.383288616328095
1.36425648021828
1.28865979381443
5.91715976331361
4.21940928270042
7.5187969924812
6.5359477124183
5.40540540540541
7.69230769230769
7.2992700729927
8.84955752212389
0.978473581213307
5.26315789473684
7.2992700729927
4.8780487804878
1.2453300124533
6.17283950617284
6.80272108843537
5.84795321637427
9.1743119266055
1.36425648021828
5.91715976331361
4.21940928270042
7.5187969924812
6.5359477124183
0.978473581213307
5.26315789473684
7.2992700729927
4.8780487804878
1.36425648021828
5.91715976331361
4.21940928270042
7.5187969924812
6.5359477124183
0.978473581213307
1.41442715700141
5.26315789473684
7.2992700729927
4.8780487804878
0.79428117553614
6.17283950617284
6.80272108843537
1.33511348464619
5.84795321637427
9.1743119266055
0.383288616328095
1.36425648021828
5.91715976331361
4.21940928270042
7.5187969924812
6.5359477124183
6.17283950617284
6.80272108843537
1.33511348464619
5.84795321637427
9.1743119266055
0.383288616328095
1.36425648021828
5.91715976331361
4.21940928270042
7.5187969924812
6.5359477124183
1.4903129657228
5.40540540540541
7.69230769230769
7.2992700729927
8.84955752212389
6.17283950617284
6.80272108843537
1.33511348464619
10.752688172043
5.84795321637427
9.1743119266055
0.383288616328095
1.2453300124533
6.17283950617284
6.80272108843537
1.33511348464619
9.00900900900901
5.84795321637427
9.1743119266055
0.383288616328095
5.40540540540541
7.69230769230769
9.43396226415094
7.2992700729927
5.81395348837209
7.5187969924812
8.84955752212389
1.41442715700141
5.26315789473684
7.2992700729927
7.75193798449612
12.0481927710843
6.57894736842105
7.35294117647059
4.8780487804878
0.79428117553614
0.978473581213307
1.41442715700141
5.26315789473684
4.8780487804878
0.79428117553614
1.2453300124533
6.17283950617284
6.80272108843537
1.33511348464619
5.84795321637427
9.1743119266055
0.383288616328095
1.36425648021828
5.91715976331361
4.21940928270042
7.5187969924812
6.5359477124183
1.2453300124533
6.17283950617284
6.80272108843537
1.33511348464619
5.84795321637427
9.1743119266055
0.383288616328095
1.36425648021828
5.91715976331361
4.21940928270042
7.5187969924812
6.5359477124183
1.4903129657228
5.40540540540541
7.69230769230769
7.2992700729927
8.84955752212389
6.17283950617284
6.80272108843537
1.33511348464619
5.84795321637427
9.1743119266055
0.383288616328095
6.17283950617284
6.80272108843537
5.84795321637427
9.1743119266055
1.36425648021828
5.91715976331361
4.21940928270042
7.5187969924812
6.5359477124183
6.17283950617284
6.80272108843537
5.84795321637427
9.1743119266055
1.36425648021828
1.28865979381443
5.91715976331361
4.21940928270042
7.5187969924812
6.5359477124183
1.2453300124533
6.17283950617284
6.80272108843537
1.33511348464619
5.84795321637427
9.1743119266055
0.383288616328095
1.36425648021828
5.91715976331361
4.21940928270042
7.5187969924812
6.5359477124183
1.4903129657228
5.40540540540541
7.69230769230769
7.2992700729927
8.84955752212389
6.17283950617284
6.80272108843537
1.33511348464619
5.84795321637427
9.1743119266055
0.383288616328095
1.2453300124533
6.17283950617284
6.80272108843537
1.33511348464619
5.84795321637427
9.1743119266055
0.383288616328095
1.28865979381443
5.91715976331361
4.21940928270042
7.5187969924812
6.5359477124183
1.4903129657228
5.40540540540541
7.69230769230769
7.2992700729927
8.84955752212389
5.40540540540541
7.69230769230769
7.2992700729927
8.84955752212389
