0.978473581213307
1.41442715700141
5.26315789473684
7.2992700729927
4.8780487804878
0.978473581213307
1.41442715700141
5.26315789473684
7.2992700729927
4.8780487804878
0.978473581213307
1.41442715700141
5.26315789473684
7.2992700729927
7.75193798449612
4.8780487804878
0.978473581213307
1.41442715700141
5.26315789473684
7.2992700729927
7.75193798449612
4.8780487804878
1.36425648021828
1.28865979381443
5.91715976331361
4.21940928270042
7.5187969924812
6.5359477124183
0.978473581213307
1.41442715700141
5.26315789473684
7.2992700729927
7.75193798449612
4.8780487804878
1.2453300124533
6.17283950617284
6.80272108843537
9.00900900900901
5.84795321637427
1.36425648021828
1.28865979381443
5.91715976331361
4.21940928270042
7.5187969924812
7.75193798449612
6.5359477124183
1.4903129657228
5.40540540540541
7.69230769230769
9.52380952380952
7.2992700729927
8.84955752212389
0.978473581213307
5.26315789473684
7.2992700729927
4.8780487804878
0.978473581213307
1.41442715700141
5.26315789473684
7.2992700729927
4.8780487804878
1.4903129657228
5.40540540540541
7.69230769230769
7.2992700729927
8.84955752212389
1.4903129657228
5.40540540540541
7.69230769230769
9.52380952380952
7.2992700729927
8.84955752212389
0.978473581213307
1.41442715700141
7.2992700729927
4.8780487804878
1.4903129657228
5.40540540540541
7.69230769230769
9.52380952380952
7.2992700729927
8.84955752212389
1.36425648021828
1.28865979381443
5.91715976331361
4.21940928270042
7.5187969924812
6.5359477124183
1.36425648021828
1.28865979381443
5.91715976331361
4.21940928270042
7.5187969924812
7.75193798449612
6.5359477124183
0.978473581213307
1.41442715700141
5.26315789473684
7.2992700729927
7.75193798449612
4.8780487804878
0.978473581213307
1.41442715700141
5.26315789473684
7.2992700729927
7.75193798449612
4.8780487804878
1.2453300124533
6.17283950617284
6.80272108843537
1.33511348464619
5.84795321637427
9.1743119266055
1.2453300124533
6.17283950617284
6.80272108843537
9.00900900900901
5.84795321637427
9.1743119266055
1.36425648021828
1.28865979381443
5.91715976331361
4.21940928270042
7.5187969924812
7.75193798449612
6.5359477124183
1.36425648021828
1.28865979381443
5.91715976331361
4.21940928270042
7.5187969924812
6.5359477124183
1.36425648021828
1.28865979381443
5.91715976331361
4.21940928270042
7.5187969924812
6.5359477124183
1.36425648021828
1.28865979381443
5.91715976331361
4.21940928270042
7.5187969924812
6.5359477124183
1.4903129657228
5.40540540540541
7.69230769230769
7.2992700729927
8.84955752212389
1.2453300124533
6.17283950617284
6.80272108843537
1.33511348464619
5.84795321637427
9.1743119266055
1.4903129657228
5.40540540540541
7.69230769230769
7.2992700729927
8.84955752212389
1.4903129657228
5.40540540540541
7.69230769230769
9.52380952380952
7.2992700729927
8.84955752212389
1.4903129657228
5.40540540540541
7.69230769230769
9.52380952380952
7.2992700729927
8.84955752212389
1.4903129657228
5.40540540540541
7.69230769230769
9.52380952380952
7.2992700729927
8.84955752212389
