1.71821305841924
0.963391136801541
0.978473581213307
1.41442715700141
5.26315789473684
7.2992700729927
7.75193798449612
4.8780487804878
1.16009280742459
1.71821305841924
0.978473581213307
1.41442715700141
5.26315789473684
7.2992700729927
7.75193798449612
4.8780487804878
1.24223602484472
1.8796992481203
1.4903129657228
5.40540540540541
7.69230769230769
9.52380952380952
7.2992700729927
7.2992700729927
7.5187969924812
8.84955752212389
1.12612612612613
0.785545954438335
1.2453300124533
6.17283950617284
6.17283950617284
6.80272108843537
9.00900900900901
5.84795321637427
5.84795321637427
9.1743119266055
9.1743119266055
1.12612612612613
1.953125
0.785545954438335
1.2453300124533
6.17283950617284
6.80272108843537
9.00900900900901
10.752688172043
5.84795321637427
9.1743119266055
1.15074798619102
1.36425648021828
2.04498977505112
0.900900900900901
1.28865979381443
5.91715976331361
4.21940928270042
7.5187969924812
7.75193798449612
12.0481927710843
6.5359477124183
1.16009280742459
1.71821305841924
0.978473581213307
1.41442715700141
5.26315789473684
7.2992700729927
7.75193798449612
6.57894736842105
4.8780487804878
1.15074798619102
1.36425648021828
2.04498977505112
1.28865979381443
5.91715976331361
4.21940928270042
4.21940928270042
7.5187969924812
6.5359477124183
1.12612612612613
1.953125
0.785545954438335
1.2453300124533
6.17283950617284
6.80272108843537
1.33511348464619
9.00900900900901
5.84795321637427
6.06060606060606
8.62068965517241
9.1743119266055
1.24223602484472
1.03842159916926
1.4903129657228
5.40540540540541
5.40540540540541
7.69230769230769
9.52380952380952
9.43396226415094
7.2992700729927
8.84955752212389
1.15074798619102
1.36425648021828
0.900900900900901
1.28865979381443
5.91715976331361
4.21940928270042
4.21940928270042
7.5187969924812
7.5187969924812
7.75193798449612
6.5359477124183
1.16009280742459
0.978473581213307
1.41442715700141
5.26315789473684
7.2992700729927
7.2992700729927
7.75193798449612
7.35294117647059
4.8780487804878
1.15074798619102
1.36425648021828
2.04498977505112
1.28865979381443
5.91715976331361
4.21940928270042
7.5187969924812
7.75193798449612
12.0481927710843
6.5359477124183
1.15074798619102
1.36425648021828
1.28865979381443
5.91715976331361
4.21940928270042
7.5187969924812
6.5359477124183
1.15074798619102
1.36425648021828
1.28865979381443
5.91715976331361
4.21940928270042
4.21940928270042
7.5187969924812
7.75193798449612
12.0481927710843
5.18134715025907
6.5359477124183
1.12612612612613
1.953125
0.785545954438335
1.2453300124533
6.17283950617284
6.80272108843537
1.33511348464619
9.00900900900901
5.84795321637427
6.06060606060606
9.1743119266055
1.16009280742459
1.71821305841924
0.963391136801541
0.978473581213307
1.41442715700141
5.26315789473684
7.2992700729927
7.75193798449612
7.35294117647059
4.8780487804878
1.15074798619102
1.36425648021828
0.900900900900901
1.28865979381443
5.91715976331361
4.21940928270042
4.21940928270042
7.5187969924812
7.75193798449612
12.0481927710843
6.5359477124183
1.12612612612613
1.2453300124533
6.17283950617284
6.80272108843537
1.33511348464619
5.84795321637427
9.1743119266055
1.24223602484472
1.8796992481203
1.4903129657228
5.40540540540541
7.69230769230769
9.52380952380952
9.43396226415094
7.2992700729927
5.81395348837209
8.84955752212389
1.15074798619102
1.36425648021828
1.28865979381443
5.91715976331361
5.91715976331361
4.21940928270042
7.5187969924812
7.75193798449612
12.0481927710843
5.18134715025907
6.5359477124183
1.16009280742459
1.71821305841924
0.978473581213307
1.41442715700141
5.26315789473684
7.2992700729927
7.75193798449612
12.0481927710843
7.35294117647059
4.8780487804878
1.24223602484472
1.4903129657228
5.40540540540541
7.69230769230769
7.2992700729927
8.84955752212389
1.24223602484472
1.8796992481203
1.03842159916926
1.4903129657228
5.40540540540541
5.40540540540541
7.69230769230769
9.52380952380952
7.2992700729927
8.84955752212389
