5.26315789473684
7.2992700729927
4.8780487804878
5.91715976331361
4.21940928270042
7.5187969924812
6.5359477124183
6.17283950617284
6.80272108843537
1.33511348464619
5.84795321637427
9.1743119266055
6.17283950617284
1.33511348464619
5.84795321637427
9.1743119266055
6.17283950617284
6.80272108843537
1.33511348464619
5.84795321637427
9.1743119266055
1.41442715700141
5.26315789473684
7.2992700729927
4.8780487804878
5.40540540540541
7.2992700729927
8.84955752212389
5.91715976331361
4.21940928270042
7.5187969924812
6.5359477124183
5.26315789473684
4.8780487804878
1.41442715700141
5.26315789473684
7.2992700729927
5.40540540540541
7.69230769230769
7.2992700729927
8.84955752212389
5.40540540540541
7.69230769230769
7.2992700729927
8.84955752212389
6.17283950617284
6.80272108843537
1.33511348464619
5.84795321637427
9.1743119266055
5.91715976331361
4.21940928270042
7.5187969924812
7.75193798449612
6.5359477124183
5.40540540540541
7.2992700729927
8.84955752212389
5.40540540540541
7.69230769230769
7.2992700729927
8.84955752212389
5.91715976331361
4.21940928270042
7.5187969924812
7.75193798449612
6.5359477124183
1.41442715700141
5.26315789473684
7.2992700729927
7.75193798449612
4.8780487804878
5.91715976331361
4.21940928270042
7.5187969924812
7.75193798449612
6.5359477124183
5.91715976331361
4.21940928270042
7.5187969924812
6.5359477124183
5.91715976331361
7.5187969924812
6.5359477124183
7.2992700729927
8.84955752212389
1.41442715700141
5.26315789473684
7.2992700729927
4.8780487804878
1.41442715700141
5.26315789473684
7.2992700729927
7.75193798449612
4.8780487804878
5.91715976331361
4.21940928270042
7.5187969924812
6.5359477124183
6.17283950617284
6.80272108843537
1.33511348464619
5.84795321637427
9.1743119266055
1.41442715700141
5.26315789473684
7.2992700729927
4.8780487804878
1.41442715700141
5.26315789473684
7.2992700729927
7.75193798449612
4.8780487804878
1.41442715700141
5.26315789473684
7.2992700729927
7.75193798449612
4.8780487804878
5.91715976331361
7.5187969924812
7.75193798449612
12.0481927710843
6.5359477124183
7.2992700729927
6.17283950617284
6.80272108843537
1.33511348464619
5.84795321637427
9.1743119266055
5.26315789473684
7.2992700729927
4.8780487804878
5.40540540540541
7.69230769230769
7.2992700729927
8.84955752212389
5.91715976331361
4.21940928270042
7.5187969924812
6.5359477124183
1.41442715700141
5.26315789473684
7.2992700729927
4.8780487804878
5.91715976331361
4.21940928270042
7.5187969924812
6.5359477124183
6.17283950617284
6.80272108843537
1.33511348464619
5.84795321637427
9.1743119266055
