1.16009280742459
1.71821305841924
0.963391136801541
1.42045454545455
1.05820105820106
0.978473581213307
5.26315789473684
7.2992700729927
7.75193798449612
12.0481927710843
6.57894736842105
7.35294117647059
4.8780487804878
1.16009280742459
1.71821305841924
0.963391136801541
1.42045454545455
1.05820105820106
0.978473581213307
5.26315789473684
7.2992700729927
7.75193798449612
12.0481927710843
6.57894736842105
7.35294117647059
4.8780487804878
1.16009280742459
1.71821305841924
0.963391136801541
1.42045454545455
1.05820105820106
0.978473581213307
5.26315789473684
7.2992700729927
7.75193798449612
12.0481927710843
6.57894736842105
7.35294117647059
4.8780487804878
1.24223602484472
1.8796992481203
1.03842159916926
1.33511348464619
1.194743130227
1.68067226890756
1.4903129657228
5.40540540540541
7.69230769230769
9.52380952380952
9.43396226415094
7.2992700729927
5.81395348837209
7.5187969924812
8.84955752212389
1.12612612612613
1.953125
0.785545954438335
1.03199174406605
1.13378684807256
1.01729399796541
1.2453300124533
6.17283950617284
6.80272108843537
9.00900900900901
10.752688172043
5.84795321637427
6.06060606060606
8.62068965517241
9.1743119266055
1.15074798619102
1.36425648021828
2.04498977505112
0.900900900900901
1.19331742243437
1.18063754427391
1.28865979381443
5.91715976331361
4.21940928270042
7.5187969924812
7.75193798449612
12.0481927710843
5.18134715025907
8.19672131147541
6.5359477124183
1.15074798619102
1.36425648021828
2.04498977505112
0.900900900900901
1.19331742243437
1.18063754427391
1.28865979381443
5.91715976331361
4.21940928270042
7.5187969924812
7.75193798449612
12.0481927710843
5.18134715025907
8.19672131147541
6.5359477124183
1.12612612612613
1.953125
0.785545954438335
1.03199174406605
1.13378684807256
1.01729399796541
1.2453300124533
6.17283950617284
6.80272108843537
9.00900900900901
10.752688172043
5.84795321637427
6.06060606060606
8.62068965517241
9.1743119266055
1.16009280742459
1.71821305841924
0.963391136801541
1.05820105820106
0.978473581213307
5.26315789473684
7.2992700729927
7.75193798449612
6.57894736842105
7.35294117647059
4.8780487804878
1.12612612612613
1.953125
0.785545954438335
1.03199174406605
1.13378684807256
1.01729399796541
1.2453300124533
6.17283950617284
6.80272108843537
9.00900900900901
10.752688172043
5.84795321637427
6.06060606060606
8.62068965517241
9.1743119266055
1.12612612612613
1.953125
0.785545954438335
1.03199174406605
1.13378684807256
1.01729399796541
1.2453300124533
6.17283950617284
6.80272108843537
9.00900900900901
10.752688172043
5.84795321637427
6.06060606060606
8.62068965517241
9.1743119266055
1.16009280742459
1.71821305841924
0.963391136801541
1.42045454545455
1.05820105820106
0.978473581213307
5.26315789473684
7.2992700729927
7.75193798449612
12.0481927710843
6.57894736842105
7.35294117647059
4.8780487804878
1.15074798619102
1.36425648021828
2.04498977505112
0.900900900900901
1.19331742243437
1.18063754427391
1.28865979381443
5.91715976331361
4.21940928270042
7.5187969924812
7.75193798449612
12.0481927710843
5.18134715025907
8.19672131147541
6.5359477124183
1.15074798619102
1.36425648021828
2.04498977505112
0.900900900900901
1.19331742243437
1.18063754427391
1.28865979381443
5.91715976331361
4.21940928270042
7.5187969924812
7.75193798449612
12.0481927710843
5.18134715025907
8.19672131147541
6.5359477124183
1.15074798619102
1.36425648021828
2.04498977505112
0.900900900900901
1.19331742243437
1.18063754427391
1.28865979381443
5.91715976331361
4.21940928270042
7.5187969924812
7.75193798449612
12.0481927710843
5.18134715025907
8.19672131147541
6.5359477124183
1.15074798619102
1.36425648021828
2.04498977505112
0.900900900900901
1.19331742243437
1.18063754427391
1.28865979381443
5.91715976331361
4.21940928270042
7.5187969924812
7.75193798449612
12.0481927710843
5.18134715025907
8.19672131147541
6.5359477124183
1.15074798619102
1.36425648021828
2.04498977505112
0.900900900900901
1.19331742243437
1.18063754427391
1.28865979381443
5.91715976331361
4.21940928270042
7.5187969924812
7.75193798449612
12.0481927710843
5.18134715025907
8.19672131147541
6.5359477124183
1.12612612612613
1.953125
0.785545954438335
1.03199174406605
1.13378684807256
1.01729399796541
1.2453300124533
6.17283950617284
6.80272108843537
9.00900900900901
10.752688172043
5.84795321637427
6.06060606060606
8.62068965517241
9.1743119266055
1.12612612612613
1.953125
0.785545954438335
1.03199174406605
1.13378684807256
1.01729399796541
1.2453300124533
6.17283950617284
6.80272108843537
9.00900900900901
10.752688172043
5.84795321637427
6.06060606060606
8.62068965517241
9.1743119266055
1.15074798619102
1.36425648021828
2.04498977505112
0.900900900900901
1.19331742243437
1.18063754427391
1.28865979381443
5.91715976331361
4.21940928270042
7.5187969924812
7.75193798449612
12.0481927710843
5.18134715025907
8.19672131147541
6.5359477124183
1.16009280742459
1.71821305841924
0.963391136801541
1.42045454545455
1.05820105820106
0.978473581213307
5.26315789473684
7.2992700729927
7.75193798449612
12.0481927710843
6.57894736842105
7.35294117647059
4.8780487804878
1.24223602484472
1.8796992481203
1.03842159916926
1.33511348464619
1.194743130227
1.68067226890756
1.4903129657228
5.40540540540541
7.69230769230769
9.52380952380952
9.43396226415094
7.2992700729927
5.81395348837209
7.5187969924812
8.84955752212389
1.24223602484472
1.8796992481203
1.03842159916926
1.33511348464619
1.194743130227
1.68067226890756
1.4903129657228
5.40540540540541
7.69230769230769
9.52380952380952
9.43396226415094
7.2992700729927
5.81395348837209
7.5187969924812
8.84955752212389
1.24223602484472
1.8796992481203
1.03842159916926
1.33511348464619
1.194743130227
1.68067226890756
1.4903129657228
5.40540540540541
7.69230769230769
9.52380952380952
9.43396226415094
7.2992700729927
5.81395348837209
7.5187969924812
8.84955752212389
